"NUM_POSTE","NOM_USUEL","LAT","LON","ALTI","AAAAMMJJHH","RR1","QRR1","DRR1","QDRR1","FF","QFF","DD","QDD","FXY","QFXY","DXY","QDXY","HXY","QHXY","FXI","QFXI","DXI","QDXI","HXI","QHXI","FF2","QFF2","DD2","QDD2","FXI2","QFXI2","DXI2","QDXI2","HXI2","QHXI2","FXI3S","QFXI3S","DXI3S","QDXI3S","HFXI3S","QHFXI3S","T","QT","TD","QTD","TN","QTN","HTN","QHTN","TX","QTX","HTX","QHTX","DG","QDG","T10","QT10","T20","QT20","T50","QT50","T100","QT100","TNSOL","QTNSOL","TN50","QTN50","TCHAUSSEE","QTCHAUSSEE","DHUMEC","QDHUMEC","U","QU","UN","QUN","HUN","QHUN","UX","QUX","HUX","QHUX","DHUMI40","QDHUMI40","DHUMI80","QDHUMI80","TSV","QTSV","PMER","QPMER","PSTAT","QPSTAT","PMERMIN","QPMERMIN","GEOP","QGEOP","N","QN","NBAS","QNBAS","CL","QCL","CM","QCM","CH","QCH","N1","QN1","C1","QC1","B1","QB1","N2","QN2","C2","QC2","B2","QB2","N3","QN3","C3","QC3","B3","QB3","N4","QN4","C4","QC4","B4","QB4","VV","QVV","DVV200","QDVV200","WW","QWW","W1","QW1","W2","QW2","SOL","QSOL","SOLNG","QSOLNG","TMER","QTMER","VVMER","QVVMER","ETATMER","QETATMER","DIRHOULE","QDIRHOULE","HVAGUE","QHVAGUE","PVAGUE","QPVAGUE","HNEIGEF","QHNEIGEF","NEIGETOT","QNEIGETOT","TSNEIGE","QTSNEIGE","TUBENEIGE","QTUBENEIGE","HNEIGEFI3","QHNEIGEFI3","HNEIGEFI1","QHNEIGEFI1","ESNEIGE","QESNEIGE","CHARGENEIGE","QCHARGENEIGE","GLO","QGLO","GLO2","QGLO2","DIR","QDIR","DIR2","QDIR2","DIF","QDIF","DIF2","QDIF2","UV","QUV","UV2","QUV2","UV_INDICE","QUV_INDICE","INFRAR","QINFRAR","INFRAR2","QINFRAR2","INS","QINS","INS2","QINS2","TLAGON","QTLAGON","TVEGETAUX","QTVEGETAUX","ECOULEMENT","QECOULEMENT"
"54405001","NANCY-OCHEY",48.581,5.959833,336,1982010100,"","","","",4.,1,200,1,"","","","","","","","","","","","","","","","","","","","","","","","","","","","",6.4,1,4.2,1,"","","","","","","","","","","","","","","","","","","","","","","","","","",87,1,"","","","","","","","","","","","",8.3,1,1002.,1,"","","","","","","","","","","","","","","","","","","","","","","","","","","","","","","","","","","","","","","","","","","","","","","","","","","","","","","","","","","","","","","","","","","","","","","","","","","","","","","","","","","","","","","","","","","","","","","","","","","","","","","","","","","","","","","","","",""
"54405001","NANCY-OCHEY",48.581,5.959833,336,1982010103,"","","","",3.,1,160,1,"","","","","","","","","","","","","","","","","","","","","","","","","","","","",6.,1,4.2,1,"","","","","","","","","","","","","","","","","","","","","","","","","","",89,1,"","","","","","","","","","","","",8.3,1,1002.6,1,"","","","","","","","","","","","","","","","","","","","","","","","","","","","","","","","","","","","","","","","","","","","","","","","","","","","","","","","","","","","","","","","","","","","","","","","","","","","","","","","","","","","","","","","","","","","","","","","","","","","","","","","","","","","","","","","","",""
"54405001","NANCY-OCHEY",48.581,5.959833,336,1982010106,"","","","",5.,1,180,1,"","","","","","","","","","","","","","","","","","","","","","","","","","","","",4.3,1,3.1,1,"","","","","","","","","","","","","","","","","","","","","","","","","","",93,1,"","","","","","","","","","","","",7.7,1,1003.4,1,"","","","","","",1,1,0,1,0,1,3,1,0,1,"","","","","","","","","","","","","","","","","","","","","","","","",20000,1,"","",0,1,"","","","",0,1,"","","","","","","","","","","","","","","","","","","","","","","","","","","","","","","","","","","","","","","","","","","","","","","","","","","","","","","","","","","","","",""
"54405001","NANCY-OCHEY",48.581,5.959833,336,1982010109,"","","","",5.,1,200,1,"","","","","","","","","","","","","","","","","","","","","","","","","","","","",6.1,1,4.,1,"","","","","","","","","","","","","","","","","","","","","","","","","","",87,1,"","","","","","","","","","","","",8.2,1,1004.1,1,"","","","","","",7,1,5,1,8,1,"","","","","","","","","","","","","","","","","","","","","","","","","","","","",12000,1,"","",3,1,2,1,"","","","","","","","","","","","","","","","","","","","","","","","","","","","","","","","","","","","","","","","","","","","","","","","","","","","","","","","","","","","","","","","","",""
"54405001","NANCY-OCHEY",48.581,5.959833,336,1982010112,"","","","",4.,1,240,1,"","","","","","","","","","","","","","","","","","","","","","","","","","","","",5.6,1,4.,1,"","","","","","","","","","","","","","","","","","","","","","","","","","",90,1,"","","","","","","","","","","","",8.2,1,1005.5,1,"","","","","","",8,1,5,1,8,1,"","","","","","","","","","","","","","","","","","","","","","","","","","","","",20000,1,"","",25,1,8,1,"","","","","","","","","","","","","","","","","","","","","","","","","","","","","","","","","","","","","","","","","","","","","","","","","","","","","","","","","","","","","","","","","",""
"54405001","NANCY-OCHEY",48.581,5.959833,336,1982010115,"","","","",5.,1,220,1,"","","","","","","","","","","","","","","","","","","","","","","","","","","","",5.7,1,3.7,1,"","","","","","","","","","","","","","","","","","","","","","","","","","",87,1,"","","","","","","","","","","","",8.,1,1007.4,1,"","","","","","",6,1,5,1,8,1,0,1,1,1,"","","","","","","","","","","","","","","","","","","","","","","","",30000,1,"","",1,1,2,1,"","","","","","","","","","","","","","","","","","","","","","","","","","","","","","","","","","","","","","","","","","","","","","","","","","","","","","","","","","","","","","","","","",""
"54405001","NANCY-OCHEY",48.581,5.959833,336,1982010118,"","","","",6.,1,260,1,"","","","","","","","","","","","","","","","","","","","","","","","","","","","",4.3,1,3.,1,"","","","","","","","","","","","","","","","","","","","","","","","","","",91,1,"","","","","","","","","","","","",7.6,1,1010.5,1,"","","","","","",7,1,5,1,5,1,"","","","","","","","","","","","","","","","","","","","","","","","","","","","",15000,1,"","",3,1,2,1,"","","","","","","","","","","","","","","","","","","","","","","","","","","","","","","","","","","","","","","","","","","","","","","","","","","","","","","","","","","","","","","","","",""
"54405001","NANCY-OCHEY",48.581,5.959833,336,1982010121,"","","","",4.,1,220,1,"","","","","","","","","","","","","","","","","","","","","","","","","","","","",2.6,1,1.4,1,"","","","","","","","","","","","","","","","","","","","","","","","","","",93,1,"","","","","","","","","","","","",6.8,1,1013.2,1,"","","","","","","","","","","","","","","","","","","","","","","","","","","","","","","","","","","","","","","","","","","","","","","","","","","","","","","","","","","","","","","","","","","","","","","","","","","","","","","","","","","","","","","","","","","","","","","","","","","","","","","","","","","","","","","","","",""
"54405001","NANCY-OCHEY",48.581,5.959833,336,1982010200,"","","","",4.,1,220,1,"","","","","","","","","","","","","","","","","","","","","","","","","","","","",3.3,1,2.2,1,"","","","","","","","","","","","","","","","","","","","","","","","","","",94,1,"","","","","","","","","","","","",7.2,1,1016.6,1,"","","","","","","","","","","","","","","","","","","","","","","","","","","","","","","","","","","","","","","","","","","","","","","","","","","","","","","","","","","","","","","","","","","","","","","","","","","","","","","","","","","","","","","","","","","","","","","","","","","","","","","","","","","","","","","","","",""
"54405001","NANCY-OCHEY",48.581,5.959833,336,1982010203,"","","","",4.,1,200,1,"","","","","","","","","","","","","","","","","","","","","","","","","","","","",3.4,1,2.4,1,"","","","","","","","","","","","","","","","","","","","","","","","","","",94,1,"","","","","","","","","","","","",7.3,1,1018.5,1,"","","","","","","","","","","","","","","","","","","","","","","","","","","","","","","","","","","","","","","","","","","","","","","","","","","","","","","","","","","","","","","","","","","","","","","","","","","","","","","","","","","","","","","","","","","","","","","","","","","","","","","","","","","","","","","","","",""
"54405001","NANCY-OCHEY",48.581,5.959833,336,1982010206,"","","","",4.,1,200,1,"","","","","","","","","","","","","","","","","","","","","","","","","","","","",4.2,1,2.7,1,"","","","","","","","","","","","","","","","","","","","","","","","","","",91,1,"","","","","","","","","","","","",7.5,1,1020.,1,"","","","","","",7,1,6,1,5,1,"","","","","","","","","","","","","","","","","","","","","","","","","","","","",15000,1,"","",0,1,"","","","",0,1,"","","","","","","","","","","","","","","","","","","","","","","","","","","","","","","","","","","","","","","","","","","","","","","","","","","","","","","","","","","","","",""
"54405001","NANCY-OCHEY",48.581,5.959833,336,1982010209,"","","","",6.,1,220,1,"","","","","","","","","","","","","","","","","","","","","","","","","","","","",4.4,1,2.4,1,"","","","","","","","","","","","","","","","","","","","","","","","","","",88,1,"","","","","","","","","","","","",7.3,1,1022.1,1,"","","","","","",7,1,5,1,8,1,7,1,"","","","","","","","","","","","","","","","","","","","","","","","","","",20000,1,"","",1,1,2,1,"","","","","","","","","","","","","","","","","","","","","","","","","","","","","","","","","","","","","","","","","","","","","","","","","","","","","","","","","","","","","","","","","",""
"54405001","NANCY-OCHEY",48.581,5.959833,336,1982010212,"","","","",6.,1,220,1,"","","","","","","","","","","","","","","","","","","","","","","","","","","","",7.8,1,3.1,1,"","","","","","","","","","","","","","","","","","","","","","","","","","",73,1,"","","","","","","","","","","","",7.7,1,1021.,1,"","","","","","",5,1,0,1,8,1,3,1,2,1,"","","","","","","","","","","","","","","","","","","","","","","","",25000,1,"","",2,1,2,1,"","","","","","","","","","","","","","","","","","","","","","","","","","","","","","","","","","","","","","","","","","","","","","","","","","","","","","","","","","","","","","","","","",""
"54405001","NANCY-OCHEY",48.581,5.959833,336,1982010215,"","","","",6.,1,180,1,"","","","","","","","","","","","","","","","","","","","","","","","","","","","",6.6,1,3.4,1,"","","","","","","","","","","","","","","","","","","","","","","","","","",82,1,"","","","","","","","","","","","",7.9,1,1020.3,1,"","","","","","",8,1,5,1,5,1,7,1,"","","","","","","","","","","","","","","","","","","","","","","","","","",15000,1,"","",60,1,6,1,"","","","","","","","","","","","","","","","","","","","","","","","","","","","","","","","","","","","","","","","","","","","","","","","","","","","","","","","","","","","","","","","","",""
"54405001","NANCY-OCHEY",48.581,5.959833,336,1982010218,"","","","",7.,1,200,1,"","","","","","","","","","","","","","","","","","","","","","","","","","","","",6.,1,4.6,1,"","","","","","","","","","","","","","","","","","","","","","","","","","",92,1,"","","","","","","","","","","","",8.6,1,1020.4,1,"","","","","","",8,1,5,1,5,1,"","","","","","","","","","","","","","","","","","","","","","","","","","","","",12000,1,"","",61,1,6,1,"","","","","","","","","","","","","","","","","","","","","","","","","","","","","","","","","","","","","","","","","","","","","","","","","","","","","","","","","","","","","","","","","",""
"54405001","NANCY-OCHEY",48.581,5.959833,336,1982010221,"","","","",8.,1,200,1,"","","","","","","","","","","","","","","","","","","","","","","","","","","","",6.3,1,5.1,1,"","","","","","","","","","","","","","","","","","","","","","","","","","",94,1,"","","","","","","","","","","","",8.9,1,1020.7,1,"","","","","","","","","","","","","","","","","","","","","","","","","","","","","","","","","","","","","","","","","","","","","","","","","","","","","","","","","","","","","","","","","","","","","","","","","","","","","","","","","","","","","","","","","","","","","","","","","","","","","","","","","","","","","","","","","",""
"54405001","NANCY-OCHEY",48.581,5.959833,336,1982010300,"","","","",7.,1,220,1,"","","","","","","","","","","","","","","","","","","","","","","","","","","","",7.2,1,6.2,1,"","","","","","","","","","","","","","","","","","","","","","","","","","",95,1,"","","","","","","","","","","","",9.6,1,1020.9,1,"","","","","","","","","","","","","","","","","","","","","","","","","","","","","","","","","","","","","","","","","","","","","","","","","","","","","","","","","","","","","","","","","","","","","","","","","","","","","","","","","","","","","","","","","","","","","","","","","","","","","","","","","","","","","","","","","",""
"54405001","NANCY-OCHEY",48.581,5.959833,336,1982010303,"","","","",4.,1,180,1,"","","","","","","","","","","","","","","","","","","","","","","","","","","","",7.6,1,6.6,1,"","","","","","","","","","","","","","","","","","","","","","","","","","",95,1,"","","","","","","","","","","","",9.9,1,1020.4,1,"","","","","","","","","","","","","","","","","","","","","","","","","","","","","","","","","","","","","","","","","","","","","","","","","","","","","","","","","","","","","","","","","","","","","","","","","","","","","","","","","","","","","","","","","","","","","","","","","","","","","","","","","","","","","","","","","",""
"54405001","NANCY-OCHEY",48.581,5.959833,336,1982010306,"","","","",4.,1,140,1,"","","","","","","","","","","","","","","","","","","","","","","","","","","","",5.4,1,4.5,1,"","","","","","","","","","","","","","","","","","","","","","","","","","",95,1,"","","","","","","","","","","","",8.5,1,1019.6,1,"","","","","","",3,1,0,1,6,1,0,1,1,1,"","","","","","","","","","","","","","","","","","","","","","","","",8000,1,"","",0,1,"","","","",0,1,"","","","","","","","","","","","","","","","","","","","","","","","","","","","","","","","","","","","","","","","","","","","","","","","","","","","","","","","","","","","","",""
"54405001","NANCY-OCHEY",48.581,5.959833,336,1982010309,"","","","",3.,1,160,1,"","","","","","","","","","","","","","","","","","","","","","","","","","","","",6.9,1,4.6,1,"","","","","","","","","","","","","","","","","","","","","","","","","","",86,1,"","","","","","","","","","","","",8.6,1,1018.3,1,"","","","","","",6,1,5,1,0,1,3,1,2,1,"","","","","","","","","","","","","","","","","","","","","","","","",20000,1,"","",1,1,2,1,"","","","","","","","","","","","","","","","","","","","","","","","","","","","","","","","","","","","","","","","","","","","","","","","","","","","","","","","","","","","","","","","","",""
"54405001","NANCY-OCHEY",48.581,5.959833,336,1982010312,"","","","",9.,1,200,1,"","","","","","","","","","","","","","","","","","","","","","","","","","","","",10.5,1,-0.2,1,"","","","","","","","","","","","","","","","","","","","","","","","","","",47,1,"","","","","","","","","","","","",6.,1,1014.9,1,"","","","","","",6,1,6,1,0,1,3,1,2,1,"","","","","","","","","","","","","","","","","","","","","","","","",25000,1,"","",3,1,2,1,"","","","","","","","","","","","","","","","","","","","","","","","","","","","","","","","","","","","","","","","","","","","","","","","","","","","","","","","","","","","","","","","","",""
"54405001","NANCY-OCHEY",48.581,5.959833,336,1982010315,"","","","",7.,1,200,1,"","","","","","","","","","","","","","","","","","","","","","","","","","","","",10.4,1,0.8,1,"","","","","","","","","","","","","","","","","","","","","","","","","","",51,1,"","","","","","","","","","","","",6.5,1,1013.7,1,"","","","","","",6,1,6,1,0,1,3,1,2,1,"","","","","","","","","","","","","","","","","","","","","","","","",25000,1,"","",2,1,2,1,"","","","","","","","","","","","","","","","","","","","","","","","","","","","","","","","","","","","","","","","","","","","","","","","","","","","","","","","","","","","","","","","","",""
"54405001","NANCY-OCHEY",48.581,5.959833,336,1982010318,"","","","",3.,1,200,1,"","","","","","","","","","","","","","","","","","","","","","","","","","","","",9.,1,2.2,1,"","","","","","","","","","","","","","","","","","","","","","","","","","",63,1,"","","","","","","","","","","","",7.2,1,1013.6,1,"","","","","","",5,1,5,1,0,1,0,1,2,1,"","","","","","","","","","","","","","","","","","","","","","","","",25000,1,"","",1,1,2,1,"","","","","","","","","","","","","","","","","","","","","","","","","","","","","","","","","","","","","","","","","","","","","","","","","","","","","","","","","","","","","","","","","",""
"54405001","NANCY-OCHEY",48.581,5.959833,336,1982010321,"","","","",8.,1,200,1,"","","","","","","","","","","","","","","","","","","","","","","","","","","","",8.4,1,2.2,1,"","","","","","","","","","","","","","","","","","","","","","","","","","",66,1,"","","","","","","","","","","","",7.2,1,1012.9,1,"","","","","","","","","","","","","","","","","","","","","","","","","","","","","","","","","","","","","","","","","","","","","","","","","","","","","","","","","","","","","","","","","","","","","","","","","","","","","","","","","","","","","","","","","","","","","","","","","","","","","","","","","","","","","","","","","",""
"54405001","NANCY-OCHEY",48.581,5.959833,336,1982010400,"","","","",8.,1,200,1,"","","","","","","","","","","","","","","","","","","","","","","","","","","","",8.,1,2.2,1,"","","","","","","","","","","","","","","","","","","","","","","","","","",68,1,"","","","","","","","","","","","",7.2,1,1013.,1,"","","","","","","","","","","","","","","","","","","","","","","","","","","","","","","","","","","","","","","","","","","","","","","","","","","","","","","","","","","","","","","","","","","","","","","","","","","","","","","","","","","","","","","","","","","","","","","","","","","","","","","","","","","","","","","","","",""
"54405001","NANCY-OCHEY",48.581,5.959833,336,1982010403,"","","","",8.,1,200,1,"","","","","","","","","","","","","","","","","","","","","","","","","","","","",8.2,1,2.5,1,"","","","","","","","","","","","","","","","","","","","","","","","","","",69,1,"","","","","","","","","","","","",7.4,1,1013.3,1,"","","","","","","","","","","","","","","","","","","","","","","","","","","","","","","","","","","","","","","","","","","","","","","","","","","","","","","","","","","","","","","","","","","","","","","","","","","","","","","","","","","","","","","","","","","","","","","","","","","","","","","","","","","","","","","","","",""
"54405001","NANCY-OCHEY",48.581,5.959833,336,1982010406,"","","","",7.,1,200,1,"","","","","","","","","","","","","","","","","","","","","","","","","","","","",7.5,1,5.4,1,"","","","","","","","","","","","","","","","","","","","","","","","","","",88,1,"","","","","","","","","","","","",9.1,1,1013.,1,"","","","","","",8,1,5,1,5,1,7,1,"","","","","","","","","","","","","","","","","","","","","","","","","","",13000,1,"","",61,1,"","","","",0,1,"","","","","","","","","","","","","","","","","","","","","","","","","","","","","","","","","","","","","","","","","","","","","","","","","","","","","","","","","","","","","",""
"54405001","NANCY-OCHEY",48.581,5.959833,336,1982010409,"","","","",9.,1,220,1,"","","","","","","","","","","","","","","","","","","","","","","","","","","","",8.4,1,6.3,1,"","","","","","","","","","","","","","","","","","","","","","","","","","",88,1,"","","","","","","","","","","","",9.7,1,1014.1,1,"","","","","","",7,1,6,1,8,1,"","","","","","","","","","","","","","","","","","","","","","","","","","","","",18000,1,"","",3,1,6,1,"","","","","","","","","","","","","","","","","","","","","","","","","","","","","","","","","","","","","","","","","","","","","","","","","","","","","","","","","","","","","","","","","",""
"54405001","NANCY-OCHEY",48.581,5.959833,336,1982010412,"","","","",10.,1,220,1,"","","","","","","","","","","","","","","","","","","","","","","","","","","","",10.3,1,7.,1,"","","","","","","","","","","","","","","","","","","","","","","","","","",82,1,"","","","","","","","","","","","",10.2,1,1014.1,1,"","","","","","",6,1,5,1,8,1,0,1,1,1,"","","","","","","","","","","","","","","","","","","","","","","","",25000,1,"","",1,1,6,1,"","","","","","","","","","","","","","","","","","","","","","","","","","","","","","","","","","","","","","","","","","","","","","","","","","","","","","","","","","","","","","","","","",""
"54405001","NANCY-OCHEY",48.581,5.959833,336,1982010415,"","","","",9.,1,220,1,"","","","","","","","","","","","","","","","","","","","","","","","","","","","",10.7,1,6.2,1,"","","","","","","","","","","","","","","","","","","","","","","","","","",74,1,"","","","","","","","","","","","",9.6,1,1013.4,1,"","","","","","",7,1,6,1,8,1,"","","","","","","","","","","","","","","","","","","","","","","","","","","","",18000,1,"","",25,1,8,1,"","","","","","","","","","","","","","","","","","","","","","","","","","","","","","","","","","","","","","","","","","","","","","","","","","","","","","","","","","","","","","","","","",""
"54405001","NANCY-OCHEY",48.581,5.959833,336,1982010418,"","","","",10.,1,220,1,"","","","","","","","","","","","","","","","","","","","","","","","","","","","",9.6,1,6.,1,"","","","","","","","","","","","","","","","","","","","","","","","","","",80,1,"","","","","","","","","","","","",9.5,1,1012.7,1,"","","","","","",3,1,0,1,4,1,0,1,0,1,"","","","","","","","","","","","","","","","","","","","","","","","",13000,1,"","",1,1,8,1,"","","","","","","","","","","","","","","","","","","","","","","","","","","","","","","","","","","","","","","","","","","","","","","","","","","","","","","","","","","","","","","","","",""
"54405001","NANCY-OCHEY",48.581,5.959833,336,1982010421,"","","","",9.,1,240,1,"","","","","","","","","","","","","","","","","","","","","","","","","","","","",9.2,1,5.9,1,"","","","","","","","","","","","","","","","","","","","","","","","","","",81,1,"","","","","","","","","","","","",9.4,1,1013.2,1,"","","","","","","","","","","","","","","","","","","","","","","","","","","","","","","","","","","","","","","","","","","","","","","","","","","","","","","","","","","","","","","","","","","","","","","","","","","","","","","","","","","","","","","","","","","","","","","","","","","","","","","","","","","","","","","","","",""
"54405001","NANCY-OCHEY",48.581,5.959833,336,1982010500,"","","","",9.,1,240,1,"","","","","","","","","","","","","","","","","","","","","","","","","","","","",9.5,1,7.2,1,"","","","","","","","","","","","","","","","","","","","","","","","","","",87,1,"","","","","","","","","","","","",10.3,1,1013.4,1,"","","","","","","","","","","","","","","","","","","","","","","","","","","","","","","","","","","","","","","","","","","","","","","","","","","","","","","","","","","","","","","","","","","","","","","","","","","","","","","","","","","","","","","","","","","","","","","","","","","","","","","","","","","","","","","","","",""
"54405001","NANCY-OCHEY",48.581,5.959833,336,1982010503,"","","","",7.,1,240,1,"","","","","","","","","","","","","","","","","","","","","","","","","","","","",8.5,1,7.,1,"","","","","","","","","","","","","","","","","","","","","","","","","","",92,1,"","","","","","","","","","","","",10.2,1,1013.8,1,"","","","","","","","","","","","","","","","","","","","","","","","","","","","","","","","","","","","","","","","","","","","","","","","","","","","","","","","","","","","","","","","","","","","","","","","","","","","","","","","","","","","","","","","","","","","","","","","","","","","","","","","","","","","","","","","","",""
"54405001","NANCY-OCHEY",48.581,5.959833,336,1982010506,"","","","",6.,1,220,1,"","","","","","","","","","","","","","","","","","","","","","","","","","","","",8.4,1,6.6,1,"","","","","","","","","","","","","","","","","","","","","","","","","","",90,1,"","","","","","","","","","","","",9.9,1,1014.2,1,"","","","","","",7,1,5,1,8,1,"","","","","","","","","","","","","","","","","","","","","","","","","","","","",13000,1,"","",0,1,"","","","",0,1,"","","","","","","","","","","","","","","","","","","","","","","","","","","","","","","","","","","","","","","","","","","","","","","","","","","","","","","","","","","","","",""
"54405001","NANCY-OCHEY",48.581,5.959833,336,1982010509,"","","","",6.,1,220,1,"","","","","","","","","","","","","","","","","","","","","","","","","","","","",8.5,1,7.2,1,"","","","","","","","","","","","","","","","","","","","","","","","","","",93,1,"","","","","","","","","","","","",10.3,1,1014.,1,"","","","","","",7,1,5,1,8,1,"","","","","","","","","","","","","","","","","","","","","","","","","","","","",12000,1,"","",25,1,8,1,"","","","","","","","","","","","","","","","","","","","","","","","","","","","","","","","","","","","","","","","","","","","","","","","","","","","","","","","","","","","","","","","","",""
"54405001","NANCY-OCHEY",48.581,5.959833,336,1982010512,"","","","",7.,1,200,1,"","","","","","","","","","","","","","","","","","","","","","","","","","","","",9.2,1,7.4,1,"","","","","","","","","","","","","","","","","","","","","","","","","","",90,1,"","","","","","","","","","","","",10.5,1,1011.8,1,"","","","","","",8,1,7,1,8,1,"","","","","","","","","","","","","","","","","","","","","","","","","","","","",11000,1,"","",60,1,8,1,"","","","","","","","","","","","","","","","","","","","","","","","","","","","","","","","","","","","","","","","","","","","","","","","","","","","","","","","","","","","","","","","","",""
"54405001","NANCY-OCHEY",48.581,5.959833,336,1982010515,"","","","",11.,1,220,1,"","","","","","","","","","","","","","","","","","","","","","","","","","","","",9.,1,7.4,1,"","","","","","","","","","","","","","","","","","","","","","","","","","",91,1,"","","","","","","","","","","","",10.5,1,1007.6,1,"","","","","","",8,1,5,1,5,1,7,1,"","","","","","","","","","","","","","","","","","","","","","","","","","",8000,1,"","",61,1,6,1,"","","","","","","","","","","","","","","","","","","","","","","","","","","","","","","","","","","","","","","","","","","","","","","","","","","","","","","","","","","","","","","","","",""
"54405001","NANCY-OCHEY",48.581,5.959833,336,1982010518,"","","","",13.,1,220,1,"","","","","","","","","","","","","","","","","","","","","","","","","","","","",9.1,1,7.6,1,"","","","","","","","","","","","","","","","","","","","","","","","","","",91,1,"","","","","","","","","","","","",10.6,1,1002.9,1,"","","","","","",8,1,8,1,5,1,"","","","","","","","","","","","","","","","","","","","","","","","","","","","",9000,1,"","",61,1,6,1,"","","","","","","","","","","","","","","","","","","","","","","","","","","","","","","","","","","","","","","","","","","","","","","","","","","","","","","","","","","","","","","","","",""
"54405001","NANCY-OCHEY",48.581,5.959833,336,1982010521,"","","","",13.,1,280,1,"","","","","","","","","","","","","","","","","","","","","","","","","","","","",9.,1,5.1,1,"","","","","","","","","","","","","","","","","","","","","","","","","","",78,1,"","","","","","","","","","","","",8.9,1,1003.5,1,"","","","","","","","","","","","","","","","","","","","","","","","","","","","","","","","","","","","","","","","","","","","","","","","","","","","","","","","","","","","","","","","","","","","","","","","","","","","","","","","","","","","","","","","","","","","","","","","","","","","","","","","","","","","","","","","","",""
"54405001","NANCY-OCHEY",48.581,5.959833,336,1982010600,"","","","",11.,1,260,1,"","","","","","","","","","","","","","","","","","","","","","","","","","","","",8.2,1,4.9,1,"","","","","","","","","","","","","","","","","","","","","","","","","","",81,1,"","","","","","","","","","","","",8.8,1,1005.7,1,"","","","","","","","","","","","","","","","","","","","","","","","","","","","","","","","","","","","","","","","","","","","","","","","","","","","","","","","","","","","","","","","","","","","","","","","","","","","","","","","","","","","","","","","","","","","","","","","","","","","","","","","","","","","","","","","","",""
"54405001","NANCY-OCHEY",48.581,5.959833,336,1982010603,"","","","",8.,1,260,1,"","","","","","","","","","","","","","","","","","","","","","","","","","","","",8.,1,4.8,1,"","","","","","","","","","","","","","","","","","","","","","","","","","",82,1,"","","","","","","","","","","","",8.7,1,1005.8,1,"","","","","","","","","","","","","","","","","","","","","","","","","","","","","","","","","","","","","","","","","","","","","","","","","","","","","","","","","","","","","","","","","","","","","","","","","","","","","","","","","","","","","","","","","","","","","","","","","","","","","","","","","","","","","","","","","",""
"54405001","NANCY-OCHEY",48.581,5.959833,336,1982010606,"","","","",6.,1,280,1,"","","","","","","","","","","","","","","","","","","","","","","","","","","","",7.3,1,4.9,1,"","","","","","","","","","","","","","","","","","","","","","","","","","",87,1,"","","","","","","","","","","","",8.8,1,1006.7,1,"","","","","","",7,1,6,1,5,1,"","","","","","","","","","","","","","","","","","","","","","","","","","","","",15000,1,"","",0,1,"","","","",0,1,"","","","","","","","","","","","","","","","","","","","","","","","","","","","","","","","","","","","","","","","","","","","","","","","","","","","","","","","","","","","","",""
"54405001","NANCY-OCHEY",48.581,5.959833,336,1982010609,"","","","",7.,1,320,1,"","","","","","","","","","","","","","","","","","","","","","","","","","","","",5.9,1,3.8,1,"","","","","","","","","","","","","","","","","","","","","","","","","","",87,1,"","","","","","","","","","","","",8.1,1,1009.1,1,"","","","","","",8,1,5,1,5,1,"","","","","","","","","","","","","","","","","","","","","","","","","","","","",12000,1,"","",3,1,6,1,"","","","","","","","","","","","","","","","","","","","","","","","","","","","","","","","","","","","","","","","","","","","","","","","","","","","","","","","","","","","","","","","","",""
"54405001","NANCY-OCHEY",48.581,5.959833,336,1982010612,"","","","",6.,1,360,1,"","","","","","","","","","","","","","","","","","","","","","","","","","","","",0.7,1,-1.6,1,"","","","","","","","","","","","","","","","","","","","","","","","","","",84,1,"","","","","","","","","","","","",5.4,1,1013.,1,"","","","","","",8,1,5,1,5,1,"","","","","","","","","","","","","","","","","","","","","","","","","","","","",12000,1,"","",3,1,6,1,"","","","","","","","","","","","","","","","","","","","","","","","","","","","","","","","","","","","","","","","","","","","","","","","","","","","","","","","","","","","","","","","","",""
"54405001","NANCY-OCHEY",48.581,5.959833,336,1982010615,"","","","",7.,1,20,1,"","","","","","","","","","","","","","","","","","","","","","","","","","","","",-1.,1,-6.1,1,"","","","","","","","","","","","","","","","","","","","","","","","","","",68,1,"","","","","","","","","","","","",3.8,1,1015.7,1,"","","","","","",7,1,5,1,5,1,3,1,0,1,"","","","","","","","","","","","","","","","","","","","","","","","",12000,1,"","",3,1,2,1,"","","","","","","","","","","","","","","","","","","","","","","","","","","","","","","","","","","","","","","","","","","","","","","","","","","","","","","","","","","","","","","","","",""
"54405001","NANCY-OCHEY",48.581,5.959833,336,1982010618,"","","","",7.,1,40,1,"","","","","","","","","","","","","","","","","","","","","","","","","","","","",-3.5,1,-9.1,1,"","","","","","","","","","","","","","","","","","","","","","","","","","",63,1,"","","","","","","","","","","","",3.,1,1019.3,1,"","","","","","",6,1,5,1,5,1,3,1,0,1,"","","","","","","","","","","","","","","","","","","","","","","","",14000,1,"","",1,1,2,1,"","","","","","","","","","","","","","","","","","","","","","","","","","","","","","","","","","","","","","","","","","","","","","","","","","","","","","","","","","","","","","","","","",""
"54405001","NANCY-OCHEY",48.581,5.959833,336,1982010621,"","","","",6.,1,40,1,"","","","","","","","","","","","","","","","","","","","","","","","","","","","",-6.,1,-15.9,1,"","","","","","","","","","","","","","","","","","","","","","","","","","",44,1,"","","","","","","","","","","","",1.7,1,1022.8,1,"","","","","","","","","","","","","","","","","","","","","","","","","","","","","","","","","","","","","","","","","","","","","","","","","","","","","","","","","","","","","","","","","","","","","","","","","","","","","","","","","","","","","","","","","","","","","","","","","","","","","","","","","","","","","","","","","",""
"54405001","NANCY-OCHEY",48.581,5.959833,336,1982010700,"","","","",3.,1,60,1,"","","","","","","","","","","","","","","","","","","","","","","","","","","","",-6.9,1,-14.1,1,"","","","","","","","","","","","","","","","","","","","","","","","","","",57,1,"","","","","","","","","","","","",2.,1,1024.1,1,"","","","","","","","","","","","","","","","","","","","","","","","","","","","","","","","","","","","","","","","","","","","","","","","","","","","","","","","","","","","","","","","","","","","","","","","","","","","","","","","","","","","","","","","","","","","","","","","","","","","","","","","","","","","","","","","","",""
"54405001","NANCY-OCHEY",48.581,5.959833,336,1982010703,"","","","",1.,1,60,1,"","","","","","","","","","","","","","","","","","","","","","","","","","","","",-7.8,1,-10.4,1,"","","","","","","","","","","","","","","","","","","","","","","","","","",81,1,"","","","","","","","","","","","",2.7,1,1026.2,1,"","","","","","","","","","","","","","","","","","","","","","","","","","","","","","","","","","","","","","","","","","","","","","","","","","","","","","","","","","","","","","","","","","","","","","","","","","","","","","","","","","","","","","","","","","","","","","","","","","","","","","","","","","","","","","","","","",""
"54405001","NANCY-OCHEY",48.581,5.959833,336,1982010706,"","","","",2.,1,60,1,"","","","","","","","","","","","","","","","","","","","","","","","","","","","",-7.7,1,-9.6,1,"","","","","","","","","","","","","","","","","","","","","","","","","","",84,1,"","","","","","","","","","","","",2.9,1,1027.2,1,"","","","","","",3,1,0,1,0,1,3,1,1,1,"","","","","","","","","","","","","","","","","","","","","","","","",13000,1,"","",0,1,"","","","",0,1,"","","","","","","","","","","","","","","","","","","","","","","","","","","","","","","","","","","","","","","","","","","","","","","","","","","","","","","","","","","","","",""
"54405001","NANCY-OCHEY",48.581,5.959833,336,1982010709,"","","","",5.,1,60,1,"","","","","","","","","","","","","","","","","","","","","","","","","","","","",-7.3,1,-10.9,1,"","","","","","","","","","","","","","","","","","","","","","","","","","",75,1,"","","","","","","","","","","","",2.6,1,1028.5,1,"","","","","","",7,1,7,1,5,1,3,1,4,1,"","","","","","","","","","","","","","","","","","","","","","","","",15000,1,"","",3,1,2,1,"","","","","","","","","","","","","","","","","","","","","","","","","","","","","","","","","","","","","","","","","","","","","","","","","","","","","","","","","","","","","","","","","",""
"54405001","NANCY-OCHEY",48.581,5.959833,336,1982010712,"","","","",7.,1,80,1,"","","","","","","","","","","","","","","","","","","","","","","","","","","","",-6.,1,-12.4,1,"","","","","","","","","","","","","","","","","","","","","","","","","","",60,1,"","","","","","","","","","","","",2.3,1,1028.6,1,"","","","","","",6,1,6,1,0,1,0,1,2,1,"","","","","","","","","","","","","","","","","","","","","","","","",20000,1,"","",1,1,2,1,"","","","","","","","","","","","","","","","","","","","","","","","","","","","","","","","","","","","","","","","","","","","","","","","","","","","","","","","","","","","","","","","","",""
"54405001","NANCY-OCHEY",48.581,5.959833,336,1982010715,"","","","",8.,1,80,1,"","","","","","","","","","","","","","","","","","","","","","","","","","","","",-5.3,1,-11.9,1,"","","","","","","","","","","","","","","","","","","","","","","","","","",59,1,"","","","","","","","","","","","",2.4,1,1027.6,1,"","","","","","",6,1,6,1,0,1,0,1,2,1,"","","","","","","","","","","","","","","","","","","","","","","","",25000,1,"","",2,1,2,1,"","","","","","","","","","","","","","","","","","","","","","","","","","","","","","","","","","","","","","","","","","","","","","","","","","","","","","","","","","","","","","","","","",""
"54405001","NANCY-OCHEY",48.581,5.959833,336,1982010718,"","","","",6.,1,60,1,"","","","","","","","","","","","","","","","","","","","","","","","","","","","",-6.3,1,-15.3,1,"","","","","","","","","","","","","","","","","","","","","","","","","","",48,1,"","","","","","","","","","","","",1.8,1,1027.9,1,"","","","","","",3,1,0,1,0,1,0,1,1,1,"","","","","","","","","","","","","","","","","","","","","","","","",20000,1,"","",1,1,2,1,"","","","","","","","","","","","","","","","","","","","","","","","","","","","","","","","","","","","","","","","","","","","","","","","","","","","","","","","","","","","","","","","","",""
"54405001","NANCY-OCHEY",48.581,5.959833,336,1982010721,"","","","",7.,1,80,1,"","","","","","","","","","","","","","","","","","","","","","","","","","","","",-6.8,1,-12.9,1,"","","","","","","","","","","","","","","","","","","","","","","","","","",62,1,"","","","","","","","","","","","",2.2,1,1027.7,1,"","","","","","","","","","","","","","","","","","","","","","","","","","","","","","","","","","","","","","","","","","","","","","","","","","","","","","","","","","","","","","","","","","","","","","","","","","","","","","","","","","","","","","","","","","","","","","","","","","","","","","","","","","","","","","","","","",""
"54405001","NANCY-OCHEY",48.581,5.959833,336,1982010800,"","","","",7.,1,80,1,"","","","","","","","","","","","","","","","","","","","","","","","","","","","",-6.4,1,-12.4,1,"","","","","","","","","","","","","","","","","","","","","","","","","","",61,1,"","","","","","","","","","","","",2.3,1,1025.8,1,"","","","","","","","","","","","","","","","","","","","","","","","","","","","","","","","","","","","","","","","","","","","","","","","","","","","","","","","","","","","","","","","","","","","","","","","","","","","","","","","","","","","","","","","","","","","","","","","","","","","","","","","","","","","","","","","","",""
"54405001","NANCY-OCHEY",48.581,5.959833,336,1982010803,"","","","",5.,1,80,1,"","","","","","","","","","","","","","","","","","","","","","","","","","","","",-6.2,1,-12.4,1,"","","","","","","","","","","","","","","","","","","","","","","","","","",60,1,"","","","","","","","","","","","",2.3,1,1023.4,1,"","","","","","","","","","","","","","","","","","","","","","","","","","","","","","","","","","","","","","","","","","","","","","","","","","","","","","","","","","","","","","","","","","","","","","","","","","","","","","","","","","","","","","","","","","","","","","","","","","","","","","","","","","","","","","","","","",""
"54405001","NANCY-OCHEY",48.581,5.959833,336,1982010806,"","","","",5.,1,80,1,"","","","","","","","","","","","","","","","","","","","","","","","","","","","",-6.3,1,-11.9,1,"","","","","","","","","","","","","","","","","","","","","","","","","","",63,1,"","","","","","","","","","","","",2.4,1,1020.3,1,"","","","","","",7,1,7,1,5,1,7,1,"","","","","","","","","","","","","","","","","","","","","","","","","","",15000,1,"","",0,1,"","","","",0,1,"","","","","","","","","","","","","","","","","","","","","","","","","","","","","","","","","","","","","","","","","","","","","","","","","","","","","","","","","","","","","",""
"54405001","NANCY-OCHEY",48.581,5.959833,336,1982010809,"","","","",7.,1,80,1,"","","","","","","","","","","","","","","","","","","","","","","","","","","","",-7.3,1,-8.7,1,"","","","","","","","","","","","","","","","","","","","","","","","","","",87,1,"","","","","","","","","","","","",3.1,1,1019.7,1,"","","","","","",8,1,8,1,5,1,7,1,"","","","","","","","","","","","","","","","","","","","","","","","","","",1100,1,"","",71,1,7,1,"","","","","","","","","","","","","","","","","","","","","","","","","","","","","","","","","","","","","","","","","","","","","","","","","","","","","","","","","","","","","","","","","",""
"54405001","NANCY-OCHEY",48.581,5.959833,336,1982010812,"","","","",6.,1,80,1,"","","","","","","","","","","","","","","","","","","","","","","","","","","","",-6.7,1,-8.4,1,"","","","","","","","","","","","","","","","","","","","","","","","","","",88,1,"","","","","","","","","","","","",3.2,1,1018.8,1,"","","","","","",8,1,8,1,5,1,7,1,"","","","","","","","","","","","","","","","","","","","","","","","","","",1700,1,"","",71,1,7,1,"","","","","","","","","","","","","","","","","","","","","","","","","","","","","","","","","","","","","","","","","","","","","","","","","","","","","","","","","","","","","","","","","",""
"54405001","NANCY-OCHEY",48.581,5.959833,336,1982010815,"","","","",4.,1,80,1,"","","","","","","","","","","","","","","","","","","","","","","","","","","","",-6.2,1,-6.9,1,"","","","","","","","","","","","","","","","","","","","","","","","","","",94,1,"","","","","","","","","","","","",3.6,1,1016.5,1,"","","","","","",8,1,5,1,5,1,7,1,"","","","","","","","","","","","","","","","","","","","","","","","","","",1600,1,"","",66,1,7,1,"","","","","","","","","","","","","","","","","","","","","","","","","","","","","","","","","","","","","","","","","","","","","","","","","","","","","","","","","","","","","","","","","",""
"54405001","NANCY-OCHEY",48.581,5.959833,336,1982010818,"","","","",3.,1,80,1,"","","","","","","","","","","","","","","","","","","","","","","","","","","","",-5.1,1,-5.9,1,"","","","","","","","","","","","","","","","","","","","","","","","","","",94,1,"","","","","","","","","","","","",3.9,1,1015.3,1,"","","","","","",8,1,5,1,5,1,7,1,"","","","","","","","","","","","","","","","","","","","","","","","","","",1400,1,"","",66,1,7,1,"","","","","","","","","","","","","","","","","","","","","","","","","","","","","","","","","","","","","","","","","","","","","","","","","","","","","","","","","","","","","","","","","",""
"54405001","NANCY-OCHEY",48.581,5.959833,336,1982010821,"","","","",2.,1,60,1,"","","","","","","","","","","","","","","","","","","","","","","","","","","","",-4.3,1,-5.9,1,"","","","","","","","","","","","","","","","","","","","","","","","","","",90,1,"","","","","","","","","","","","",3.9,1,1014.5,1,"","","","","","","","","","","","","","","","","","","","","","","","","","","","","","","","","","","","","","","","","","","","","","","","","","","","","","","","","","","","","","","","","","","","","","","","","","","","","","","","","","","","","","","","","","","","","","","","","","","","","","","","","","","","","","","","","",""
"54405001","NANCY-OCHEY",48.581,5.959833,336,1982010900,"","","","",0.,1,0,1,"","","","","","","","","","","","","","","","","","","","","","","","","","","","",-3.7,1,-4.6,1,"","","","","","","","","","","","","","","","","","","","","","","","","","",93,1,"","","","","","","","","","","","",4.3,1,1013.8,1,"","","","","","","","","","","","","","","","","","","","","","","","","","","","","","","","","","","","","","","","","","","","","","","","","","","","","","","","","","","","","","","","","","","","","","","","","","","","","","","","","","","","","","","","","","","","","","","","","","","","","","","","","","","","","","","","","",""
"54405001","NANCY-OCHEY",48.581,5.959833,336,1982010903,"","","","",0.,1,0,1,"","","","","","","","","","","","","","","","","","","","","","","","","","","","",-3.,1,-4.,1,"","","","","","","","","","","","","","","","","","","","","","","","","","",93,1,"","","","","","","","","","","","",4.5,1,1012.4,1,"","","","","","","","","","","","","","","","","","","","","","","","","","","","","","","","","","","","","","","","","","","","","","","","","","","","","","","","","","","","","","","","","","","","","","","","","","","","","","","","","","","","","","","","","","","","","","","","","","","","","","","","","","","","","","","","","",""
"54405001","NANCY-OCHEY",48.581,5.959833,336,1982010906,"","","","",1.,1,140,1,"","","","","","","","","","","","","","","","","","","","","","","","","","","","",-2.3,1,-2.9,1,"","","","","","","","","","","","","","","","","","","","","","","","","","",95,1,"","","","","","","","","","","","",4.9,1,1011.4,1,"","","","","","",8,1,8,1,7,1,"","","","","","","","","","","","","","","","","","","","","","","","","","","","",1700,1,"","",10,1,"","","","","","","","","","","","","","","","","","","","","","","","","","","","","","","","","","","","","","","","","","","","","","","","","","","","","","","","","","","","","","","","","","","",""
"54405001","NANCY-OCHEY",48.581,5.959833,336,1982010909,"","","","",1.,1,160,1,"","","","","","","","","","","","","","","","","","","","","","","","","","","","",-1.5,1,-2.1,1,"","","","","","","","","","","","","","","","","","","","","","","","","","",95,1,"","","","","","","","","","","","",5.2,1,1011.4,1,"","","","","","",8,1,8,1,7,1,"","","","","","","","","","","","","","","","","","","","","","","","","","","","",1300,1,"","",10,1,6,1,"","","","","","","","","","","","","","","","","","","","","","","","","","","","","","","","","","","","","","","","","","","","","","","","","","","","","","","","","","","","","","","","","",""
"54405001","NANCY-OCHEY",48.581,5.959833,336,1982010912,"","","","",3.,1,200,1,"","","","","","","","","","","","","","","","","","","","","","","","","","","","",0.5,1,0.5,1,"","","","","","","","","","","","","","","","","","","","","","","","","","",100,1,"","","","","","","","","","","","",6.3,1,1010.7,1,"","","","","","",8,1,8,1,7,1,"","","","","","","","","","","","","","","","","","","","","","","","","","","","",500,1,"","",66,1,6,1,"","","","","","","","","","","","","","","","","","","","","","","","","","","","","","","","","","","","","","","","","","","","","","","","","","","","","","","","","","","","","","","","","",""
"54405001","NANCY-OCHEY",48.581,5.959833,336,1982010915,"","","","",1.,1,240,1,"","","","","","","","","","","","","","","","","","","","","","","","","","","","",2.3,1,2.3,1,"","","","","","","","","","","","","","","","","","","","","","","","","","",100,1,"","","","","","","","","","","","",7.2,1,1009.9,1,"","","","","","",8,1,8,1,7,1,"","","","","","","","","","","","","","","","","","","","","","","","","","","","",400,1,"","",60,1,6,1,"","","","","","","","","","","","","","","","","","","","","","","","","","","","","","","","","","","","","","","","","","","","","","","","","","","","","","","","","","","","","","","","","",""
"54405001","NANCY-OCHEY",48.581,5.959833,336,1982010918,"","","","",0.,1,0,1,"","","","","","","","","","","","","","","","","","","","","","","","","","","","",-0.1,1,-0.1,1,"","","","","","","","","","","","","","","","","","","","","","","","","","",100,1,"","","","","","","","","","","","",6.,1,1009.3,1,"","","","","","",8,1,8,1,7,1,"","","","","","","","","","","","","","","","","","","","","","","","","","","","",200,1,"","",60,1,6,1,"","","","","","","","","","","","","","","","","","","","","","","","","","","","","","","","","","","","","","","","","","","","","","","","","","","","","","","","","","","","","","","","","",""
"54405001","NANCY-OCHEY",48.581,5.959833,336,1982010921,"","","","","","","","","","","","","","","","","","","","","","","","","","","","","","","","","","","","",-1.8,1,-2.3,1,"","","","","","","","","","","","","","","","","","","","","","","","","","",96,1,"","","","","","","","","","","","",5.1,1,1012.2,1,"","","","","","","","","","","","","","","","","","","","","","","","","","","","","","","","","","","","","","","","","","","","","","","","","","","","","","","","","","","","","","","","","","","","","","","","","","","","","","","","","","","","","","","","","","","","","","","","","","","","","","","","","","","","","","","","","",""
"54405001","NANCY-OCHEY",48.581,5.959833,336,1982011000,"","","","","","","","","","","","","","","","","","","","","","","","","","","","","","","","","","","","",-5.,1,-5.5,1,"","","","","","","","","","","","","","","","","","","","","","","","","","",95,1,"","","","","","","","","","","","",4.,1,1012.9,1,"","","","","","","","","","","","","","","","","","","","","","","","","","","","","","","","","","","","","","","","","","","","","","","","","","","","","","","","","","","","","","","","","","","","","","","","","","","","","","","","","","","","","","","","","","","","","","","","","","","","","","","","","","","","","","","","","",""
"54405001","NANCY-OCHEY",48.581,5.959833,336,1982011003,"","","","","","","","","","","","","","","","","","","","","","","","","","","","","","","","","","","","",-6.1,1,-6.8,1,"","","","","","","","","","","","","","","","","","","","","","","","","","",93,1,"","","","","","","","","","","","",3.6,1,1012.5,1,"","","","","","","","","","","","","","","","","","","","","","","","","","","","","","","","","","","","","","","","","","","","","","","","","","","","","","","","","","","","","","","","","","","","","","","","","","","","","","","","","","","","","","","","","","","","","","","","","","","","","","","","","","","","","","","","","",""
"54405001","NANCY-OCHEY",48.581,5.959833,336,1982011006,"","","","",2.,1,40,1,"","","","","","","","","","","","","","","","","","","","","","","","","","","","",-7.1,1,-7.9,1,"","","","","","","","","","","","","","","","","","","","","","","","","","",94,1,"","","","","","","","","","","","",3.3,1,1012.5,1,"","","","","","",8,1,8,1,5,1,7,1,"","","","","","","","","","","","","","","","","","","","","","","","","","",3000,1,"","",71,1,7,1,"","","","","","","","","","","","","","","","","","","","","","","","","","","","","","","","","","","","","","","","","","","","","","","","","","","","","","","","","","","","","","","","","",""
"54405001","NANCY-OCHEY",48.581,5.959833,336,1982011009,"","","","",3.,1,60,1,"","","","","","","","","","","","","","","","","","","","","","","","","","","","",-7.1,1,-8.7,1,"","","","","","","","","","","","","","","","","","","","","","","","","","",88,1,"","","","","","","","","","","","",3.1,1,1012.7,1,"","","","","","",8,1,8,1,5,1,"","","","","","","","","","","","","","","","","","","","","","","","","","","","",2000,1,"","",71,1,7,1,"","","","","","","","","","","","","","","","","","","","","","","","","","","","","","","","","","","","","","","","","","","","","","","","","","","","","","","","","","","","","","","","","",""
"54405001","NANCY-OCHEY",48.581,5.959833,336,1982011012,"","","","",3.,1,60,1,"","","","","","","","","","","","","","","","","","","","","","","","","","","","",-6.9,1,-7.9,1,"","","","","","","","","","","","","","","","","","","","","","","","","","",91,1,"","","","","","","","","","","","",3.3,1,1011.4,1,"","","","","","",8,1,8,1,5,1,"","","","","","","","","","","","","","","","","","","","","","","","","","","","",1800,1,"","",71,1,7,1,"","","","","","","","","","","","","","","","","","","","","","","","","","","","","","","","","","","","","","","","","","","","","","","","","","","","","","","","","","","","","","","","","",""
"54405001","NANCY-OCHEY",48.581,5.959833,336,1982011015,"","","","",5.,1,80,1,"","","","","","","","","","","","","","","","","","","","","","","","","","","","",-6.7,1,-7.5,1,"","","","","","","","","","","","","","","","","","","","","","","","","","",94,1,"","","","","","","","","","","","",3.4,1,1009.3,1,"","","","","","",8,1,8,1,5,1,"","","","","","","","","","","","","","","","","","","","","","","","","","","","",1600,1,"","",70,1,7,1,"","","","","","","","","","","","","","","","","","","","","","","","","","","","","","","","","","","","","","","","","","","","","","","","","","","","","","","","","","","","","","","","","",""
"54405001","NANCY-OCHEY",48.581,5.959833,336,1982011018,"","","","",3.,1,80,1,"","","","","","","","","","","","","","","","","","","","","","","","","","","","",-6.2,1,-7.2,1,"","","","","","","","","","","","","","","","","","","","","","","","","","",91,1,"","","","","","","","","","","","",3.5,1,1008.1,1,"","","","","","",8,1,8,1,5,1,"","","","","","","","","","","","","","","","","","","","","","","","","","","","",2000,1,"","",10,1,7,1,"","","","","","","","","","","","","","","","","","","","","","","","","","","","","","","","","","","","","","","","","","","","","","","","","","","","","","","","","","","","","","","","","",""
"54405001","NANCY-OCHEY",48.581,5.959833,336,1982011021,"","","","","","","","","","","","","","","","","","","","","","","","","","","","","","","","","","","","",-5.9,1,-7.5,1,"","","","","","","","","","","","","","","","","","","","","","","","","","",87,1,"","","","","","","","","","","","",3.4,1,1008.,1,"","","","","","","","","","","","","","","","","","","","","","","","","","","","","","","","","","","","","","","","","","","","","","","","","","","","","","","","","","","","","","","","","","","","","","","","","","","","","","","","","","","","","","","","","","","","","","","","","","","","","","","","","","","","","","","","","",""
"54405001","NANCY-OCHEY",48.581,5.959833,336,1982011100,"","","","","","","","","","","","","","","","","","","","","","","","","","","","","","","","","","","","",-5.7,1,-7.5,1,"","","","","","","","","","","","","","","","","","","","","","","","","","",87,1,"","","","","","","","","","","","",3.4,1,1005.9,1,"","","","","","","","","","","","","","","","","","","","","","","","","","","","","","","","","","","","","","","","","","","","","","","","","","","","","","","","","","","","","","","","","","","","","","","","","","","","","","","","","","","","","","","","","","","","","","","","","","","","","","","","","","","","","","","","","",""
"54405001","NANCY-OCHEY",48.581,5.959833,336,1982011103,"","","","","","","","","","","","","","","","","","","","","","","","","","","","","","","","","","","","",-4.9,1,-6.1,1,"","","","","","","","","","","","","","","","","","","","","","","","","","",90,1,"","","","","","","","","","","","",3.8,1,1004.,1,"","","","","","","","","","","","","","","","","","","","","","","","","","","","","","","","","","","","","","","","","","","","","","","","","","","","","","","","","","","","","","","","","","","","","","","","","","","","","","","","","","","","","","","","","","","","","","","","","","","","","","","","","","","","","","","","","",""
"54405001","NANCY-OCHEY",48.581,5.959833,336,1982011106,"","","","",3.,1,140,1,"","","","","","","","","","","","","","","","","","","","","","","","","","","","",-2.,1,-2.9,1,"","","","","","","","","","","","","","","","","","","","","","","","","","",93,1,"","","","","","","","","","","","",4.9,1,1000.6,1,"","","","","","",8,1,8,1,7,1,7,1,"","","","","","","","","","","","","","","","","","","","","","","","","","",2000,1,"","",66,1,6,1,"","","","","","","","","","","","","","","","","","","","","","","","","","","","","","","","","","","","","","","","","","","","","","","","","","","","","","","","","","","","","","","","","",""
"54405001","NANCY-OCHEY",48.581,5.959833,336,1982011109,"","","","",2.,1,160,1,"","","","","","","","","","","","","","","","","","","","","","","","","","","","",0.7,1,-1.1,1,"","","","","","","","","","","","","","","","","","","","","","","","","","",88,1,"","","","","","","","","","","","",5.6,1,1000.,1,"","","","","","",8,1,8,1,7,1,7,1,"","","","","","","","","","","","","","","","","","","","","","","","","","",1200,1,"","",66,1,6,1,"","","","","","","","","","","","","","","","","","","","","","","","","","","","","","","","","","","","","","","","","","","","","","","","","","","","","","","","","","","","","","","","","",""
"54405001","NANCY-OCHEY",48.581,5.959833,336,1982011112,"","","","",3.,1,200,1,"","","","","","","","","","","","","","","","","","","","","","","","","","","","",4.1,1,3.1,1,"","","","","","","","","","","","","","","","","","","","","","","","","","",95,1,"","","","","","","","","","","","",7.7,1,999.2,1,"","","","","","",8,1,5,1,5,1,7,1,"","","","","","","","","","","","","","","","","","","","","","","","","","",1800,1,"","",61,1,6,1,"","","","","","","","","","","","","","","","","","","","","","","","","","","","","","","","","","","","","","","","","","","","","","","","","","","","","","","","","","","","","","","","","",""
"54405001","NANCY-OCHEY",48.581,5.959833,336,1982011115,"","","","",5.,1,200,1,"","","","","","","","","","","","","","","","","","","","","","","","","","","","",5.4,1,4.3,1,"","","","","","","","","","","","","","","","","","","","","","","","","","",93,1,"","","","","","","","","","","","",8.4,1,998.4,1,"","","","","","",8,1,5,1,5,1,7,1,"","","","","","","","","","","","","","","","","","","","","","","","","","",5000,1,"","",61,1,6,1,"","","","","","","","","","","","","","","","","","","","","","","","","","","","","","","","","","","","","","","","","","","","","","","","","","","","","","","","","","","","","","","","","",""
"54405001","NANCY-OCHEY",48.581,5.959833,336,1982011118,"","","","",4.,1,260,1,"","","","","","","","","","","","","","","","","","","","","","","","","","","","",4.2,1,4.2,1,"","","","","","","","","","","","","","","","","","","","","","","","","","",100,1,"","","","","","","","","","","","",8.2,1,999.7,1,"","","","","","",8,1,8,1,7,1,"","","","","","","","","","","","","","","","","","","","","","","","","","","","",250,1,"","",44,1,6,1,"","","","","","","","","","","","","","","","","","","","","","","","","","","","","","","","","","","","","","","","","","","","","","","","","","","","","","","","","","","","","","","","","",""
"54405001","NANCY-OCHEY",48.581,5.959833,336,1982011121,"","","","","","","","","","","","","","","","","","","","","","","","","","","","","","","","","","","","",-0.4,1,-0.4,1,"","","","","","","","","","","","","","","","","","","","","","","","","","",100,1,"","","","","","","","","","","","",5.9,1,1003.3,1,"","","","","","","","","","","","","","","","","","","","","","","","","","","","","","","","","","","","","","","","","","","","","","","","","","","","","","","","","","","","","","","","","","","","","","","","","","","","","","","","","","","","","","","","","","","","","","","","","","","","","","","","","","","","","","","","","",""
"54405001","NANCY-OCHEY",48.581,5.959833,336,1982011200,"","","","","","","","","","","","","","","","","","","","","","","","","","","","","","","","","","","","",-2.6,1,-3.1,1,"","","","","","","","","","","","","","","","","","","","","","","","","","",96,1,"","","","","","","","","","","","",4.8,1,1007.8,1,"","","","","","","","","","","","","","","","","","","","","","","","","","","","","","","","","","","","","","","","","","","","","","","","","","","","","","","","","","","","","","","","","","","","","","","","","","","","","","","","","","","","","","","","","","","","","","","","","","","","","","","","","","","","","","","","","",""
"54405001","NANCY-OCHEY",48.581,5.959833,336,1982011203,"","","","","","","","","","","","","","","","","","","","","","","","","","","","","","","","","","","","",-3.5,1,-4.9,1,"","","","","","","","","","","","","","","","","","","","","","","","","","",91,1,"","","","","","","","","","","","",4.2,1,1011.1,1,"","","","","","","","","","","","","","","","","","","","","","","","","","","","","","","","","","","","","","","","","","","","","","","","","","","","","","","","","","","","","","","","","","","","","","","","","","","","","","","","","","","","","","","","","","","","","","","","","","","","","","","","","","","","","","","","","",""
"54405001","NANCY-OCHEY",48.581,5.959833,336,1982011206,"","","","",4.,1,60,1,"","","","","","","","","","","","","","","","","","","","","","","","","","","","",-2.8,1,-4.9,1,"","","","","","","","","","","","","","","","","","","","","","","","","","",85,1,"","","","","","","","","","","","",4.2,1,1014.5,1,"","","","","","",8,1,8,1,7,1,"","","","","","","","","","","","","","","","","","","","","","","","","","","","",7000,1,"","",0,1,"","","","","","","","","","","","","","","","","","","","","","","","","","","","","","","","","","","","","","","","","","","","","","","","","","","","","","","","","","","","","","","","","","","",""
"54405001","NANCY-OCHEY",48.581,5.959833,336,1982011209,"","","","",6.,1,60,1,"","","","","","","","","","","","","","","","","","","","","","","","","","","","",-3.5,1,-7.5,1,"","","","","","","","","","","","","","","","","","","","","","","","","","",73,1,"","","","","","","","","","","","",3.4,1,1018.2,1,"","","","","","",4,1,0,1,5,1,0,1,0,1,"","","","","","","","","","","","","","","","","","","","","","","","",9000,1,"","",1,1,1,1,"","","","","","","","","","","","","","","","","","","","","","","","","","","","","","","","","","","","","","","","","","","","","","","","","","","","","","","","","","","","","","","","","",""
"54405001","NANCY-OCHEY",48.581,5.959833,336,1982011212,"","","","",6.,1,60,1,"","","","","","","","","","","","","","","","","","","","","","","","","","","","",-2.6,1,-6.5,1,"","","","","","","","","","","","","","","","","","","","","","","","","","",74,1,"","","","","","","","","","","","",3.7,1,1020.,1,"","","","","","",0,1,"","",0,1,0,1,0,1,"","","","","","","","","","","","","","","","","","","","","","","","",8000,1,"","",2,1,0,1,"","","","","","","","","","","","","","","","","","","","","","","","","","","","","","","","","","","","","","","","","","","","","","","","","","","","","","","","","","","","","","","","","",""
"54405001","NANCY-OCHEY",48.581,5.959833,336,1982011215,"","","","",7.,1,60,1,"","","","","","","","","","","","","","","","","","","","","","","","","","","","",-2.4,1,-5.2,1,"","","","","","","","","","","","","","","","","","","","","","","","","","",81,1,"","","","","","","","","","","","",4.1,1,1021.7,1,"","","","","","",0,1,"","",0,1,0,1,0,1,"","","","","","","","","","","","","","","","","","","","","","","","",8000,1,"","",2,1,0,1,"","","","","","","","","","","","","","","","","","","","","","","","","","","","","","","","","","","","","","","","","","","","","","","","","","","","","","","","","","","","","","","","","",""
"54405001","NANCY-OCHEY",48.581,5.959833,336,1982011218,"","","","",7.,1,40,1,"","","","","","","","","","","","","","","","","","","","","","","","","","","","",-4.2,1,-6.8,1,"","","","","","","","","","","","","","","","","","","","","","","","","","",82,1,"","","","","","","","","","","","",3.6,1,1024.6,1,"","","","","","",0,1,"","",0,1,0,1,0,1,"","","","","","","","","","","","","","","","","","","","","","","","",8000,1,"","",2,1,0,1,"","","","","","","","","","","","","","","","","","","","","","","","","","","","","","","","","","","","","","","","","","","","","","","","","","","","","","","","","","","","","","","","","",""
"54405001","NANCY-OCHEY",48.581,5.959833,336,1982011221,"","","","",6.,1,60,1,"","","","","","","","","","","","","","","","","","","","","","","","","","","","",-4.7,1,-7.5,1,"","","","","","","","","","","","","","","","","","","","","","","","","","",79,1,"","","","","","","","","","","","",3.4,1,1026.8,1,"","","","","","","","","","","","","","","","","","","","","","","","","","","","","","","","","","","","","","","","","","","","","","","","","","","","","","","","","","","","","","","","","","","","","","","","","","","","","","","","","","","","","","","","","","","","","","","","","","","","","","","","","","","","","","","","","",""
"54405001","NANCY-OCHEY",48.581,5.959833,336,1982011300,"","","","",4.,1,40,1,"","","","","","","","","","","","","","","","","","","","","","","","","","","","",-5.9,1,-8.7,1,"","","","","","","","","","","","","","","","","","","","","","","","","","",79,1,"","","","","","","","","","","","",3.1,1,1028.1,1,"","","","","","","","","","","","","","","","","","","","","","","","","","","","","","","","","","","","","","","","","","","","","","","","","","","","","","","","","","","","","","","","","","","","","","","","","","","","","","","","","","","","","","","","","","","","","","","","","","","","","","","","","","","","","","","","","",""
"54405001","NANCY-OCHEY",48.581,5.959833,336,1982011303,"","","","",3.,1,40,1,"","","","","","","","","","","","","","","","","","","","","","","","","","","","",-6.9,1,-9.6,1,"","","","","","","","","","","","","","","","","","","","","","","","","","",80,1,"","","","","","","","","","","","",2.9,1,1029.2,1,"","","","","","","","","","","","","","","","","","","","","","","","","","","","","","","","","","","","","","","","","","","","","","","","","","","","","","","","","","","","","","","","","","","","","","","","","","","","","","","","","","","","","","","","","","","","","","","","","","","","","","","","","","","","","","","","","",""
"54405001","NANCY-OCHEY",48.581,5.959833,336,1982011306,"","","","",3.,1,80,1,"","","","","","","","","","","","","","","","","","","","","","","","","","","","",-7.2,1,-9.6,1,"","","","","","","","","","","","","","","","","","","","","","","","","","",80,1,"","","","","","","","","","","","",2.9,1,1029.9,1,"","","","","","",2,1,0,1,6,1,0,1,0,1,"","","","","","","","","","","","","","","","","","","","","","","","",4000,1,"","",10,1,"","","","","","","","","","","","","","","","","","","","","","","","","","","","","","","","","","","","","","","","","","","","","","","","","","","","","","","","","","","","","","","","","","","",""
"54405001","NANCY-OCHEY",48.581,5.959833,336,1982011309,"","","","",6.,1,60,1,"","","","","","","","","","","","","","","","","","","","","","","","","","","","",-6.8,1,-9.6,1,"","","","","","","","","","","","","","","","","","","","","","","","","","",79,1,"","","","","","","","","","","","",2.9,1,1031.5,1,"","","","","","",0,1,"","",0,1,0,1,0,1,"","","","","","","","","","","","","","","","","","","","","","","","",4500,1,"","",10,1,0,1,"","","","","","","","","","","","","","","","","","","","","","","","","","","","","","","","","","","","","","","","","","","","","","","","","","","","","","","","","","","","","","","","","",""
"54405001","NANCY-OCHEY",48.581,5.959833,336,1982011312,"","","","",6.,1,60,1,"","","","","","","","","","","","","","","","","","","","","","","","","","","","",-3.9,1,-11.4,1,"","","","","","","","","","","","","","","","","","","","","","","","","","",55,1,"","","","","","","","","","","","",2.5,1,1031.1,1,"","","","","","",0,1,"","",0,1,0,1,0,1,"","","","","","","","","","","","","","","","","","","","","","","","",7000,1,"","",2,1,0,1,"","","","","","","","","","","","","","","","","","","","","","","","","","","","","","","","","","","","","","","","","","","","","","","","","","","","","","","","","","","","","","","","","",""
"54405001","NANCY-OCHEY",48.581,5.959833,336,1982011315,"","","","",4.,1,60,1,"","","","","","","","","","","","","","","","","","","","","","","","","","","","",-3.4,1,-9.2,1,"","","","","","","","","","","","","","","","","","","","","","","","","","",63,1,"","","","","","","","","","","","",3.,1,1031.,1,"","","","","","",0,1,"","",0,1,0,1,0,1,"","","","","","","","","","","","","","","","","","","","","","","","",7000,1,"","",2,1,0,1,"","","","","","","","","","","","","","","","","","","","","","","","","","","","","","","","","","","","","","","","","","","","","","","","","","","","","","","","","","","","","","","","","",""
"54405001","NANCY-OCHEY",48.581,5.959833,336,1982011318,"","","","",3.,1,40,1,"","","","","","","","","","","","","","","","","","","","","","","","","","","","",-5.3,1,-8.7,1,"","","","","","","","","","","","","","","","","","","","","","","","","","",75,1,"","","","","","","","","","","","",3.1,1,1031.7,1,"","","","","","",1,1,0,1,0,1,0,1,1,1,"","","","","","","","","","","","","","","","","","","","","","","","",11000,1,"","",2,1,0,1,"","","","","","","","","","","","","","","","","","","","","","","","","","","","","","","","","","","","","","","","","","","","","","","","","","","","","","","","","","","","","","","","","",""
"54405001","NANCY-OCHEY",48.581,5.959833,336,1982011321,"","","","",3.,1,80,1,"","","","","","","","","","","","","","","","","","","","","","","","","","","","",-7.6,1,-11.9,1,"","","","","","","","","","","","","","","","","","","","","","","","","","",71,1,"","","","","","","","","","","","",2.4,1,1031.3,1,"","","","","","","","","","","","","","","","","","","","","","","","","","","","","","","","","","","","","","","","","","","","","","","","","","","","","","","","","","","","","","","","","","","","","","","","","","","","","","","","","","","","","","","","","","","","","","","","","","","","","","","","","","","","","","","","","",""
"54405001","NANCY-OCHEY",48.581,5.959833,336,1982011400,"","","","",3.,1,60,1,"","","","","","","","","","","","","","","","","","","","","","","","","","","","",-8.8,1,-12.9,1,"","","","","","","","","","","","","","","","","","","","","","","","","","",72,1,"","","","","","","","","","","","",2.2,1,1030.4,1,"","","","","","","","","","","","","","","","","","","","","","","","","","","","","","","","","","","","","","","","","","","","","","","","","","","","","","","","","","","","","","","","","","","","","","","","","","","","","","","","","","","","","","","","","","","","","","","","","","","","","","","","","","","","","","","","","",""
"54405001","NANCY-OCHEY",48.581,5.959833,336,1982011403,"","","","",2.,1,60,1,"","","","","","","","","","","","","","","","","","","","","","","","","","","","",-9.6,1,-13.4,1,"","","","","","","","","","","","","","","","","","","","","","","","","","",74,1,"","","","","","","","","","","","",2.1,1,1030.2,1,"","","","","","","","","","","","","","","","","","","","","","","","","","","","","","","","","","","","","","","","","","","","","","","","","","","","","","","","","","","","","","","","","","","","","","","","","","","","","","","","","","","","","","","","","","","","","","","","","","","","","","","","","","","","","","","","","",""
"54405001","NANCY-OCHEY",48.581,5.959833,336,1982011406,"","","","",3.,1,60,1,"","","","","","","","","","","","","","","","","","","","","","","","","","","","",-10.4,1,-14.,1,"","","","","","","","","","","","","","","","","","","","","","","","","","",73,1,"","","","","","","","","","","","",2.,1,1030.1,1,"","","","","","",0,1,"","",0,1,0,1,0,1,"","","","","","","","","","","","","","","","","","","","","","","","",7000,1,"","",0,1,"","","","","","","","","","","","","","","","","","","","","","","","","","","","","","","","","","","","","","","","","","","","","","","","","","","","","","","","","","","","","","","","","","","",""
"54405001","NANCY-OCHEY",48.581,5.959833,336,1982011409,"","","","",2.,1,100,1,"","","","","","","","","","","","","","","","","","","","","","","","","","","","",-10.1,1,-13.4,1,"","","","","","","","","","","","","","","","","","","","","","","","","","",74,1,"","","","","","","","","","","","",2.1,1,1029.6,1,"","","","","","",0,1,"","",0,1,0,1,0,1,"","","","","","","","","","","","","","","","","","","","","","","","",5000,1,"","",2,1,0,1,"","","","","","","","","","","","","","","","","","","","","","","","","","","","","","","","","","","","","","","","","","","","","","","","","","","","","","","","","","","","","","","","","",""
"54405001","NANCY-OCHEY",48.581,5.959833,336,1982011412,"","","","",2.,1,60,1,"","","","","","","","","","","","","","","","","","","","","","","","","","","","",-7.1,1,-12.9,1,"","","","","","","","","","","","","","","","","","","","","","","","","","",63,1,"","","","","","","","","","","","",2.2,1,1028.4,1,"","","","","","",0,1,"","",0,1,0,1,0,1,"","","","","","","","","","","","","","","","","","","","","","","","",3500,1,"","",10,1,0,1,"","","","","","","","","","","","","","","","","","","","","","","","","","","","","","","","","","","","","","","","","","","","","","","","","","","","","","","","","","","","","","","","","",""
"54405001","NANCY-OCHEY",48.581,5.959833,336,1982011415,"","","","",4.,1,80,1,"","","","","","","","","","","","","","","","","","","","","","","","","","","","",-6.3,1,-9.5,1,"","","","","","","","","","","","","","","","","","","","","","","","","","",78,1,"","","","","","","","","","","","",2.9,1,1027.3,1,"","","","","","",0,1,"","",0,1,0,1,0,1,"","","","","","","","","","","","","","","","","","","","","","","","",4000,1,"","",10,1,0,1,"","","","","","","","","","","","","","","","","","","","","","","","","","","","","","","","","","","","","","","","","","","","","","","","","","","","","","","","","","","","","","","","","",""
"54405001","NANCY-OCHEY",48.581,5.959833,336,1982011418,"","","","",3.,1,80,1,"","","","","","","","","","","","","","","","","","","","","","","","","","","","",-8.9,1,-11.3,1,"","","","","","","","","","","","","","","","","","","","","","","","","","",82,1,"","","","","","","","","","","","",2.5,1,1027.5,1,"","","","","","",0,1,"","",0,1,0,1,0,1,"","","","","","","","","","","","","","","","","","","","","","","","",2500,1,"","",10,1,0,1,"","","","","","","","","","","","","","","","","","","","","","","","","","","","","","","","","","","","","","","","","","","","","","","","","","","","","","","","","","","","","","","","","",""
"54405001","NANCY-OCHEY",48.581,5.959833,336,1982011421,"","","","",1.,1,100,1,"","","","","","","","","","","","","","","","","","","","","","","","","","","","",-10.5,1,-12.9,1,"","","","","","","","","","","","","","","","","","","","","","","","","","",80,1,"","","","","","","","","","","","",2.2,1,1028.3,1,"","","","","","","","","","","","","","","","","","","","","","","","","","","","","","","","","","","","","","","","","","","","","","","","","","","","","","","","","","","","","","","","","","","","","","","","","","","","","","","","","","","","","","","","","","","","","","","","","","","","","","","","","","","","","","","","","",""
"54405001","NANCY-OCHEY",48.581,5.959833,336,1982011500,"","","","",1.,1,120,1,"","","","","","","","","","","","","","","","","","","","","","","","","","","","",-10.4,1,-12.9,1,"","","","","","","","","","","","","","","","","","","","","","","","","","",80,1,"","","","","","","","","","","","",2.2,1,1028.5,1,"","","","","","","","","","","","","","","","","","","","","","","","","","","","","","","","","","","","","","","","","","","","","","","","","","","","","","","","","","","","","","","","","","","","","","","","","","","","","","","","","","","","","","","","","","","","","","","","","","","","","","","","","","","","","","","","","",""
"54405001","NANCY-OCHEY",48.581,5.959833,336,1982011503,"","","","",1.,1,80,1,"","","","","","","","","","","","","","","","","","","","","","","","","","","","",-9.6,1,-12.3,1,"","","","","","","","","","","","","","","","","","","","","","","","","","",80,1,"","","","","","","","","","","","",2.3,1,1027.6,1,"","","","","","","","","","","","","","","","","","","","","","","","","","","","","","","","","","","","","","","","","","","","","","","","","","","","","","","","","","","","","","","","","","","","","","","","","","","","","","","","","","","","","","","","","","","","","","","","","","","","","","","","","","","","","","","","","",""
"54405001","NANCY-OCHEY",48.581,5.959833,336,1982011506,"","","","",1.,1,120,1,"","","","","","","","","","","","","","","","","","","","","","","","","","","","",-10.,1,-12.3,1,"","","","","","","","","","","","","","","","","","","","","","","","","","",80,1,"","","","","","","","","","","","",2.3,1,1028.,1,"","","","","","",3,1,0,1,0,1,0,1,1,1,"","","","","","","","","","","","","","","","","","","","","","","","",3000,1,"","",10,1,0,1,"","","","","","","","","","","","","","","","","","","","","","","","","","","","","","","","","","","","","","","","","","","","","","","","","","","","","","","","","","","","","","","","","",""
"54405001","NANCY-OCHEY",48.581,5.959833,336,1982011509,"","","","",1.,1,120,1,"","","","","","","","","","","","","","","","","","","","","","","","","","","","",-8.2,1,-10.9,1,"","","","","","","","","","","","","","","","","","","","","","","","","","",80,1,"","","","","","","","","","","","",2.6,1,1028.1,1,"","","","","","",2,1,0,1,0,1,3,1,1,1,"","","","","","","","","","","","","","","","","","","","","","","","",1800,1,"","",10,1,0,1,"","","","","","","","","","","","","","","","","","","","","","","","","","","","","","","","","","","","","","","","","","","","","","","","","","","","","","","","","","","","","","","","","",""
"54405001","NANCY-OCHEY",48.581,5.959833,336,1982011512,"","","","",1.,1,120,1,"","","","","","","","","","","","","","","","","","","","","","","","","","","","",-3.5,1,-9.1,1,"","","","","","","","","","","","","","","","","","","","","","","","","","",64,1,"","","","","","","","","","","","",3.,1,1027.2,1,"","","","","","",5,1,5,1,0,1,3,1,1,1,"","","","","","","","","","","","","","","","","","","","","","","","",3500,1,"","",10,1,1,1,"","","","","","","","","","","","","","","","","","","","","","","","","","","","","","","","","","","","","","","","","","","","","","","","","","","","","","","","","","","","","","","","","",""
"54405001","NANCY-OCHEY",48.581,5.959833,336,1982011515,"","","","",1.,1,140,1,"","","","","","","","","","","","","","","","","","","","","","","","","","","","",-2.7,1,-6.8,1,"","","","","","","","","","","","","","","","","","","","","","","","","","",73,1,"","","","","","","","","","","","",3.6,1,1026.8,1,"","","","","","",2,1,0,1,0,1,3,1,1,1,"","","","","","","","","","","","","","","","","","","","","","","","",3500,1,"","",10,1,1,1,"","","","","","","","","","","","","","","","","","","","","","","","","","","","","","","","","","","","","","","","","","","","","","","","","","","","","","","","","","","","","","","","","",""
"54405001","NANCY-OCHEY",48.581,5.959833,336,1982011518,"","","","",1.,1,120,1,"","","","","","","","","","","","","","","","","","","","","","","","","","","","",-5.,1,-9.1,1,"","","","","","","","","","","","","","","","","","","","","","","","","","",73,1,"","","","","","","","","","","","",3.,1,1027.5,1,"","","","","","",1,1,0,1,0,1,3,1,0,1,"","","","","","","","","","","","","","","","","","","","","","","","",2000,1,"","",10,1,1,1,"","","","","","","","","","","","","","","","","","","","","","","","","","","","","","","","","","","","","","","","","","","","","","","","","","","","","","","","","","","","","","","","","",""
"54405001","NANCY-OCHEY",48.581,5.959833,336,1982011521,"","","","",2.,1,60,1,"","","","","","","","","","","","","","","","","","","","","","","","","","","","",-5.5,1,-8.3,1,"","","","","","","","","","","","","","","","","","","","","","","","","","",81,1,"","","","","","","","","","","","",3.2,1,1027.4,1,"","","","","","","","","","","","","","","","","","","","","","","","","","","","","","","","","","","","","","","","","","","","","","","","","","","","","","","","","","","","","","","","","","","","","","","","","","","","","","","","","","","","","","","","","","","","","","","","","","","","","","","","","","","","","","","","","",""
"54405001","NANCY-OCHEY",48.581,5.959833,336,1982011600,"","","","",1.,1,100,1,"","","","","","","","","","","","","","","","","","","","","","","","","","","","",-7.1,1,-9.5,1,"","","","","","","","","","","","","","","","","","","","","","","","","","",81,1,"","","","","","","","","","","","",2.9,1,1027.6,1,"","","","","","","","","","","","","","","","","","","","","","","","","","","","","","","","","","","","","","","","","","","","","","","","","","","","","","","","","","","","","","","","","","","","","","","","","","","","","","","","","","","","","","","","","","","","","","","","","","","","","","","","","","","","","","","","","",""
"54405001","NANCY-OCHEY",48.581,5.959833,336,1982011603,"","","","",2.,1,120,1,"","","","","","","","","","","","","","","","","","","","","","","","","","","","",-7.3,1,-10.,1,"","","","","","","","","","","","","","","","","","","","","","","","","","",82,1,"","","","","","","","","","","","",2.8,1,1026.8,1,"","","","","","","","","","","","","","","","","","","","","","","","","","","","","","","","","","","","","","","","","","","","","","","","","","","","","","","","","","","","","","","","","","","","","","","","","","","","","","","","","","","","","","","","","","","","","","","","","","","","","","","","","","","","","","","","","",""
"54405001","NANCY-OCHEY",48.581,5.959833,336,1982011606,"","","","",2.,1,80,1,"","","","","","","","","","","","","","","","","","","","","","","","","","","","",-8.,1,-10.4,1,"","","","","","","","","","","","","","","","","","","","","","","","","","",80,1,"","","","","","","","","","","","",2.7,1,1026.5,1,"","","","","","",1,1,0,1,0,1,3,1,0,1,"","","","","","","","","","","","","","","","","","","","","","","","",1800,1,"","",10,1,0,1,"","","","","","","","","","","","","","","","","","","","","","","","","","","","","","","","","","","","","","","","","","","","","","","","","","","","","","","","","","","","","","","","","",""
"54405001","NANCY-OCHEY",48.581,5.959833,336,1982011609,"","","","",1.,1,120,1,"","","","","","","","","","","","","","","","","","","","","","","","","","","","",-7.7,1,-10.4,1,"","","","","","","","","","","","","","","","","","","","","","","","","","",81,1,"","","","","","","","","","","","",2.7,1,1026.3,1,"","","","","","",5,1,5,1,0,1,3,1,1,1,"","","","","","","","","","","","","","","","","","","","","","","","",1300,1,"","",10,1,1,1,"","","","","","","","","","","","","","","","","","","","","","","","","","","","","","","","","","","","","","","","","","","","","","","","","","","","","","","","","","","","","","","","","",""
"54405001","NANCY-OCHEY",48.581,5.959833,336,1982011612,"","","","",2.,1,80,1,"","","","","","","","","","","","","","","","","","","","","","","","","","","","",-2.,1,-6.8,1,"","","","","","","","","","","","","","","","","","","","","","","","","","",68,1,"","","","","","","","","","","","",3.6,1,1024.7,1,"","","","","","",3,1,0,1,0,1,0,1,1,1,"","","","","","","","","","","","","","","","","","","","","","","","",2000,1,"","",10,1,1,1,"","","","","","","","","","","","","","","","","","","","","","","","","","","","","","","","","","","","","","","","","","","","","","","","","","","","","","","","","","","","","","","","","",""
"54405001","NANCY-OCHEY",48.581,5.959833,336,1982011615,"","","","",3.,1,140,1,"","","","","","","","","","","","","","","","","","","","","","","","","","","","",-1.2,1,-6.5,1,"","","","","","","","","","","","","","","","","","","","","","","","","","",66,1,"","","","","","","","","","","","",3.7,1,1024.1,1,"","","","","","",3,1,0,1,0,1,0,1,1,1,"","","","","","","","","","","","","","","","","","","","","","","","",2000,1,"","",10,1,0,1,"","","","","","","","","","","","","","","","","","","","","","","","","","","","","","","","","","","","","","","","","","","","","","","","","","","","","","","","","","","","","","","","","",""
"54405001","NANCY-OCHEY",48.581,5.959833,336,1982011618,"","","","",3.,1,120,1,"","","","","","","","","","","","","","","","","","","","","","","","","","","","",-3.6,1,-8.3,1,"","","","","","","","","","","","","","","","","","","","","","","","","","",69,1,"","","","","","","","","","","","",3.2,1,1024.7,1,"","","","","","",2,1,0,1,0,1,0,1,1,1,"","","","","","","","","","","","","","","","","","","","","","","","",1600,1,"","",10,1,0,1,"","","","","","","","","","","","","","","","","","","","","","","","","","","","","","","","","","","","","","","","","","","","","","","","","","","","","","","","","","","","","","","","","",""
"54405001","NANCY-OCHEY",48.581,5.959833,336,1982011621,"","","","",2.,1,100,1,"","","","","","","","","","","","","","","","","","","","","","","","","","","","",-4.8,1,-7.9,1,"","","","","","","","","","","","","","","","","","","","","","","","","","",78,1,"","","","","","","","","","","","",3.3,1,1025.7,1,"","","","","","","","","","","","","","","","","","","","","","","","","","","","","","","","","","","","","","","","","","","","","","","","","","","","","","","","","","","","","","","","","","","","","","","","","","","","","","","","","","","","","","","","","","","","","","","","","","","","","","","","","","","","","","","","","",""
"54405001","NANCY-OCHEY",48.581,5.959833,336,1982011700,"","","","",1.,1,260,1,"","","","","","","","","","","","","","","","","","","","","","","","","","","","",-5.5,1,-7.9,1,"","","","","","","","","","","","","","","","","","","","","","","","","","",82,1,"","","","","","","","","","","","",3.3,1,1026.,1,"","","","","","","","","","","","","","","","","","","","","","","","","","","","","","","","","","","","","","","","","","","","","","","","","","","","","","","","","","","","","","","","","","","","","","","","","","","","","","","","","","","","","","","","","","","","","","","","","","","","","","","","","","","","","","","","","",""
"54405001","NANCY-OCHEY",48.581,5.959833,336,1982011703,"","","","",2.,1,120,1,"","","","","","","","","","","","","","","","","","","","","","","","","","","","",-6.5,1,-8.7,1,"","","","","","","","","","","","","","","","","","","","","","","","","","",84,1,"","","","","","","","","","","","",3.1,1,1026.5,1,"","","","","","","","","","","","","","","","","","","","","","","","","","","","","","","","","","","","","","","","","","","","","","","","","","","","","","","","","","","","","","","","","","","","","","","","","","","","","","","","","","","","","","","","","","","","","","","","","","","","","","","","","","","","","","","","","",""
"54405001","NANCY-OCHEY",48.581,5.959833,336,1982011706,"","","","",3.,1,120,1,"","","","","","","","","","","","","","","","","","","","","","","","","","","","",-6.2,1,-8.3,1,"","","","","","","","","","","","","","","","","","","","","","","","","","",83,1,"","","","","","","","","","","","",3.2,1,1026.9,1,"","","","","","",2,1,0,1,0,1,0,1,1,1,"","","","","","","","","","","","","","","","","","","","","","","","",1600,1,"","",10,1,"","","","","","","","","","","","","","","","","","","","","","","","","","","","","","","","","","","","","","","","","","","","","","","","","","","","","","","","","","","","","","","","","","","",""
"54405001","NANCY-OCHEY",48.581,5.959833,336,1982011709,"","","","",2.,1,120,1,"","","","","","","","","","","","","","","","","","","","","","","","","","","","",-5.3,1,-7.5,1,"","","","","","","","","","","","","","","","","","","","","","","","","","",84,1,"","","","","","","","","","","","",3.4,1,1028.3,1,"","","","","","",3,1,0,1,0,1,0,1,1,1,"","","","","","","","","","","","","","","","","","","","","","","","",1200,1,"","",10,1,0,1,"","","","","","","","","","","","","","","","","","","","","","","","","","","","","","","","","","","","","","","","","","","","","","","","","","","","","","","","","","","","","","","","","",""
"54405001","NANCY-OCHEY",48.581,5.959833,336,1982011712,"","","","",1.,1,140,1,"","","","","","","","","","","","","","","","","","","","","","","","","","","","",2.9,1,-4.6,1,"","","","","","","","","","","","","","","","","","","","","","","","","","",58,1,"","","","","","","","","","","","",4.3,1,1026.4,1,"","","","","","",2,1,0,1,0,1,0,1,1,1,"","","","","","","","","","","","","","","","","","","","","","","","",2000,1,"","",10,1,0,1,"","","","","","","","","","","","","","","","","","","","","","","","","","","","","","","","","","","","","","","","","","","","","","","","","","","","","","","","","","","","","","","","","",""
"54405001","NANCY-OCHEY",48.581,5.959833,336,1982011715,"","","","",1.,1,100,1,"","","","","","","","","","","","","","","","","","","","","","","","","","","","",3.6,1,-4.,1,"","","","","","","","","","","","","","","","","","","","","","","","","","",58,1,"","","","","","","","","","","","",4.5,1,1026.,1,"","","","","","",2,1,0,1,0,1,0,1,1,1,"","","","","","","","","","","","","","","","","","","","","","","","",2500,1,"","",10,1,0,1,"","","","","","","","","","","","","","","","","","","","","","","","","","","","","","","","","","","","","","","","","","","","","","","","","","","","","","","","","","","","","","","","","",""
"54405001","NANCY-OCHEY",48.581,5.959833,336,1982011718,"","","","",3.,1,140,1,"","","","","","","","","","","","","","","","","","","","","","","","","","","","",-0.2,1,-4.9,1,"","","","","","","","","","","","","","","","","","","","","","","","","","",70,1,"","","","","","","","","","","","",4.2,1,1027.4,1,"","","","","","",2,1,0,1,0,1,0,1,1,1,"","","","","","","","","","","","","","","","","","","","","","","","",1600,1,"","",10,1,0,1,"","","","","","","","","","","","","","","","","","","","","","","","","","","","","","","","","","","","","","","","","","","","","","","","","","","","","","","","","","","","","","","","","",""
"54405001","NANCY-OCHEY",48.581,5.959833,336,1982011721,"","","","",3.,1,160,1,"","","","","","","","","","","","","","","","","","","","","","","","","","","","",-1.1,1,-4.6,1,"","","","","","","","","","","","","","","","","","","","","","","","","","",77,1,"","","","","","","","","","","","",4.3,1,1027.5,1,"","","","","","","","","","","","","","","","","","","","","","","","","","","","","","","","","","","","","","","","","","","","","","","","","","","","","","","","","","","","","","","","","","","","","","","","","","","","","","","","","","","","","","","","","","","","","","","","","","","","","","","","","","","","","","","","","",""
"54405001","NANCY-OCHEY",48.581,5.959833,336,1982011800,"","","","",3.,1,160,1,"","","","","","","","","","","","","","","","","","","","","","","","","","","","",-0.8,1,-4.3,1,"","","","","","","","","","","","","","","","","","","","","","","","","","",78,1,"","","","","","","","","","","","",4.4,1,1027.4,1,"","","","","","","","","","","","","","","","","","","","","","","","","","","","","","","","","","","","","","","","","","","","","","","","","","","","","","","","","","","","","","","","","","","","","","","","","","","","","","","","","","","","","","","","","","","","","","","","","","","","","","","","","","","","","","","","","",""
"54405001","NANCY-OCHEY",48.581,5.959833,336,1982011803,"","","","",2.,1,160,1,"","","","","","","","","","","","","","","","","","","","","","","","","","","","",-2.6,1,-5.5,1,"","","","","","","","","","","","","","","","","","","","","","","","","","",80,1,"","","","","","","","","","","","",4.,1,1027.8,1,"","","","","","","","","","","","","","","","","","","","","","","","","","","","","","","","","","","","","","","","","","","","","","","","","","","","","","","","","","","","","","","","","","","","","","","","","","","","","","","","","","","","","","","","","","","","","","","","","","","","","","","","","","","","","","","","","",""
"54405001","NANCY-OCHEY",48.581,5.959833,336,1982011806,"","","","",3.,1,140,1,"","","","","","","","","","","","","","","","","","","","","","","","","","","","",-2.8,1,-4.,1,"","","","","","","","","","","","","","","","","","","","","","","","","","",90,1,"","","","","","","","","","","","",4.5,1,1028.4,1,"","","","","","",2,1,0,1,0,1,0,1,1,1,"","","","","","","","","","","","","","","","","","","","","","","","",1600,1,"","",10,1,"","","","","","","","","","","","","","","","","","","","","","","","","","","","","","","","","","","","","","","","","","","","","","","","","","","","","","","","","","","","","","","","","","","",""
"54405001","NANCY-OCHEY",48.581,5.959833,336,1982011809,"","","","",4.,1,140,1,"","","","","","","","","","","","","","","","","","","","","","","","","","","","",-3.4,1,-4.,1,"","","","","","","","","","","","","","","","","","","","","","","","","","",96,1,"","","","","","","","","","","","",4.5,1,1029.,1,"","","","","","",2,1,0,1,0,1,0,1,1,1,"","","","","","","","","","","","","","","","","","","","","","","","",800,1,"","",42,1,4,1,"","","","","","","","","","","","","","","","","","","","","","","","","","","","","","","","","","","","","","","","","","","","","","","","","","","","","","","","","","","","","","","","","",""
"54405001","NANCY-OCHEY",48.581,5.959833,336,1982011812,"","","","",1.,1,120,1,"","","","","","","","","","","","","","","","","","","","","","","","","","","","",4.8,1,0.4,1,"","","","","","","","","","","","","","","","","","","","","","","","","","",74,1,"","","","","","","","","","","","",6.3,1,1027.2,1,"","","","","","",0,1,"","",0,1,0,1,0,1,"","","","","","","","","","","","","","","","","","","","","","","","",2500,1,"","",10,1,4,1,"","","","","","","","","","","","","","","","","","","","","","","","","","","","","","","","","","","","","","","","","","","","","","","","","","","","","","","","","","","","","","","","","",""
"54405001","NANCY-OCHEY",48.581,5.959833,336,1982011815,"","","","",4.,1,140,1,"","","","","","","","","","","","","","","","","","","","","","","","","","","","",4.1,1,0.8,1,"","","","","","","","","","","","","","","","","","","","","","","","","","",79,1,"","","","","","","","","","","","",6.5,1,1026.2,1,"","","","","","",0,1,"","",0,1,0,1,0,1,"","","","","","","","","","","","","","","","","","","","","","","","",3000,1,"","",10,1,0,1,"","","","","","","","","","","","","","","","","","","","","","","","","","","","","","","","","","","","","","","","","","","","","","","","","","","","","","","","","","","","","","","","","",""
"54405001","NANCY-OCHEY",48.581,5.959833,336,1982011818,"","","","",2.,1,120,1,"","","","","","","","","","","","","","","","","","","","","","","","","","","","",1.,1,-0.6,1,"","","","","","","","","","","","","","","","","","","","","","","","","","",88,1,"","","","","","","","","","","","",5.8,1,1026.7,1,"","","","","","",0,1,"","",0,1,0,1,0,1,"","","","","","","","","","","","","","","","","","","","","","","","",1800,1,"","",10,1,0,1,"","","","","","","","","","","","","","","","","","","","","","","","","","","","","","","","","","","","","","","","","","","","","","","","","","","","","","","","","","","","","","","","","",""
"54405001","NANCY-OCHEY",48.581,5.959833,336,1982011821,"","","","",5.,1,120,1,"","","","","","","","","","","","","","","","","","","","","","","","","","","","",-0.9,1,-2.3,1,"","","","","","","","","","","","","","","","","","","","","","","","","","",90,1,"","","","","","","","","","","","",5.1,1,1027.2,1,"","","","","","","","","","","","","","","","","","","","","","","","","","","","","","","","","","","","","","","","","","","","","","","","","","","","","","","","","","","","","","","","","","","","","","","","","","","","","","","","","","","","","","","","","","","","","","","","","","","","","","","","","","","","","","","","","",""
"54405001","NANCY-OCHEY",48.581,5.959833,336,1982011900,"","","","",4.,1,140,1,"","","","","","","","","","","","","","","","","","","","","","","","","","","","",-2.,1,-3.4,1,"","","","","","","","","","","","","","","","","","","","","","","","","","",91,1,"","","","","","","","","","","","",4.7,1,1027.1,1,"","","","","","","","","","","","","","","","","","","","","","","","","","","","","","","","","","","","","","","","","","","","","","","","","","","","","","","","","","","","","","","","","","","","","","","","","","","","","","","","","","","","","","","","","","","","","","","","","","","","","","","","","","","","","","","","","",""
"54405001","NANCY-OCHEY",48.581,5.959833,336,1982011903,"","","","",3.,1,140,1,"","","","","","","","","","","","","","","","","","","","","","","","","","","","",-2.8,1,-4.,1,"","","","","","","","","","","","","","","","","","","","","","","","","","",92,1,"","","","","","","","","","","","",4.5,1,1027.5,1,"","","","","","","","","","","","","","","","","","","","","","","","","","","","","","","","","","","","","","","","","","","","","","","","","","","","","","","","","","","","","","","","","","","","","","","","","","","","","","","","","","","","","","","","","","","","","","","","","","","","","","","","","","","","","","","","","",""
"54405001","NANCY-OCHEY",48.581,5.959833,336,1982011906,"","","","",2.,1,100,1,"","","","","","","","","","","","","","","","","","","","","","","","","","","","",-3.,1,-4.,1,"","","","","","","","","","","","","","","","","","","","","","","","","","",92,1,"","","","","","","","","","","","",4.5,1,1027.5,1,"","","","","","",0,1,"","",0,1,0,1,0,1,"","","","","","","","","","","","","","","","","","","","","","","","",1000,1,"","",10,1,"","","","","","","","","","","","","","","","","","","","","","","","","","","","","","","","","","","","","","","","","","","","","","","","","","","","","","","","","","","","","","","","","","","",""
"54405001","NANCY-OCHEY",48.581,5.959833,336,1982011909,"","","","",3.,1,120,1,"","","","","","","","","","","","","","","","","","","","","","","","","","","","",-3.6,1,-4.6,1,"","","","","","","","","","","","","","","","","","","","","","","","","","",92,1,"","","","","","","","","","","","",4.3,1,1027.9,1,"","","","","","",1,1,0,1,5,1,0,1,0,1,"","","","","","","","","","","","","","","","","","","","","","","","",900,1,"","",48,1,4,1,"","","","","","","","","","","","","","","","","","","","","","","","","","","","","","","","","","","","","","","","","","","","","","","","","","","","","","","","","","","","","","","","","",""
"54405001","NANCY-OCHEY",48.581,5.959833,336,1982011912,"","","","",0.,1,0,1,"","","","","","","","","","","","","","","","","","","","","","","","","","","","",2.2,1,-4.3,1,"","","","","","","","","","","","","","","","","","","","","","","","","","",62,1,"","","","","","","","","","","","",4.4,1,1026.1,1,"","","","","","",1,1,0,1,0,1,0,1,1,1,"","","","","","","","","","","","","","","","","","","","","","","","",1800,1,"","",10,1,4,1,"","","","","","","","","","","","","","","","","","","","","","","","","","","","","","","","","","","","","","","","","","","","","","","","","","","","","","","","","","","","","","","","","",""
"54405001","NANCY-OCHEY",48.581,5.959833,336,1982011915,"","","","",2.,1,140,1,"","","","","","","","","","","","","","","","","","","","","","","","","","","","",3.5,1,-1.6,1,"","","","","","","","","","","","","","","","","","","","","","","","","","",69,1,"","","","","","","","","","","","",5.4,1,1025.6,1,"","","","","","",2,1,0,1,0,1,0,1,1,1,"","","","","","","","","","","","","","","","","","","","","","","","",2500,1,"","",10,1,0,1,"","","","","","","","","","","","","","","","","","","","","","","","","","","","","","","","","","","","","","","","","","","","","","","","","","","","","","","","","","","","","","","","","",""
"54405001","NANCY-OCHEY",48.581,5.959833,336,1982011918,"","","","",2.,1,120,1,"","","","","","","","","","","","","","","","","","","","","","","","","","","","",-1.7,1,-4.3,1,"","","","","","","","","","","","","","","","","","","","","","","","","","",82,1,"","","","","","","","","","","","",4.4,1,1026.5,1,"","","","","","",2,1,0,1,0,1,0,1,1,1,"","","","","","","","","","","","","","","","","","","","","","","","",1500,1,"","",10,1,0,1,"","","","","","","","","","","","","","","","","","","","","","","","","","","","","","","","","","","","","","","","","","","","","","","","","","","","","","","","","","","","","","","","","",""
"54405001","NANCY-OCHEY",48.581,5.959833,336,1982011921,"","","","",2.,1,100,1,"","","","","","","","","","","","","","","","","","","","","","","","","","","","",-3.5,1,-5.2,1,"","","","","","","","","","","","","","","","","","","","","","","","","","",89,1,"","","","","","","","","","","","",4.1,1,1026.8,1,"","","","","","","","","","","","","","","","","","","","","","","","","","","","","","","","","","","","","","","","","","","","","","","","","","","","","","","","","","","","","","","","","","","","","","","","","","","","","","","","","","","","","","","","","","","","","","","","","","","","","","","","","","","","","","","","","",""
"54405001","NANCY-OCHEY",48.581,5.959833,336,1982012000,"","","","",1.,1,100,1,"","","","","","","","","","","","","","","","","","","","","","","","","","","","",-5.8,1,-6.5,1,"","","","","","","","","","","","","","","","","","","","","","","","","","",94,1,"","","","","","","","","","","","",3.7,1,1027.2,1,"","","","","","","","","","","","","","","","","","","","","","","","","","","","","","","","","","","","","","","","","","","","","","","","","","","","","","","","","","","","","","","","","","","","","","","","","","","","","","","","","","","","","","","","","","","","","","","","","","","","","","","","","","","","","","","","","",""
"54405001","NANCY-OCHEY",48.581,5.959833,336,1982012003,"","","","",2.,1,120,1,"","","","","","","","","","","","","","","","","","","","","","","","","","","","",-7.4,1,-8.3,1,"","","","","","","","","","","","","","","","","","","","","","","","","","",93,1,"","","","","","","","","","","","",3.2,1,1027.6,1,"","","","","","","","","","","","","","","","","","","","","","","","","","","","","","","","","","","","","","","","","","","","","","","","","","","","","","","","","","","","","","","","","","","","","","","","","","","","","","","","","","","","","","","","","","","","","","","","","","","","","","","","","","","","","","","","","",""
"54405001","NANCY-OCHEY",48.581,5.959833,336,1982012006,"","","","",2.,1,120,1,"","","","","","","","","","","","","","","","","","","","","","","","","","","","",-7.2,1,-7.9,1,"","","","","","","","","","","","","","","","","","","","","","","","","","",93,1,"","","","","","","","","","","","",3.3,1,1027.8,1,"","","","","","",0,1,"","",0,1,0,1,0,1,"","","","","","","","","","","","","","","","","","","","","","","","",300,1,"","",48,1,4,1,"","","","","","","","","","","","","","","","","","","","","","","","","","","","","","","","","","","","","","","","","","","","","","","","","","","","","","","","","","","","","","","","","",""
"54405001","NANCY-OCHEY",48.581,5.959833,336,1982012009,"","","","",1.,1,120,1,"","","","","","","","","","","","","","","","","","","","","","","","","","","","",-6.3,1,-7.2,1,"","","","","","","","","","","","","","","","","","","","","","","","","","",94,1,"","","","","","","","","","","","",3.5,1,1028.1,1,"","","","","","",0,1,"","",0,1,0,1,0,1,"","","","","","","","","","","","","","","","","","","","","","","","",200,1,"","",48,1,4,1,"","","","","","","","","","","","","","","","","","","","","","","","","","","","","","","","","","","","","","","","","","","","","","","","","","","","","","","","","","","","","","","","","",""
"54405001","NANCY-OCHEY",48.581,5.959833,336,1982012012,"","","","",1.,1,140,1,"","","","","","","","","","","","","","","","","","","","","","","","","","","","",-3.1,1,-3.7,1,"","","","","","","","","","","","","","","","","","","","","","","","","","",94,1,"","","","","","","","","","","","",4.6,1,1027.2,1,"","","","","","",1,1,0,1,6,1,0,1,0,1,"","","","","","","","","","","","","","","","","","","","","","","","",1500,1,"","",10,1,4,1,"","","","","","","","","","","","","","","","","","","","","","","","","","","","","","","","","","","","","","","","","","","","","","","","","","","","","","","","","","","","","","","","","",""
"54405001","NANCY-OCHEY",48.581,5.959833,336,1982012015,"","","","",2.,1,120,1,"","","","","","","","","","","","","","","","","","","","","","","","","","","","",-1.9,1,-3.1,1,"","","","","","","","","","","","","","","","","","","","","","","","","","",91,1,"","","","","","","","","","","","",4.8,1,1026.7,1,"","","","","","",0,1,"","",0,1,0,1,0,1,"","","","","","","","","","","","","","","","","","","","","","","","",2000,1,"","",10,1,0,1,"","","","","","","","","","","","","","","","","","","","","","","","","","","","","","","","","","","","","","","","","","","","","","","","","","","","","","","","","","","","","","","","","",""
"54405001","NANCY-OCHEY",48.581,5.959833,336,1982012018,"","","","",4.,1,120,1,"","","","","","","","","","","","","","","","","","","","","","","","","","","","",-4.5,1,-5.5,1,"","","","","","","","","","","","","","","","","","","","","","","","","","",93,1,"","","","","","","","","","","","",4.,1,1027.4,1,"","","","","","",2,1,0,1,0,1,3,1,0,1,"","","","","","","","","","","","","","","","","","","","","","","","",1100,1,"","",10,1,0,1,"","","","","","","","","","","","","","","","","","","","","","","","","","","","","","","","","","","","","","","","","","","","","","","","","","","","","","","","","","","","","","","","","",""
"54405001","NANCY-OCHEY",48.581,5.959833,336,1982012021,"","","","",2.,1,160,1,"","","","","","","","","","","","","","","","","","","","","","","","","","","","",-5.5,1,-6.5,1,"","","","","","","","","","","","","","","","","","","","","","","","","","",92,1,"","","","","","","","","","","","",3.7,1,1027.6,1,"","","","","","","","","","","","","","","","","","","","","","","","","","","","","","","","","","","","","","","","","","","","","","","","","","","","","","","","","","","","","","","","","","","","","","","","","","","","","","","","","","","","","","","","","","","","","","","","","","","","","","","","","","","","","","","","","",""
"54405001","NANCY-OCHEY",48.581,5.959833,336,1982012100,"","","","",3.,1,140,1,"","","","","","","","","","","","","","","","","","","","","","","","","","","","",-5.6,1,-6.5,1,"","","","","","","","","","","","","","","","","","","","","","","","","","",92,1,"","","","","","","","","","","","",3.7,1,1027.8,1,"","","","","","","","","","","","","","","","","","","","","","","","","","","","","","","","","","","","","","","","","","","","","","","","","","","","","","","","","","","","","","","","","","","","","","","","","","","","","","","","","","","","","","","","","","","","","","","","","","","","","","","","","","","","","","","","","",""
"54405001","NANCY-OCHEY",48.581,5.959833,336,1982012103,"","","","",4.,1,120,1,"","","","","","","","","","","","","","","","","","","","","","","","","","","","",-3.9,1,-5.2,1,"","","","","","","","","","","","","","","","","","","","","","","","","","",91,1,"","","","","","","","","","","","",4.1,1,1027.2,1,"","","","","","","","","","","","","","","","","","","","","","","","","","","","","","","","","","","","","","","","","","","","","","","","","","","","","","","","","","","","","","","","","","","","","","","","","","","","","","","","","","","","","","","","","","","","","","","","","","","","","","","","","","","","","","","","","",""
"54405001","NANCY-OCHEY",48.581,5.959833,336,1982012106,"","","","",1.,1,180,1,"","","","","","","","","","","","","","","","","","","","","","","","","","","","",-1.6,1,-1.8,1,"","","","","","","","","","","","","","","","","","","","","","","","","","",98,1,"","","","","","","","","","","","",5.3,1,1027.3,1,"","","","","","",8,1,8,1,7,1,"","","","","","","","","","","","","","","","","","","","","","","","","","","","",200,1,"","",66,1,6,1,"","","","","","","","","","","","","","","","","","","","","","","","","","","","","","","","","","","","","","","","","","","","","","","","","","","","","","","","","","","","","","","","","",""
"54405001","NANCY-OCHEY",48.581,5.959833,336,1982012109,"","","","",2.,1,140,1,"","","","","","","","","","","","","","","","","","","","","","","","","","","","",-0.2,1,-0.2,1,"","","","","","","","","","","","","","","","","","","","","","","","","","",99,1,"","","","","","","","","","","","",6.,1,1027.7,1,"","","","","","",8,1,8,1,7,1,"","","","","","","","","","","","","","","","","","","","","","","","","","","","",400,1,"","",44,1,6,1,"","","","","","","","","","","","","","","","","","","","","","","","","","","","","","","","","","","","","","","","","","","","","","","","","","","","","","","","","","","","","","","","","",""
"54405001","NANCY-OCHEY",48.581,5.959833,336,1982012112,"","","","",0.,1,0,1,"","","","","","","","","","","","","","","","","","","","","","","","","","","","",0.4,1,0.4,1,"","","","","","","","","","","","","","","","","","","","","","","","","","",100,1,"","","","","","","","","","","","",6.2,1,1028.3,1,"","","","","","",8,1,8,1,7,1,"","","","","","","","","","","","","","","","","","","","","","","","","","","","",200,1,"","",61,1,6,1,"","","","","","","","","","","","","","","","","","","","","","","","","","","","","","","","","","","","","","","","","","","","","","","","","","","","","","","","","","","","","","","","","",""
"54405001","NANCY-OCHEY",48.581,5.959833,336,1982012115,"","","","",0.,1,0,1,"","","","","","","","","","","","","","","","","","","","","","","","","","","","",1.3,1,1.3,1,"","","","","","","","","","","","","","","","","","","","","","","","","","",100,1,"","","","","","","","","","","","",6.7,1,1028.4,1,"","","","","","",8,1,8,1,7,1,"","","","","","","","","","","","","","","","","","","","","","","","","","","","",400,1,"","",61,1,6,1,"","","","","","","","","","","","","","","","","","","","","","","","","","","","","","","","","","","","","","","","","","","","","","","","","","","","","","","","","","","","","","","","","",""
"54405001","NANCY-OCHEY",48.581,5.959833,336,1982012118,"","","","",0.,1,0,1,"","","","","","","","","","","","","","","","","","","","","","","","","","","","",0.5,1,0.5,1,"","","","","","","","","","","","","","","","","","","","","","","","","","",100,1,"","","","","","","","","","","","",6.3,1,1029.5,1,"","","","","","",8,1,8,1,7,1,"","","","","","","","","","","","","","","","","","","","","","","","","","","","",100,1,"","",61,1,6,1,"","","","","","","","","","","","","","","","","","","","","","","","","","","","","","","","","","","","","","","","","","","","","","","","","","","","","","","","","","","","","","","","","",""
"54405001","NANCY-OCHEY",48.581,5.959833,336,1982012121,"","","","",1.,1,100,1,"","","","","","","","","","","","","","","","","","","","","","","","","","","","",0.,1,0.,1,"","","","","","","","","","","","","","","","","","","","","","","","","","",100,1,"","","","","","","","","","","","",6.1,1,1030.2,1,"","","","","","","","","","","","","","","","","","","","","","","","","","","","","","","","","","","","","","","","","","","","","","","","","","","","","","","","","","","","","","","","","","","","","","","","","","","","","","","","","","","","","","","","","","","","","","","","","","","","","","","","","","","","","","","","","",""
"54405001","NANCY-OCHEY",48.581,5.959833,336,1982012200,"","","","",3.,1,240,1,"","","","","","","","","","","","","","","","","","","","","","","","","","","","",0.9,1,0.9,1,"","","","","","","","","","","","","","","","","","","","","","","","","","",100,1,"","","","","","","","","","","","",6.5,1,1029.5,1,"","","","","","","","","","","","","","","","","","","","","","","","","","","","","","","","","","","","","","","","","","","","","","","","","","","","","","","","","","","","","","","","","","","","","","","","","","","","","","","","","","","","","","","","","","","","","","","","","","","","","","","","","","","","","","","","","",""
"54405001","NANCY-OCHEY",48.581,5.959833,336,1982012203,"","","","",2.,1,160,1,"","","","","","","","","","","","","","","","","","","","","","","","","","","","",0.9,1,0.9,1,"","","","","","","","","","","","","","","","","","","","","","","","","","",100,1,"","","","","","","","","","","","",6.5,1,1028.5,1,"","","","","","","","","","","","","","","","","","","","","","","","","","","","","","","","","","","","","","","","","","","","","","","","","","","","","","","","","","","","","","","","","","","","","","","","","","","","","","","","","","","","","","","","","","","","","","","","","","","","","","","","","","","","","","","","","",""
"54405001","NANCY-OCHEY",48.581,5.959833,336,1982012206,"","","","",3.,1,240,1,"","","","","","","","","","","","","","","","","","","","","","","","","","","","",1.1,1,1.1,1,"","","","","","","","","","","","","","","","","","","","","","","","","","",100,1,"","","","","","","","","","","","",6.6,1,1028.2,1,"","","","","","",9,1,"","","","","","","","","","","","","","","","","","","","","","","","","","","","","","","","",200,1,"","",45,1,4,1,"","","","","","","","","","","","","","","","","","","","","","","","","","","","","","","","","","","","","","","","","","","","","","","","","","","","","","","","","","","","","","","","","",""
"54405001","NANCY-OCHEY",48.581,5.959833,336,1982012209,"","","","",2.,1,160,1,"","","","","","","","","","","","","","","","","","","","","","","","","","","","",1.8,1,1.8,1,"","","","","","","","","","","","","","","","","","","","","","","","","","",100,1,"","","","","","","","","","","","",6.9,1,1026.5,1,"","","","","","",8,1,8,1,7,1,"","","","","","","","","","","","","","","","","","","","","","","","","","","","",900,1,"","",42,1,4,1,"","","","","","","","","","","","","","","","","","","","","","","","","","","","","","","","","","","","","","","","","","","","","","","","","","","","","","","","","","","","","","","","","",""
"54405001","NANCY-OCHEY",48.581,5.959833,336,1982012212,"","","","",4.,1,200,1,"","","","","","","","","","","","","","","","","","","","","","","","","","","","",3.4,1,2.4,1,"","","","","","","","","","","","","","","","","","","","","","","","","","",94,1,"","","","","","","","","","","","",7.3,1,1025.,1,"","","","","","",8,1,8,1,7,1,"","","","","","","","","","","","","","","","","","","","","","","","","","","","",7000,1,"","",1,1,4,1,"","","","","","","","","","","","","","","","","","","","","","","","","","","","","","","","","","","","","","","","","","","","","","","","","","","","","","","","","","","","","","","","","",""
"54405001","NANCY-OCHEY",48.581,5.959833,336,1982012215,"","","","",3.,1,180,1,"","","","","","","","","","","","","","","","","","","","","","","","","","","","",4.,1,2.4,1,"","","","","","","","","","","","","","","","","","","","","","","","","","",89,1,"","","","","","","","","","","","",7.3,1,1023.3,1,"","","","","","",8,1,7,1,7,1,"","","","","","","","","","","","","","","","","","","","","","","","","","","","",5000,1,"","",3,1,2,1,"","","","","","","","","","","","","","","","","","","","","","","","","","","","","","","","","","","","","","","","","","","","","","","","","","","","","","","","","","","","","","","","","",""
"54405001","NANCY-OCHEY",48.581,5.959833,336,1982012218,"","","","",3.,1,220,1,"","","","","","","","","","","","","","","","","","","","","","","","","","","","",2.6,1,1.8,1,"","","","","","","","","","","","","","","","","","","","","","","","","","",96,1,"","","","","","","","","","","","",7.,1,1022.6,1,"","","","","","",8,1,8,1,7,1,"","","","","","","","","","","","","","","","","","","","","","","","","","","","",1300,1,"","",51,1,5,1,"","","","","","","","","","","","","","","","","","","","","","","","","","","","","","","","","","","","","","","","","","","","","","","","","","","","","","","","","","","","","","","","","",""
"54405001","NANCY-OCHEY",48.581,5.959833,336,1982012221,"","","","",3.,1,340,1,"","","","","","","","","","","","","","","","","","","","","","","","","","","","",1.8,1,1.2,1,"","","","","","","","","","","","","","","","","","","","","","","","","","",97,1,"","","","","","","","","","","","",6.7,1,1022.3,1,"","","","","","","","","","","","","","","","","","","","","","","","","","","","","","","","","","","","","","","","","","","","","","","","","","","","","","","","","","","","","","","","","","","","","","","","","","","","","","","","","","","","","","","","","","","","","","","","","","","","","","","","","","","","","","","","","",""
"54405001","NANCY-OCHEY",48.581,5.959833,336,1982012300,"","","","",2.,1,220,1,"","","","","","","","","","","","","","","","","","","","","","","","","","","","",1.6,1,1.,1,"","","","","","","","","","","","","","","","","","","","","","","","","","",97,1,"","","","","","","","","","","","",6.6,1,1021.9,1,"","","","","","","","","","","","","","","","","","","","","","","","","","","","","","","","","","","","","","","","","","","","","","","","","","","","","","","","","","","","","","","","","","","","","","","","","","","","","","","","","","","","","","","","","","","","","","","","","","","","","","","","","","","","","","","","","",""
"54405001","NANCY-OCHEY",48.581,5.959833,336,1982012303,"","","","",1.,1,300,1,"","","","","","","","","","","","","","","","","","","","","","","","","","","","",1.2,1,0.6,1,"","","","","","","","","","","","","","","","","","","","","","","","","","",97,1,"","","","","","","","","","","","",6.4,1,1022.,1,"","","","","","","","","","","","","","","","","","","","","","","","","","","","","","","","","","","","","","","","","","","","","","","","","","","","","","","","","","","","","","","","","","","","","","","","","","","","","","","","","","","","","","","","","","","","","","","","","","","","","","","","","","","","","","","","","",""
"54405001","NANCY-OCHEY",48.581,5.959833,336,1982012306,"","","","",2.,1,180,1,"","","","","","","","","","","","","","","","","","","","","","","","","","","","",1.,1,0.4,1,"","","","","","","","","","","","","","","","","","","","","","","","","","",96,1,"","","","","","","","","","","","",6.3,1,1022.3,1,"","","","","","",3,1,0,1,5,1,0,1,0,1,"","","","","","","","","","","","","","","","","","","","","","","","",4000,1,"","",10,1,"","","","","","","","","","","","","","","","","","","","","","","","","","","","","","","","","","","","","","","","","","","","","","","","","","","","","","","","","","","","","","","","","","","",""
"54405001","NANCY-OCHEY",48.581,5.959833,336,1982012309,"","","","",3.,1,220,1,"","","","","","","","","","","","","","","","","","","","","","","","","","","","",1.1,1,1.1,1,"","","","","","","","","","","","","","","","","","","","","","","","","","",100,1,"","","","","","","","","","","","",6.6,1,1022.9,1,"","","","","","",8,1,8,1,7,1,"","","","","","","","","","","","","","","","","","","","","","","","","","","","",800,1,"","",50,1,4,1,"","","","","","","","","","","","","","","","","","","","","","","","","","","","","","","","","","","","","","","","","","","","","","","","","","","","","","","","","","","","","","","","","",""
"54405001","NANCY-OCHEY",48.581,5.959833,336,1982012312,"","","","",5.,1,220,1,"","","","","","","","","","","","","","","","","","","","","","","","","","","","",2.3,1,0.8,1,"","","","","","","","","","","","","","","","","","","","","","","","","","",90,1,"","","","","","","","","","","","",6.5,1,1022.7,1,"","","","","","",8,1,8,1,7,1,3,1,"","","","","","","","","","","","","","","","","","","","","","","","","","",8000,1,"","",3,1,5,1,"","","","","","","","","","","","","","","","","","","","","","","","","","","","","","","","","","","","","","","","","","","","","","","","","","","","","","","","","","","","","","","","","",""
"54405001","NANCY-OCHEY",48.581,5.959833,336,1982012315,"","","","",3.,1,160,1,"","","","","","","","","","","","","","","","","","","","","","","","","","","","",0.5,1,-0.4,1,"","","","","","","","","","","","","","","","","","","","","","","","","","",94,1,"","","","","","","","","","","","",5.9,1,1022.3,1,"","","","","","",8,1,7,1,7,1,"","","","","","","","","","","","","","","","","","","","","","","","","","","","",1100,1,"","",71,1,7,1,"","","","","","","","","","","","","","","","","","","","","","","","","","","","","","","","","","","","","","","","","","","","","","","","","","","","","","","","","","","","","","","","","",""
"54405001","NANCY-OCHEY",48.581,5.959833,336,1982012318,"","","","",4.,1,220,1,"","","","","","","","","","","","","","","","","","","","","","","","","","","","",0.6,1,-0.4,1,"","","","","","","","","","","","","","","","","","","","","","","","","","",94,1,"","","","","","","","","","","","",5.9,1,1022.4,1,"","","","","","",8,1,7,1,7,1,"","","","","","","","","","","","","","","","","","","","","","","","","","","","",4500,1,"","",68,1,7,1,"","","","","","","","","","","","","","","","","","","","","","","","","","","","","","","","","","","","","","","","","","","","","","","","","","","","","","","","","","","","","","","","","",""
"54405001","NANCY-OCHEY",48.581,5.959833,336,1982012321,"","","","",1.,1,240,1,"","","","","","","","","","","","","","","","","","","","","","","","","","","","",0.7,1,0.7,1,"","","","","","","","","","","","","","","","","","","","","","","","","","",100,1,"","","","","","","","","","","","",6.4,1,1023.2,1,"","","","","","","","","","","","","","","","","","","","","","","","","","","","","","","","","","","","","","","","","","","","","","","","","","","","","","","","","","","","","","","","","","","","","","","","","","","","","","","","","","","","","","","","","","","","","","","","","","","","","","","","","","","","","","","","","",""
"54405001","NANCY-OCHEY",48.581,5.959833,336,1982012400,"","","","",1.,1,280,1,"","","","","","","","","","","","","","","","","","","","","","","","","","","","",1.1,1,1.1,1,"","","","","","","","","","","","","","","","","","","","","","","","","","",100,1,"","","","","","","","","","","","",6.6,1,1023.7,1,"","","","","","","","","","","","","","","","","","","","","","","","","","","","","","","","","","","","","","","","","","","","","","","","","","","","","","","","","","","","","","","","","","","","","","","","","","","","","","","","","","","","","","","","","","","","","","","","","","","","","","","","","","","","","","","","","",""
"54405001","NANCY-OCHEY",48.581,5.959833,336,1982012403,"","","","",1.,1,300,1,"","","","","","","","","","","","","","","","","","","","","","","","","","","","",0.5,1,0.5,1,"","","","","","","","","","","","","","","","","","","","","","","","","","",100,1,"","","","","","","","","","","","",6.3,1,1024.2,1,"","","","","","","","","","","","","","","","","","","","","","","","","","","","","","","","","","","","","","","","","","","","","","","","","","","","","","","","","","","","","","","","","","","","","","","","","","","","","","","","","","","","","","","","","","","","","","","","","","","","","","","","","","","","","","","","","",""
"54405001","NANCY-OCHEY",48.581,5.959833,336,1982012406,"","","","",1.,1,300,1,"","","","","","","","","","","","","","","","","","","","","","","","","","","","",0.1,1,0.1,1,"","","","","","","","","","","","","","","","","","","","","","","","","","",100,1,"","","","","","","","","","","","",6.1,1,1023.9,1,"","","","","","",9,1,"","","","","","","","","","","","","","","","","","","","","","","","","","","","","","","","",200,1,"","",45,1,4,1,"","","","","","","","","","","","","","","","","","","","","","","","","","","","","","","","","","","","","","","","","","","","","","","","","","","","","","","","","","","","","","","","","",""
"54405001","NANCY-OCHEY",48.581,5.959833,336,1982012409,"","","","",2.,1,340,1,"","","","","","","","","","","","","","","","","","","","","","","","","","","","",-0.1,1,-0.6,1,"","","","","","","","","","","","","","","","","","","","","","","","","","",95,1,"","","","","","","","","","","","",5.8,1,1025.8,1,"","","","","","",8,1,8,1,5,1,"","","","","","","","","","","","","","","","","","","","","","","","","","","","",1600,1,"","",10,1,4,1,"","","","","","","","","","","","","","","","","","","","","","","","","","","","","","","","","","","","","","","","","","","","","","","","","","","","","","","","","","","","","","","","","",""
"54405001","NANCY-OCHEY",48.581,5.959833,336,1982012412,"","","","",2.,1,340,1,"","","","","","","","","","","","","","","","","","","","","","","","","","","","",0.3,1,-0.4,1,"","","","","","","","","","","","","","","","","","","","","","","","","","",95,1,"","","","","","","","","","","","",5.9,1,1025.3,1,"","","","","","",8,1,8,1,7,1,"","","","","","","","","","","","","","","","","","","","","","","","","","","","",1200,1,"","",10,1,4,1,"","","","","","","","","","","","","","","","","","","","","","","","","","","","","","","","","","","","","","","","","","","","","","","","","","","","","","","","","","","","","","","","","",""
"54405001","NANCY-OCHEY",48.581,5.959833,336,1982012415,"","","","",2.,1,360,1,"","","","","","","","","","","","","","","","","","","","","","","","","","","","",0.8,1,-0.6,1,"","","","","","","","","","","","","","","","","","","","","","","","","","",90,1,"","","","","","","","","","","","",5.8,1,1025.,1,"","","","","","",7,1,7,1,5,1,"","","","","","","","","","","","","","","","","","","","","","","","","","","","",4500,1,"","",10,1,2,1,"","","","","","","","","","","","","","","","","","","","","","","","","","","","","","","","","","","","","","","","","","","","","","","","","","","","","","","","","","","","","","","","","",""
"54405001","NANCY-OCHEY",48.581,5.959833,336,1982012418,"","","","",2.,1,40,1,"","","","","","","","","","","","","","","","","","","","","","","","","","","","",0.1,1,-0.4,1,"","","","","","","","","","","","","","","","","","","","","","","","","","",95,1,"","","","","","","","","","","","",5.9,1,1025.7,1,"","","","","","",7,1,6,1,5,1,"","","","","","","","","","","","","","","","","","","","","","","","","","","","",2500,1,"","",10,1,2,1,"","","","","","","","","","","","","","","","","","","","","","","","","","","","","","","","","","","","","","","","","","","","","","","","","","","","","","","","","","","","","","","","","",""
"54405001","NANCY-OCHEY",48.581,5.959833,336,1982012421,"","","","",1.,1,340,1,"","","","","","","","","","","","","","","","","","","","","","","","","","","","",-0.1,1,-0.1,1,"","","","","","","","","","","","","","","","","","","","","","","","","","",100,1,"","","","","","","","","","","","",6.,1,1026.4,1,"","","","","","","","","","","","","","","","","","","","","","","","","","","","","","","","","","","","","","","","","","","","","","","","","","","","","","","","","","","","","","","","","","","","","","","","","","","","","","","","","","","","","","","","","","","","","","","","","","","","","","","","","","","","","","","","","",""
"54405001","NANCY-OCHEY",48.581,5.959833,336,1982012500,"","","","",1.,1,20,1,"","","","","","","","","","","","","","","","","","","","","","","","","","","","",-0.4,1,-0.4,1,"","","","","","","","","","","","","","","","","","","","","","","","","","",100,1,"","","","","","","","","","","","",5.9,1,1026.5,1,"","","","","","","","","","","","","","","","","","","","","","","","","","","","","","","","","","","","","","","","","","","","","","","","","","","","","","","","","","","","","","","","","","","","","","","","","","","","","","","","","","","","","","","","","","","","","","","","","","","","","","","","","","","","","","","","","",""
"54405001","NANCY-OCHEY",48.581,5.959833,336,1982012503,"","","","",1.,1,320,1,"","","","","","","","","","","","","","","","","","","","","","","","","","","","",-1.,1,-1.,1,"","","","","","","","","","","","","","","","","","","","","","","","","","",100,1,"","","","","","","","","","","","",5.6,1,1026.2,1,"","","","","","","","","","","","","","","","","","","","","","","","","","","","","","","","","","","","","","","","","","","","","","","","","","","","","","","","","","","","","","","","","","","","","","","","","","","","","","","","","","","","","","","","","","","","","","","","","","","","","","","","","","","","","","","","","",""
"54405001","NANCY-OCHEY",48.581,5.959833,336,1982012506,"","","","",1.,1,120,1,"","","","","","","","","","","","","","","","","","","","","","","","","","","","",-1.3,1,-1.3,1,"","","","","","","","","","","","","","","","","","","","","","","","","","",100,1,"","","","","","","","","","","","",5.5,1,1026.7,1,"","","","","","",9,1,"","","","","","","","","","","","","","","","","","","","","","","","","","","","","","","","",100,1,"","",49,1,4,1,"","","","","","","","","","","","","","","","","","","","","","","","","","","","","","","","","","","","","","","","","","","","","","","","","","","","","","","","","","","","","","","","","",""
"54405001","NANCY-OCHEY",48.581,5.959833,336,1982012509,"","","","",1.,1,320,1,"","","","","","","","","","","","","","","","","","","","","","","","","","","","",-1.5,1,-1.5,1,"","","","","","","","","","","","","","","","","","","","","","","","","","",100,1,"","","","","","","","","","","","",5.4,1,1026.7,1,"","","","","","",7,1,5,1,5,1,"","","","","","","","","","","","","","","","","","","","","","","","","","","","",150,1,"","",48,1,4,1,"","","","","","","","","","","","","","","","","","","","","","","","","","","","","","","","","","","","","","","","","","","","","","","","","","","","","","","","","","","","","","","","","",""
"54405001","NANCY-OCHEY",48.581,5.959833,336,1982012512,"","","","",0.,1,0,1,"","","","","","","","","","","","","","","","","","","","","","","","","","","","",0.2,1,-1.3,1,"","","","","","","","","","","","","","","","","","","","","","","","","","",89,1,"","","","","","","","","","","","",5.5,1,1026.5,1,"","","","","","",8,1,8,1,5,1,"","","","","","","","","","","","","","","","","","","","","","","","","","","","",5000,1,"","",1,1,4,1,"","","","","","","","","","","","","","","","","","","","","","","","","","","","","","","","","","","","","","","","","","","","","","","","","","","","","","","","","","","","","","","","","",""
"54405001","NANCY-OCHEY",48.581,5.959833,336,1982012515,"","","","",3.,1,240,1,"","","","","","","","","","","","","","","","","","","","","","","","","","","","",0.4,1,-2.1,1,"","","","","","","","","","","","","","","","","","","","","","","","","","",84,1,"","","","","","","","","","","","",5.2,1,1025.3,1,"","","","","","",8,1,5,1,5,1,7,1,"","","","","","","","","","","","","","","","","","","","","","","","","","",6000,1,"","",3,1,2,1,"","","","","","","","","","","","","","","","","","","","","","","","","","","","","","","","","","","","","","","","","","","","","","","","","","","","","","","","","","","","","","","","","",""
"54405001","NANCY-OCHEY",48.581,5.959833,336,1982012518,"","","","",2.,1,140,1,"","","","","","","","","","","","","","","","","","","","","","","","","","","","",-0.3,1,-2.1,1,"","","","","","","","","","","","","","","","","","","","","","","","","","",87,1,"","","","","","","","","","","","",5.2,1,1025.,1,"","","","","","",8,1,5,1,5,1,7,1,"","","","","","","","","","","","","","","","","","","","","","","","","","",5000,1,"","",3,1,2,1,"","","","","","","","","","","","","","","","","","","","","","","","","","","","","","","","","","","","","","","","","","","","","","","","","","","","","","","","","","","","","","","","","",""
"54405001","NANCY-OCHEY",48.581,5.959833,336,1982012521,"","","","",2.,1,200,1,"","","","","","","","","","","","","","","","","","","","","","","","","","","","",-1.7,1,-3.4,1,"","","","","","","","","","","","","","","","","","","","","","","","","","",88,1,"","","","","","","","","","","","",4.7,1,1024.1,1,"","","","","","","","","","","","","","","","","","","","","","","","","","","","","","","","","","","","","","","","","","","","","","","","","","","","","","","","","","","","","","","","","","","","","","","","","","","","","","","","","","","","","","","","","","","","","","","","","","","","","","","","","","","","","","","","","",""
"54405001","NANCY-OCHEY",48.581,5.959833,336,1982012600,"","","","",6.,1,200,1,"","","","","","","","","","","","","","","","","","","","","","","","","","","","",-0.9,1,-2.9,1,"","","","","","","","","","","","","","","","","","","","","","","","","","",86,1,"","","","","","","","","","","","",4.9,1,1022.,1,"","","","","","","","","","","","","","","","","","","","","","","","","","","","","","","","","","","","","","","","","","","","","","","","","","","","","","","","","","","","","","","","","","","","","","","","","","","","","","","","","","","","","","","","","","","","","","","","","","","","","","","","","","","","","","","","","",""
"54405001","NANCY-OCHEY",48.581,5.959833,336,1982012603,"","","","",7.,1,200,1,"","","","","","","","","","","","","","","","","","","","","","","","","","","","",0.3,1,-2.3,1,"","","","","","","","","","","","","","","","","","","","","","","","","","",83,1,"","","","","","","","","","","","",5.1,1,1018.8,1,"","","","","","","","","","","","","","","","","","","","","","","","","","","","","","","","","","","","","","","","","","","","","","","","","","","","","","","","","","","","","","","","","","","","","","","","","","","","","","","","","","","","","","","","","","","","","","","","","","","","","","","","","","","","","","","","","",""
"54405001","NANCY-OCHEY",48.581,5.959833,336,1982012606,"","","","",7.,1,200,1,"","","","","","","","","","","","","","","","","","","","","","","","","","","","",0.6,1,-2.1,1,"","","","","","","","","","","","","","","","","","","","","","","","","","",82,1,"","","","","","","","","","","","",5.2,1,1016.6,1,"","","","","","",8,1,7,1,6,1,"","","","","","","","","","","","","","","","","","","","","","","","","","","","",5000,1,"","",0,1,"","","","","","","","","","","","","","","","","","","","","","","","","","","","","","","","","","","","","","","","","","","","","","","","","","","","","","","","","","","","","","","","","","","",""
"54405001","NANCY-OCHEY",48.581,5.959833,336,1982012609,"","","","",7.,1,200,1,"","","","","","","","","","","","","","","","","","","","","","","","","","","","",0.9,1,-0.6,1,"","","","","","","","","","","","","","","","","","","","","","","","","","",90,1,"","","","","","","","","","","","",5.8,1,1013.9,1,"","","","","","",8,1,8,1,7,1,"","","","","","","","","","","","","","","","","","","","","","","","","","","","",3000,1,"","",50,1,5,1,"","","","","","","","","","","","","","","","","","","","","","","","","","","","","","","","","","","","","","","","","","","","","","","","","","","","","","","","","","","","","","","","","",""
"54405001","NANCY-OCHEY",48.581,5.959833,336,1982012612,"","","","",7.,1,200,1,"","","","","","","","","","","","","","","","","","","","","","","","","","","","",1.8,1,0.6,1,"","","","","","","","","","","","","","","","","","","","","","","","","","",92,1,"","","","","","","","","","","","",6.4,1,1010.2,1,"","","","","","",8,1,8,1,7,1,"","","","","","","","","","","","","","","","","","","","","","","","","","","","",4500,1,"","",50,1,5,1,"","","","","","","","","","","","","","","","","","","","","","","","","","","","","","","","","","","","","","","","","","","","","","","","","","","","","","","","","","","","","","","","","",""
"54405001","NANCY-OCHEY",48.581,5.959833,336,1982012615,"","","","",8.,1,200,1,"","","","","","","","","","","","","","","","","","","","","","","","","","","","",2.2,1,1.2,1,"","","","","","","","","","","","","","","","","","","","","","","","","","",94,1,"","","","","","","","","","","","",6.7,1,1007.1,1,"","","","","","",8,1,5,1,7,1,"","","","","","","","","","","","","","","","","","","","","","","","","","","","",3000,1,"","",58,1,5,1,"","","","","","","","","","","","","","","","","","","","","","","","","","","","","","","","","","","","","","","","","","","","","","","","","","","","","","","","","","","","","","","","","",""
"54405001","NANCY-OCHEY",48.581,5.959833,336,1982012618,"","","","",5.,1,240,1,"","","","","","","","","","","","","","","","","","","","","","","","","","","","",2.4,1,1.4,1,"","","","","","","","","","","","","","","","","","","","","","","","","","",94,1,"","","","","","","","","","","","",6.8,1,1006.,1,"","","","","","",8,1,7,1,7,1,"","","","","","","","","","","","","","","","","","","","","","","","","","","","",4500,1,"","",61,1,6,1,"","","","","","","","","","","","","","","","","","","","","","","","","","","","","","","","","","","","","","","","","","","","","","","","","","","","","","","","","","","","","","","","","",""
"54405001","NANCY-OCHEY",48.581,5.959833,336,1982012621,"","","","",5.,1,200,1,"","","","","","","","","","","","","","","","","","","","","","","","","","","","",2.1,1,1.,1,"","","","","","","","","","","","","","","","","","","","","","","","","","",94,1,"","","","","","","","","","","","",6.6,1,1005.2,1,"","","","","","","","","","","","","","","","","","","","","","","","","","","","","","","","","","","","","","","","","","","","","","","","","","","","","","","","","","","","","","","","","","","","","","","","","","","","","","","","","","","","","","","","","","","","","","","","","","","","","","","","","","","","","","","","","",""
"54405001","NANCY-OCHEY",48.581,5.959833,336,1982012700,"","","","",4.,1,200,1,"","","","","","","","","","","","","","","","","","","","","","","","","","","","",2.5,1,1.6,1,"","","","","","","","","","","","","","","","","","","","","","","","","","",95,1,"","","","","","","","","","","","",6.9,1,1004.3,1,"","","","","","","","","","","","","","","","","","","","","","","","","","","","","","","","","","","","","","","","","","","","","","","","","","","","","","","","","","","","","","","","","","","","","","","","","","","","","","","","","","","","","","","","","","","","","","","","","","","","","","","","","","","","","","","","","",""
"54405001","NANCY-OCHEY",48.581,5.959833,336,1982012703,"","","","",4.,1,200,1,"","","","","","","","","","","","","","","","","","","","","","","","","","","","",3.2,1,2.2,1,"","","","","","","","","","","","","","","","","","","","","","","","","","",95,1,"","","","","","","","","","","","",7.2,1,1003.9,1,"","","","","","","","","","","","","","","","","","","","","","","","","","","","","","","","","","","","","","","","","","","","","","","","","","","","","","","","","","","","","","","","","","","","","","","","","","","","","","","","","","","","","","","","","","","","","","","","","","","","","","","","","","","","","","","","","",""
"54405001","NANCY-OCHEY",48.581,5.959833,336,1982012706,"","","","",3.,1,200,1,"","","","","","","","","","","","","","","","","","","","","","","","","","","","",3.3,1,2.4,1,"","","","","","","","","","","","","","","","","","","","","","","","","","",94,1,"","","","","","","","","","","","",7.3,1,1003.1,1,"","","","","","",8,1,5,1,5,1,"","","","","","","","","","","","","","","","","","","","","","","","","","","","",7000,1,"","",60,1,5,1,"","","","","","","","","","","","","","","","","","","","","","","","","","","","","","","","","","","","","","","","","","","","","","","","","","","","","","","","","","","","","","","","","",""
"54405001","NANCY-OCHEY",48.581,5.959833,336,1982012709,"","","","",3.,1,200,1,"","","","","","","","","","","","","","","","","","","","","","","","","","","","",3.1,1,2.2,1,"","","","","","","","","","","","","","","","","","","","","","","","","","",94,1,"","","","","","","","","","","","",7.2,1,1004.2,1,"","","","","","",8,1,6,1,5,1,7,1,"","","","","","","","","","","","","","","","","","","","","","","","","","",6000,1,"","",60,1,6,1,"","","","","","","","","","","","","","","","","","","","","","","","","","","","","","","","","","","","","","","","","","","","","","","","","","","","","","","","","","","","","","","","","",""
"54405001","NANCY-OCHEY",48.581,5.959833,336,1982012712,"","","","",4.,1,320,1,"","","","","","","","","","","","","","","","","","","","","","","","","","","","",3.4,1,2.4,1,"","","","","","","","","","","","","","","","","","","","","","","","","","",94,1,"","","","","","","","","","","","",7.3,1,1006.4,1,"","","","","","",8,1,8,1,7,1,"","","","","","","","","","","","","","","","","","","","","","","","","","","","",3500,1,"","",61,1,6,1,"","","","","","","","","","","","","","","","","","","","","","","","","","","","","","","","","","","","","","","","","","","","","","","","","","","","","","","","","","","","","","","","","",""
"54405001","NANCY-OCHEY",48.581,5.959833,336,1982012715,"","","","",6.,1,360,1,"","","","","","","","","","","","","","","","","","","","","","","","","","","","",0.4,1,-0.2,1,"","","","","","","","","","","","","","","","","","","","","","","","","","",96,1,"","","","","","","","","","","","",6.,1,1010.8,1,"","","","","","",8,1,8,1,7,1,"","","","","","","","","","","","","","","","","","","","","","","","","","","","",1400,1,"","",71,1,7,1,"","","","","","","","","","","","","","","","","","","","","","","","","","","","","","","","","","","","","","","","","","","","","","","","","","","","","","","","","","","","","","","","","",""
"54405001","NANCY-OCHEY",48.581,5.959833,336,1982012718,"","","","",5.,1,340,1,"","","","","","","","","","","","","","","","","","","","","","","","","","","","",0.4,1,-0.2,1,"","","","","","","","","","","","","","","","","","","","","","","","","","",96,1,"","","","","","","","","","","","",6.,1,1016.5,1,"","","","","","",8,1,5,1,5,1,7,1,"","","","","","","","","","","","","","","","","","","","","","","","","","",4500,1,"","",71,1,7,1,"","","","","","","","","","","","","","","","","","","","","","","","","","","","","","","","","","","","","","","","","","","","","","","","","","","","","","","","","","","","","","","","","",""
"54405001","NANCY-OCHEY",48.581,5.959833,336,1982012721,"","","","",3.,1,360,1,"","","","","","","","","","","","","","","","","","","","","","","","","","","","",0.4,1,-0.6,1,"","","","","","","","","","","","","","","","","","","","","","","","","","",93,1,"","","","","","","","","","","","",5.8,1,1020.1,1,"","","","","","","","","","","","","","","","","","","","","","","","","","","","","","","","","","","","","","","","","","","","","","","","","","","","","","","","","","","","","","","","","","","","","","","","","","","","","","","","","","","","","","","","","","","","","","","","","","","","","","","","","","","","","","","","","",""
"54405001","NANCY-OCHEY",48.581,5.959833,336,1982012800,"","","","",4.,1,360,1,"","","","","","","","","","","","","","","","","","","","","","","","","","","","",0.3,1,-0.6,1,"","","","","","","","","","","","","","","","","","","","","","","","","","",93,1,"","","","","","","","","","","","",5.8,1,1023.1,1,"","","","","","","","","","","","","","","","","","","","","","","","","","","","","","","","","","","","","","","","","","","","","","","","","","","","","","","","","","","","","","","","","","","","","","","","","","","","","","","","","","","","","","","","","","","","","","","","","","","","","","","","","","","","","","","","","",""
"54405001","NANCY-OCHEY",48.581,5.959833,336,1982012803,"","","","",6.,1,20,1,"","","","","","","","","","","","","","","","","","","","","","","","","","","","",-0.3,1,-2.6,1,"","","","","","","","","","","","","","","","","","","","","","","","","","",84,1,"","","","","","","","","","","","",5.,1,1024.8,1,"","","","","","","","","","","","","","","","","","","","","","","","","","","","","","","","","","","","","","","","","","","","","","","","","","","","","","","","","","","","","","","","","","","","","","","","","","","","","","","","","","","","","","","","","","","","","","","","","","","","","","","","","","","","","","","","","",""
"54405001","NANCY-OCHEY",48.581,5.959833,336,1982012806,"","","","",1.,1,340,1,"","","","","","","","","","","","","","","","","","","","","","","","","","","","",-2.6,1,-4.6,1,"","","","","","","","","","","","","","","","","","","","","","","","","","",85,1,"","","","","","","","","","","","",4.3,1,1027.,1,"","","","","","",0,1,"","",0,1,0,1,0,1,"","","","","","","","","","","","","","","","","","","","","","","","",15000,1,"","",0,1,"","","","","","","","","","","","","","","","","","","","","","","","","","","","","","","","","","","","","","","","","","","","","","","","","","","","","","","","","","","","","","","","","","","",""
"54405001","NANCY-OCHEY",48.581,5.959833,336,1982012809,"","","","",2.,1,340,1,"","","","","","","","","","","","","","","","","","","","","","","","","","","","",-1.7,1,-3.7,1,"","","","","","","","","","","","","","","","","","","","","","","","","","",85,1,"","","","","","","","","","","","",4.6,1,1029.2,1,"","","","","","",4,1,0,1,0,1,0,1,1,1,"","","","","","","","","","","","","","","","","","","","","","","","",10000,1,"","",3,1,0,1,"","","","","","","","","","","","","","","","","","","","","","","","","","","","","","","","","","","","","","","","","","","","","","","","","","","","","","","","","","","","","","","","","",""
"54405001","NANCY-OCHEY",48.581,5.959833,336,1982012812,"","","","",0.,1,0,1,"","","","","","","","","","","","","","","","","","","","","","","","","","","","",2.,1,-4.3,1,"","","","","","","","","","","","","","","","","","","","","","","","","","",63,1,"","","","","","","","","","","","",4.4,1,1029.2,1,"","","","","","",7,1,7,1,2,1,3,1,4,1,"","","","","","","","","","","","","","","","","","","","","","","","",14000,1,"","",3,1,2,1,"","","","","","","","","","","","","","","","","","","","","","","","","","","","","","","","","","","","","","","","","","","","","","","","","","","","","","","","","","","","","","","","","",""
"54405001","NANCY-OCHEY",48.581,5.959833,336,1982012815,"","","","",4.,1,260,1,"","","","","","","","","","","","","","","","","","","","","","","","","","","","",1.1,1,-3.4,1,"","","","","","","","","","","","","","","","","","","","","","","","","","",71,1,"","","","","","","","","","","","",4.7,1,1029.,1,"","","","","","",7,1,5,1,0,1,3,1,2,1,"","","","","","","","","","","","","","","","","","","","","","","","",20000,1,"","",1,1,2,1,"","","","","","","","","","","","","","","","","","","","","","","","","","","","","","","","","","","","","","","","","","","","","","","","","","","","","","","","","","","","","","","","","",""
"54405001","NANCY-OCHEY",48.581,5.959833,336,1982012818,"","","","",6.,1,240,1,"","","","","","","","","","","","","","","","","","","","","","","","","","","","",0.4,1,-3.4,1,"","","","","","","","","","","","","","","","","","","","","","","","","","",76,1,"","","","","","","","","","","","",4.7,1,1029.6,1,"","","","","","",7,1,5,1,5,1,3,1,2,1,"","","","","","","","","","","","","","","","","","","","","","","","",20000,1,"","",3,1,2,1,"","","","","","","","","","","","","","","","","","","","","","","","","","","","","","","","","","","","","","","","","","","","","","","","","","","","","","","","","","","","","","","","","",""
"54405001","NANCY-OCHEY",48.581,5.959833,336,1982012821,"","","","",7.,1,240,1,"","","","","","","","","","","","","","","","","","","","","","","","","","","","",0.5,1,-1.8,1,"","","","","","","","","","","","","","","","","","","","","","","","","","",84,1,"","","","","","","","","","","","",5.3,1,1029.2,1,"","","","","","","","","","","","","","","","","","","","","","","","","","","","","","","","","","","","","","","","","","","","","","","","","","","","","","","","","","","","","","","","","","","","","","","","","","","","","","","","","","","","","","","","","","","","","","","","","","","","","","","","","","","","","","","","","",""
"54405001","NANCY-OCHEY",48.581,5.959833,336,1982012900,"","","","",8.,1,220,1,"","","","","","","","","","","","","","","","","","","","","","","","","","","","",0.5,1,-0.6,1,"","","","","","","","","","","","","","","","","","","","","","","","","","",92,1,"","","","","","","","","","","","",5.8,1,1027.9,1,"","","","","","","","","","","","","","","","","","","","","","","","","","","","","","","","","","","","","","","","","","","","","","","","","","","","","","","","","","","","","","","","","","","","","","","","","","","","","","","","","","","","","","","","","","","","","","","","","","","","","","","","","","","","","","","","","",""
"54405001","NANCY-OCHEY",48.581,5.959833,336,1982012903,"","","","",8.,1,220,1,"","","","","","","","","","","","","","","","","","","","","","","","","","","","",0.9,1,0.,1,"","","","","","","","","","","","","","","","","","","","","","","","","","",95,1,"","","","","","","","","","","","",6.1,1,1025.7,1,"","","","","","","","","","","","","","","","","","","","","","","","","","","","","","","","","","","","","","","","","","","","","","","","","","","","","","","","","","","","","","","","","","","","","","","","","","","","","","","","","","","","","","","","","","","","","","","","","","","","","","","","","","","","","","","","","",""
"54405001","NANCY-OCHEY",48.581,5.959833,336,1982012906,"","","","",9.,1,240,1,"","","","","","","","","","","","","","","","","","","","","","","","","","","","",1.7,1,1.,1,"","","","","","","","","","","","","","","","","","","","","","","","","","",96,1,"","","","","","","","","","","","",6.6,1,1024.6,1,"","","","","","",8,1,8,1,7,1,"","","","","","","","","","","","","","","","","","","","","","","","","","","","",2000,1,"","",51,1,5,1,"","",0,1,"","","","","","","","","","","","","","","","","","","","","","","","","","","","","","","","","","","","","","","","","","","","","","","","","","","","","","","","","","","","","",""
"54405001","NANCY-OCHEY",48.581,5.959833,336,1982012909,"","","","",8.,1,260,1,"","","","","","","","","","","","","","","","","","","","","","","","","","","","",3.2,1,2.5,1,"","","","","","","","","","","","","","","","","","","","","","","","","","",96,1,"","","","","","","","","","","","",7.4,1,1023.8,1,"","","","","","",8,1,6,1,5,1,"","","","","","","","","","","","","","","","","","","","","","","","","","","","",5000,1,"","",20,1,5,1,"","","","","","","","","","","","","","","","","","","","","","","","","","","","","","","","","","","","","","","","","","","","","","","","","","","","","","","","","","","","","","","","","",""
"54405001","NANCY-OCHEY",48.581,5.959833,336,1982012912,"","","","",7.,1,260,1,"","","","","","","","","","","","","","","","","","","","","","","","","","","","",4.3,1,3.3,1,"","","","","","","","","","","","","","","","","","","","","","","","","","",94,1,"","","","","","","","","","","","",7.8,1,1022.7,1,"","","","","","",8,1,6,1,5,1,"","","","","","","","","","","","","","","","","","","","","","","","","","","","",9000,1,"","",60,1,6,1,"","","","","","","","","","","","","","","","","","","","","","","","","","","","","","","","","","","","","","","","","","","","","","","","","","","","","","","","","","","","","","","","","",""
"54405001","NANCY-OCHEY",48.581,5.959833,336,1982012915,"","","","",5.,1,260,1,"","","","","","","","","","","","","","","","","","","","","","","","","","","","",4.7,1,3.4,1,"","","","","","","","","","","","","","","","","","","","","","","","","","",93,1,"","","","","","","","","","","","",7.9,1,1021.7,1,"","","","","","",8,1,8,1,7,1,"","","","","","","","","","","","","","","","","","","","","","","","","","","","",5000,1,"","",58,1,6,1,"","","","","","","","","","","","","","","","","","","","","","","","","","","","","","","","","","","","","","","","","","","","","","","","","","","","","","","","","","","","","","","","","",""
"54405001","NANCY-OCHEY",48.581,5.959833,336,1982012918,"","","","",7.,1,240,1,"","","","","","","","","","","","","","","","","","","","","","","","","","","","",5.4,1,4.,1,"","","","","","","","","","","","","","","","","","","","","","","","","","",92,1,"","","","","","","","","","","","",8.2,1,1021.1,1,"","","","","","",8,1,8,1,7,1,"","","","","","","","","","","","","","","","","","","","","","","","","","","","",3000,1,"","",50,1,5,1,"","","","","","","","","","","","","","","","","","","","","","","","","","","","","","","","","","","","","","","","","","","","","","","","","","","","","","","","","","","","","","","","","",""
"54405001","NANCY-OCHEY",48.581,5.959833,336,1982012921,"","","","",8.,1,260,1,"","","","","","","","","","","","","","","","","","","","","","","","","","","","",6.9,1,6.2,1,"","","","","","","","","","","","","","","","","","","","","","","","","","",97,1,"","","","","","","","","","","","",9.6,1,1020.9,1,"","","","","","","","","","","","","","","","","","","","","","","","","","","","","","","","","","","","","","","","","","","","","","","","","","","","","","","","","","","","","","","","","","","","","","","","","","","","","","","","","","","","","","","","","","","","","","","","","","","","","","","","","","","","","","","","","",""
"54405001","NANCY-OCHEY",48.581,5.959833,336,1982013000,"","","","",9.,1,280,1,"","","","","","","","","","","","","","","","","","","","","","","","","","","","",7.1,1,6.3,1,"","","","","","","","","","","","","","","","","","","","","","","","","","",97,1,"","","","","","","","","","","","",9.7,1,1021.2,1,"","","","","","","","","","","","","","","","","","","","","","","","","","","","","","","","","","","","","","","","","","","","","","","","","","","","","","","","","","","","","","","","","","","","","","","","","","","","","","","","","","","","","","","","","","","","","","","","","","","","","","","","","","","","","","","","","",""
"54405001","NANCY-OCHEY",48.581,5.959833,336,1982013003,"","","","",7.,1,260,1,"","","","","","","","","","","","","","","","","","","","","","","","","","","","",7.1,1,6.3,1,"","","","","","","","","","","","","","","","","","","","","","","","","","",97,1,"","","","","","","","","","","","",9.7,1,1021.6,1,"","","","","","","","","","","","","","","","","","","","","","","","","","","","","","","","","","","","","","","","","","","","","","","","","","","","","","","","","","","","","","","","","","","","","","","","","","","","","","","","","","","","","","","","","","","","","","","","","","","","","","","","","","","","","","","","","",""
"54405001","NANCY-OCHEY",48.581,5.959833,336,1982013006,"","","","",7.,1,280,1,"","","","","","","","","","","","","","","","","","","","","","","","","","","","",7.4,1,6.4,1,"","","","","","","","","","","","","","","","","","","","","","","","","","",95,1,"","","","","","","","","","","","",9.8,1,1021.7,1,"","","","","","",8,1,8,1,7,1,"","","","","","","","","","","","","","","","","","","","","","","","","","","","",4500,1,"","",50,1,5,1,"","",0,1,"","","","","","","","","","","","","","","","","","","","","","","","","","","","","","","","","","","","","","","","","","","","","","","","","","","","","","","","","","","","","",""
"54405001","NANCY-OCHEY",48.581,5.959833,336,1982013009,"","","","",7.,1,260,1,"","","","","","","","","","","","","","","","","","","","","","","","","","","","",7.1,1,6.3,1,"","","","","","","","","","","","","","","","","","","","","","","","","","",97,1,"","","","","","","","","","","","",9.7,1,1023.,1,"","","","","","",8,1,8,1,7,1,"","","","","","","","","","","","","","","","","","","","","","","","","","","","",4000,1,"","",58,1,5,1,"","","","","","","","","","","","","","","","","","","","","","","","","","","","","","","","","","","","","","","","","","","","","","","","","","","","","","","","","","","","","","","","","",""
"54405001","NANCY-OCHEY",48.581,5.959833,336,1982013012,"","","","",7.,1,260,1,"","","","","","","","","","","","","","","","","","","","","","","","","","","","",7.8,1,7.,1,"","","","","","","","","","","","","","","","","","","","","","","","","","",97,1,"","","","","","","","","","","","",10.2,1,1023.6,1,"","","","","","",8,1,8,1,7,1,"","","","","","","","","","","","","","","","","","","","","","","","","","","","",6000,1,"","",50,1,6,1,"","","","","","","","","","","","","","","","","","","","","","","","","","","","","","","","","","","","","","","","","","","","","","","","","","","","","","","","","","","","","","","","","",""
"54405001","NANCY-OCHEY",48.581,5.959833,336,1982013015,"","","","",8.,1,280,1,"","","","","","","","","","","","","","","","","","","","","","","","","","","","",7.8,1,6.2,1,"","","","","","","","","","","","","","","","","","","","","","","","","","",91,1,"","","","","","","","","","","","",9.6,1,1023.5,1,"","","","","","",8,1,7,1,5,1,"","","","","","","","","","","","","","","","","","","","","","","","","","","","",12000,1,"","",1,1,5,1,"","","","","","","","","","","","","","","","","","","","","","","","","","","","","","","","","","","","","","","","","","","","","","","","","","","","","","","","","","","","","","","","","",""
"54405001","NANCY-OCHEY",48.581,5.959833,336,1982013018,"","","","",7.,1,260,1,"","","","","","","","","","","","","","","","","","","","","","","","","","","","",7.1,1,4.9,1,"","","","","","","","","","","","","","","","","","","","","","","","","","",88,1,"","","","","","","","","","","","",8.8,1,1023.7,1,"","","","","","",8,1,6,1,8,1,"","","","","","","","","","","","","","","","","","","","","","","","","","","","",14000,1,"","",20,1,5,1,"","","","","","","","","","","","","","","","","","","","","","","","","","","","","","","","","","","","","","","","","","","","","","","","","","","","","","","","","","","","","","","","","",""
"54405001","NANCY-OCHEY",48.581,5.959833,336,1982013021,"","","","",6.,1,280,1,"","","","","","","","","","","","","","","","","","","","","","","","","","","","",5.5,1,4.,1,"","","","","","","","","","","","","","","","","","","","","","","","","","",91,1,"","","","","","","","","","","","",8.2,1,1025.1,1,"","","","","","","","","","","","","","","","","","","","","","","","","","","","","","","","","","","","","","","","","","","","","","","","","","","","","","","","","","","","","","","","","","","","","","","","","","","","","","","","","","","","","","","","","","","","","","","","","","","","","","","","","","","","","","","","","",""
"54405001","NANCY-OCHEY",48.581,5.959833,336,1982013100,"","","","",8.,1,260,1,"","","","","","","","","","","","","","","","","","","","","","","","","","","","",5.3,1,3.6,1,"","","","","","","","","","","","","","","","","","","","","","","","","","",90,1,"","","","","","","","","","","","",8.,1,1025.2,1,"","","","","","","","","","","","","","","","","","","","","","","","","","","","","","","","","","","","","","","","","","","","","","","","","","","","","","","","","","","","","","","","","","","","","","","","","","","","","","","","","","","","","","","","","","","","","","","","","","","","","","","","","","","","","","","","","",""
"54405001","NANCY-OCHEY",48.581,5.959833,336,1982013103,"","","","",7.,1,240,1,"","","","","","","","","","","","","","","","","","","","","","","","","","","","",5.,1,3.1,1,"","","","","","","","","","","","","","","","","","","","","","","","","","",89,1,"","","","","","","","","","","","",7.7,1,1025.3,1,"","","","","","","","","","","","","","","","","","","","","","","","","","","","","","","","","","","","","","","","","","","","","","","","","","","","","","","","","","","","","","","","","","","","","","","","","","","","","","","","","","","","","","","","","","","","","","","","","","","","","","","","","","","","","","","","","",""
"54405001","NANCY-OCHEY",48.581,5.959833,336,1982013106,"","","","",6.,1,260,1,"","","","","","","","","","","","","","","","","","","","","","","","","","","","",5.3,1,3.4,1,"","","","","","","","","","","","","","","","","","","","","","","","","","",88,1,"","","","","","","","","","","","",7.9,1,1025.6,1,"","","","","","",8,1,8,1,5,1,"","","","","","","","","","","","","","","","","","","","","","","","","","","","",15000,1,"","",0,1,"","","","",0,1,"","","","","","","","","","","","","","","","","","","","","","","","","","","","","","","","","","","","","","","","","","","","","","","","","","","","","","","","","","","","","",""
"54405001","NANCY-OCHEY",48.581,5.959833,336,1982013109,"","","","",7.,1,260,1,"","","","","","","","","","","","","","","","","","","","","","","","","","","","",5.2,1,4.5,1,"","","","","","","","","","","","","","","","","","","","","","","","","","",96,1,"","","","","","","","","","","","",8.5,1,1026.4,1,"","","","","","",8,1,8,1,7,1,"","","","","","","","","","","","","","","","","","","","","","","","","","","","",3000,1,"","",58,1,6,1,"","","","","","","","","","","","","","","","","","","","","","","","","","","","","","","","","","","","","","","","","","","","","","","","","","","","","","","","","","","","","","","","","",""
"54405001","NANCY-OCHEY",48.581,5.959833,336,1982013112,"","","","",5.,1,260,1,"","","","","","","","","","","","","","","","","","","","","","","","","","","","",5.9,1,5.1,1,"","","","","","","","","","","","","","","","","","","","","","","","","","",96,1,"","","","","","","","","","","","",8.9,1,1027.3,1,"","","","","","",8,1,8,1,7,1,"","","","","","","","","","","","","","","","","","","","","","","","","","","","",5000,1,"","",58,1,6,1,"","","","","","","","","","","","","","","","","","","","","","","","","","","","","","","","","","","","","","","","","","","","","","","","","","","","","","","","","","","","","","","","","",""
"54405001","NANCY-OCHEY",48.581,5.959833,336,1982013115,"","","","",3.,1,280,1,"","","","","","","","","","","","","","","","","","","","","","","","","","","","",6.5,1,5.6,1,"","","","","","","","","","","","","","","","","","","","","","","","","","",95,1,"","","","","","","","","","","","",9.2,1,1027.9,1,"","","","","","",8,1,8,1,7,1,"","","","","","","","","","","","","","","","","","","","","","","","","","","","",9000,1,"","",60,1,6,1,"","","","","","","","","","","","","","","","","","","","","","","","","","","","","","","","","","","","","","","","","","","","","","","","","","","","","","","","","","","","","","","","","",""
"54405001","NANCY-OCHEY",48.581,5.959833,336,1982013118,"","","","",3.,1,300,1,"","","","","","","","","","","","","","","","","","","","","","","","","","","","",6.2,1,5.4,1,"","","","","","","","","","","","","","","","","","","","","","","","","","",96,1,"","","","","","","","","","","","",9.1,1,1029.1,1,"","","","","","",8,1,8,1,7,1,"","","","","","","","","","","","","","","","","","","","","","","","","","","","",12000,1,"","",3,1,6,1,"","","","","","","","","","","","","","","","","","","","","","","","","","","","","","","","","","","","","","","","","","","","","","","","","","","","","","","","","","","","","","","","","",""
"54405001","NANCY-OCHEY",48.581,5.959833,336,1982013121,"","","","",2.,1,300,1,"","","","","","","","","","","","","","","","","","","","","","","","","","","","",6.1,1,5.4,1,"","","","","","","","","","","","","","","","","","","","","","","","","","",97,1,"","","","","","","","","","","","",9.1,1,1029.6,1,"","","","","","","","","","","","","","","","","","","","","","","","","","","","","","","","","","","","","","","","","","","","","","","","","","","","","","","","","","","","","","","","","","","","","","","","","","","","","","","","","","","","","","","","","","","","","","","","","","","","","","","","","","","","","","","","","",""
"54405001","NANCY-OCHEY",48.581,5.959833,336,1982020100,"","","","",3.,1,340,1,"","","","","","","","","","","","","","","","","","","","","","","","","","","","",5.8,1,5.1,1,"","","","","","","","","","","","","","","","","","","","","","","","","","",97,1,"","","","","","","","","","","","",8.9,1,1029.6,1,"","","","","","","","","","","","","","","","","","","","","","","","","","","","","","","","","","","","","","","","","","","","","","","","","","","","","","","","","","","","","","","","","","","","","","","","","","","","","","","","","","","","","","","","","","","","","","","","","","","","","","","","","","","","","","","","","",""
"54405001","NANCY-OCHEY",48.581,5.959833,336,1982020103,"","","","",3.,1,80,1,"","","","","","","","","","","","","","","","","","","","","","","","","","","","",4.3,1,3.5,1,"","","","","","","","","","","","","","","","","","","","","","","","","","",96,1,"","","","","","","","","","","","",7.9,1,1029.9,1,"","","","","","","","","","","","","","","","","","","","","","","","","","","","","","","","","","","","","","","","","","","","","","","","","","","","","","","","","","","","","","","","","","","","","","","","","","","","","","","","","","","","","","","","","","","","","","","","","","","","","","","","","","","","","","","","","",""
"54405001","NANCY-OCHEY",48.581,5.959833,336,1982020106,"","","","",2.,1,80,1,"","","","","","","","","","","","","","","","","","","","","","","","","","","","",2.3,1,0.8,1,"","","","","","","","","","","","","","","","","","","","","","","","","","",90,1,"","","","","","","","","","","","",6.5,1,1030.4,1,"","","","","","",5,1,5,1,5,1,0,1,0,1,"","","","","","","","","","","","","","","","","","","","","","","","",9000,1,"","",0,1,"","","","",0,1,"","","","","","","","","","","","","","","","","","","","","","","","","","","","","","","","","","","","","","","","","","","","","","","","","","","","","","","","","","","","","",""
"54405001","NANCY-OCHEY",48.581,5.959833,336,1982020109,"","","","",2.,1,80,1,"","","","","","","","","","","","","","","","","","","","","","","","","","","","",1.9,1,-0.9,1,"","","","","","","","","","","","","","","","","","","","","","","","","","",81,1,"","","","","","","","","","","","",5.7,1,1031.,1,"","","","","","",1,1,0,1,5,1,0,1,0,1,"","","","","","","","","","","","","","","","","","","","","","","","",7000,1,"","",1,1,1,1,"","","","","","","","","","","","","","","","","","","","","","","","","","","","","","","","","","","","","","","","","","","","","","","","","","","","","","","","","","","","","","","","","",""
"54405001","NANCY-OCHEY",48.581,5.959833,336,1982020112,"","","","",3.,1,100,1,"","","","","","","","","","","","","","","","","","","","","","","","","","","","",4.1,1,-0.9,1,"","","","","","","","","","","","","","","","","","","","","","","","","","",70,1,"","","","","","","","","","","","",5.7,1,1029.8,1,"","","","","","",2,1,0,1,0,1,0,1,1,1,"","","","","","","","","","","","","","","","","","","","","","","","",11000,1,"","",3,1,0,1,"","","","","","","","","","","","","","","","","","","","","","","","","","","","","","","","","","","","","","","","","","","","","","","","","","","","","","","","","","","","","","","","","",""
"54405001","NANCY-OCHEY",48.581,5.959833,336,1982020115,"","","","",4.,1,40,1,"","","","","","","","","","","","","","","","","","","","","","","","","","","","",4.8,1,-0.7,1,"","","","","","","","","","","","","","","","","","","","","","","","","","",67,1,"","","","","","","","","","","","",5.8,1,1028.9,1,"","","","","","",1,1,0,1,5,1,0,1,0,1,"","","","","","","","","","","","","","","","","","","","","","","","",14000,1,"","",1,1,0,1,"","","","","","","","","","","","","","","","","","","","","","","","","","","","","","","","","","","","","","","","","","","","","","","","","","","","","","","","","","","","","","","","","",""
"54405001","NANCY-OCHEY",48.581,5.959833,336,1982020118,"","","","",4.,1,80,1,"","","","","","","","","","","","","","","","","","","","","","","","","","","","",1.9,1,-2.9,1,"","","","","","","","","","","","","","","","","","","","","","","","","","",70,1,"","","","","","","","","","","","",4.9,1,1029.4,1,"","","","","","",0,1,"","",0,1,0,1,0,1,"","","","","","","","","","","","","","","","","","","","","","","","",12000,1,"","",1,1,0,1,"","","","","","","","","","","","","","","","","","","","","","","","","","","","","","","","","","","","","","","","","","","","","","","","","","","","","","","","","","","","","","","","","",""
"54405001","NANCY-OCHEY",48.581,5.959833,336,1982020121,"","","","",4.,1,60,1,"","","","","","","","","","","","","","","","","","","","","","","","","","","","",0.3,1,-2.7,1,"","","","","","","","","","","","","","","","","","","","","","","","","","",81,1,"","","","","","","","","","","","",5.,1,1029.9,1,"","","","","","","","","","","","","","","","","","","","","","","","","","","","","","","","","","","","","","","","","","","","","","","","","","","","","","","","","","","","","","","","","","","","","","","","","","","","","","","","","","","","","","","","","","","","","","","","","","","","","","","","","","","","","","","","","",""
"54405001","NANCY-OCHEY",48.581,5.959833,336,1982020200,"","","","",1.,1,320,1,"","","","","","","","","","","","","","","","","","","","","","","","","","","","",-1.5,1,-4.,1,"","","","","","","","","","","","","","","","","","","","","","","","","","",84,1,"","","","","","","","","","","","",4.5,1,1029.3,1,"","","","","","","","","","","","","","","","","","","","","","","","","","","","","","","","","","","","","","","","","","","","","","","","","","","","","","","","","","","","","","","","","","","","","","","","","","","","","","","","","","","","","","","","","","","","","","","","","","","","","","","","","","","","","","","","","",""
"54405001","NANCY-OCHEY",48.581,5.959833,336,1982020203,"","","","",6.,1,80,1,"","","","","","","","","","","","","","","","","","","","","","","","","","","","",-2.3,1,-5.2,1,"","","","","","","","","","","","","","","","","","","","","","","","","","",81,1,"","","","","","","","","","","","",4.1,1,1027.9,1,"","","","","","","","","","","","","","","","","","","","","","","","","","","","","","","","","","","","","","","","","","","","","","","","","","","","","","","","","","","","","","","","","","","","","","","","","","","","","","","","","","","","","","","","","","","","","","","","","","","","","","","","","","","","","","","","","",""
"54405001","NANCY-OCHEY",48.581,5.959833,336,1982020206,"","","","",3.,1,80,1,"","","","","","","","","","","","","","","","","","","","","","","","","","","","",-2.5,1,-4.9,1,"","","","","","","","","","","","","","","","","","","","","","","","","","",83,1,"","","","","","","","","","","","",4.2,1,1026.9,1,"","","","","","",0,1,"","",0,1,0,1,0,1,"","","","","","","","","","","","","","","","","","","","","","","","",12000,1,"","",2,1,0,1,"","",0,1,"","","","","","","","","","","","","","","","","","","","","","","","","","","","","","","","","","","","","","","","","","","","","","","","","","","","","","","","","","","","","",""
"54405001","NANCY-OCHEY",48.581,5.959833,336,1982020209,"","","","",3.,1,80,1,"","","","","","","","","","","","","","","","","","","","","","","","","","","","",-0.7,1,-5.2,1,"","","","","","","","","","","","","","","","","","","","","","","","","","",70,1,"","","","","","","","","","","","",4.1,1,1026.8,1,"","","","","","",0,1,"","",0,1,0,1,0,1,"","","","","","","","","","","","","","","","","","","","","","","","",11000,1,"","",2,1,0,1,"","","","","","","","","","","","","","","","","","","","","","","","","","","","","","","","","","","","","","","","","","","","","","","","","","","","","","","","","","","","","","","","","",""
"54405001","NANCY-OCHEY",48.581,5.959833,336,1982020212,"","","","",4.,1,80,1,"","","","","","","","","","","","","","","","","","","","","","","","","","","","",3.2,1,-4.9,1,"","","","","","","","","","","","","","","","","","","","","","","","","","",55,1,"","","","","","","","","","","","",4.2,1,1025.8,1,"","","","","","",0,1,"","",0,1,0,1,0,1,"","","","","","","","","","","","","","","","","","","","","","","","",12000,1,"","",2,1,0,1,"","","","","","","","","","","","","","","","","","","","","","","","","","","","","","","","","","","","","","","","","","","","","","","","","","","","","","","","","","","","","","","","","",""
"54405001","NANCY-OCHEY",48.581,5.959833,336,1982020215,"","","","",5.,1,80,1,"","","","","","","","","","","","","","","","","","","","","","","","","","","","",4.2,1,-5.2,1,"","","","","","","","","","","","","","","","","","","","","","","","","","",49,1,"","","","","","","","","","","","",4.1,1,1024.2,1,"","","","","","",0,1,"","",0,1,0,1,0,1,"","","","","","","","","","","","","","","","","","","","","","","","",17000,1,"","",2,1,0,1,"","","","","","","","","","","","","","","","","","","","","","","","","","","","","","","","","","","","","","","","","","","","","","","","","","","","","","","","","","","","","","","","","",""
"54405001","NANCY-OCHEY",48.581,5.959833,336,1982020218,"","","","",7.,1,80,1,"","","","","","","","","","","","","","","","","","","","","","","","","","","","",0.2,1,-4.6,1,"","","","","","","","","","","","","","","","","","","","","","","","","","",70,1,"","","","","","","","","","","","",4.3,1,1024.5,1,"","","","","","",0,1,"","",0,1,0,1,0,1,"","","","","","","","","","","","","","","","","","","","","","","","",11000,1,"","",2,1,0,1,"","","","","","","","","","","","","","","","","","","","","","","","","","","","","","","","","","","","","","","","","","","","","","","","","","","","","","","","","","","","","","","","","",""
"54405001","NANCY-OCHEY",48.581,5.959833,336,1982020221,"","","","",5.,1,100,1,"","","","","","","","","","","","","","","","","","","","","","","","","","","","",-1.1,1,-4.6,1,"","","","","","","","","","","","","","","","","","","","","","","","","","",77,1,"","","","","","","","","","","","",4.3,1,1024.4,1,"","","","","","","","","","","","","","","","","","","","","","","","","","","","","","","","","","","","","","","","","","","","","","","","","","","","","","","","","","","","","","","","","","","","","","","","","","","","","","","","","","","","","","","","","","","","","","","","","","","","","","","","","","","","","","","","","",""
"54405001","NANCY-OCHEY",48.581,5.959833,336,1982020300,"","","","",4.,1,80,1,"","","","","","","","","","","","","","","","","","","","","","","","","","","","",-2.,1,-4.9,1,"","","","","","","","","","","","","","","","","","","","","","","","","","",80,1,"","","","","","","","","","","","",4.2,1,1024.5,1,"","","","","","","","","","","","","","","","","","","","","","","","","","","","","","","","","","","","","","","","","","","","","","","","","","","","","","","","","","","","","","","","","","","","","","","","","","","","","","","","","","","","","","","","","","","","","","","","","","","","","","","","","","","","","","","","","",""
"54405001","NANCY-OCHEY",48.581,5.959833,336,1982020303,"","","","",2.,1,80,1,"","","","","","","","","","","","","","","","","","","","","","","","","","","","",-2.9,1,-5.8,1,"","","","","","","","","","","","","","","","","","","","","","","","","","",81,1,"","","","","","","","","","","","",3.9,1,1024.7,1,"","","","","","","","","","","","","","","","","","","","","","","","","","","","","","","","","","","","","","","","","","","","","","","","","","","","","","","","","","","","","","","","","","","","","","","","","","","","","","","","","","","","","","","","","","","","","","","","","","","","","","","","","","","","","","","","","",""
"54405001","NANCY-OCHEY",48.581,5.959833,336,1982020306,"","","","",3.,1,80,1,"","","","","","","","","","","","","","","","","","","","","","","","","","","","",-4.,1,-6.5,1,"","","","","","","","","","","","","","","","","","","","","","","","","","",82,1,"","","","","","","","","","","","",3.7,1,1024.8,1,"","","","","","",0,1,"","",0,1,0,1,0,1,"","","","","","","","","","","","","","","","","","","","","","","","",7000,1,"","",0,1,0,1,"","",0,1,"","","","","","","","","","","","","","","","","","","","","","","","","","","","","","","","","","","","","","","","","","","","","","","","","","","","","","","","","","","","","",""
"54405001","NANCY-OCHEY",48.581,5.959833,336,1982020309,"","","","",3.,1,80,1,"","","","","","","","","","","","","","","","","","","","","","","","","","","","",-2.6,1,-7.2,1,"","","","","","","","","","","","","","","","","","","","","","","","","","",71,1,"","","","","","","","","","","","",3.5,1,1025.3,1,"","","","","","",0,1,"","",0,1,0,1,0,1,"","","","","","","","","","","","","","","","","","","","","","","","",4500,1,"","",10,1,0,1,"","","","","","","","","","","","","","","","","","","","","","","","","","","","","","","","","","","","","","","","","","","","","","","","","","","","","","","","","","","","","","","","","",""
"54405001","NANCY-OCHEY",48.581,5.959833,336,1982020312,"","","","",3.,1,80,1,"","","","","","","","","","","","","","","","","","","","","","","","","","","","",1.9,1,-5.5,1,"","","","","","","","","","","","","","","","","","","","","","","","","","",58,1,"","","","","","","","","","","","",4.,1,1025.,1,"","","","","","",1,1,0,1,0,1,3,1,0,1,"","","","","","","","","","","","","","","","","","","","","","","","",7000,1,"","",1,1,0,1,"","","","","","","","","","","","","","","","","","","","","","","","","","","","","","","","","","","","","","","","","","","","","","","","","","","","","","","","","","","","","","","","","",""
"54405001","NANCY-OCHEY",48.581,5.959833,336,1982020315,"","","","",4.,1,100,1,"","","","","","","","","","","","","","","","","","","","","","","","","","","","",2.2,1,-1.8,1,"","","","","","","","","","","","","","","","","","","","","","","","","","",74,1,"","","","","","","","","","","","",5.3,1,1024.7,1,"","","","","","",6,1,6,1,5,1,0,1,0,1,"","","","","","","","","","","","","","","","","","","","","","","","",6000,1,"","",1,1,2,1,"","","","","","","","","","","","","","","","","","","","","","","","","","","","","","","","","","","","","","","","","","","","","","","","","","","","","","","","","","","","","","","","","",""
"54405001","NANCY-OCHEY",48.581,5.959833,336,1982020318,"","","","",3.,1,100,1,"","","","","","","","","","","","","","","","","","","","","","","","","","","","",1.1,1,-2.6,1,"","","","","","","","","","","","","","","","","","","","","","","","","","",76,1,"","","","","","","","","","","","",5.,1,1025.7,1,"","","","","","",7,1,7,1,5,1,"","","","","","","","","","","","","","","","","","","","","","","","","","","","",4000,1,"","",10,1,2,1,"","","","","","","","","","","","","","","","","","","","","","","","","","","","","","","","","","","","","","","","","","","","","","","","","","","","","","","","","","","","","","","","","",""
"54405001","NANCY-OCHEY",48.581,5.959833,336,1982020321,"","","","",5.,1,80,1,"","","","","","","","","","","","","","","","","","","","","","","","","","","","",-0.5,1,-3.1,1,"","","","","","","","","","","","","","","","","","","","","","","","","","",82,1,"","","","","","","","","","","","",4.8,1,1026.8,1,"","","","","","","","","","","","","","","","","","","","","","","","","","","","","","","","","","","","","","","","","","","","","","","","","","","","","","","","","","","","","","","","","","","","","","","","","","","","","","","","","","","","","","","","","","","","","","","","","","","","","","","","","","","","","","","","","",""
"54405001","NANCY-OCHEY",48.581,5.959833,336,1982020400,"","","","",2.,1,100,1,"","","","","","","","","","","","","","","","","","","","","","","","","","","","",-0.7,1,-3.1,1,"","","","","","","","","","","","","","","","","","","","","","","","","","",83,1,"","","","","","","","","","","","",4.8,1,1027.5,1,"","","","","","","","","","","","","","","","","","","","","","","","","","","","","","","","","","","","","","","","","","","","","","","","","","","","","","","","","","","","","","","","","","","","","","","","","","","","","","","","","","","","","","","","","","","","","","","","","","","","","","","","","","","","","","","","","",""
"54405001","NANCY-OCHEY",48.581,5.959833,336,1982020403,"","","","",3.,1,100,1,"","","","","","","","","","","","","","","","","","","","","","","","","","","","",-0.7,1,-3.1,1,"","","","","","","","","","","","","","","","","","","","","","","","","","",83,1,"","","","","","","","","","","","",4.8,1,1027.7,1,"","","","","","","","","","","","","","","","","","","","","","","","","","","","","","","","","","","","","","","","","","","","","","","","","","","","","","","","","","","","","","","","","","","","","","","","","","","","","","","","","","","","","","","","","","","","","","","","","","","","","","","","","","","","","","","","","",""
"54405001","NANCY-OCHEY",48.581,5.959833,336,1982020406,"","","","",3.,1,140,1,"","","","","","","","","","","","","","","","","","","","","","","","","","","","",0.2,1,-1.8,1,"","","","","","","","","","","","","","","","","","","","","","","","","","",85,1,"","","","","","","","","","","","",5.3,1,1028.4,1,"","","","","","",8,1,8,1,5,1,"","","","","","","","","","","","","","","","","","","","","","","","","","","","",5000,1,"","",60,1,6,1,"","",0,1,"","","","","","","","","","","","","","","","","","","","","","","","","","","","","","","","","","","","","","","","","","","","","","","","","","","","","","","","","","","","","",""
"54405001","NANCY-OCHEY",48.581,5.959833,336,1982020409,"","","","",5.,1,140,1,"","","","","","","","","","","","","","","","","","","","","","","","","","","","",0.4,1,-1.3,1,"","","","","","","","","","","","","","","","","","","","","","","","","","",87,1,"","","","","","","","","","","","",5.5,1,1029.6,1,"","","","","","",8,1,8,1,5,1,7,1,"","","","","","","","","","","","","","","","","","","","","","","","","","",3000,1,"","",21,1,6,1,"","","","","","","","","","","","","","","","","","","","","","","","","","","","","","","","","","","","","","","","","","","","","","","","","","","","","","","","","","","","","","","","","",""
"54405001","NANCY-OCHEY",48.581,5.959833,336,1982020412,"","","","",4.,1,120,1,"","","","","","","","","","","","","","","","","","","","","","","","","","","","",3.,1,1.,1,"","","","","","","","","","","","","","","","","","","","","","","","","","",87,1,"","","","","","","","","","","","",6.6,1,1029.8,1,"","","","","","",8,1,8,1,5,1,7,1,"","","","","","","","","","","","","","","","","","","","","","","","","","",3000,1,"","",60,1,6,1,"","","","","","","","","","","","","","","","","","","","","","","","","","","","","","","","","","","","","","","","","","","","","","","","","","","","","","","","","","","","","","","","","",""
"54405001","NANCY-OCHEY",48.581,5.959833,336,1982020415,"","","","",3.,1,120,1,"","","","","","","","","","","","","","","","","","","","","","","","","","","","",5.9,1,3.4,1,"","","","","","","","","","","","","","","","","","","","","","","","","","",86,1,"","","","","","","","","","","","",7.9,1,1029.5,1,"","","","","","",6,1,5,1,5,1,3,1,0,1,"","","","","","","","","","","","","","","","","","","","","","","","",5000,1,"","",1,1,6,1,"","","","","","","","","","","","","","","","","","","","","","","","","","","","","","","","","","","","","","","","","","","","","","","","","","","","","","","","","","","","","","","","","",""
"54405001","NANCY-OCHEY",48.581,5.959833,336,1982020418,"","","","",3.,1,160,1,"","","","","","","","","","","","","","","","","","","","","","","","","","","","",4.8,1,2.5,1,"","","","","","","","","","","","","","","","","","","","","","","","","","",86,1,"","","","","","","","","","","","",7.4,1,1029.9,1,"","","","","","",3,1,0,1,5,1,3,1,0,1,"","","","","","","","","","","","","","","","","","","","","","","","",10000,1,"","",1,1,6,1,"","","","","","","","","","","","","","","","","","","","","","","","","","","","","","","","","","","","","","","","","","","","","","","","","","","","","","","","","","","","","","","","","",""
"54405001","NANCY-OCHEY",48.581,5.959833,336,1982020421,"","","","",3.,1,140,1,"","","","","","","","","","","","","","","","","","","","","","","","","","","","",4.2,1,2.5,1,"","","","","","","","","","","","","","","","","","","","","","","","","","",90,1,"","","","","","","","","","","","",7.4,1,1031.1,1,"","","","","","","","","","","","","","","","","","","","","","","","","","","","","","","","","","","","","","","","","","","","","","","","","","","","","","","","","","","","","","","","","","","","","","","","","","","","","","","","","","","","","","","","","","","","","","","","","","","","","","","","","","","","","","","","","",""
"54405001","NANCY-OCHEY",48.581,5.959833,336,1982020500,"","","","",3.,1,140,1,"","","","","","","","","","","","","","","","","","","","","","","","","","","","",2.3,1,1.2,1,"","","","","","","","","","","","","","","","","","","","","","","","","","",94,1,"","","","","","","","","","","","",6.7,1,1031.9,1,"","","","","","","","","","","","","","","","","","","","","","","","","","","","","","","","","","","","","","","","","","","","","","","","","","","","","","","","","","","","","","","","","","","","","","","","","","","","","","","","","","","","","","","","","","","","","","","","","","","","","","","","","","","","","","","","","",""
"54405001","NANCY-OCHEY",48.581,5.959833,336,1982020503,"","","","",3.,1,140,1,"","","","","","","","","","","","","","","","","","","","","","","","","","","","",2.9,1,1.6,1,"","","","","","","","","","","","","","","","","","","","","","","","","","",93,1,"","","","","","","","","","","","",6.9,1,1032.,1,"","","","","","","","","","","","","","","","","","","","","","","","","","","","","","","","","","","","","","","","","","","","","","","","","","","","","","","","","","","","","","","","","","","","","","","","","","","","","","","","","","","","","","","","","","","","","","","","","","","","","","","","","","","","","","","","","",""
"54405001","NANCY-OCHEY",48.581,5.959833,336,1982020506,"","","","",3.,1,140,1,"","","","","","","","","","","","","","","","","","","","","","","","","","","","",1.2,1,0.6,1,"","","","","","","","","","","","","","","","","","","","","","","","","","",96,1,"","","","","","","","","","","","",6.4,1,1032.5,1,"","","","","","",3,1,0,1,0,1,0,1,1,1,"","","","","","","","","","","","","","","","","","","","","","","","",6000,1,"","",0,1,"","","","",0,1,"","","","","","","","","","","","","","","","","","","","","","","","","","","","","","","","","","","","","","","","","","","","","","","","","","","","","","","","","","","","","",""
"54405001","NANCY-OCHEY",48.581,5.959833,336,1982020509,"","","","",2.,1,140,1,"","","","","","","","","","","","","","","","","","","","","","","","","","","","",3.3,1,1.2,1,"","","","","","","","","","","","","","","","","","","","","","","","","","",87,1,"","","","","","","","","","","","",6.7,1,1032.3,1,"","","","","","",2,1,0,1,0,1,0,1,1,1,"","","","","","","","","","","","","","","","","","","","","","","","",6000,1,"","",1,1,1,1,"","","","","","","","","","","","","","","","","","","","","","","","","","","","","","","","","","","","","","","","","","","","","","","","","","","","","","","","","","","","","","","","","",""
"54405001","NANCY-OCHEY",48.581,5.959833,336,1982020512,"","","","",6.,1,180,1,"","","","","","","","","","","","","","","","","","","","","","","","","","","","",9.6,1,3.6,1,"","","","","","","","","","","","","","","","","","","","","","","","","","",67,1,"","","","","","","","","","","","",8.,1,1030.9,1,"","","","","","",3,1,0,1,0,1,0,1,1,1,"","","","","","","","","","","","","","","","","","","","","","","","",11000,1,"","",3,1,1,1,"","","","","","","","","","","","","","","","","","","","","","","","","","","","","","","","","","","","","","","","","","","","","","","","","","","","","","","","","","","","","","","","","",""
"54405001","NANCY-OCHEY",48.581,5.959833,336,1982020515,"","","","",3.,1,140,1,"","","","","","","","","","","","","","","","","","","","","","","","","","","","",9.9,1,4.5,1,"","","","","","","","","","","","","","","","","","","","","","","","","","",70,1,"","","","","","","","","","","","",8.5,1,1029.8,1,"","","","","","",6,1,6,1,0,1,3,1,1,1,"","","","","","","","","","","","","","","","","","","","","","","","",12000,1,"","",3,1,1,1,"","","","","","","","","","","","","","","","","","","","","","","","","","","","","","","","","","","","","","","","","","","","","","","","","","","","","","","","","","","","","","","","","",""
"54405001","NANCY-OCHEY",48.581,5.959833,336,1982020518,"","","","",3.,1,160,1,"","","","","","","","","","","","","","","","","","","","","","","","","","","","",6.2,1,3.3,1,"","","","","","","","","","","","","","","","","","","","","","","","","","",83,1,"","","","","","","","","","","","",7.8,1,1030.2,1,"","","","","","",6,1,6,1,0,1,3,1,1,1,"","","","","","","","","","","","","","","","","","","","","","","","",9000,1,"","",1,1,1,1,"","","","","","","","","","","","","","","","","","","","","","","","","","","","","","","","","","","","","","","","","","","","","","","","","","","","","","","","","","","","","","","","","",""
"54405001","NANCY-OCHEY",48.581,5.959833,336,1982020521,"","","","",4.,1,160,1,"","","","","","","","","","","","","","","","","","","","","","","","","","","","",6.3,1,3.6,1,"","","","","","","","","","","","","","","","","","","","","","","","","","",84,1,"","","","","","","","","","","","",8.,1,1029.5,1,"","","","","","","","","","","","","","","","","","","","","","","","","","","","","","","","","","","","","","","","","","","","","","","","","","","","","","","","","","","","","","","","","","","","","","","","","","","","","","","","","","","","","","","","","","","","","","","","","","","","","","","","","","","","","","","","","",""
"54405001","NANCY-OCHEY",48.581,5.959833,336,1982020600,"","","","",6.,1,180,1,"","","","","","","","","","","","","","","","","","","","","","","","","","","","",6.1,1,3.1,1,"","","","","","","","","","","","","","","","","","","","","","","","","","",82,1,"","","","","","","","","","","","",7.7,1,1028.9,1,"","","","","","","","","","","","","","","","","","","","","","","","","","","","","","","","","","","","","","","","","","","","","","","","","","","","","","","","","","","","","","","","","","","","","","","","","","","","","","","","","","","","","","","","","","","","","","","","","","","","","","","","","","","","","","","","","",""
"54405001","NANCY-OCHEY",48.581,5.959833,336,1982020603,"","","","",5.,1,180,1,"","","","","","","","","","","","","","","","","","","","","","","","","","","","",5.4,1,2.7,1,"","","","","","","","","","","","","","","","","","","","","","","","","","",84,1,"","","","","","","","","","","","",7.5,1,1027.8,1,"","","","","","","","","","","","","","","","","","","","","","","","","","","","","","","","","","","","","","","","","","","","","","","","","","","","","","","","","","","","","","","","","","","","","","","","","","","","","","","","","","","","","","","","","","","","","","","","","","","","","","","","","","","","","","","","","",""
"54405001","NANCY-OCHEY",48.581,5.959833,336,1982020606,"","","","",3.,1,140,1,"","","","","","","","","","","","","","","","","","","","","","","","","","","","",4.2,1,2.2,1,"","","","","","","","","","","","","","","","","","","","","","","","","","",88,1,"","","","","","","","","","","","",7.2,1,1027.,1,"","","","","","",7,1,7,1,0,1,3,1,8,1,"","","","","","","","","","","","","","","","","","","","","","","","",11000,1,"","",0,1,"","","","",0,1,"","","","","","","","","","","","","","","","","","","","","","","","","","","","","","","","","","","","","","","","","","","","","","","","","","","","","","","","","","","","","",""
"54405001","NANCY-OCHEY",48.581,5.959833,336,1982020609,"","","","",7.,1,220,1,"","","","","","","","","","","","","","","","","","","","","","","","","","","","",5.4,1,2.7,1,"","","","","","","","","","","","","","","","","","","","","","","","","","",84,1,"","","","","","","","","","","","",7.5,1,1027.,1,"","","","","","",8,1,8,1,5,1,7,1,"","","","","","","","","","","","","","","","","","","","","","","","","","",7000,1,"","",60,1,6,1,"","","","","","","","","","","","","","","","","","","","","","","","","","","","","","","","","","","","","","","","","","","","","","","","","","","","","","","","","","","","","","","","","",""
"54405001","NANCY-OCHEY",48.581,5.959833,336,1982020612,"","","","",7.,1,200,1,"","","","","","","","","","","","","","","","","","","","","","","","","","","","",6.5,1,4.8,1,"","","","","","","","","","","","","","","","","","","","","","","","","","",90,1,"","","","","","","","","","","","",8.7,1,1026.2,1,"","","","","","",8,1,8,1,5,1,7,1,"","","","","","","","","","","","","","","","","","","","","","","","","","",7000,1,"","",61,1,6,1,"","","","","","","","","","","","","","","","","","","","","","","","","","","","","","","","","","","","","","","","","","","","","","","","","","","","","","","","","","","","","","","","","",""
"54405001","NANCY-OCHEY",48.581,5.959833,336,1982020615,"","","","",4.,1,220,1,"","","","","","","","","","","","","","","","","","","","","","","","","","","","",6.9,1,4.6,1,"","","","","","","","","","","","","","","","","","","","","","","","","","",86,1,"","","","","","","","","","","","",8.6,1,1025.5,1,"","","","","","",8,1,8,1,5,1,7,1,"","","","","","","","","","","","","","","","","","","","","","","","","","",7000,1,"","",1,1,6,1,"","","","","","","","","","","","","","","","","","","","","","","","","","","","","","","","","","","","","","","","","","","","","","","","","","","","","","","","","","","","","","","","","",""
"54405001","NANCY-OCHEY",48.581,5.959833,336,1982020618,"","","","",2.,1,160,1,"","","","","","","","","","","","","","","","","","","","","","","","","","","","",6.,1,3.8,1,"","","","","","","","","","","","","","","","","","","","","","","","","","",87,1,"","","","","","","","","","","","",8.1,1,1025.4,1,"","","","","","",7,1,6,1,5,1,3,1,"","","","","","","","","","","","","","","","","","","","","","","","","","",7000,1,"","",2,1,6,1,"","","","","","","","","","","","","","","","","","","","","","","","","","","","","","","","","","","","","","","","","","","","","","","","","","","","","","","","","","","","","","","","","",""
"54405001","NANCY-OCHEY",48.581,5.959833,336,1982020621,"","","","",3.,1,180,1,"","","","","","","","","","","","","","","","","","","","","","","","","","","","",4.7,1,2.9,1,"","","","","","","","","","","","","","","","","","","","","","","","","","",90,1,"","","","","","","","","","","","",7.6,1,1025.2,1,"","","","","","","","","","","","","","","","","","","","","","","","","","","","","","","","","","","","","","","","","","","","","","","","","","","","","","","","","","","","","","","","","","","","","","","","","","","","","","","","","","","","","","","","","","","","","","","","","","","","","","","","","","","","","","","","","",""
"54405001","NANCY-OCHEY",48.581,5.959833,336,1982020700,"","","","",4.,1,200,1,"","","","","","","","","","","","","","","","","","","","","","","","","","","","",4.8,1,2.7,1,"","","","","","","","","","","","","","","","","","","","","","","","","","",88,1,"","","","","","","","","","","","",7.5,1,1025.1,1,"","","","","","","","","","","","","","","","","","","","","","","","","","","","","","","","","","","","","","","","","","","","","","","","","","","","","","","","","","","","","","","","","","","","","","","","","","","","","","","","","","","","","","","","","","","","","","","","","","","","","","","","","","","","","","","","","",""
"54405001","NANCY-OCHEY",48.581,5.959833,336,1982020703,"","","","",3.,1,200,1,"","","","","","","","","","","","","","","","","","","","","","","","","","","","",5.2,1,3.4,1,"","","","","","","","","","","","","","","","","","","","","","","","","","",90,1,"","","","","","","","","","","","",7.9,1,1024.2,1,"","","","","","","","","","","","","","","","","","","","","","","","","","","","","","","","","","","","","","","","","","","","","","","","","","","","","","","","","","","","","","","","","","","","","","","","","","","","","","","","","","","","","","","","","","","","","","","","","","","","","","","","","","","","","","","","","",""
"54405001","NANCY-OCHEY",48.581,5.959833,336,1982020706,"","","","",3.,1,220,1,"","","","","","","","","","","","","","","","","","","","","","","","","","","","",5.2,1,4.,1,"","","","","","","","","","","","","","","","","","","","","","","","","","",93,1,"","","","","","","","","","","","",8.2,1,1024.6,1,"","","","","","",6,1,5,1,5,1,0,1,0,1,"","","","","","","","","","","","","","","","","","","","","","","","",6000,1,"","",0,1,"","","","",0,1,"","","","","","","","","","","","","","","","","","","","","","","","","","","","","","","","","","","","","","","","","","","","","","","","","","","","","","","","","","","","","",""
"54405001","NANCY-OCHEY",48.581,5.959833,336,1982020709,"","","","",0.,1,0,1,"","","","","","","","","","","","","","","","","","","","","","","","","","","","",6.3,1,5.1,1,"","","","","","","","","","","","","","","","","","","","","","","","","","",93,1,"","","","","","","","","","","","",8.9,1,1024.5,1,"","","","","","",6,1,5,1,5,1,0,1,1,1,"","","","","","","","","","","","","","","","","","","","","","","","",5000,1,"","",3,1,2,1,"","","","","","","","","","","","","","","","","","","","","","","","","","","","","","","","","","","","","","","","","","","","","","","","","","","","","","","","","","","","","","","","","",""
"54405001","NANCY-OCHEY",48.581,5.959833,336,1982020712,"","","","",3.,1,180,1,"","","","","","","","","","","","","","","","","","","","","","","","","","","","",10.8,1,6.3,1,"","","","","","","","","","","","","","","","","","","","","","","","","","",74,1,"","","","","","","","","","","","",9.7,1,1023.2,1,"","","","","","",5,1,0,1,8,1,3,1,1,1,"","","","","","","","","","","","","","","","","","","","","","","","",7000,1,"","",1,1,2,1,"","","","","","","","","","","","","","","","","","","","","","","","","","","","","","","","","","","","","","","","","","","","","","","","","","","","","","","","","","","","","","","","","",""
"54405001","NANCY-OCHEY",48.581,5.959833,336,1982020715,"","","","",3.,1,180,1,"","","","","","","","","","","","","","","","","","","","","","","","","","","","",8.5,1,7.2,1,"","","","","","","","","","","","","","","","","","","","","","","","","","",93,1,"","","","","","","","","","","","",10.3,1,1022.5,1,"","","","","","",8,1,5,1,5,1,7,1,"","","","","","","","","","","","","","","","","","","","","","","","","","",5000,1,"","",61,1,6,1,"","","","","","","","","","","","","","","","","","","","","","","","","","","","","","","","","","","","","","","","","","","","","","","","","","","","","","","","","","","","","","","","","",""
"54405001","NANCY-OCHEY",48.581,5.959833,336,1982020718,"","","","",3.,1,200,1,"","","","","","","","","","","","","","","","","","","","","","","","","","","","",7.3,1,6.6,1,"","","","","","","","","","","","","","","","","","","","","","","","","","",97,1,"","","","","","","","","","","","",9.9,1,1021.5,1,"","","","","","",8,1,8,1,6,1,"","","","","","","","","","","","","","","","","","","","","","","","","","","","",1400,1,"","",10,1,6,1,"","","","","","","","","","","","","","","","","","","","","","","","","","","","","","","","","","","","","","","","","","","","","","","","","","","","","","","","","","","","","","","","","",""
"54405001","NANCY-OCHEY",48.581,5.959833,336,1982020721,"","","","",3.,1,140,1,"","","","","","","","","","","","","","","","","","","","","","","","","","","","",6.5,1,5.7,1,"","","","","","","","","","","","","","","","","","","","","","","","","","",97,1,"","","","","","","","","","","","",9.3,1,1020.8,1,"","","","","","","","","","","","","","","","","","","","","","","","","","","","","","","","","","","","","","","","","","","","","","","","","","","","","","","","","","","","","","","","","","","","","","","","","","","","","","","","","","","","","","","","","","","","","","","","","","","","","","","","","","","","","","","","","",""
"54405001","NANCY-OCHEY",48.581,5.959833,336,1982020800,"","","","",5.,1,200,1,"","","","","","","","","","","","","","","","","","","","","","","","","","","","",7.1,1,5.7,1,"","","","","","","","","","","","","","","","","","","","","","","","","","",93,1,"","","","","","","","","","","","",9.3,1,1019.7,1,"","","","","","","","","","","","","","","","","","","","","","","","","","","","","","","","","","","","","","","","","","","","","","","","","","","","","","","","","","","","","","","","","","","","","","","","","","","","","","","","","","","","","","","","","","","","","","","","","","","","","","","","","","","","","","","","","",""
"54405001","NANCY-OCHEY",48.581,5.959833,336,1982020803,"","","","",5.,1,200,1,"","","","","","","","","","","","","","","","","","","","","","","","","","","","",6.4,1,4.6,1,"","","","","","","","","","","","","","","","","","","","","","","","","","",90,1,"","","","","","","","","","","","",8.6,1,1019.,1,"","","","","","","","","","","","","","","","","","","","","","","","","","","","","","","","","","","","","","","","","","","","","","","","","","","","","","","","","","","","","","","","","","","","","","","","","","","","","","","","","","","","","","","","","","","","","","","","","","","","","","","","","","","","","","","","","",""
"54405001","NANCY-OCHEY",48.581,5.959833,336,1982020806,"","","","",6.,1,220,1,"","","","","","","","","","","","","","","","","","","","","","","","","","","","",5.4,1,4.,1,"","","","","","","","","","","","","","","","","","","","","","","","","","",92,1,"","","","","","","","","","","","",8.2,1,1019.2,1,"","","","","","",8,1,7,1,5,1,"","","","","","","","","","","","","","","","","","","","","","","","","","","","",4000,1,"","",10,1,"","","","",0,1,"","","","","","","","","","","","","","","","","","","","","","","","","","","","","","","","","","","","","","","","","","","","","","","","","","","","","","","","","","","","","",""
"54405001","NANCY-OCHEY",48.581,5.959833,336,1982020809,"","","","",7.,1,260,1,"","","","","","","","","","","","","","","","","","","","","","","","","","","","",5.8,1,3.6,1,"","","","","","","","","","","","","","","","","","","","","","","","","","",87,1,"","","","","","","","","","","","",8.,1,1020.4,1,"","","","","","",8,1,7,1,8,1,"","","","","","","","","","","","","","","","","","","","","","","","","","","","",8000,1,"","",61,1,6,1,"","","","","","","","","","","","","","","","","","","","","","","","","","","","","","","","","","","","","","","","","","","","","","","","","","","","","","","","","","","","","","","","","",""
"54405001","NANCY-OCHEY",48.581,5.959833,336,1982020812,"","","","",7.,1,300,1,"","","","","","","","","","","","","","","","","","","","","","","","","","","","",7.9,1,3.3,1,"","","","","","","","","","","","","","","","","","","","","","","","","","",73,1,"","","","","","","","","","","","",7.8,1,1021.9,1,"","","","","","",7,1,6,1,8,1,"","","","","","","","","","","","","","","","","","","","","","","","","","","","",25000,1,"","",1,1,6,1,"","","","","","","","","","","","","","","","","","","","","","","","","","","","","","","","","","","","","","","","","","","","","","","","","","","","","","","","","","","","","","","","","",""
"54405001","NANCY-OCHEY",48.581,5.959833,336,1982020815,"","","","",4.,1,300,1,"","","","","","","","","","","","","","","","","","","","","","","","","","","","",7.3,1,2.5,1,"","","","","","","","","","","","","","","","","","","","","","","","","","",72,1,"","","","","","","","","","","","",7.4,1,1023.,1,"","","","","","",4,1,0,1,8,1,0,1,1,1,"","","","","","","","","","","","","","","","","","","","","","","","",25000,1,"","",1,1,8,1,"","","","","","","","","","","","","","","","","","","","","","","","","","","","","","","","","","","","","","","","","","","","","","","","","","","","","","","","","","","","","","","","","",""
"54405001","NANCY-OCHEY",48.581,5.959833,336,1982020818,"","","","",3.,1,260,1,"","","","","","","","","","","","","","","","","","","","","","","","","","","","",5.2,1,2.,1,"","","","","","","","","","","","","","","","","","","","","","","","","","",80,1,"","","","","","","","","","","","",7.1,1,1025.2,1,"","","","","","",7,1,7,1,4,1,3,1,"","","","","","","","","","","","","","","","","","","","","","","","","","",20000,1,"","",3,1,8,1,"","","","","","","","","","","","","","","","","","","","","","","","","","","","","","","","","","","","","","","","","","","","","","","","","","","","","","","","","","","","","","","","","",""
"54405001","NANCY-OCHEY",48.581,5.959833,336,1982020821,"","","","",3.,1,220,1,"","","","","","","","","","","","","","","","","","","","","","","","","","","","",4.3,1,1.6,1,"","","","","","","","","","","","","","","","","","","","","","","","","","",84,1,"","","","","","","","","","","","",6.9,1,1026.4,1,"","","","","","","","","","","","","","","","","","","","","","","","","","","","","","","","","","","","","","","","","","","","","","","","","","","","","","","","","","","","","","","","","","","","","","","","","","","","","","","","","","","","","","","","","","","","","","","","","","","","","","","","","","","","","","","","","",""
"54405001","NANCY-OCHEY",48.581,5.959833,336,1982020900,"","","","",2.,1,180,1,"","","","","","","","","","","","","","","","","","","","","","","","","","","","",4.2,1,1.8,1,"","","","","","","","","","","","","","","","","","","","","","","","","","",85,1,"","","","","","","","","","","","",7.,1,1026.7,1,"","","","","","","","","","","","","","","","","","","","","","","","","","","","","","","","","","","","","","","","","","","","","","","","","","","","","","","","","","","","","","","","","","","","","","","","","","","","","","","","","","","","","","","","","","","","","","","","","","","","","","","","","","","","","","","","","",""
"54405001","NANCY-OCHEY",48.581,5.959833,336,1982020903,"","","","",3.,1,200,1,"","","","","","","","","","","","","","","","","","","","","","","","","","","","",2.5,1,0.6,1,"","","","","","","","","","","","","","","","","","","","","","","","","","",88,1,"","","","","","","","","","","","",6.4,1,1027.,1,"","","","","","","","","","","","","","","","","","","","","","","","","","","","","","","","","","","","","","","","","","","","","","","","","","","","","","","","","","","","","","","","","","","","","","","","","","","","","","","","","","","","","","","","","","","","","","","","","","","","","","","","","","","","","","","","","",""
"54405001","NANCY-OCHEY",48.581,5.959833,336,1982020906,"","","","",3.,1,160,1,"","","","","","","","","","","","","","","","","","","","","","","","","","","","",1.8,1,0.,1,"","","","","","","","","","","","","","","","","","","","","","","","","","",88,1,"","","","","","","","","","","","",6.1,1,1027.4,1,"","","","","","",3,1,0,1,0,1,3,1,0,1,"","","","","","","","","","","","","","","","","","","","","","","","",14000,1,"","",0,1,"","","","",0,1,"","","","","","","","","","","","","","","","","","","","","","","","","","","","","","","","","","","","","","","","","","","","","","","","","","","","","","","","","","","","","",""
"54405001","NANCY-OCHEY",48.581,5.959833,336,1982020909,"","","","",1.,1,220,1,"","","","","","","","","","","","","","","","","","","","","","","","","","","","",3.6,1,1.4,1,"","","","","","","","","","","","","","","","","","","","","","","","","","",86,1,"","","","","","","","","","","","",6.8,1,1028.2,1,"","","","","","",7,1,7,1,0,1,3,1,"","","","","","","","","","","","","","","","","","","","","","","","","","",16000,1,"","",1,1,1,1,"","","","","","","","","","","","","","","","","","","","","","","","","","","","","","","","","","","","","","","","","","","","","","","","","","","","","","","","","","","","","","","","","",""
"54405001","NANCY-OCHEY",48.581,5.959833,336,1982020912,"","","","",4.,1,220,1,"","","","","","","","","","","","","","","","","","","","","","","","","","","","",9.8,1,3.3,1,"","","","","","","","","","","","","","","","","","","","","","","","","","",65,1,"","","","","","","","","","","","",7.8,1,1027.8,1,"","","","","","",6,1,6,1,0,1,3,1,1,1,"","","","","","","","","","","","","","","","","","","","","","","","",20000,1,"","",3,1,1,1,"","","","","","","","","","","","","","","","","","","","","","","","","","","","","","","","","","","","","","","","","","","","","","","","","","","","","","","","","","","","","","","","","",""
"54405001","NANCY-OCHEY",48.581,5.959833,336,1982020915,"","","","",1.,1,80,1,"","","","","","","","","","","","","","","","","","","","","","","","","","","","",11.8,1,2.4,1,"","","","","","","","","","","","","","","","","","","","","","","","","","",53,1,"","","","","","","","","","","","",7.3,1,1026.8,1,"","","","","","",6,1,6,1,0,1,3,1,1,1,"","","","","","","","","","","","","","","","","","","","","","","","",25000,1,"","",1,1,2,1,"","","","","","","","","","","","","","","","","","","","","","","","","","","","","","","","","","","","","","","","","","","","","","","","","","","","","","","","","","","","","","","","","",""
"54405001","NANCY-OCHEY",48.581,5.959833,336,1982020918,"","","","",2.,1,140,1,"","","","","","","","","","","","","","","","","","","","","","","","","","","","",6.,1,2.5,1,"","","","","","","","","","","","","","","","","","","","","","","","","","",80,1,"","","","","","","","","","","","",7.4,1,1027.7,1,"","","","","","",5,1,0,1,0,1,3,1,1,1,"","","","","","","","","","","","","","","","","","","","","","","","",15000,1,"","",1,1,2,1,"","","","","","","","","","","","","","","","","","","","","","","","","","","","","","","","","","","","","","","","","","","","","","","","","","","","","","","","","","","","","","","","","",""
"54405001","NANCY-OCHEY",48.581,5.959833,336,1982020921,"","","","",3.,1,120,1,"","","","","","","","","","","","","","","","","","","","","","","","","","","","",3.2,1,1.,1,"","","","","","","","","","","","","","","","","","","","","","","","","","",87,1,"","","","","","","","","","","","",6.6,1,1027.5,1,"","","","","","","","","","","","","","","","","","","","","","","","","","","","","","","","","","","","","","","","","","","","","","","","","","","","","","","","","","","","","","","","","","","","","","","","","","","","","","","","","","","","","","","","","","","","","","","","","","","","","","","","","","","","","","","","","",""
"54405001","NANCY-OCHEY",48.581,5.959833,336,1982021000,"","","","",0.,1,0,1,"","","","","","","","","","","","","","","","","","","","","","","","","","","","",0.8,1,0.1,1,"","","","","","","","","","","","","","","","","","","","","","","","","","",96,1,"","","","","","","","","","","","",6.2,1,1027.5,1,"","","","","","","","","","","","","","","","","","","","","","","","","","","","","","","","","","","","","","","","","","","","","","","","","","","","","","","","","","","","","","","","","","","","","","","","","","","","","","","","","","","","","","","","","","","","","","","","","","","","","","","","","","","","","","","","","",""
"54405001","NANCY-OCHEY",48.581,5.959833,336,1982021003,"","","","",4.,1,140,1,"","","","","","","","","","","","","","","","","","","","","","","","","","","","",0.9,1,0.,1,"","","","","","","","","","","","","","","","","","","","","","","","","","",94,1,"","","","","","","","","","","","",6.1,1,1026.7,1,"","","","","","","","","","","","","","","","","","","","","","","","","","","","","","","","","","","","","","","","","","","","","","","","","","","","","","","","","","","","","","","","","","","","","","","","","","","","","","","","","","","","","","","","","","","","","","","","","","","","","","","","","","","","","","","","","",""
"54405001","NANCY-OCHEY",48.581,5.959833,336,1982021006,"","","","",2.,1,140,1,"","","","","","","","","","","","","","","","","","","","","","","","","","","","",1.8,1,-2.1,1,"","","","","","","","","","","","","","","","","","","","","","","","","","",75,1,"","","","","","","","","","","","",5.2,1,1026.4,1,"","","","","","",3,1,0,1,0,1,3,1,1,1,"","","","","","","","","","","","","","","","","","","","","","","","",13000,1,"","",2,1,0,1,"","",0,1,"","","","","","","","","","","","","","","","","","","","","","","","","","","","","","","","","","","","","","","","","","","","","","","","","","","","","","","","","","","","","",""
"54405001","NANCY-OCHEY",48.581,5.959833,336,1982021009,"","","","",1.,1,160,1,"","","","","","","","","","","","","","","","","","","","","","","","","","","","",6.2,1,-0.2,1,"","","","","","","","","","","","","","","","","","","","","","","","","","",64,1,"","","","","","","","","","","","",6.,1,1026.1,1,"","","","","","",5,1,5,1,0,1,3,1,1,1,"","","","","","","","","","","","","","","","","","","","","","","","",14000,1,"","",3,1,1,1,"","","","","","","","","","","","","","","","","","","","","","","","","","","","","","","","","","","","","","","","","","","","","","","","","","","","","","","","","","","","","","","","","",""
"54405001","NANCY-OCHEY",48.581,5.959833,336,1982021012,"","","","",6.,1,160,1,"","","","","","","","","","","","","","","","","","","","","","","","","","","","",11.8,1,1.4,1,"","","","","","","","","","","","","","","","","","","","","","","","","","",49,1,"","","","","","","","","","","","",6.8,1,1024.3,1,"","","","","","",6,1,6,1,0,1,3,1,1,1,"","","","","","","","","","","","","","","","","","","","","","","","",15000,1,"","",2,1,1,1,"","","","","","","","","","","","","","","","","","","","","","","","","","","","","","","","","","","","","","","","","","","","","","","","","","","","","","","","","","","","","","","","","",""
"54405001","NANCY-OCHEY",48.581,5.959833,336,1982021015,"","","","",6.,1,180,1,"","","","","","","","","","","","","","","","","","","","","","","","","","","","",11.6,1,2.,1,"","","","","","","","","","","","","","","","","","","","","","","","","","",52,1,"","","","","","","","","","","","",7.1,1,1023.2,1,"","","","","","",6,1,5,1,0,1,3,1,1,1,"","","","","","","","","","","","","","","","","","","","","","","","",12000,1,"","",3,1,2,1,"","","","","","","","","","","","","","","","","","","","","","","","","","","","","","","","","","","","","","","","","","","","","","","","","","","","","","","","","","","","","","","","","",""
"54405001","NANCY-OCHEY",48.581,5.959833,336,1982021018,"","","","",3.,1,160,1,"","","","","","","","","","","","","","","","","","","","","","","","","","","","",7.9,1,2.7,1,"","","","","","","","","","","","","","","","","","","","","","","","","","",70,1,"","","","","","","","","","","","",7.5,1,1024.3,1,"","","","","","",1,1,0,1,0,1,3,1,0,1,"","","","","","","","","","","","","","","","","","","","","","","","",12000,1,"","",1,1,1,1,"","","","","","","","","","","","","","","","","","","","","","","","","","","","","","","","","","","","","","","","","","","","","","","","","","","","","","","","","","","","","","","","","",""
"54405001","NANCY-OCHEY",48.581,5.959833,336,1982021021,"","","","",3.,1,180,1,"","","","","","","","","","","","","","","","","","","","","","","","","","","","",7.2,1,4.3,1,"","","","","","","","","","","","","","","","","","","","","","","","","","",83,1,"","","","","","","","","","","","",8.4,1,1024.4,1,"","","","","","","","","","","","","","","","","","","","","","","","","","","","","","","","","","","","","","","","","","","","","","","","","","","","","","","","","","","","","","","","","","","","","","","","","","","","","","","","","","","","","","","","","","","","","","","","","","","","","","","","","","","","","","","","","",""
"54405001","NANCY-OCHEY",48.581,5.959833,336,1982021100,"","","","",3.,1,160,1,"","","","","","","","","","","","","","","","","","","","","","","","","","","","",5.8,1,2.5,1,"","","","","","","","","","","","","","","","","","","","","","","","","","",81,1,"","","","","","","","","","","","",7.4,1,1024.9,1,"","","","","","","","","","","","","","","","","","","","","","","","","","","","","","","","","","","","","","","","","","","","","","","","","","","","","","","","","","","","","","","","","","","","","","","","","","","","","","","","","","","","","","","","","","","","","","","","","","","","","","","","","","","","","","","","","",""
"54405001","NANCY-OCHEY",48.581,5.959833,336,1982021103,"","","","",4.,1,160,1,"","","","","","","","","","","","","","","","","","","","","","","","","","","","",5.4,1,2.,1,"","","","","","","","","","","","","","","","","","","","","","","","","","",80,1,"","","","","","","","","","","","",7.1,1,1025.2,1,"","","","","","","","","","","","","","","","","","","","","","","","","","","","","","","","","","","","","","","","","","","","","","","","","","","","","","","","","","","","","","","","","","","","","","","","","","","","","","","","","","","","","","","","","","","","","","","","","","","","","","","","","","","","","","","","","",""
"54405001","NANCY-OCHEY",48.581,5.959833,336,1982021106,"","","","",3.,1,140,1,"","","","","","","","","","","","","","","","","","","","","","","","","","","","",3.3,1,0.8,1,"","","","","","","","","","","","","","","","","","","","","","","","","","",84,1,"","","","","","","","","","","","",6.5,1,1025.7,1,"","","","","","",3,1,0,1,0,1,0,1,1,1,"","","","","","","","","","","","","","","","","","","","","","","","",8000,1,"","",0,1,"","","","",0,1,"","","","","","","","","","","","","","","","","","","","","","","","","","","","","","","","","","","","","","","","","","","","","","","","","","","","","","","","","","","","","",""
"54405001","NANCY-OCHEY",48.581,5.959833,336,1982021109,"","","","",1.,1,140,1,"","","","","","","","","","","","","","","","","","","","","","","","","","","","",5.6,1,2.2,1,"","","","","","","","","","","","","","","","","","","","","","","","","","",79,1,"","","","","","","","","","","","",7.2,1,1025.5,1,"","","","","","",2,1,0,1,0,1,0,1,1,1,"","","","","","","","","","","","","","","","","","","","","","","","",8000,1,"","",2,1,0,1,"","","","","","","","","","","","","","","","","","","","","","","","","","","","","","","","","","","","","","","","","","","","","","","","","","","","","","","","","","","","","","","","","",""
"54405001","NANCY-OCHEY",48.581,5.959833,336,1982021112,"","","","",5.,1,160,1,"","","","","","","","","","","","","","","","","","","","","","","","","","","","",11.,1,2.9,1,"","","","","","","","","","","","","","","","","","","","","","","","","","",58,1,"","","","","","","","","","","","",7.6,1,1024.3,1,"","","","","","",6,1,6,1,0,1,0,1,1,1,"","","","","","","","","","","","","","","","","","","","","","","","",10000,1,"","",2,1,1,1,"","","","","","","","","","","","","","","","","","","","","","","","","","","","","","","","","","","","","","","","","","","","","","","","","","","","","","","","","","","","","","","","","",""
"54405001","NANCY-OCHEY",48.581,5.959833,336,1982021115,"","","","",4.,1,160,1,"","","","","","","","","","","","","","","","","","","","","","","","","","","","",11.8,1,2.5,1,"","","","","","","","","","","","","","","","","","","","","","","","","","",54,1,"","","","","","","","","","","","",7.4,1,1023.2,1,"","","","","","",5,1,5,1,0,1,0,1,1,1,"","","","","","","","","","","","","","","","","","","","","","","","",13000,1,"","",2,1,2,1,"","","","","","","","","","","","","","","","","","","","","","","","","","","","","","","","","","","","","","","","","","","","","","","","","","","","","","","","","","","","","","","","","",""
"54405001","NANCY-OCHEY",48.581,5.959833,336,1982021118,"","","","",4.,1,200,1,"","","","","","","","","","","","","","","","","","","","","","","","","","","","",8.2,1,2.,1,"","","","","","","","","","","","","","","","","","","","","","","","","","",65,1,"","","","","","","","","","","","",7.1,1,1024.1,1,"","","","","","",6,1,6,1,0,1,0,1,1,1,"","","","","","","","","","","","","","","","","","","","","","","","",12000,1,"","",2,1,2,1,"","","","","","","","","","","","","","","","","","","","","","","","","","","","","","","","","","","","","","","","","","","","","","","","","","","","","","","","","","","","","","","","","",""
"54405001","NANCY-OCHEY",48.581,5.959833,336,1982021121,"","","","",5.,1,180,1,"","","","","","","","","","","","","","","","","","","","","","","","","","","","",7.7,1,1.8,1,"","","","","","","","","","","","","","","","","","","","","","","","","","",67,1,"","","","","","","","","","","","",7.,1,1024.8,1,"","","","","","","","","","","","","","","","","","","","","","","","","","","","","","","","","","","","","","","","","","","","","","","","","","","","","","","","","","","","","","","","","","","","","","","","","","","","","","","","","","","","","","","","","","","","","","","","","","","","","","","","","","","","","","","","","",""
"54405001","NANCY-OCHEY",48.581,5.959833,336,1982021200,"","","","",2.,1,160,1,"","","","","","","","","","","","","","","","","","","","","","","","","","","","",5.7,1,1.2,1,"","","","","","","","","","","","","","","","","","","","","","","","","","",74,1,"","","","","","","","","","","","",6.7,1,1025.9,1,"","","","","","","","","","","","","","","","","","","","","","","","","","","","","","","","","","","","","","","","","","","","","","","","","","","","","","","","","","","","","","","","","","","","","","","","","","","","","","","","","","","","","","","","","","","","","","","","","","","","","","","","","","","","","","","","","",""
"54405001","NANCY-OCHEY",48.581,5.959833,336,1982021203,"","","","",3.,1,160,1,"","","","","","","","","","","","","","","","","","","","","","","","","","","","",4.8,1,1.,1,"","","","","","","","","","","","","","","","","","","","","","","","","","",77,1,"","","","","","","","","","","","",6.6,1,1026.,1,"","","","","","","","","","","","","","","","","","","","","","","","","","","","","","","","","","","","","","","","","","","","","","","","","","","","","","","","","","","","","","","","","","","","","","","","","","","","","","","","","","","","","","","","","","","","","","","","","","","","","","","","","","","","","","","","","",""
"54405001","NANCY-OCHEY",48.581,5.959833,336,1982021206,"","","","",1.,1,180,1,"","","","","","","","","","","","","","","","","","","","","","","","","","","","",3.1,1,0.6,1,"","","","","","","","","","","","","","","","","","","","","","","","","","",84,1,"","","","","","","","","","","","",6.4,1,1026.6,1,"","","","","","",4,1,0,1,0,1,0,1,1,1,"","","","","","","","","","","","","","","","","","","","","","","","",8000,1,"","",0,1,"","","","",0,1,"","","","","","","","","","","","","","","","","","","","","","","","","","","","","","","","","","","","","","","","","","","","","","","","","","","","","","","","","","","","","",""
"54405001","NANCY-OCHEY",48.581,5.959833,336,1982021209,"","","","",3.,1,160,1,"","","","","","","","","","","","","","","","","","","","","","","","","","","","",4.6,1,1.4,1,"","","","","","","","","","","","","","","","","","","","","","","","","","",80,1,"","","","","","","","","","","","",6.8,1,1027.2,1,"","","","","","",6,1,6,1,5,1,0,1,0,1,"","","","","","","","","","","","","","","","","","","","","","","","",5000,1,"","",3,1,1,1,"","","","","","","","","","","","","","","","","","","","","","","","","","","","","","","","","","","","","","","","","","","","","","","","","","","","","","","","","","","","","","","","","",""
"54405001","NANCY-OCHEY",48.581,5.959833,336,1982021212,"","","","",3.,1,240,1,"","","","","","","","","","","","","","","","","","","","","","","","","","","","",11.2,1,5.1,1,"","","","","","","","","","","","","","","","","","","","","","","","","","",66,1,"","","","","","","","","","","","",8.9,1,1025.3,1,"","","","","","",3,1,0,1,5,1,0,1,1,1,"","","","","","","","","","","","","","","","","","","","","","","","",8000,1,"","",3,1,1,1,"","","","","","","","","","","","","","","","","","","","","","","","","","","","","","","","","","","","","","","","","","","","","","","","","","","","","","","","","","","","","","","","","",""
"54405001","NANCY-OCHEY",48.581,5.959833,336,1982021215,"","","","",3.,1,140,1,"","","","","","","","","","","","","","","","","","","","","","","","","","","","",10.4,1,4.1,1,"","","","","","","","","","","","","","","","","","","","","","","","","","",66,1,"","","","","","","","","","","","",8.3,1,1023.5,1,"","","","","","",2,1,0,1,0,1,0,1,1,1,"","","","","","","","","","","","","","","","","","","","","","","","",8000,1,"","",2,1,0,1,"","","","","","","","","","","","","","","","","","","","","","","","","","","","","","","","","","","","","","","","","","","","","","","","","","","","","","","","","","","","","","","","","",""
"54405001","NANCY-OCHEY",48.581,5.959833,336,1982021218,"","","","",1.,1,140,1,"","","","","","","","","","","","","","","","","","","","","","","","","","","","",5.9,1,3.1,1,"","","","","","","","","","","","","","","","","","","","","","","","","","",83,1,"","","","","","","","","","","","",7.7,1,1023.7,1,"","","","","","",2,1,0,1,0,1,0,1,1,1,"","","","","","","","","","","","","","","","","","","","","","","","",6000,1,"","",2,1,0,1,"","","","","","","","","","","","","","","","","","","","","","","","","","","","","","","","","","","","","","","","","","","","","","","","","","","","","","","","","","","","","","","","","",""
"54405001","NANCY-OCHEY",48.581,5.959833,336,1982021221,"","","","",2.,1,140,1,"","","","","","","","","","","","","","","","","","","","","","","","","","","","",4.3,1,1.8,1,"","","","","","","","","","","","","","","","","","","","","","","","","","",85,1,"","","","","","","","","","","","",7.,1,1022.7,1,"","","","","","","","","","","","","","","","","","","","","","","","","","","","","","","","","","","","","","","","","","","","","","","","","","","","","","","","","","","","","","","","","","","","","","","","","","","","","","","","","","","","","","","","","","","","","","","","","","","","","","","","","","","","","","","","","",""
"54405001","NANCY-OCHEY",48.581,5.959833,336,1982021300,"","","","",4.,1,140,1,"","","","","","","","","","","","","","","","","","","","","","","","","","","","",2.6,1,0.,1,"","","","","","","","","","","","","","","","","","","","","","","","","","",84,1,"","","","","","","","","","","","",6.1,1,1022.1,1,"","","","","","","","","","","","","","","","","","","","","","","","","","","","","","","","","","","","","","","","","","","","","","","","","","","","","","","","","","","","","","","","","","","","","","","","","","","","","","","","","","","","","","","","","","","","","","","","","","","","","","","","","","","","","","","","","",""
"54405001","NANCY-OCHEY",48.581,5.959833,336,1982021303,"","","","",3.,1,140,1,"","","","","","","","","","","","","","","","","","","","","","","","","","","","",4.3,1,1.8,1,"","","","","","","","","","","","","","","","","","","","","","","","","","",85,1,"","","","","","","","","","","","",7.,1,1020.7,1,"","","","","","","","","","","","","","","","","","","","","","","","","","","","","","","","","","","","","","","","","","","","","","","","","","","","","","","","","","","","","","","","","","","","","","","","","","","","","","","","","","","","","","","","","","","","","","","","","","","","","","","","","","","","","","","","","",""
"54405001","NANCY-OCHEY",48.581,5.959833,336,1982021306,"","","","",7.,1,180,1,"","","","","","","","","","","","","","","","","","","","","","","","","","","","",4.5,1,2.4,1,"","","","","","","","","","","","","","","","","","","","","","","","","","",86,1,"","","","","","","","","","","","",7.3,1,1019.6,1,"","","","","","",1,1,0,1,0,1,3,1,0,1,"","","","","","","","","","","","","","","","","","","","","","","","",9000,1,"","",3,1,0,1,"","",0,1,"","","","","","","","","","","","","","","","","","","","","","","","","","","","","","","","","","","","","","","","","","","","","","","","","","","","","","","","","","","","","",""
"54405001","NANCY-OCHEY",48.581,5.959833,336,1982021309,"","","","",7.,1,180,1,"","","","","","","","","","","","","","","","","","","","","","","","","","","","",6.8,1,3.4,1,"","","","","","","","","","","","","","","","","","","","","","","","","","",80,1,"","","","","","","","","","","","",7.9,1,1018.8,1,"","","","","","",0,1,"","",0,1,0,1,0,1,"","","","","","","","","","","","","","","","","","","","","","","","",10000,1,"","",1,1,0,1,"","","","","","","","","","","","","","","","","","","","","","","","","","","","","","","","","","","","","","","","","","","","","","","","","","","","","","","","","","","","","","","","","",""
"54405001","NANCY-OCHEY",48.581,5.959833,336,1982021312,"","","","",9.,1,180,1,"","","","","","","","","","","","","","","","","","","","","","","","","","","","",10.3,1,3.4,1,"","","","","","","","","","","","","","","","","","","","","","","","","","",63,1,"","","","","","","","","","","","",7.9,1,1016.8,1,"","","","","","",0,1,"","",0,1,0,1,0,1,"","","","","","","","","","","","","","","","","","","","","","","","",15000,1,"","",2,1,0,1,"","","","","","","","","","","","","","","","","","","","","","","","","","","","","","","","","","","","","","","","","","","","","","","","","","","","","","","","","","","","","","","","","",""
"54405001","NANCY-OCHEY",48.581,5.959833,336,1982021315,"","","","",6.,1,180,1,"","","","","","","","","","","","","","","","","","","","","","","","","","","","",11.3,1,3.4,1,"","","","","","","","","","","","","","","","","","","","","","","","","","",59,1,"","","","","","","","","","","","",7.9,1,1014.6,1,"","","","","","",1,1,0,1,5,1,0,1,0,1,"","","","","","","","","","","","","","","","","","","","","","","","",16000,1,"","",1,1,0,1,"","","","","","","","","","","","","","","","","","","","","","","","","","","","","","","","","","","","","","","","","","","","","","","","","","","","","","","","","","","","","","","","","",""
"54405001","NANCY-OCHEY",48.581,5.959833,336,1982021318,"","","","",1.,1,160,1,"","","","","","","","","","","","","","","","","","","","","","","","","","","","",7.2,1,4.5,1,"","","","","","","","","","","","","","","","","","","","","","","","","","",84,1,"","","","","","","","","","","","",8.5,1,1014.8,1,"","","","","","",4,1,0,1,0,1,3,1,0,1,"","","","","","","","","","","","","","","","","","","","","","","","",12000,1,"","",3,1,0,1,"","","","","","","","","","","","","","","","","","","","","","","","","","","","","","","","","","","","","","","","","","","","","","","","","","","","","","","","","","","","","","","","","",""
"54405001","NANCY-OCHEY",48.581,5.959833,336,1982021321,"","","","",4.,1,160,1,"","","","","","","","","","","","","","","","","","","","","","","","","","","","",6.4,1,3.8,1,"","","","","","","","","","","","","","","","","","","","","","","","","","",85,1,"","","","","","","","","","","","",8.1,1,1015.1,1,"","","","","","","","","","","","","","","","","","","","","","","","","","","","","","","","","","","","","","","","","","","","","","","","","","","","","","","","","","","","","","","","","","","","","","","","","","","","","","","","","","","","","","","","","","","","","","","","","","","","","","","","","","","","","","","","","",""
"54405001","NANCY-OCHEY",48.581,5.959833,336,1982021400,"","","","",4.,1,180,1,"","","","","","","","","","","","","","","","","","","","","","","","","","","","",6.1,1,3.4,1,"","","","","","","","","","","","","","","","","","","","","","","","","","",85,1,"","","","","","","","","","","","",7.9,1,1015.1,1,"","","","","","","","","","","","","","","","","","","","","","","","","","","","","","","","","","","","","","","","","","","","","","","","","","","","","","","","","","","","","","","","","","","","","","","","","","","","","","","","","","","","","","","","","","","","","","","","","","","","","","","","","","","","","","","","","",""
"54405001","NANCY-OCHEY",48.581,5.959833,336,1982021403,"","","","",3.,1,180,1,"","","","","","","","","","","","","","","","","","","","","","","","","","","","",5.8,1,4.6,1,"","","","","","","","","","","","","","","","","","","","","","","","","","",94,1,"","","","","","","","","","","","",8.6,1,1015.2,1,"","","","","","","","","","","","","","","","","","","","","","","","","","","","","","","","","","","","","","","","","","","","","","","","","","","","","","","","","","","","","","","","","","","","","","","","","","","","","","","","","","","","","","","","","","","","","","","","","","","","","","","","","","","","","","","","","",""
"54405001","NANCY-OCHEY",48.581,5.959833,336,1982021406,"","","","",3.,1,280,1,"","","","","","","","","","","","","","","","","","","","","","","","","","","","",5.,1,4.,1,"","","","","","","","","","","","","","","","","","","","","","","","","","",95,1,"","","","","","","","","","","","",8.2,1,1015.5,1,"","","","","","",8,1,7,1,5,1,"","","","","","","","","","","","","","","","","","","","","","","","","","","","",7000,1,"","",61,1,6,1,"","",0,1,"","","","","","","","","","","","","","","","","","","","","","","","","","","","","","","","","","","","","","","","","","","","","","","","","","","","","","","","","","","","","",""
"54405001","NANCY-OCHEY",48.581,5.959833,336,1982021409,"","","","",3.,1,300,1,"","","","","","","","","","","","","","","","","","","","","","","","","","","","",4.5,1,3.8,1,"","","","","","","","","","","","","","","","","","","","","","","","","","",96,1,"","","","","","","","","","","","",8.1,1,1017.4,1,"","","","","","",8,1,8,1,7,1,"","","","","","","","","","","","","","","","","","","","","","","","","","","","",8000,1,"","",60,1,6,1,"","","","","","","","","","","","","","","","","","","","","","","","","","","","","","","","","","","","","","","","","","","","","","","","","","","","","","","","","","","","","","","","","",""
"54405001","NANCY-OCHEY",48.581,5.959833,336,1982021412,"","","","",3.,1,280,1,"","","","","","","","","","","","","","","","","","","","","","","","","","","","",5.,1,4.,1,"","","","","","","","","","","","","","","","","","","","","","","","","","",95,1,"","","","","","","","","","","","",8.2,1,1017.9,1,"","","","","","",8,1,5,1,5,1,"","","","","","","","","","","","","","","","","","","","","","","","","","","","",12000,1,"","",1,1,6,1,"","","","","","","","","","","","","","","","","","","","","","","","","","","","","","","","","","","","","","","","","","","","","","","","","","","","","","","","","","","","","","","","","",""
"54405001","NANCY-OCHEY",48.581,5.959833,336,1982021415,"","","","",2.,1,280,1,"","","","","","","","","","","","","","","","","","","","","","","","","","","","",5.5,1,4.1,1,"","","","","","","","","","","","","","","","","","","","","","","","","","",92,1,"","","","","","","","","","","","",8.3,1,1017.4,1,"","","","","","",7,1,7,1,8,1,"","","","","","","","","","","","","","","","","","","","","","","","","","","","",9000,1,"","",60,1,6,1,"","","","","","","","","","","","","","","","","","","","","","","","","","","","","","","","","","","","","","","","","","","","","","","","","","","","","","","","","","","","","","","","","",""
"54405001","NANCY-OCHEY",48.581,5.959833,336,1982021418,"","","","",0.,1,0,1,"","","","","","","","","","","","","","","","","","","","","","","","","","","","",4.3,1,3.6,1,"","","","","","","","","","","","","","","","","","","","","","","","","","",96,1,"","","","","","","","","","","","",8.,1,1017.8,1,"","","","","","",8,1,7,1,5,1,"","","","","","","","","","","","","","","","","","","","","","","","","","","","",8000,1,"","",20,1,6,1,"","","","","","","","","","","","","","","","","","","","","","","","","","","","","","","","","","","","","","","","","","","","","","","","","","","","","","","","","","","","","","","","","",""
"54405001","NANCY-OCHEY",48.581,5.959833,336,1982021421,"","","","",1.,1,360,1,"","","","","","","","","","","","","","","","","","","","","","","","","","","","",4.1,1,3.4,1,"","","","","","","","","","","","","","","","","","","","","","","","","","",97,1,"","","","","","","","","","","","",7.9,1,1017.8,1,"","","","","","","","","","","","","","","","","","","","","","","","","","","","","","","","","","","","","","","","","","","","","","","","","","","","","","","","","","","","","","","","","","","","","","","","","","","","","","","","","","","","","","","","","","","","","","","","","","","","","","","","","","","","","","","","","",""
"54405001","NANCY-OCHEY",48.581,5.959833,336,1982021500,"","","","",1.,1,360,1,"","","","","","","","","","","","","","","","","","","","","","","","","","","","",3.9,1,3.3,1,"","","","","","","","","","","","","","","","","","","","","","","","","","",97,1,"","","","","","","","","","","","",7.8,1,1017.6,1,"","","","","","","","","","","","","","","","","","","","","","","","","","","","","","","","","","","","","","","","","","","","","","","","","","","","","","","","","","","","","","","","","","","","","","","","","","","","","","","","","","","","","","","","","","","","","","","","","","","","","","","","","","","","","","","","","",""
"54405001","NANCY-OCHEY",48.581,5.959833,336,1982021503,"","","","",2.,1,360,1,"","","","","","","","","","","","","","","","","","","","","","","","","","","","",3.5,1,2.9,1,"","","","","","","","","","","","","","","","","","","","","","","","","","",97,1,"","","","","","","","","","","","",7.6,1,1016.9,1,"","","","","","","","","","","","","","","","","","","","","","","","","","","","","","","","","","","","","","","","","","","","","","","","","","","","","","","","","","","","","","","","","","","","","","","","","","","","","","","","","","","","","","","","","","","","","","","","","","","","","","","","","","","","","","","","","",""
"54405001","NANCY-OCHEY",48.581,5.959833,336,1982021506,"","","","",5.,1,20,1,"","","","","","","","","","","","","","","","","","","","","","","","","","","","",3.2,1,2.5,1,"","","","","","","","","","","","","","","","","","","","","","","","","","",96,1,"","","","","","","","","","","","",7.4,1,1015.5,1,"","","","","","",8,1,7,1,7,1,"","","","","","","","","","","","","","","","","","","","","","","","","","","","",3000,1,"","",60,1,6,1,"","",0,1,"","","","","","","","","","","","","","","","","","","","","","","","","","","","","","","","","","","","","","","","","","","","","","","","","","","","","","","","","","","","","",""
"54405001","NANCY-OCHEY",48.581,5.959833,336,1982021509,"","","","",3.,1,40,1,"","","","","","","","","","","","","","","","","","","","","","","","","","","","",3.,1,2.4,1,"","","","","","","","","","","","","","","","","","","","","","","","","","",96,1,"","","","","","","","","","","","",7.3,1,1015.,1,"","","","","","",8,1,5,1,7,1,"","","","","","","","","","","","","","","","","","","","","","","","","","","","",6000,1,"","",60,1,6,1,"","","","","","","","","","","","","","","","","","","","","","","","","","","","","","","","","","","","","","","","","","","","","","","","","","","","","","","","","","","","","","","","","",""
"54405001","NANCY-OCHEY",48.581,5.959833,336,1982021512,"","","","",7.,1,60,1,"","","","","","","","","","","","","","","","","","","","","","","","","","","","",3.,1,1.6,1,"","","","","","","","","","","","","","","","","","","","","","","","","","",91,1,"","","","","","","","","","","","",6.9,1,1014.9,1,"","","","","","",8,1,8,1,7,1,"","","","","","","","","","","","","","","","","","","","","","","","","","","","",4000,1,"","",21,1,6,1,"","","","","","","","","","","","","","","","","","","","","","","","","","","","","","","","","","","","","","","","","","","","","","","","","","","","","","","","","","","","","","","","","",""
"54405001","NANCY-OCHEY",48.581,5.959833,336,1982021515,"","","","",4.,1,60,1,"","","","","","","","","","","","","","","","","","","","","","","","","","","","",4.6,1,2.9,1,"","","","","","","","","","","","","","","","","","","","","","","","","","",90,1,"","","","","","","","","","","","",7.6,1,1014.4,1,"","","","","","",8,1,5,1,5,1,"","","","","","","","","","","","","","","","","","","","","","","","","","","","",4000,1,"","",10,1,2,1,"","","","","","","","","","","","","","","","","","","","","","","","","","","","","","","","","","","","","","","","","","","","","","","","","","","","","","","","","","","","","","","","","",""
"54405001","NANCY-OCHEY",48.581,5.959833,336,1982021518,"","","","",4.,1,40,1,"","","","","","","","","","","","","","","","","","","","","","","","","","","","",4.,1,2.5,1,"","","","","","","","","","","","","","","","","","","","","","","","","","",91,1,"","","","","","","","","","","","",7.4,1,1015.,1,"","","","","","",8,1,8,1,7,1,"","","","","","","","","","","","","","","","","","","","","","","","","","","","",4000,1,"","",10,1,2,1,"","","","","","","","","","","","","","","","","","","","","","","","","","","","","","","","","","","","","","","","","","","","","","","","","","","","","","","","","","","","","","","","","",""
"54405001","NANCY-OCHEY",48.581,5.959833,336,1982021521,"","","","",5.,1,60,1,"","","","","","","","","","","","","","","","","","","","","","","","","","","","",2.4,1,1.,1,"","","","","","","","","","","","","","","","","","","","","","","","","","",91,1,"","","","","","","","","","","","",6.6,1,1016.,1,"","","","","","","","","","","","","","","","","","","","","","","","","","","","","","","","","","","","","","","","","","","","","","","","","","","","","","","","","","","","","","","","","","","","","","","","","","","","","","","","","","","","","","","","","","","","","","","","","","","","","","","","","","","","","","","","","",""
"54405001","NANCY-OCHEY",48.581,5.959833,336,1982021600,"","","","",2.,1,40,1,"","","","","","","","","","","","","","","","","","","","","","","","","","","","",2.3,1,1.,1,"","","","","","","","","","","","","","","","","","","","","","","","","","",92,1,"","","","","","","","","","","","",6.6,1,1016.2,1,"","","","","","","","","","","","","","","","","","","","","","","","","","","","","","","","","","","","","","","","","","","","","","","","","","","","","","","","","","","","","","","","","","","","","","","","","","","","","","","","","","","","","","","","","","","","","","","","","","","","","","","","","","","","","","","","","",""
"54405001","NANCY-OCHEY",48.581,5.959833,336,1982021603,"","","","",2.,1,60,1,"","","","","","","","","","","","","","","","","","","","","","","","","","","","",0.5,1,-0.6,1,"","","","","","","","","","","","","","","","","","","","","","","","","","",92,1,"","","","","","","","","","","","",5.8,1,1016.5,1,"","","","","","","","","","","","","","","","","","","","","","","","","","","","","","","","","","","","","","","","","","","","","","","","","","","","","","","","","","","","","","","","","","","","","","","","","","","","","","","","","","","","","","","","","","","","","","","","","","","","","","","","","","","","","","","","","",""
"54405001","NANCY-OCHEY",48.581,5.959833,336,1982021606,"","","","",3.,1,80,1,"","","","","","","","","","","","","","","","","","","","","","","","","","","","",0.,1,-1.8,1,"","","","","","","","","","","","","","","","","","","","","","","","","","",87,1,"","","","","","","","","","","","",5.3,1,1017.1,1,"","","","","","",2,1,0,1,5,1,0,1,0,1,"","","","","","","","","","","","","","","","","","","","","","","","",3000,1,"","",10,1,"","","","",0,1,"","","","","","","","","","","","","","","","","","","","","","","","","","","","","","","","","","","","","","","","","","","","","","","","","","","","","","","","","","","","","",""
"54405001","NANCY-OCHEY",48.581,5.959833,336,1982021609,"","","","",2.,1,60,1,"","","","","","","","","","","","","","","","","","","","","","","","","","","","",0.9,1,-1.8,1,"","","","","","","","","","","","","","","","","","","","","","","","","","",82,1,"","","","","","","","","","","","",5.3,1,1018.6,1,"","","","","","",0,1,"","",0,1,0,1,0,1,"","","","","","","","","","","","","","","","","","","","","","","","",3500,1,"","",10,1,0,1,"","","","","","","","","","","","","","","","","","","","","","","","","","","","","","","","","","","","","","","","","","","","","","","","","","","","","","","","","","","","","","","","","",""
"54405001","NANCY-OCHEY",48.581,5.959833,336,1982021612,"","","","",3.,1,40,1,"","","","","","","","","","","","","","","","","","","","","","","","","","","","",3.9,1,-1.1,1,"","","","","","","","","","","","","","","","","","","","","","","","","","",70,1,"","","","","","","","","","","","",5.6,1,1018.3,1,"","","","","","",1,1,0,1,5,1,0,1,0,1,"","","","","","","","","","","","","","","","","","","","","","","","",7000,1,"","",3,1,0,1,"","","","","","","","","","","","","","","","","","","","","","","","","","","","","","","","","","","","","","","","","","","","","","","","","","","","","","","","","","","","","","","","","",""
"54405001","NANCY-OCHEY",48.581,5.959833,336,1982021615,"","","","",4.,1,20,1,"","","","","","","","","","","","","","","","","","","","","","","","","","","","",3.5,1,-0.4,1,"","","","","","","","","","","","","","","","","","","","","","","","","","",76,1,"","","","","","","","","","","","",5.9,1,1018.2,1,"","","","","","",7,1,5,1,5,1,0,1,1,1,"","","","","","","","","","","","","","","","","","","","","","","","",5000,1,"","",3,1,1,1,"","","","","","","","","","","","","","","","","","","","","","","","","","","","","","","","","","","","","","","","","","","","","","","","","","","","","","","","","","","","","","","","","",""
"54405001","NANCY-OCHEY",48.581,5.959833,336,1982021618,"","","","",4.,1,60,1,"","","","","","","","","","","","","","","","","","","","","","","","","","","","",1.2,1,-2.1,1,"","","","","","","","","","","","","","","","","","","","","","","","","","",79,1,"","","","","","","","","","","","",5.2,1,1018.9,1,"","","","","","",7,1,7,1,5,1,"","","","","","","","","","","","","","","","","","","","","","","","","","","","",4000,1,"","",10,1,2,1,"","","","","","","","","","","","","","","","","","","","","","","","","","","","","","","","","","","","","","","","","","","","","","","","","","","","","","","","","","","","","","","","","",""
"54405001","NANCY-OCHEY",48.581,5.959833,336,1982021621,"","","","",4.,1,40,1,"","","","","","","","","","","","","","","","","","","","","","","","","","","","",0.3,1,-2.9,1,"","","","","","","","","","","","","","","","","","","","","","","","","","",79,1,"","","","","","","","","","","","",4.9,1,1019.,1,"","","","","","","","","","","","","","","","","","","","","","","","","","","","","","","","","","","","","","","","","","","","","","","","","","","","","","","","","","","","","","","","","","","","","","","","","","","","","","","","","","","","","","","","","","","","","","","","","","","","","","","","","","","","","","","","","",""
"54405001","NANCY-OCHEY",48.581,5.959833,336,1982021700,"","","","",4.,1,40,1,"","","","","","","","","","","","","","","","","","","","","","","","","","","","",-0.3,1,-2.1,1,"","","","","","","","","","","","","","","","","","","","","","","","","","",88,1,"","","","","","","","","","","","",5.2,1,1018.7,1,"","","","","","","","","","","","","","","","","","","","","","","","","","","","","","","","","","","","","","","","","","","","","","","","","","","","","","","","","","","","","","","","","","","","","","","","","","","","","","","","","","","","","","","","","","","","","","","","","","","","","","","","","","","","","","","","","",""
"54405001","NANCY-OCHEY",48.581,5.959833,336,1982021703,"","","","",4.,1,40,1,"","","","","","","","","","","","","","","","","","","","","","","","","","","","",-0.3,1,-2.1,1,"","","","","","","","","","","","","","","","","","","","","","","","","","",88,1,"","","","","","","","","","","","",5.2,1,1018.3,1,"","","","","","","","","","","","","","","","","","","","","","","","","","","","","","","","","","","","","","","","","","","","","","","","","","","","","","","","","","","","","","","","","","","","","","","","","","","","","","","","","","","","","","","","","","","","","","","","","","","","","","","","","","","","","","","","","",""
"54405001","NANCY-OCHEY",48.581,5.959833,336,1982021706,"","","","",6.,1,60,1,"","","","","","","","","","","","","","","","","","","","","","","","","","","","",-0.3,1,-2.3,1,"","","","","","","","","","","","","","","","","","","","","","","","","","",85,1,"","","","","","","","","","","","",5.1,1,1017.6,1,"","","","","","",8,1,8,1,6,1,"","","","","","","","","","","","","","","","","","","","","","","","","","","","",4000,1,"","",10,1,"","","","",0,1,"","","","","","","","","","","","","","","","","","","","","","","","","","","","","","","","","","","","","","","","","","","","","","","","","","","","","","","","","","","","","",""
"54405001","NANCY-OCHEY",48.581,5.959833,336,1982021709,"","","","",4.,1,60,1,"","","","","","","","","","","","","","","","","","","","","","","","","","","","",-0.1,1,-2.3,1,"","","","","","","","","","","","","","","","","","","","","","","","","","",85,1,"","","","","","","","","","","","",5.1,1,1017.9,1,"","","","","","",8,1,8,1,6,1,"","","","","","","","","","","","","","","","","","","","","","","","","","","","",2500,1,"","",10,1,2,1,"","","","","","","","","","","","","","","","","","","","","","","","","","","","","","","","","","","","","","","","","","","","","","","","","","","","","","","","","","","","","","","","","",""
"54405001","NANCY-OCHEY",48.581,5.959833,336,1982021712,"","","","",4.,1,40,1,"","","","","","","","","","","","","","","","","","","","","","","","","","","","",2.1,1,-1.1,1,"","","","","","","","","","","","","","","","","","","","","","","","","","",79,1,"","","","","","","","","","","","",5.6,1,1017.6,1,"","","","","","",6,1,5,1,6,1,0,1,1,1,"","","","","","","","","","","","","","","","","","","","","","","","",3500,1,"","",10,1,2,1,"","","","","","","","","","","","","","","","","","","","","","","","","","","","","","","","","","","","","","","","","","","","","","","","","","","","","","","","","","","","","","","","","",""
"54405001","NANCY-OCHEY",48.581,5.959833,336,1982021715,"","","","",4.,1,100,1,"","","","","","","","","","","","","","","","","","","","","","","","","","","","",4.5,1,0.4,1,"","","","","","","","","","","","","","","","","","","","","","","","","","",75,1,"","","","","","","","","","","","",6.3,1,1017.4,1,"","","","","","",6,1,6,1,0,1,0,1,1,1,"","","","","","","","","","","","","","","","","","","","","","","","",3500,1,"","",10,1,2,1,"","","","","","","","","","","","","","","","","","","","","","","","","","","","","","","","","","","","","","","","","","","","","","","","","","","","","","","","","","","","","","","","","",""
"54405001","NANCY-OCHEY",48.581,5.959833,336,1982021718,"","","","",3.,1,80,1,"","","","","","","","","","","","","","","","","","","","","","","","","","","","",2.2,1,0.,1,"","","","","","","","","","","","","","","","","","","","","","","","","","",85,1,"","","","","","","","","","","","",6.1,1,1018.8,1,"","","","","","",7,1,7,1,0,1,0,1,8,1,"","","","","","","","","","","","","","","","","","","","","","","","",3500,1,"","",10,1,2,1,"","","","","","","","","","","","","","","","","","","","","","","","","","","","","","","","","","","","","","","","","","","","","","","","","","","","","","","","","","","","","","","","","",""
"54405001","NANCY-OCHEY",48.581,5.959833,336,1982021721,"","","","",3.,1,60,1,"","","","","","","","","","","","","","","","","","","","","","","","","","","","",0.1,1,-1.6,1,"","","","","","","","","","","","","","","","","","","","","","","","","","",88,1,"","","","","","","","","","","","",5.4,1,1019.6,1,"","","","","","","","","","","","","","","","","","","","","","","","","","","","","","","","","","","","","","","","","","","","","","","","","","","","","","","","","","","","","","","","","","","","","","","","","","","","","","","","","","","","","","","","","","","","","","","","","","","","","","","","","","","","","","","","","",""
"54405001","NANCY-OCHEY",48.581,5.959833,336,1982021800,"","","","",3.,1,60,1,"","","","","","","","","","","","","","","","","","","","","","","","","","","","",-0.1,1,-1.6,1,"","","","","","","","","","","","","","","","","","","","","","","","","","",90,1,"","","","","","","","","","","","",5.4,1,1020.4,1,"","","","","","","","","","","","","","","","","","","","","","","","","","","","","","","","","","","","","","","","","","","","","","","","","","","","","","","","","","","","","","","","","","","","","","","","","","","","","","","","","","","","","","","","","","","","","","","","","","","","","","","","","","","","","","","","","",""
"54405001","NANCY-OCHEY",48.581,5.959833,336,1982021803,"","","","",1.,1,80,1,"","","","","","","","","","","","","","","","","","","","","","","","","","","","",0.,1,-0.9,1,"","","","","","","","","","","","","","","","","","","","","","","","","","",94,1,"","","","","","","","","","","","",5.7,1,1020.6,1,"","","","","","","","","","","","","","","","","","","","","","","","","","","","","","","","","","","","","","","","","","","","","","","","","","","","","","","","","","","","","","","","","","","","","","","","","","","","","","","","","","","","","","","","","","","","","","","","","","","","","","","","","","","","","","","","","",""
"54405001","NANCY-OCHEY",48.581,5.959833,336,1982021806,"","","","",1.,1,40,1,"","","","","","","","","","","","","","","","","","","","","","","","","","","","",-0.6,1,-1.6,1,"","","","","","","","","","","","","","","","","","","","","","","","","","",93,1,"","","","","","","","","","","","",5.4,1,1021.3,1,"","","","","","",6,1,5,1,6,1,3,1,1,1,"","","","","","","","","","","","","","","","","","","","","","","","",1800,1,"","",10,1,"","","","",0,1,"","","","","","","","","","","","","","","","","","","","","","","","","","","","","","","","","","","","","","","","","","","","","","","","","","","","","","","","","","","","","",""
"54405001","NANCY-OCHEY",48.581,5.959833,336,1982021809,"","","","",2.,1,60,1,"","","","","","","","","","","","","","","","","","","","","","","","","","","","",0.1,1,-1.1,1,"","","","","","","","","","","","","","","","","","","","","","","","","","",91,1,"","","","","","","","","","","","",5.6,1,1022.6,1,"","","","","","",7,1,7,1,6,1,"","","","","","","","","","","","","","","","","","","","","","","","","","","","",1300,1,"","",10,1,2,1,"","","","","","","","","","","","","","","","","","","","","","","","","","","","","","","","","","","","","","","","","","","","","","","","","","","","","","","","","","","","","","","","","",""
"54405001","NANCY-OCHEY",48.581,5.959833,336,1982021812,"","","","",2.,1,40,1,"","","","","","","","","","","","","","","","","","","","","","","","","","","","",2.,1,0.,1,"","","","","","","","","","","","","","","","","","","","","","","","","","",87,1,"","","","","","","","","","","","",6.1,1,1022.9,1,"","","","","","",7,1,5,1,6,1,"","","","","","","","","","","","","","","","","","","","","","","","","","","","",1700,1,"","",10,1,2,1,"","","","","","","","","","","","","","","","","","","","","","","","","","","","","","","","","","","","","","","","","","","","","","","","","","","","","","","","","","","","","","","","","",""
"54405001","NANCY-OCHEY",48.581,5.959833,336,1982021815,"","","","",3.,1,20,1,"","","","","","","","","","","","","","","","","","","","","","","","","","","","",3.5,1,1.,1,"","","","","","","","","","","","","","","","","","","","","","","","","","",84,1,"","","","","","","","","","","","",6.6,1,1022.5,1,"","","","","","",7,1,5,1,6,1,3,1,"","","","","","","","","","","","","","","","","","","","","","","","","","",3000,1,"","",10,1,2,1,"","","","","","","","","","","","","","","","","","","","","","","","","","","","","","","","","","","","","","","","","","","","","","","","","","","","","","","","","","","","","","","","","",""
"54405001","NANCY-OCHEY",48.581,5.959833,336,1982021818,"","","","",2.,1,60,1,"","","","","","","","","","","","","","","","","","","","","","","","","","","","",1.9,1,-0.2,1,"","","","","","","","","","","","","","","","","","","","","","","","","","",87,1,"","","","","","","","","","","","",6.,1,1023.8,1,"","","","","","",8,1,6,1,6,1,"","","","","","","","","","","","","","","","","","","","","","","","","","","","",2000,1,"","",10,1,2,1,"","","","","","","","","","","","","","","","","","","","","","","","","","","","","","","","","","","","","","","","","","","","","","","","","","","","","","","","","","","","","","","","","",""
"54405001","NANCY-OCHEY",48.581,5.959833,336,1982021821,"","","","",3.,1,60,1,"","","","","","","","","","","","","","","","","","","","","","","","","","","","",1.5,1,-0.4,1,"","","","","","","","","","","","","","","","","","","","","","","","","","",88,1,"","","","","","","","","","","","",5.9,1,1024.,1,"","","","","","","","","","","","","","","","","","","","","","","","","","","","","","","","","","","","","","","","","","","","","","","","","","","","","","","","","","","","","","","","","","","","","","","","","","","","","","","","","","","","","","","","","","","","","","","","","","","","","","","","","","","","","","","","","",""
"54405001","NANCY-OCHEY",48.581,5.959833,336,1982021900,"","","","",2.,1,40,1,"","","","","","","","","","","","","","","","","","","","","","","","","","","","",1.3,1,-0.4,1,"","","","","","","","","","","","","","","","","","","","","","","","","","",88,1,"","","","","","","","","","","","",5.9,1,1023.9,1,"","","","","","","","","","","","","","","","","","","","","","","","","","","","","","","","","","","","","","","","","","","","","","","","","","","","","","","","","","","","","","","","","","","","","","","","","","","","","","","","","","","","","","","","","","","","","","","","","","","","","","","","","","","","","","","","","",""
"54405001","NANCY-OCHEY",48.581,5.959833,336,1982021903,"","","","",3.,1,40,1,"","","","","","","","","","","","","","","","","","","","","","","","","","","","",1.4,1,-0.4,1,"","","","","","","","","","","","","","","","","","","","","","","","","","",88,1,"","","","","","","","","","","","",5.9,1,1022.7,1,"","","","","","","","","","","","","","","","","","","","","","","","","","","","","","","","","","","","","","","","","","","","","","","","","","","","","","","","","","","","","","","","","","","","","","","","","","","","","","","","","","","","","","","","","","","","","","","","","","","","","","","","","","","","","","","","","",""
"54405001","NANCY-OCHEY",48.581,5.959833,336,1982021906,"","","","",3.,1,40,1,"","","","","","","","","","","","","","","","","","","","","","","","","","","","",1.4,1,-0.4,1,"","","","","","","","","","","","","","","","","","","","","","","","","","",88,1,"","","","","","","","","","","","",5.9,1,1022.5,1,"","","","","","",8,1,5,1,5,1,"","","","","","","","","","","","","","","","","","","","","","","","","","","","",2500,1,"","",10,1,2,1,"","",0,1,"","","","","","","","","","","","","","","","","","","","","","","","","","","","","","","","","","","","","","","","","","","","","","","","","","","","","","","","","","","","","",""
"54405001","NANCY-OCHEY",48.581,5.959833,336,1982021909,"","","","",5.,1,40,1,"","","","","","","","","","","","","","","","","","","","","","","","","","","","",0.8,1,-1.3,1,"","","","","","","","","","","","","","","","","","","","","","","","","","",86,1,"","","","","","","","","","","","",5.5,1,1022.9,1,"","","","","","",8,1,5,1,6,1,"","","","","","","","","","","","","","","","","","","","","","","","","","","","",1400,1,"","",10,1,2,1,"","","","","","","","","","","","","","","","","","","","","","","","","","","","","","","","","","","","","","","","","","","","","","","","","","","","","","","","","","","","","","","","","",""
"54405001","NANCY-OCHEY",48.581,5.959833,336,1982021912,"","","","",4.,1,60,1,"","","","","","","","","","","","","","","","","","","","","","","","","","","","",-0.4,1,-1.6,1,"","","","","","","","","","","","","","","","","","","","","","","","","","",91,1,"","","","","","","","","","","","",5.4,1,1023.1,1,"","","","","","",8,1,8,1,7,1,"","","","","","","","","","","","","","","","","","","","","","","","","","","","",900,1,"","",44,1,4,1,"","","","","","","","","","","","","","","","","","","","","","","","","","","","","","","","","","","","","","","","","","","","","","","","","","","","","","","","","","","","","","","","","",""
"54405001","NANCY-OCHEY",48.581,5.959833,336,1982021915,"","","","",5.,1,60,1,"","","","","","","","","","","","","","","","","","","","","","","","","","","","",-0.3,1,-2.3,1,"","","","","","","","","","","","","","","","","","","","","","","","","","",85,1,"","","","","","","","","","","","",5.1,1,1022.5,1,"","","","","","",8,1,6,1,5,1,"","","","","","","","","","","","","","","","","","","","","","","","","","","","",1700,1,"","",10,1,4,1,"","","","","","","","","","","","","","","","","","","","","","","","","","","","","","","","","","","","","","","","","","","","","","","","","","","","","","","","","","","","","","","","","",""
"54405001","NANCY-OCHEY",48.581,5.959833,336,1982021918,"","","","",2.,1,40,1,"","","","","","","","","","","","","","","","","","","","","","","","","","","","",-0.2,1,-2.6,1,"","","","","","","","","","","","","","","","","","","","","","","","","","",83,1,"","","","","","","","","","","","",5.,1,1022.7,1,"","","","","","",8,1,5,1,5,1,"","","","","","","","","","","","","","","","","","","","","","","","","","","","",1600,1,"","",10,1,4,1,"","","","","","","","","","","","","","","","","","","","","","","","","","","","","","","","","","","","","","","","","","","","","","","","","","","","","","","","","","","","","","","","","",""
"54405001","NANCY-OCHEY",48.581,5.959833,336,1982021921,"","","","",5.,1,60,1,"","","","","","","","","","","","","","","","","","","","","","","","","","","","",-0.4,1,-4.,1,"","","","","","","","","","","","","","","","","","","","","","","","","","",76,1,"","","","","","","","","","","","",4.5,1,1023.,1,"","","","","","","","","","","","","","","","","","","","","","","","","","","","","","","","","","","","","","","","","","","","","","","","","","","","","","","","","","","","","","","","","","","","","","","","","","","","","","","","","","","","","","","","","","","","","","","","","","","","","","","","","","","","","","","","","",""
"54405001","NANCY-OCHEY",48.581,5.959833,336,1982022000,"","","","",3.,1,60,1,"","","","","","","","","","","","","","","","","","","","","","","","","","","","","","","","","","","","","","","","","","","","","","","","","","","","","","","","","","","","","","","","","","","","","","","","","","",1022.7,1,"","","","","","","","","","","","","","","","","","","","","","","","","","","","","","","","","","","","","","","","","","","","","","","","","","","","","","","","","","","","","","","","","","","","","","","","","","","","","","","","","","","","","","","","","","","","","","","","","","","","","","","","","","","","","","","","","",""
"54405001","NANCY-OCHEY",48.581,5.959833,336,1982022003,"","","","",2.,1,40,1,"","","","","","","","","","","","","","","","","","","","","","","","","","","","","","","","","","","","","","","","","","","","","","","","","","","","","","","","","","","","","","","","","","","","","","","","","","",1022.4,1,"","","","","","","","","","","","","","","","","","","","","","","","","","","","","","","","","","","","","","","","","","","","","","","","","","","","","","","","","","","","","","","","","","","","","","","","","","","","","","","","","","","","","","","","","","","","","","","","","","","","","","","","","","","","","","","","","",""
"54405001","NANCY-OCHEY",48.581,5.959833,336,1982022006,"","","","",2.,1,360,1,"","","","","","","","","","","","","","","","","","","","","","","","","","","","",-0.7,1,-1.8,1,"","","","","","","","","","","","","","","","","","","","","","","","","","",91,1,"","","","","","","","","","","","",5.3,1,1022.5,1,"","","","","","",8,1,5,1,7,1,7,1,"","","","","","","","","","","","","","","","","","","","","","","","","","",2500,1,"","",70,1,7,1,"","","","","","","","","","","","","","","","","","","","","","","","","","","","","","","","","","","","","","","","","","","","","","","","","","","","","","","","","","","","","","","","","",""
"54405001","NANCY-OCHEY",48.581,5.959833,336,1982022009,"","","","",2.,1,60,1,"","","","","","","","","","","","","","","","","","","","","","","","","","","","",-0.5,1,-2.1,1,"","","","","","","","","","","","","","","","","","","","","","","","","","",89,1,"","","","","","","","","","","","",5.2,1,1023.5,1,"","","","","","",8,1,5,1,7,1,7,1,"","","","","","","","","","","","","","","","","","","","","","","","","","",1100,1,"","",70,1,7,1,"","","","","","","","","","","","","","","","","","","","","","","","","","","","","","","","","","","","","","","","","","","","","","","","","","","","","","","","","","","","","","","","","",""
"54405001","NANCY-OCHEY",48.581,5.959833,336,1982022012,"","","","",3.,1,80,1,"","","","","","","","","","","","","","","","","","","","","","","","","","","","",-0.2,1,-2.3,1,"","","","","","","","","","","","","","","","","","","","","","","","","","",85,1,"","","","","","","","","","","","",5.1,1,1024.3,1,"","","","","","",8,1,8,1,5,1,"","","","","","","","","","","","","","","","","","","","","","","","","","","","",1700,1,"","",10,1,7,1,"","","","","","","","","","","","","","","","","","","","","","","","","","","","","","","","","","","","","","","","","","","","","","","","","","","","","","","","","","","","","","","","","",""
"54405001","NANCY-OCHEY",48.581,5.959833,336,1982022015,"","","","",4.,1,60,1,"","","","","","","","","","","","","","","","","","","","","","","","","","","","",0.4,1,-2.6,1,"","","","","","","","","","","","","","","","","","","","","","","","","","",80,1,"","","","","","","","","","","","",5.,1,1023.8,1,"","","","","","",8,1,5,1,5,1,"","","","","","","","","","","","","","","","","","","","","","","","","","","","",2000,1,"","",10,1,2,1,"","","","","","","","","","","","","","","","","","","","","","","","","","","","","","","","","","","","","","","","","","","","","","","","","","","","","","","","","","","","","","","","","",""
"54405001","NANCY-OCHEY",48.581,5.959833,336,1982022018,"","","","",4.,1,80,1,"","","","","","","","","","","","","","","","","","","","","","","","","","","","",-0.1,1,-1.3,1,"","","","","","","","","","","","","","","","","","","","","","","","","","",91,1,"","","","","","","","","","","","",5.5,1,1024.2,1,"","","","","","",8,1,8,1,5,1,"","","","","","","","","","","","","","","","","","","","","","","","","","","","",2500,1,"","",22,1,7,1,"","","","","","","","","","","","","","","","","","","","","","","","","","","","","","","","","","","","","","","","","","","","","","","","","","","","","","","","","","","","","","","","","",""
"54405001","NANCY-OCHEY",48.581,5.959833,336,1982022021,"","","","",4.,1,60,1,"","","","","","","","","","","","","","","","","","","","","","","","","","","","",0.7,1,-3.4,1,"","","","","","","","","","","","","","","","","","","","","","","","","","",74,1,"","","","","","","","","","","","",4.7,1,1024.4,1,"","","","","","","","","","","","","","","","","","","","","","","","","","","","","","","","","","","","","","","","","","","","","","","","","","","","","","","","","","","","","","","","","","","","","","","","","","","","","","","","","","","","","","","","","","","","","","","","","","","","","","","","","","","","","","","","","",""
"54405001","NANCY-OCHEY",48.581,5.959833,336,1982022100,"","","","",4.,1,80,1,"","","","","","","","","","","","","","","","","","","","","","","","","","","","",-1.4,1,-6.2,1,"","","","","","","","","","","","","","","","","","","","","","","","","","",69,1,"","","","","","","","","","","","",3.8,1,1024.5,1,"","","","","","","","","","","","","","","","","","","","","","","","","","","","","","","","","","","","","","","","","","","","","","","","","","","","","","","","","","","","","","","","","","","","","","","","","","","","","","","","","","","","","","","","","","","","","","","","","","","","","","","","","","","","","","","","","",""
"54405001","NANCY-OCHEY",48.581,5.959833,336,1982022103,"","","","",5.,1,60,1,"","","","","","","","","","","","","","","","","","","","","","","","","","","","",-2.6,1,-8.,1,"","","","","","","","","","","","","","","","","","","","","","","","","","",67,1,"","","","","","","","","","","","",3.3,1,1024.2,1,"","","","","","","","","","","","","","","","","","","","","","","","","","","","","","","","","","","","","","","","","","","","","","","","","","","","","","","","","","","","","","","","","","","","","","","","","","","","","","","","","","","","","","","","","","","","","","","","","","","","","","","","","","","","","","","","","",""
"54405001","NANCY-OCHEY",48.581,5.959833,336,1982022106,"","","","",6.,1,60,1,"","","","","","","","","","","","","","","","","","","","","","","","","","","","",-3.2,1,-8.4,1,"","","","","","","","","","","","","","","","","","","","","","","","","","",67,1,"","","","","","","","","","","","",3.2,1,1024.1,1,"","","","","","",0,1,"","",0,1,0,1,0,1,"","","","","","","","","","","","","","","","","","","","","","","","",15000,1,"","",0,1,0,1,"","",0,1,"","","","","","","","","","","","","","","","","","","","","","","","","","","","","","","","","","","","","","","","","","","","","","","","","","","","","","","","","","","","","",""
"54405001","NANCY-OCHEY",48.581,5.959833,336,1982022109,"","","","",6.,1,80,1,"","","","","","","","","","","","","","","","","","","","","","","","","","","","",-2.,1,-8.7,1,"","","","","","","","","","","","","","","","","","","","","","","","","","",60,1,"","","","","","","","","","","","",3.1,1,1023.8,1,"","","","","","",0,1,"","",0,1,0,1,0,1,"","","","","","","","","","","","","","","","","","","","","","","","",12000,1,"","",2,1,0,1,"","","","","","","","","","","","","","","","","","","","","","","","","","","","","","","","","","","","","","","","","","","","","","","","","","","","","","","","","","","","","","","","","",""
"54405001","NANCY-OCHEY",48.581,5.959833,336,1982022112,"","","","",5.,1,80,1,"","","","","","","","","","","","","","","","","","","","","","","","","","","","",2.3,1,-7.2,1,"","","","","","","","","","","","","","","","","","","","","","","","","","",48,1,"","","","","","","","","","","","",3.5,1,1022.5,1,"","","","","","",0,1,"","",0,1,0,1,0,1,"","","","","","","","","","","","","","","","","","","","","","","","",13000,1,"","",2,1,0,1,"","","","","","","","","","","","","","","","","","","","","","","","","","","","","","","","","","","","","","","","","","","","","","","","","","","","","","","","","","","","","","","","","",""
"54405001","NANCY-OCHEY",48.581,5.959833,336,1982022115,"","","","",4.,1,60,1,"","","","","","","","","","","","","","","","","","","","","","","","","","","","",3.4,1,-6.2,1,"","","","","","","","","","","","","","","","","","","","","","","","","","",48,1,"","","","","","","","","","","","",3.8,1,1020.8,1,"","","","","","",0,1,"","",0,1,0,1,0,1,"","","","","","","","","","","","","","","","","","","","","","","","",14000,1,"","",2,1,0,1,"","","","","","","","","","","","","","","","","","","","","","","","","","","","","","","","","","","","","","","","","","","","","","","","","","","","","","","","","","","","","","","","","",""
"54405001","NANCY-OCHEY",48.581,5.959833,336,1982022118,"","","","",6.,1,60,1,"","","","","","","","","","","","","","","","","","","","","","","","","","","","",0.8,1,-8.7,1,"","","","","","","","","","","","","","","","","","","","","","","","","","",49,1,"","","","","","","","","","","","",3.1,1,1021.,1,"","","","","","",0,1,"","",0,1,0,1,0,1,"","","","","","","","","","","","","","","","","","","","","","","","",13000,1,"","",2,1,0,1,"","","","","","","","","","","","","","","","","","","","","","","","","","","","","","","","","","","","","","","","","","","","","","","","","","","","","","","","","","","","","","","","","",""
"54405001","NANCY-OCHEY",48.581,5.959833,336,1982022121,"","","","",6.,1,80,1,"","","","","","","","","","","","","","","","","","","","","","","","","","","","",-0.1,1,-9.2,1,"","","","","","","","","","","","","","","","","","","","","","","","","","",51,1,"","","","","","","","","","","","",3.,1,1020.,1,"","","","","","","","","","","","","","","","","","","","","","","","","","","","","","","","","","","","","","","","","","","","","","","","","","","","","","","","","","","","","","","","","","","","","","","","","","","","","","","","","","","","","","","","","","","","","","","","","","","","","","","","","","","","","","","","","",""
"54405001","NANCY-OCHEY",48.581,5.959833,336,1982022200,"","","","",4.,1,80,1,"","","","","","","","","","","","","","","","","","","","","","","","","","","","",-1.7,1,-9.1,1,"","","","","","","","","","","","","","","","","","","","","","","","","","",57,1,"","","","","","","","","","","","",3.,1,1018.8,1,"","","","","","","","","","","","","","","","","","","","","","","","","","","","","","","","","","","","","","","","","","","","","","","","","","","","","","","","","","","","","","","","","","","","","","","","","","","","","","","","","","","","","","","","","","","","","","","","","","","","","","","","","","","","","","","","","",""
"54405001","NANCY-OCHEY",48.581,5.959833,336,1982022203,"","","","",3.,1,80,1,"","","","","","","","","","","","","","","","","","","","","","","","","","","","",-2.9,1,-8.3,1,"","","","","","","","","","","","","","","","","","","","","","","","","","",65,1,"","","","","","","","","","","","",3.2,1,1017.7,1,"","","","","","","","","","","","","","","","","","","","","","","","","","","","","","","","","","","","","","","","","","","","","","","","","","","","","","","","","","","","","","","","","","","","","","","","","","","","","","","","","","","","","","","","","","","","","","","","","","","","","","","","","","","","","","","","","",""
"54405001","NANCY-OCHEY",48.581,5.959833,336,1982022206,"","","","",2.,1,60,1,"","","","","","","","","","","","","","","","","","","","","","","","","","","","",-5.2,1,-10.,1,"","","","","","","","","","","","","","","","","","","","","","","","","","",67,1,"","","","","","","","","","","","",2.8,1,1016.9,1,"","","","","","",0,1,"","",0,1,0,1,0,1,"","","","","","","","","","","","","","","","","","","","","","","","",13000,1,"","",0,1,"","","","",0,1,"","","","","","","","","","","","","","","","","","","","","","","","","","","","","","","","","","","","","","","","","","","","","","","","","","","","","","","","","","","","","",""
"54405001","NANCY-OCHEY",48.581,5.959833,336,1982022209,"","","","",5.,1,80,1,"","","","","","","","","","","","","","","","","","","","","","","","","","","","",-2.5,1,-8.7,1,"","","","","","","","","","","","","","","","","","","","","","","","","","",61,1,"","","","","","","","","","","","",3.1,1,1015.6,1,"","","","","","",0,1,"","",0,1,0,1,0,1,"","","","","","","","","","","","","","","","","","","","","","","","",11000,1,"","",2,1,0,1,"","","","","","","","","","","","","","","","","","","","","","","","","","","","","","","","","","","","","","","","","","","","","","","","","","","","","","","","","","","","","","","","","",""
"54405001","NANCY-OCHEY",48.581,5.959833,336,1982022212,"","","","",5.,1,100,1,"","","","","","","","","","","","","","","","","","","","","","","","","","","","",2.3,1,-9.1,1,"","","","","","","","","","","","","","","","","","","","","","","","","","",42,1,"","","","","","","","","","","","",3.,1,1013.6,1,"","","","","","",1,1,0,1,0,1,3,1,0,1,"","","","","","","","","","","","","","","","","","","","","","","","",12000,1,"","",3,1,0,1,"","","","","","","","","","","","","","","","","","","","","","","","","","","","","","","","","","","","","","","","","","","","","","","","","","","","","","","","","","","","","","","","","",""
"54405001","NANCY-OCHEY",48.581,5.959833,336,1982022215,"","","","",4.,1,60,1,"","","","","","","","","","","","","","","","","","","","","","","","","","","","",4.5,1,-8.7,1,"","","","","","","","","","","","","","","","","","","","","","","","","","",37,1,"","","","","","","","","","","","",3.1,1,1010.8,1,"","","","","","",1,1,0,1,0,1,3,1,0,1,"","","","","","","","","","","","","","","","","","","","","","","","",15000,1,"","",2,1,0,1,"","","","","","","","","","","","","","","","","","","","","","","","","","","","","","","","","","","","","","","","","","","","","","","","","","","","","","","","","","","","","","","","","",""
"54405001","NANCY-OCHEY",48.581,5.959833,336,1982022218,"","","","",4.,1,80,1,"","","","","","","","","","","","","","","","","","","","","","","","","","","","",1.8,1,-10.,1,"","","","","","","","","","","","","","","","","","","","","","","","","","",40,1,"","","","","","","","","","","","",2.8,1,1010.8,1,"","","","","","",1,1,0,1,0,1,3,1,0,1,"","","","","","","","","","","","","","","","","","","","","","","","",12000,1,"","",2,1,0,1,"","","","","","","","","","","","","","","","","","","","","","","","","","","","","","","","","","","","","","","","","","","","","","","","","","","","","","","","","","","","","","","","","",""
"54405001","NANCY-OCHEY",48.581,5.959833,336,1982022221,"","","","",4.,1,60,1,"","","","","","","","","","","","","","","","","","","","","","","","","","","","",-0.5,1,-7.5,1,"","","","","","","","","","","","","","","","","","","","","","","","","","",59,1,"","","","","","","","","","","","",3.4,1,1010.9,1,"","","","","","","","","","","","","","","","","","","","","","","","","","","","","","","","","","","","","","","","","","","","","","","","","","","","","","","","","","","","","","","","","","","","","","","","","","","","","","","","","","","","","","","","","","","","","","","","","","","","","","","","","","","","","","","","","",""
"54405001","NANCY-OCHEY",48.581,5.959833,336,1982022300,"","","","",4.,1,60,1,"","","","","","","","","","","","","","","","","","","","","","","","","","","","",-1.6,1,-7.9,1,"","","","","","","","","","","","","","","","","","","","","","","","","","",62,1,"","","","","","","","","","","","",3.3,1,1010.4,1,"","","","","","","","","","","","","","","","","","","","","","","","","","","","","","","","","","","","","","","","","","","","","","","","","","","","","","","","","","","","","","","","","","","","","","","","","","","","","","","","","","","","","","","","","","","","","","","","","","","","","","","","","","","","","","","","","",""
"54405001","NANCY-OCHEY",48.581,5.959833,336,1982022303,"","","","",3.,1,40,1,"","","","","","","","","","","","","","","","","","","","","","","","","","","","",-2.5,1,-7.2,1,"","","","","","","","","","","","","","","","","","","","","","","","","","",70,1,"","","","","","","","","","","","",3.5,1,1009.5,1,"","","","","","","","","","","","","","","","","","","","","","","","","","","","","","","","","","","","","","","","","","","","","","","","","","","","","","","","","","","","","","","","","","","","","","","","","","","","","","","","","","","","","","","","","","","","","","","","","","","","","","","","","","","","","","","","","",""
"54405001","NANCY-OCHEY",48.581,5.959833,336,1982022306,"","","","",3.,1,40,1,"","","","","","","","","","","","","","","","","","","","","","","","","","","","",-2.,1,-4.6,1,"","","","","","","","","","","","","","","","","","","","","","","","","","",82,1,"","","","","","","","","","","","",4.3,1,1008.8,1,"","","","","","",8,1,7,1,5,1,"","","","","","","","","","","","","","","","","","","","","","","","","","","","",8000,1,"","",2,1,2,1,"","",0,1,"","","","","","","","","","","","","","","","","","","","","","","","","","","","","","","","","","","","","","","","","","","","","","","","","","","","","","","","","","","","","",""
"54405001","NANCY-OCHEY",48.581,5.959833,336,1982022309,"","","","",2.,1,360,1,"","","","","","","","","","","","","","","","","","","","","","","","","","","","",-2.,1,-4.3,1,"","","","","","","","","","","","","","","","","","","","","","","","","","",84,1,"","","","","","","","","","","","",4.4,1,1009.8,1,"","","","","","",8,1,8,1,0,1,7,1,"","","","","","","","","","","","","","","","","","","","","","","","","","",6000,1,"","",3,1,2,1,"","","","","","","","","","","","","","","","","","","","","","","","","","","","","","","","","","","","","","","","","","","","","","","","","","","","","","","","","","","","","","","","","",""
"54405001","NANCY-OCHEY",48.581,5.959833,336,1982022312,"","","","",4.,1,320,1,"","","","","","","","","","","","","","","","","","","","","","","","","","","","",-0.6,1,-4.9,1,"","","","","","","","","","","","","","","","","","","","","","","","","","",73,1,"","","","","","","","","","","","",4.2,1,1009.8,1,"","","","","","",7,1,6,1,8,1,3,1,"","","","","","","","","","","","","","","","","","","","","","","","","","",6000,1,"","",22,1,7,1,"","","","","","","","","","","","","","","","","","","","","","","","","","","","","","","","","","","","","","","","","","","","","","","","","","","","","","","","","","","","","","","","","",""
"54405001","NANCY-OCHEY",48.581,5.959833,336,1982022315,"","","","",4.,1,300,1,"","","","","","","","","","","","","","","","","","","","","","","","","","","","",-0.8,1,-2.9,1,"","","","","","","","","","","","","","","","","","","","","","","","","","",85,1,"","","","","","","","","","","","",4.9,1,1009.7,1,"","","","","","",8,1,7,1,2,1,"","","","","","","","","","","","","","","","","","","","","","","","","","","","",1800,1,"","",71,1,7,1,"","","","","","","","","","","","","","","","","","","","","","","","","","","","","","","","","","","","","","","","","","","","","","","","","","","","","","","","","","","","","","","","","",""
"54405001","NANCY-OCHEY",48.581,5.959833,336,1982022318,"","","","",4.,1,280,1,"","","","","","","","","","","","","","","","","","","","","","","","","","","","",-1.,1,-2.6,1,"","","","","","","","","","","","","","","","","","","","","","","","","","",88,1,"","","","","","","","","","","","",5.,1,1010.3,1,"","","","","","",8,1,8,1,8,1,7,1,"","","","","","","","","","","","","","","","","","","","","","","","","","",3000,1,"","",71,1,7,1,"","","","","","","","","","","","","","","","","","","","","","","","","","","","","","","","","","","","","","","","","","","","","","","","","","","","","","","","","","","","","","","","","",""
"54405001","NANCY-OCHEY",48.581,5.959833,336,1982022321,"","","","",1.,1,360,1,"","","","","","","","","","","","","","","","","","","","","","","","","","","","",-5.9,1,-7.2,1,"","","","","","","","","","","","","","","","","","","","","","","","","","",89,1,"","","","","","","","","","","","",3.5,1,1012.,1,"","","","","","","","","","","","","","","","","","","","","","","","","","","","","","","","","","","","","","","","","","","","","","","","","","","","","","","","","","","","","","","","","","","","","","","","","","","","","","","","","","","","","","","","","","","","","","","","","","","","","","","","","","","","","","","","","",""
"54405001","NANCY-OCHEY",48.581,5.959833,336,1982022400,"","","","",1.,1,140,1,"","","","","","","","","","","","","","","","","","","","","","","","","","","","",-2.6,1,-4.3,1,"","","","","","","","","","","","","","","","","","","","","","","","","","",89,1,"","","","","","","","","","","","",4.4,1,1012.2,1,"","","","","","","","","","","","","","","","","","","","","","","","","","","","","","","","","","","","","","","","","","","","","","","","","","","","","","","","","","","","","","","","","","","","","","","","","","","","","","","","","","","","","","","","","","","","","","","","","","","","","","","","","","","","","","","","","",""
"54405001","NANCY-OCHEY",48.581,5.959833,336,1982022403,"","","","",1.,1,140,1,"","","","","","","","","","","","","","","","","","","","","","","","","","","","",-5.9,1,-7.2,1,"","","","","","","","","","","","","","","","","","","","","","","","","","",90,1,"","","","","","","","","","","","",3.5,1,1012.7,1,"","","","","","","","","","","","","","","","","","","","","","","","","","","","","","","","","","","","","","","","","","","","","","","","","","","","","","","","","","","","","","","","","","","","","","","","","","","","","","","","","","","","","","","","","","","","","","","","","","","","","","","","","","","","","","","","","",""
"54405001","NANCY-OCHEY",48.581,5.959833,336,1982022406,"","","","",0.,1,0,1,"","","","","","","","","","","","","","","","","","","","","","","","","","","","",-4.8,1,-6.1,1,"","","","","","","","","","","","","","","","","","","","","","","","","","",90,1,"","","","","","","","","","","","",3.8,1,1013.1,1,"","","","","","",8,1,8,1,6,1,"","","","","","","","","","","","","","","","","","","","","","","","","","","","",1000,1,"","",10,1,2,1,"","","","","","","","","","","","","","","","","","","","","","","","","","","","","","","","","","","","","","","","","","","","","","","","","","","","","","","","","","","","","","","","","",""
"54405001","NANCY-OCHEY",48.581,5.959833,336,1982022409,"","","","",0.,1,0,1,"","","","","","","","","","","","","","","","","","","","","","","","","","","","",-4.8,1,-5.8,1,"","","","","","","","","","","","","","","","","","","","","","","","","","",93,1,"","","","","","","","","","","","",3.9,1,1013.8,1,"","","","","","",7,1,7,1,6,1,"","","","","","","","","","","","","","","","","","","","","","","","","","","","",600,1,"","",48,1,4,1,"","","","","","","","","","","","","","","","","","","","","","","","","","","","","","","","","","","","","","","","","","","","","","","","","","","","","","","","","","","","","","","","","",""
"54405001","NANCY-OCHEY",48.581,5.959833,336,1982022412,"","","","",0.,1,0,1,"","","","","","","","","","","","","","","","","","","","","","","","","","","","",-0.4,1,-3.4,1,"","","","","","","","","","","","","","","","","","","","","","","","","","",79,1,"","","","","","","","","","","","",4.7,1,1013.1,1,"","","","","","",5,1,0,1,2,1,0,1,0,1,"","","","","","","","","","","","","","","","","","","","","","","","",4500,1,"","",10,1,4,1,"","","","","","","","","","","","","","","","","","","","","","","","","","","","","","","","","","","","","","","","","","","","","","","","","","","","","","","","","","","","","","","","","",""
"54405001","NANCY-OCHEY",48.581,5.959833,336,1982022415,"","","","",0.,1,0,1,"","","","","","","","","","","","","","","","","","","","","","","","","","","","",0.5,1,-6.8,1,"","","","","","","","","","","","","","","","","","","","","","","","","","",57,1,"","","","","","","","","","","","",3.6,1,1012.1,1,"","","","","","",5,1,5,1,2,1,0,1,1,1,"","","","","","","","","","","","","","","","","","","","","","","","",7000,1,"","",2,1,2,1,"","","","","","","","","","","","","","","","","","","","","","","","","","","","","","","","","","","","","","","","","","","","","","","","","","","","","","","","","","","","","","","","","",""
"54405001","NANCY-OCHEY",48.581,5.959833,336,1982022418,"","","","",2.,1,120,1,"","","","","","","","","","","","","","","","","","","","","","","","","","","","",-2.,1,-7.2,1,"","","","","","","","","","","","","","","","","","","","","","","","","","",66,1,"","","","","","","","","","","","",3.5,1,1012.4,1,"","","","","","",4,1,0,1,0,1,0,1,1,1,"","","","","","","","","","","","","","","","","","","","","","","","",4000,1,"","",10,1,0,1,"","","","","","","","","","","","","","","","","","","","","","","","","","","","","","","","","","","","","","","","","","","","","","","","","","","","","","","","","","","","","","","","","",""
"54405001","NANCY-OCHEY",48.581,5.959833,336,1982022421,"","","","",1.,1,180,1,"","","","","","","","","","","","","","","","","","","","","","","","","","","","",-4.5,1,-7.5,1,"","","","","","","","","","","","","","","","","","","","","","","","","","",79,1,"","","","","","","","","","","","",3.4,1,1012.4,1,"","","","","","","","","","","","","","","","","","","","","","","","","","","","","","","","","","","","","","","","","","","","","","","","","","","","","","","","","","","","","","","","","","","","","","","","","","","","","","","","","","","","","","","","","","","","","","","","","","","","","","","","","","","","","","","","","",""
"54405001","NANCY-OCHEY",48.581,5.959833,336,1982022500,"","","","",2.,1,140,1,"","","","","","","","","","","","","","","","","","","","","","","","","","","","",-4.9,1,-7.2,1,"","","","","","","","","","","","","","","","","","","","","","","","","","",84,1,"","","","","","","","","","","","",3.5,1,1011.1,1,"","","","","","","","","","","","","","","","","","","","","","","","","","","","","","","","","","","","","","","","","","","","","","","","","","","","","","","","","","","","","","","","","","","","","","","","","","","","","","","","","","","","","","","","","","","","","","","","","","","","","","","","","","","","","","","","","",""
"54405001","NANCY-OCHEY",48.581,5.959833,336,1982022503,"","","","",1.,1,140,1,"","","","","","","","","","","","","","","","","","","","","","","","","","","","",-6.7,1,-8.7,1,"","","","","","","","","","","","","","","","","","","","","","","","","","",85,1,"","","","","","","","","","","","",3.1,1,1009.4,1,"","","","","","","","","","","","","","","","","","","","","","","","","","","","","","","","","","","","","","","","","","","","","","","","","","","","","","","","","","","","","","","","","","","","","","","","","","","","","","","","","","","","","","","","","","","","","","","","","","","","","","","","","","","","","","","","","",""
"54405001","NANCY-OCHEY",48.581,5.959833,336,1982022506,"","","","",2.,1,120,1,"","","","","","","","","","","","","","","","","","","","","","","","","","","","",-7.9,1,-9.5,1,"","","","","","","","","","","","","","","","","","","","","","","","","","",86,1,"","","","","","","","","","","","",2.9,1,1008.2,1,"","","","","","",4,1,0,1,6,1,0,1,1,1,"","","","","","","","","","","","","","","","","","","","","","","","",1300,1,"","",10,1,0,1,"","",0,1,"","","","","","","","","","","","","","","","","","","","","","","","","","","","","","","","","","","","","","","","","","","","","","","","","","","","","","","","","","","","","",""
"54405001","NANCY-OCHEY",48.581,5.959833,336,1982022509,"","","","",2.,1,80,1,"","","","","","","","","","","","","","","","","","","","","","","","","","","","",-5.,1,-6.1,1,"","","","","","","","","","","","","","","","","","","","","","","","","","",90,1,"","","","","","","","","","","","",3.8,1,1007.8,1,"","","","","","",2,1,0,1,6,1,0,1,0,1,"","","","","","","","","","","","","","","","","","","","","","","","",1600,1,"","",10,1,4,1,"","","","","","","","","","","","","","","","","","","","","","","","","","","","","","","","","","","","","","","","","","","","","","","","","","","","","","","","","","","","","","","","","",""
"54405001","NANCY-OCHEY",48.581,5.959833,336,1982022512,"","","","",5.,1,40,1,"","","","","","","","","","","","","","","","","","","","","","","","","","","","",-2.,1,-4.,1,"","","","","","","","","","","","","","","","","","","","","","","","","","",85,1,"","","","","","","","","","","","",4.5,1,1007.,1,"","","","","","",3,1,0,1,1,1,0,1,0,1,"","","","","","","","","","","","","","","","","","","","","","","","",4000,1,"","",10,1,4,1,"","","","","","","","","","","","","","","","","","","","","","","","","","","","","","","","","","","","","","","","","","","","","","","","","","","","","","","","","","","","","","","","","",""
"54405001","NANCY-OCHEY",48.581,5.959833,336,1982022515,"","","","",3.,1,60,1,"","","","","","","","","","","","","","","","","","","","","","","","","","","","",-1.4,1,-3.7,1,"","","","","","","","","","","","","","","","","","","","","","","","","","",84,1,"","","","","","","","","","","","",4.6,1,1007.4,1,"","","","","","",1,1,0,1,1,1,0,1,0,1,"","","","","","","","","","","","","","","","","","","","","","","","",4500,1,"","",10,1,1,1,"","","","","","","","","","","","","","","","","","","","","","","","","","","","","","","","","","","","","","","","","","","","","","","","","","","","","","","","","","","","","","","","","",""
"54405001","NANCY-OCHEY",48.581,5.959833,336,1982022518,"","","","",2.,1,40,1,"","","","","","","","","","","","","","","","","","","","","","","","","","","","",-3.1,1,-5.8,1,"","","","","","","","","","","","","","","","","","","","","","","","","","",81,1,"","","","","","","","","","","","",3.9,1,1009.3,1,"","","","","","",0,1,"","",0,1,0,1,0,1,"","","","","","","","","","","","","","","","","","","","","","","","",5000,1,"","",2,1,1,1,"","","","","","","","","","","","","","","","","","","","","","","","","","","","","","","","","","","","","","","","","","","","","","","","","","","","","","","","","","","","","","","","","",""
"54405001","NANCY-OCHEY",48.581,5.959833,336,1982022521,"","","","",1.,1,60,1,"","","","","","","","","","","","","","","","","","","","","","","","","","","","",-4.3,1,-7.2,1,"","","","","","","","","","","","","","","","","","","","","","","","","","",80,1,"","","","","","","","","","","","",3.5,1,1011.2,1,"","","","","","","","","","","","","","","","","","","","","","","","","","","","","","","","","","","","","","","","","","","","","","","","","","","","","","","","","","","","","","","","","","","","","","","","","","","","","","","","","","","","","","","","","","","","","","","","","","","","","","","","","","","","","","","","","",""
"54405001","NANCY-OCHEY",48.581,5.959833,336,1982022600,"","","","",2.,1,80,1,"","","","","","","","","","","","","","","","","","","","","","","","","","","","",-6.3,1,-9.5,1,"","","","","","","","","","","","","","","","","","","","","","","","","","",77,1,"","","","","","","","","","","","",2.9,1,1012.5,1,"","","","","","","","","","","","","","","","","","","","","","","","","","","","","","","","","","","","","","","","","","","","","","","","","","","","","","","","","","","","","","","","","","","","","","","","","","","","","","","","","","","","","","","","","","","","","","","","","","","","","","","","","","","","","","","","","",""
"54405001","NANCY-OCHEY",48.581,5.959833,336,1982022603,"","","","",1.,1,320,1,"","","","","","","","","","","","","","","","","","","","","","","","","","","","",-7.1,1,-10.4,1,"","","","","","","","","","","","","","","","","","","","","","","","","","",76,1,"","","","","","","","","","","","",2.7,1,1013.6,1,"","","","","","","","","","","","","","","","","","","","","","","","","","","","","","","","","","","","","","","","","","","","","","","","","","","","","","","","","","","","","","","","","","","","","","","","","","","","","","","","","","","","","","","","","","","","","","","","","","","","","","","","","","","","","","","","","",""
"54405001","NANCY-OCHEY",48.581,5.959833,336,1982022606,"","","","",1.,1,260,1,"","","","","","","","","","","","","","","","","","","","","","","","","","","","",-8.,1,-11.3,1,"","","","","","","","","","","","","","","","","","","","","","","","","","",75,1,"","","","","","","","","","","","",2.5,1,1015.2,1,"","","","","","",0,1,"","",0,1,0,1,0,1,"","","","","","","","","","","","","","","","","","","","","","","","",2000,1,"","",10,1,0,1,"","",0,1,"","","","","","","","","","","","","","","","","","","","","","","","","","","","","","","","","","","","","","","","","","","","","","","","","","","","","","","","","","","","","",""
"54405001","NANCY-OCHEY",48.581,5.959833,336,1982022609,"","","","",2.,1,60,1,"","","","","","","","","","","","","","","","","","","","","","","","","","","","",-5.,1,-6.5,1,"","","","","","","","","","","","","","","","","","","","","","","","","","",87,1,"","","","","","","","","","","","",3.7,1,1015.7,1,"","","","","","",8,1,8,1,6,1,"","","","","","","","","","","","","","","","","","","","","","","","","","","","",800,1,"","",46,1,4,1,"","","","","","","","","","","","","","","","","","","","","","","","","","","","","","","","","","","","","","","","","","","","","","","","","","","","","","","","","","","","","","","","","",""
"54405001","NANCY-OCHEY",48.581,5.959833,336,1982022612,"","","","",2.,1,160,1,"","","","","","","","","","","","","","","","","","","","","","","","","","","","",-0.3,1,-5.5,1,"","","","","","","","","","","","","","","","","","","","","","","","","","",68,1,"","","","","","","","","","","","",4.,1,1015.5,1,"","","","","","",2,1,0,1,0,1,0,1,1,1,"","","","","","","","","","","","","","","","","","","","","","","","",2000,1,"","",10,1,4,1,"","","","","","","","","","","","","","","","","","","","","","","","","","","","","","","","","","","","","","","","","","","","","","","","","","","","","","","","","","","","","","","","","",""
"54405001","NANCY-OCHEY",48.581,5.959833,336,1982022615,"","","","",2.,1,140,1,"","","","","","","","","","","","","","","","","","","","","","","","","","","","",1.8,1,-4.9,1,"","","","","","","","","","","","","","","","","","","","","","","","","","",61,1,"","","","","","","","","","","","",4.2,1,1014.6,1,"","","","","","",5,1,5,1,0,1,0,1,1,1,"","","","","","","","","","","","","","","","","","","","","","","","",3500,1,"","",10,1,1,1,"","","","","","","","","","","","","","","","","","","","","","","","","","","","","","","","","","","","","","","","","","","","","","","","","","","","","","","","","","","","","","","","","",""
"54405001","NANCY-OCHEY",48.581,5.959833,336,1982022618,"","","","",2.,1,100,1,"","","","","","","","","","","","","","","","","","","","","","","","","","","","",-1.3,1,-5.2,1,"","","","","","","","","","","","","","","","","","","","","","","","","","",74,1,"","","","","","","","","","","","",4.1,1,1015.8,1,"","","","","","",4,1,0,1,0,1,0,1,1,1,"","","","","","","","","","","","","","","","","","","","","","","","",2000,1,"","",10,1,1,1,"","","","","","","","","","","","","","","","","","","","","","","","","","","","","","","","","","","","","","","","","","","","","","","","","","","","","","","","","","","","","","","","","",""
"54405001","NANCY-OCHEY",48.581,5.959833,336,1982022621,"","","","",3.,1,160,1,"","","","","","","","","","","","","","","","","","","","","","","","","","","","",-2.8,1,-7.2,1,"","","","","","","","","","","","","","","","","","","","","","","","","","",72,1,"","","","","","","","","","","","",3.5,1,1016.3,1,"","","","","","","","","","","","","","","","","","","","","","","","","","","","","","","","","","","","","","","","","","","","","","","","","","","","","","","","","","","","","","","","","","","","","","","","","","","","","","","","","","","","","","","","","","","","","","","","","","","","","","","","","","","","","","","","","",""
"54405001","NANCY-OCHEY",48.581,5.959833,336,1982022700,"","","","",2.,1,160,1,"","","","","","","","","","","","","","","","","","","","","","","","","","","","",-3.7,1,-7.5,1,"","","","","","","","","","","","","","","","","","","","","","","","","","",74,1,"","","","","","","","","","","","",3.4,1,1016.5,1,"","","","","","","","","","","","","","","","","","","","","","","","","","","","","","","","","","","","","","","","","","","","","","","","","","","","","","","","","","","","","","","","","","","","","","","","","","","","","","","","","","","","","","","","","","","","","","","","","","","","","","","","","","","","","","","","","",""
"54405001","NANCY-OCHEY",48.581,5.959833,336,1982022703,"","","","",3.,1,160,1,"","","","","","","","","","","","","","","","","","","","","","","","","","","","",-4.6,1,-8.7,1,"","","","","","","","","","","","","","","","","","","","","","","","","","",73,1,"","","","","","","","","","","","",3.1,1,1016.3,1,"","","","","","","","","","","","","","","","","","","","","","","","","","","","","","","","","","","","","","","","","","","","","","","","","","","","","","","","","","","","","","","","","","","","","","","","","","","","","","","","","","","","","","","","","","","","","","","","","","","","","","","","","","","","","","","","","",""
"54405001","NANCY-OCHEY",48.581,5.959833,336,1982022706,"","","","",4.,1,160,1,"","","","","","","","","","","","","","","","","","","","","","","","","","","","",-5.8,1,-9.5,1,"","","","","","","","","","","","","","","","","","","","","","","","","","",74,1,"","","","","","","","","","","","",2.9,1,1016.7,1,"","","","","","",2,1,0,1,0,1,0,1,1,1,"","","","","","","","","","","","","","","","","","","","","","","","",5000,1,"","",2,1,0,1,"","",0,1,"","","","","","","","","","","","","","","","","","","","","","","","","","","","","","","","","","","","","","","","","","","","","","","","","","","","","","","","","","","","","",""
"54405001","NANCY-OCHEY",48.581,5.959833,336,1982022709,"","","","",3.,1,160,1,"","","","","","","","","","","","","","","","","","","","","","","","","","","","",-1.2,1,-6.8,1,"","","","","","","","","","","","","","","","","","","","","","","","","","",64,1,"","","","","","","","","","","","",3.6,1,1016.3,1,"","","","","","",2,1,0,1,5,1,0,1,1,1,"","","","","","","","","","","","","","","","","","","","","","","","",5000,1,"","",3,1,0,1,"","","","","","","","","","","","","","","","","","","","","","","","","","","","","","","","","","","","","","","","","","","","","","","","","","","","","","","","","","","","","","","","","",""
"54405001","NANCY-OCHEY",48.581,5.959833,336,1982022712,"","","","",3.,1,160,1,"","","","","","","","","","","","","","","","","","","","","","","","","","","","",6.2,1,-7.5,1,"","","","","","","","","","","","","","","","","","","","","","","","","","",36,1,"","","","","","","","","","","","",3.4,1,1015.6,1,"","","","","","",3,1,0,1,5,1,3,1,1,1,"","","","","","","","","","","","","","","","","","","","","","","","",8000,1,"","",1,1,0,1,"","","","","","","","","","","","","","","","","","","","","","","","","","","","","","","","","","","","","","","","","","","","","","","","","","","","","","","","","","","","","","","","","",""
"54405001","NANCY-OCHEY",48.581,5.959833,336,1982022715,"","","","",2.,1,240,1,"","","","","","","","","","","","","","","","","","","","","","","","","","","","",8.,1,-7.5,1,"","","","","","","","","","","","","","","","","","","","","","","","","","",32,1,"","","","","","","","","","","","",3.4,1,1015.1,1,"","","","","","",3,1,0,1,0,1,3,1,1,1,"","","","","","","","","","","","","","","","","","","","","","","","",9000,1,"","",1,1,0,1,"","","","","","","","","","","","","","","","","","","","","","","","","","","","","","","","","","","","","","","","","","","","","","","","","","","","","","","","","","","","","","","","","",""
"54405001","NANCY-OCHEY",48.581,5.959833,336,1982022718,"","","","",3.,1,140,1,"","","","","","","","","","","","","","","","","","","","","","","","","","","","",3.4,1,-4.9,1,"","","","","","","","","","","","","","","","","","","","","","","","","","",54,1,"","","","","","","","","","","","",4.2,1,1016.6,1,"","","","","","",4,1,0,1,5,1,3,1,1,1,"","","","","","","","","","","","","","","","","","","","","","","","",7000,1,"","",3,1,1,1,"","","","","","","","","","","","","","","","","","","","","","","","","","","","","","","","","","","","","","","","","","","","","","","","","","","","","","","","","","","","","","","","","",""
"54405001","NANCY-OCHEY",48.581,5.959833,336,1982022721,"","","","",3.,1,140,1,"","","","","","","","","","","","","","","","","","","","","","","","","","","","",2.,1,-5.2,1,"","","","","","","","","","","","","","","","","","","","","","","","","","",59,1,"","","","","","","","","","","","",4.1,1,1017.4,1,"","","","","","","","","","","","","","","","","","","","","","","","","","","","","","","","","","","","","","","","","","","","","","","","","","","","","","","","","","","","","","","","","","","","","","","","","","","","","","","","","","","","","","","","","","","","","","","","","","","","","","","","","","","","","","","","","",""
"54405001","NANCY-OCHEY",48.581,5.959833,336,1982022800,"","","","",4.,1,200,1,"","","","","","","","","","","","","","","","","","","","","","","","","","","","",1.8,1,-6.1,1,"","","","","","","","","","","","","","","","","","","","","","","","","","",55,1,"","","","","","","","","","","","",3.8,1,1017.4,1,"","","","","","","","","","","","","","","","","","","","","","","","","","","","","","","","","","","","","","","","","","","","","","","","","","","","","","","","","","","","","","","","","","","","","","","","","","","","","","","","","","","","","","","","","","","","","","","","","","","","","","","","","","","","","","","","","",""
"54405001","NANCY-OCHEY",48.581,5.959833,336,1982022803,"","","","",4.,1,200,1,"","","","","","","","","","","","","","","","","","","","","","","","","","","","",1.1,1,-4.3,1,"","","","","","","","","","","","","","","","","","","","","","","","","","",68,1,"","","","","","","","","","","","",4.4,1,1017.3,1,"","","","","","","","","","","","","","","","","","","","","","","","","","","","","","","","","","","","","","","","","","","","","","","","","","","","","","","","","","","","","","","","","","","","","","","","","","","","","","","","","","","","","","","","","","","","","","","","","","","","","","","","","","","","","","","","","",""
"54405001","NANCY-OCHEY",48.581,5.959833,336,1982022806,"","","","",5.,1,200,1,"","","","","","","","","","","","","","","","","","","","","","","","","","","","",3.8,1,0.1,1,"","","","","","","","","","","","","","","","","","","","","","","","","","",78,1,"","","","","","","","","","","","",6.2,1,1016.9,1,"","","","","","",8,1,7,1,7,1,"","","","","","","","","","","","","","","","","","","","","","","","","","","","",4000,1,"","",10,1,2,1,"","",0,1,"","","","","","","","","","","","","","","","","","","","","","","","","","","","","","","","","","","","","","","","","","","","","","","","","","","","","","","","","","","","","",""
"54405001","NANCY-OCHEY",48.581,5.959833,336,1982022809,"","","","",6.,1,180,1,"","","","","","","","","","","","","","","","","","","","","","","","","","","","",3.5,1,2.,1,"","","","","","","","","","","","","","","","","","","","","","","","","","",91,1,"","","","","","","","","","","","",7.1,1,1018.3,1,"","","","","","",8,1,8,1,7,1,"","","","","","","","","","","","","","","","","","","","","","","","","","","","",3000,1,"","",50,1,5,1,"","","","","","","","","","","","","","","","","","","","","","","","","","","","","","","","","","","","","","","","","","","","","","","","","","","","","","","","","","","","","","","","","",""
"54405001","NANCY-OCHEY",48.581,5.959833,336,1982022812,"","","","",6.,1,200,1,"","","","","","","","","","","","","","","","","","","","","","","","","","","","",6.5,1,3.4,1,"","","","","","","","","","","","","","","","","","","","","","","","","","",82,1,"","","","","","","","","","","","",7.9,1,1018.3,1,"","","","","","",8,1,8,1,7,1,"","","","","","","","","","","","","","","","","","","","","","","","","","","","",2000,1,"","",10,1,5,1,"","","","","","","","","","","","","","","","","","","","","","","","","","","","","","","","","","","","","","","","","","","","","","","","","","","","","","","","","","","","","","","","","",""
"54405001","NANCY-OCHEY",48.581,5.959833,336,1982022815,"","","","",4.,1,160,1,"","","","","","","","","","","","","","","","","","","","","","","","","","","","",5.8,1,4.5,1,"","","","","","","","","","","","","","","","","","","","","","","","","","",92,1,"","","","","","","","","","","","",8.5,1,1018.2,1,"","","","","","",8,1,8,1,7,1,"","","","","","","","","","","","","","","","","","","","","","","","","","","","",1700,1,"","",50,1,5,1,"","","","","","","","","","","","","","","","","","","","","","","","","","","","","","","","","","","","","","","","","","","","","","","","","","","","","","","","","","","","","","","","","",""
"54405001","NANCY-OCHEY",48.581,5.959833,336,1982022818,"","","","",4.,1,200,1,"","","","","","","","","","","","","","","","","","","","","","","","","","","","",5.5,1,4.8,1,"","","","","","","","","","","","","","","","","","","","","","","","","","",96,1,"","","","","","","","","","","","",8.7,1,1018.9,1,"","","","","","",8,1,5,1,5,1,"","","","","","","","","","","","","","","","","","","","","","","","","","","","",1800,1,"","",51,1,5,1,"","","","","","","","","","","","","","","","","","","","","","","","","","","","","","","","","","","","","","","","","","","","","","","","","","","","","","","","","","","","","","","","","",""
"54405001","NANCY-OCHEY",48.581,5.959833,336,1982022821,"","","","",6.,1,200,1,"","","","","","","","","","","","","","","","","","","","","","","","","","","","",7.,1,6.3,1,"","","","","","","","","","","","","","","","","","","","","","","","","","",97,1,"","","","","","","","","","","","",9.7,1,1019.2,1,"","","","","","","","","","","","","","","","","","","","","","","","","","","","","","","","","","","","","","","","","","","","","","","","","","","","","","","","","","","","","","","","","","","","","","","","","","","","","","","","","","","","","","","","","","","","","","","","","","","","","","","","","","","","","","","","","",""
"54405001","NANCY-OCHEY",48.581,5.959833,336,1982030100,"","","","",8.,1,220,1,"","","","","","","","","","","","","","","","","","","","","","","","","","","","",7.5,1,6.7,1,"","","","","","","","","","","","","","","","","","","","","","","","","","",97,1,"","","","","","","","","","","","",10.,1,1018.9,1,"","","","","","","","","","","","","","","","","","","","","","","","","","","","","","","","","","","","","","","","","","","","","","","","","","","","","","","","","","","","","","","","","","","","","","","","","","","","","","","","","","","","","","","","","","","","","","","","","","","","","","","","","","","","","","","","","",""
"54405001","NANCY-OCHEY",48.581,5.959833,336,1982030103,"","","","",8.,1,200,1,"","","","","","","","","","","","","","","","","","","","","","","","","","","","",7.8,1,5.3,1,"","","","","","","","","","","","","","","","","","","","","","","","","","",86,1,"","","","","","","","","","","","",9.,1,1017.,1,"","","","","","","","","","","","","","","","","","","","","","","","","","","","","","","","","","","","","","","","","","","","","","","","","","","","","","","","","","","","","","","","","","","","","","","","","","","","","","","","","","","","","","","","","","","","","","","","","","","","","","","","","","","","","","","","","",""
"54405001","NANCY-OCHEY",48.581,5.959833,336,1982030106,"","","","",9.,1,220,1,"","","","","","","","","","","","","","","","","","","","","","","","","","","","",7.9,1,5.4,1,"","","","","","","","","","","","","","","","","","","","","","","","","","",85,1,"","","","","","","","","","","","",9.1,1,1015.3,1,"","","","","","",8,1,7,1,5,1,"","","","","","","","","","","","","","","","","","","","","","","","","","","","",9000,1,"","",0,1,2,1,"","",0,1,"","","","","","","","","","","","","","","","","","","","","","","","","","","","","","","","","","","","","","","","","","","","","","","","","","","","","","","","","","","","","",""
"54405001","NANCY-OCHEY",48.581,5.959833,336,1982030109,"","","","",9.,1,200,1,"","","","","","","","","","","","","","","","","","","","","","","","","","","","",8.,1,6.2,1,"","","","","","","","","","","","","","","","","","","","","","","","","","",90,1,"","","","","","","","","","","","",9.6,1,1015.3,1,"","","","","","",8,1,8,1,5,1,"","","","","","","","","","","","","","","","","","","","","","","","","","","","",11000,1,"","",60,1,6,1,"","","","","","","","","","","","","","","","","","","","","","","","","","","","","","","","","","","","","","","","","","","","","","","","","","","","","","","","","","","","","","","","","",""
"54405001","NANCY-OCHEY",48.581,5.959833,336,1982030112,"","","","",9.,1,220,1,"","","","","","","","","","","","","","","","","","","","","","","","","","","","",8.6,1,7.,1,"","","","","","","","","","","","","","","","","","","","","","","","","","",91,1,"","","","","","","","","","","","",10.2,1,1013.9,1,"","","","","","",8,1,8,1,5,1,"","","","","","","","","","","","","","","","","","","","","","","","","","","","",7000,1,"","",60,1,6,1,"","","","","","","","","","","","","","","","","","","","","","","","","","","","","","","","","","","","","","","","","","","","","","","","","","","","","","","","","","","","","","","","","",""
"54405001","NANCY-OCHEY",48.581,5.959833,336,1982030115,"","","","",8.,1,240,1,"","","","","","","","","","","","","","","","","","","","","","","","","","","","",10.2,1,8.5,1,"","","","","","","","","","","","","","","","","","","","","","","","","","",90,1,"","","","","","","","","","","","",11.3,1,1010.5,1,"","","","","","",7,1,5,1,8,1,"","","","","","","","","","","","","","","","","","","","","","","","","","","","",6000,1,"","",80,1,8,1,"","","","","","","","","","","","","","","","","","","","","","","","","","","","","","","","","","","","","","","","","","","","","","","","","","","","","","","","","","","","","","","","","",""
"54405001","NANCY-OCHEY",48.581,5.959833,336,1982030118,"","","","",11.,1,240,1,"","","","","","","","","","","","","","","","","","","","","","","","","","","","",8.,1,5.6,1,"","","","","","","","","","","","","","","","","","","","","","","","","","",85,1,"","","","","","","","","","","","",9.2,1,1011.5,1,"","","","","","",3,1,0,1,9,1,0,1,0,1,"","","","","","","","","","","","","","","","","","","","","","","","",20000,1,"","",13,1,8,1,"","","","","","","","","","","","","","","","","","","","","","","","","","","","","","","","","","","","","","","","","","","","","","","","","","","","","","","","","","","","","","","","","",""
"54405001","NANCY-OCHEY",48.581,5.959833,336,1982030121,"","","","",10.,1,240,1,"","","","","","","","","","","","","","","","","","","","","","","","","","","","",6.2,1,5.1,1,"","","","","","","","","","","","","","","","","","","","","","","","","","",94,1,"","","","","","","","","","","","",8.9,1,1011.3,1,"","","","","","","","","","","","","","","","","","","","","","","","","","","","","","","","","","","","","","","","","","","","","","","","","","","","","","","","","","","","","","","","","","","","","","","","","","","","","","","","","","","","","","","","","","","","","","","","","","","","","","","","","","","","","","","","","",""
"54405001","NANCY-OCHEY",48.581,5.959833,336,1982030200,"","","","",11.,1,240,1,"","","","","","","","","","","","","","","","","","","","","","","","","","","","",5.7,1,4.1,1,"","","","","","","","","","","","","","","","","","","","","","","","","","",91,1,"","","","","","","","","","","","",8.3,1,1008.6,1,"","","","","","","","","","","","","","","","","","","","","","","","","","","","","","","","","","","","","","","","","","","","","","","","","","","","","","","","","","","","","","","","","","","","","","","","","","","","","","","","","","","","","","","","","","","","","","","","","","","","","","","","","","","","","","","","","",""
"54405001","NANCY-OCHEY",48.581,5.959833,336,1982030203,"","","","",7.,1,300,1,"","","","","","","","","","","","","","","","","","","","","","","","","","","","",4.,1,-1.8,1,"","","","","","","","","","","","","","","","","","","","","","","","","","",66,1,"","","","","","","","","","","","",5.3,1,1006.2,1,"","","","","","","","","","","","","","","","","","","","","","","","","","","","","","","","","","","","","","","","","","","","","","","","","","","","","","","","","","","","","","","","","","","","","","","","","","","","","","","","","","","","","","","","","","","","","","","","","","","","","","","","","","","","","","","","","",""
"54405001","NANCY-OCHEY",48.581,5.959833,336,1982030206,"","","","",6.,1,280,1,"","","","","","","","","","","","","","","","","","","","","","","","","","","","",2.,1,1.,1,"","","","","","","","","","","","","","","","","","","","","","","","","","",94,1,"","","","","","","","","","","","",6.6,1,1010.9,1,"","","","","","",7,1,7,1,5,1,"","","","","","","","","","","","","","","","","","","","","","","","","","","","",13000,1,"","",60,1,6,1,"","",0,1,"","","","","","","","","","","","","","","","","","","","","","","","","","","","","","","","","","","","","","","","","","","","","","","","","","","","","","","","","","","","","",""
"54405001","NANCY-OCHEY",48.581,5.959833,336,1982030209,"","","","",7.,1,300,1,"","","","","","","","","","","","","","","","","","","","","","","","","","","","",4.,1,1.2,1,"","","","","","","","","","","","","","","","","","","","","","","","","","",83,1,"","","","","","","","","","","","",6.7,1,1016.3,1,"","","","","","",7,1,7,1,7,1,"","","","","","","","","","","","","","","","","","","","","","","","","","","","",13000,1,"","",1,1,6,1,"","","","","","","","","","","","","","","","","","","","","","","","","","","","","","","","","","","","","","","","","","","","","","","","","","","","","","","","","","","","","","","","","",""
"54405001","NANCY-OCHEY",48.581,5.959833,336,1982030212,"","","","",9.,1,280,1,"","","","","","","","","","","","","","","","","","","","","","","","","","","","",5.5,1,3.6,1,"","","","","","","","","","","","","","","","","","","","","","","","","","",88,1,"","","","","","","","","","","","",8.,1,1019.7,1,"","","","","","",7,1,6,1,8,1,"","","","","","","","","","","","","","","","","","","","","","","","","","","","",11000,1,"","",1,1,8,1,"","","","","","","","","","","","","","","","","","","","","","","","","","","","","","","","","","","","","","","","","","","","","","","","","","","","","","","","","","","","","","","","","",""
"54405001","NANCY-OCHEY",48.581,5.959833,336,1982030215,"","","","",9.,1,280,1,"","","","","","","","","","","","","","","","","","","","","","","","","","","","",7.,1,0.6,1,"","","","","","","","","","","","","","","","","","","","","","","","","","",63,1,"","","","","","","","","","","","",6.4,1,1021.5,1,"","","","","","",5,1,5,1,8,1,0,1,0,1,"","","","","","","","","","","","","","","","","","","","","","","","",12000,1,"","",3,1,2,1,"","","","","","","","","","","","","","","","","","","","","","","","","","","","","","","","","","","","","","","","","","","","","","","","","","","","","","","","","","","","","","","","","",""
"54405001","NANCY-OCHEY",48.581,5.959833,336,1982030218,"","","","",5.,1,240,1,"","","","","","","","","","","","","","","","","","","","","","","","","","","","",4.5,1,1.8,1,"","","","","","","","","","","","","","","","","","","","","","","","","","",83,1,"","","","","","","","","","","","",7.,1,1023.3,1,"","","","","","",3,1,0,1,1,1,6,1,0,1,"","","","","","","","","","","","","","","","","","","","","","","","",15000,1,"","",1,1,1,1,"","","","","","","","","","","","","","","","","","","","","","","","","","","","","","","","","","","","","","","","","","","","","","","","","","","","","","","","","","","","","","","","","",""
"54405001","NANCY-OCHEY",48.581,5.959833,336,1982030221,"","","","",4.,1,220,1,"","","","","","","","","","","","","","","","","","","","","","","","","","","","",3.2,1,1.,1,"","","","","","","","","","","","","","","","","","","","","","","","","","",86,1,"","","","","","","","","","","","",6.6,1,1023.9,1,"","","","","","","","","","","","","","","","","","","","","","","","","","","","","","","","","","","","","","","","","","","","","","","","","","","","","","","","","","","","","","","","","","","","","","","","","","","","","","","","","","","","","","","","","","","","","","","","","","","","","","","","","","","","","","","","","",""
"54405001","NANCY-OCHEY",48.581,5.959833,336,1982030300,"","","","",5.,1,200,1,"","","","","","","","","","","","","","","","","","","","","","","","","","","","",4.1,1,1.2,1,"","","","","","","","","","","","","","","","","","","","","","","","","","",83,1,"","","","","","","","","","","","",6.7,1,1023.1,1,"","","","","","","","","","","","","","","","","","","","","","","","","","","","","","","","","","","","","","","","","","","","","","","","","","","","","","","","","","","","","","","","","","","","","","","","","","","","","","","","","","","","","","","","","","","","","","","","","","","","","","","","","","","","","","","","","",""
"54405001","NANCY-OCHEY",48.581,5.959833,336,1982030303,"","","","",10.,1,220,1,"","","","","","","","","","","","","","","","","","","","","","","","","","","","",5.3,1,2.2,1,"","","","","","","","","","","","","","","","","","","","","","","","","","",82,1,"","","","","","","","","","","","",7.2,1,1020.2,1,"","","","","","","","","","","","","","","","","","","","","","","","","","","","","","","","","","","","","","","","","","","","","","","","","","","","","","","","","","","","","","","","","","","","","","","","","","","","","","","","","","","","","","","","","","","","","","","","","","","","","","","","","","","","","","","","","",""
"54405001","NANCY-OCHEY",48.581,5.959833,336,1982030306,"","","","",12.,1,220,1,"","","","","","","","","","","","","","","","","","","","","","","","","","","","",5.4,1,2.5,1,"","","","","","","","","","","","","","","","","","","","","","","","","","",82,1,"","","","","","","","","","","","",7.4,1,1018.,1,"","","","","","",8,1,7,1,5,1,"","","","","","","","","","","","","","","","","","","","","","","","","","","","",15000,1,"","",1,1,2,1,"","",0,1,"","","","","","","","","","","","","","","","","","","","","","","","","","","","","","","","","","","","","","","","","","","","","","","","","","","","","","","","","","","","","",""
"54405001","NANCY-OCHEY",48.581,5.959833,336,1982030309,"","","","",10.,1,220,1,"","","","","","","","","","","","","","","","","","","","","","","","","","","","",6.8,1,2.5,1,"","","","","","","","","","","","","","","","","","","","","","","","","","",75,1,"","","","","","","","","","","","",7.4,1,1016.7,1,"","","","","","",8,1,6,1,5,1,7,1,"","","","","","","","","","","","","","","","","","","","","","","","","","",20000,1,"","",2,1,2,1,"","","","","","","","","","","","","","","","","","","","","","","","","","","","","","","","","","","","","","","","","","","","","","","","","","","","","","","","","","","","","","","","","",""
"54405001","NANCY-OCHEY",48.581,5.959833,336,1982030312,"","","","",9.,1,200,1,"","","","","","","","","","","","","","","","","","","","","","","","","","","","",7.8,1,3.6,1,"","","","","","","","","","","","","","","","","","","","","","","","","","",76,1,"","","","","","","","","","","","",8.,1,1014.8,1,"","","","","","",7,1,6,1,5,1,3,1,"","","","","","","","","","","","","","","","","","","","","","","","","","",18000,1,"","",21,1,6,1,"","","","","","","","","","","","","","","","","","","","","","","","","","","","","","","","","","","","","","","","","","","","","","","","","","","","","","","","","","","","","","","","","",""
"54405001","NANCY-OCHEY",48.581,5.959833,336,1982030315,"","","","",16.,1,220,1,"","","","","","","","","","","","","","","","","","","","","","","","","","","","",10.8,1,4.3,1,"","","","","","","","","","","","","","","","","","","","","","","","","","",65,1,"","","","","","","","","","","","",8.4,1,1012.2,1,"","","","","","",7,1,7,1,5,1,"","","","","","","","","","","","","","","","","","","","","","","","","","","","",17000,1,"","",60,1,6,1,"","","","","","","","","","","","","","","","","","","","","","","","","","","","","","","","","","","","","","","","","","","","","","","","","","","","","","","","","","","","","","","","","",""
"54405001","NANCY-OCHEY",48.581,5.959833,336,1982030318,"","","","",12.,1,220,1,"","","","","","","","","","","","","","","","","","","","","","","","","","","","",10.1,1,2.7,1,"","","","","","","","","","","","","","","","","","","","","","","","","","",61,1,"","","","","","","","","","","","",7.5,1,1011.,1,"","","","","","",7,1,7,1,5,1,"","","","","","","","","","","","","","","","","","","","","","","","","","","","",20000,1,"","",3,1,6,1,"","","","","","","","","","","","","","","","","","","","","","","","","","","","","","","","","","","","","","","","","","","","","","","","","","","","","","","","","","","","","","","","","",""
"54405001","NANCY-OCHEY",48.581,5.959833,336,1982030321,"","","","",11.,1,220,1,"","","","","","","","","","","","","","","","","","","","","","","","","","","","",10.5,1,2.5,1,"","","","","","","","","","","","","","","","","","","","","","","","","","",59,1,"","","","","","","","","","","","",7.4,1,1009.8,1,"","","","","","","","","","","","","","","","","","","","","","","","","","","","","","","","","","","","","","","","","","","","","","","","","","","","","","","","","","","","","","","","","","","","","","","","","","","","","","","","","","","","","","","","","","","","","","","","","","","","","","","","","","","","","","","","","",""
"54405001","NANCY-OCHEY",48.581,5.959833,336,1982030400,"","","","",5.,1,260,1,"","","","","","","","","","","","","","","","","","","","","","","","","","","","",5.3,1,3.8,1,"","","","","","","","","","","","","","","","","","","","","","","","","","",91,1,"","","","","","","","","","","","",8.1,1,1012.2,1,"","","","","","","","","","","","","","","","","","","","","","","","","","","","","","","","","","","","","","","","","","","","","","","","","","","","","","","","","","","","","","","","","","","","","","","","","","","","","","","","","","","","","","","","","","","","","","","","","","","","","","","","","","","","","","","","","",""
"54405001","NANCY-OCHEY",48.581,5.959833,336,1982030403,"","","","",7.,1,260,1,"","","","","","","","","","","","","","","","","","","","","","","","","","","","",3.9,1,2.,1,"","","","","","","","","","","","","","","","","","","","","","","","","","",89,1,"","","","","","","","","","","","",7.1,1,1013.7,1,"","","","","","","","","","","","","","","","","","","","","","","","","","","","","","","","","","","","","","","","","","","","","","","","","","","","","","","","","","","","","","","","","","","","","","","","","","","","","","","","","","","","","","","","","","","","","","","","","","","","","","","","","","","","","","","","","",""
"54405001","NANCY-OCHEY",48.581,5.959833,336,1982030406,"","","","",6.,1,240,1,"","","","","","","","","","","","","","","","","","","","","","","","","","","","",4.1,1,2.2,1,"","","","","","","","","","","","","","","","","","","","","","","","","","",88,1,"","","","","","","","","","","","",7.2,1,1014.3,1,"","","","","","",8,1,5,1,8,1,"","","","","","","","","","","","","","","","","","","","","","","","","","","","",15000,1,"","",3,1,2,1,"","",0,1,"","","","","","","","","","","","","","","","","","","","","","","","","","","","","","","","","","","","","","","","","","","","","","","","","","","","","","","","","","","","","",""
"54405001","NANCY-OCHEY",48.581,5.959833,336,1982030409,"","","","",5.,1,240,1,"","","","","","","","","","","","","","","","","","","","","","","","","","","","",5.3,1,3.4,1,"","","","","","","","","","","","","","","","","","","","","","","","","","",88,1,"","","","","","","","","","","","",7.9,1,1015.9,1,"","","","","","",8,1,6,1,8,1,"","","","","","","","","","","","","","","","","","","","","","","","","","","","",14000,1,"","",21,1,6,1,"","","","","","","","","","","","","","","","","","","","","","","","","","","","","","","","","","","","","","","","","","","","","","","","","","","","","","","","","","","","","","","","","",""
"54405001","NANCY-OCHEY",48.581,5.959833,336,1982030412,"","","","",8.,1,260,1,"","","","","","","","","","","","","","","","","","","","","","","","","","","","",7.,1,2.,1,"","","","","","","","","","","","","","","","","","","","","","","","","","",71,1,"","","","","","","","","","","","",7.1,1,1016.4,1,"","","","","","",6,1,5,1,2,1,0,1,1,1,"","","","","","","","","","","","","","","","","","","","","","","","",20000,1,"","",25,1,8,1,"","","","","","","","","","","","","","","","","","","","","","","","","","","","","","","","","","","","","","","","","","","","","","","","","","","","","","","","","","","","","","","","","",""
"54405001","NANCY-OCHEY",48.581,5.959833,336,1982030415,"","","","",5.,1,260,1,"","","","","","","","","","","","","","","","","","","","","","","","","","","","",8.4,1,0.1,1,"","","","","","","","","","","","","","","","","","","","","","","","","","",56,1,"","","","","","","","","","","","",6.2,1,1016.9,1,"","","","","","",6,1,5,1,9,1,0,1,1,1,"","","","","","","","","","","","","","","","","","","","","","","","",15000,1,"","",3,1,2,1,"","","","","","","","","","","","","","","","","","","","","","","","","","","","","","","","","","","","","","","","","","","","","","","","","","","","","","","","","","","","","","","","","",""
"54405001","NANCY-OCHEY",48.581,5.959833,336,1982030418,"","","","",3.,1,240,1,"","","","","","","","","","","","","","","","","","","","","","","","","","","","",3.4,1,1.6,1,"","","","","","","","","","","","","","","","","","","","","","","","","","",89,1,"","","","","","","","","","","","",6.9,1,1020.3,1,"","","","","","",5,1,0,1,9,1,6,1,0,1,"","","","","","","","","","","","","","","","","","","","","","","","",20000,1,"","",27,1,8,1,"","","","","","","","","","","","","","","","","","","","","","","","","","","","","","","","","","","","","","","","","","","","","","","","","","","","","","","","","","","","","","","","","",""
"54405001","NANCY-OCHEY",48.581,5.959833,336,1982030421,"","","","",3.,1,240,1,"","","","","","","","","","","","","","","","","","","","","","","","","","","","",1.4,1,-0.2,1,"","","","","","","","","","","","","","","","","","","","","","","","","","",90,1,"","","","","","","","","","","","",6.,1,1023.1,1,"","","","","","","","","","","","","","","","","","","","","","","","","","","","","","","","","","","","","","","","","","","","","","","","","","","","","","","","","","","","","","","","","","","","","","","","","","","","","","","","","","","","","","","","","","","","","","","","","","","","","","","","","","","","","","","","","",""
"54405001","NANCY-OCHEY",48.581,5.959833,336,1982030500,"","","","",2.,1,300,1,"","","","","","","","","","","","","","","","","","","","","","","","","","","","",1.,1,-0.2,1,"","","","","","","","","","","","","","","","","","","","","","","","","","",92,1,"","","","","","","","","","","","",6.,1,1024.7,1,"","","","","","","","","","","","","","","","","","","","","","","","","","","","","","","","","","","","","","","","","","","","","","","","","","","","","","","","","","","","","","","","","","","","","","","","","","","","","","","","","","","","","","","","","","","","","","","","","","","","","","","","","","","","","","","","","",""
"54405001","NANCY-OCHEY",48.581,5.959833,336,1982030503,"","","","",2.,1,360,1,"","","","","","","","","","","","","","","","","","","","","","","","","","","","",0.4,1,-0.6,1,"","","","","","","","","","","","","","","","","","","","","","","","","","",93,1,"","","","","","","","","","","","",5.8,1,1026.9,1,"","","","","","","","","","","","","","","","","","","","","","","","","","","","","","","","","","","","","","","","","","","","","","","","","","","","","","","","","","","","","","","","","","","","","","","","","","","","","","","","","","","","","","","","","","","","","","","","","","","","","","","","","","","","","","","","","",""
"54405001","NANCY-OCHEY",48.581,5.959833,336,1982030506,"","","","",3.,1,20,1,"","","","","","","","","","","","","","","","","","","","","","","","","","","","",0.2,1,-0.6,1,"","","","","","","","","","","","","","","","","","","","","","","","","","",93,1,"","","","","","","","","","","","",5.8,1,1030.2,1,"","","","","","",3,1,0,1,5,1,0,1,0,1,"","","","","","","","","","","","","","","","","","","","","","","","",6000,1,"","",0,1,1,1,"","",0,1,"","","","","","","","","","","","","","","","","","","","","","","","","","","","","","","","","","","","","","","","","","","","","","","","","","","","","","","","","","","","","",""
"54405001","NANCY-OCHEY",48.581,5.959833,336,1982030509,"","","","",6.,1,20,1,"","","","","","","","","","","","","","","","","","","","","","","","","","","","",1.9,1,0.1,1,"","","","","","","","","","","","","","","","","","","","","","","","","","",88,1,"","","","","","","","","","","","",6.2,1,1032.6,1,"","","","","","",1,1,0,1,1,1,0,1,0,1,"","","","","","","","","","","","","","","","","","","","","","","","",5000,1,"","",1,1,4,1,"","","","","","","","","","","","","","","","","","","","","","","","","","","","","","","","","","","","","","","","","","","","","","","","","","","","","","","","","","","","","","","","","",""
"54405001","NANCY-OCHEY",48.581,5.959833,336,1982030512,"","","","",8.,1,40,1,"","","","","","","","","","","","","","","","","","","","","","","","","","","","",6.4,1,-3.7,1,"","","","","","","","","","","","","","","","","","","","","","","","","","",48,1,"","","","","","","","","","","","",4.6,1,1033.2,1,"","","","","","",3,1,0,1,2,1,0,1,0,1,"","","","","","","","","","","","","","","","","","","","","","","","",20000,1,"","",3,1,4,1,"","","","","","","","","","","","","","","","","","","","","","","","","","","","","","","","","","","","","","","","","","","","","","","","","","","","","","","","","","","","","","","","","",""
"54405001","NANCY-OCHEY",48.581,5.959833,336,1982030515,"","","","",6.,1,40,1,"","","","","","","","","","","","","","","","","","","","","","","","","","","","",6.7,1,-2.9,1,"","","","","","","","","","","","","","","","","","","","","","","","","","",50,1,"","","","","","","","","","","","",4.9,1,1032.8,1,"","","","","","",6,1,6,1,2,1,0,1,0,1,"","","","","","","","","","","","","","","","","","","","","","","","",15000,1,"","",1,1,1,1,"","","","","","","","","","","","","","","","","","","","","","","","","","","","","","","","","","","","","","","","","","","","","","","","","","","","","","","","","","","","","","","","","",""
"54405001","NANCY-OCHEY",48.581,5.959833,336,1982030518,"","","","",3.,1,360,1,"","","","","","","","","","","","","","","","","","","","","","","","","","","","",3.8,1,-3.7,1,"","","","","","","","","","","","","","","","","","","","","","","","","","",58,1,"","","","","","","","","","","","",4.6,1,1034.3,1,"","","","","","",2,1,0,1,5,1,0,1,0,1,"","","","","","","","","","","","","","","","","","","","","","","","",15000,1,"","",1,1,1,1,"","","","","","","","","","","","","","","","","","","","","","","","","","","","","","","","","","","","","","","","","","","","","","","","","","","","","","","","","","","","","","","","","",""
"54405001","NANCY-OCHEY",48.581,5.959833,336,1982030521,"","","","",3.,1,360,1,"","","","","","","","","","","","","","","","","","","","","","","","","","","","",1.2,1,-4.,1,"","","","","","","","","","","","","","","","","","","","","","","","","","",68,1,"","","","","","","","","","","","",4.5,1,1035.5,1,"","","","","","","","","","","","","","","","","","","","","","","","","","","","","","","","","","","","","","","","","","","","","","","","","","","","","","","","","","","","","","","","","","","","","","","","","","","","","","","","","","","","","","","","","","","","","","","","","","","","","","","","","","","","","","","","","",""
"54405001","NANCY-OCHEY",48.581,5.959833,336,1982030600,"","","","",1.,1,60,1,"","","","","","","","","","","","","","","","","","","","","","","","","","","","",-0.7,1,-4.,1,"","","","","","","","","","","","","","","","","","","","","","","","","","",79,1,"","","","","","","","","","","","",4.5,1,1036.1,1,"","","","","","","","","","","","","","","","","","","","","","","","","","","","","","","","","","","","","","","","","","","","","","","","","","","","","","","","","","","","","","","","","","","","","","","","","","","","","","","","","","","","","","","","","","","","","","","","","","","","","","","","","","","","","","","","","",""
"54405001","NANCY-OCHEY",48.581,5.959833,336,1982030603,"","","","",2.,1,360,1,"","","","","","","","","","","","","","","","","","","","","","","","","","","","",-1.9,1,-4.3,1,"","","","","","","","","","","","","","","","","","","","","","","","","","",84,1,"","","","","","","","","","","","",4.4,1,1036.3,1,"","","","","","","","","","","","","","","","","","","","","","","","","","","","","","","","","","","","","","","","","","","","","","","","","","","","","","","","","","","","","","","","","","","","","","","","","","","","","","","","","","","","","","","","","","","","","","","","","","","","","","","","","","","","","","","","","",""
"54405001","NANCY-OCHEY",48.581,5.959833,336,1982030606,"","","","",3.,1,80,1,"","","","","","","","","","","","","","","","","","","","","","","","","","","","",-1.5,1,-3.7,1,"","","","","","","","","","","","","","","","","","","","","","","","","","",84,1,"","","","","","","","","","","","",4.6,1,1036.1,1,"","","","","","",1,1,0,1,0,1,0,1,1,1,"","","","","","","","","","","","","","","","","","","","","","","","",10000,1,"","",2,1,0,1,"","",0,1,"","","","","","","","","","","","","","","","","","","","","","","","","","","","","","","","","","","","","","","","","","","","","","","","","","","","","","","","","","","","","",""
"54405001","NANCY-OCHEY",48.581,5.959833,336,1982030609,"","","","",4.,1,80,1,"","","","","","","","","","","","","","","","","","","","","","","","","","","","",1.4,1,-2.6,1,"","","","","","","","","","","","","","","","","","","","","","","","","","",75,1,"","","","","","","","","","","","",5.,1,1035.6,1,"","","","","","",1,1,0,1,1,1,0,1,0,1,"","","","","","","","","","","","","","","","","","","","","","","","",10000,1,"","",3,1,0,1,"","","","","","","","","","","","","","","","","","","","","","","","","","","","","","","","","","","","","","","","","","","","","","","","","","","","","","","","","","","","","","","","","",""
"54405001","NANCY-OCHEY",48.581,5.959833,336,1982030612,"","","","",8.,1,80,1,"","","","","","","","","","","","","","","","","","","","","","","","","","","","",4.2,1,-4.9,1,"","","","","","","","","","","","","","","","","","","","","","","","","","",51,1,"","","","","","","","","","","","",4.2,1,1034.4,1,"","","","","","",3,1,0,1,2,1,0,1,0,1,"","","","","","","","","","","","","","","","","","","","","","","","",15000,1,"","",2,1,0,1,"","","","","","","","","","","","","","","","","","","","","","","","","","","","","","","","","","","","","","","","","","","","","","","","","","","","","","","","","","","","","","","","","",""
"54405001","NANCY-OCHEY",48.581,5.959833,336,1982030615,"","","","",6.,1,60,1,"","","","","","","","","","","","","","","","","","","","","","","","","","","","",5.5,1,-4.9,1,"","","","","","","","","","","","","","","","","","","","","","","","","","",46,1,"","","","","","","","","","","","",4.2,1,1032.1,1,"","","","","","",1,1,0,1,2,1,0,1,0,1,"","","","","","","","","","","","","","","","","","","","","","","","",15000,1,"","",2,1,0,1,"","","","","","","","","","","","","","","","","","","","","","","","","","","","","","","","","","","","","","","","","","","","","","","","","","","","","","","","","","","","","","","","","",""
"54405001","NANCY-OCHEY",48.581,5.959833,336,1982030618,"","","","",2.,1,60,1,"","","","","","","","","","","","","","","","","","","","","","","","","","","","",3.,1,-5.8,1,"","","","","","","","","","","","","","","","","","","","","","","","","","",51,1,"","","","","","","","","","","","",3.9,1,1031.2,1,"","","","","","",2,1,0,1,0,1,3,1,0,1,"","","","","","","","","","","","","","","","","","","","","","","","",15000,1,"","",1,1,0,1,"","","","","","","","","","","","","","","","","","","","","","","","","","","","","","","","","","","","","","","","","","","","","","","","","","","","","","","","","","","","","","","","","",""
"54405001","NANCY-OCHEY",48.581,5.959833,336,1982030621,"","","","",3.,1,100,1,"","","","","","","","","","","","","","","","","","","","","","","","","","","","",1.9,1,-3.4,1,"","","","","","","","","","","","","","","","","","","","","","","","","","",68,1,"","","","","","","","","","","","",4.7,1,1030.2,1,"","","","","","","","","","","","","","","","","","","","","","","","","","","","","","","","","","","","","","","","","","","","","","","","","","","","","","","","","","","","","","","","","","","","","","","","","","","","","","","","","","","","","","","","","","","","","","","","","","","","","","","","","","","","","","","","","",""
"54405001","NANCY-OCHEY",48.581,5.959833,336,1982030700,"","","","",4.,1,100,1,"","","","","","","","","","","","","","","","","","","","","","","","","","","","",-0.3,1,-4.6,1,"","","","","","","","","","","","","","","","","","","","","","","","","","",73,1,"","","","","","","","","","","","",4.3,1,1028.7,1,"","","","","","","","","","","","","","","","","","","","","","","","","","","","","","","","","","","","","","","","","","","","","","","","","","","","","","","","","","","","","","","","","","","","","","","","","","","","","","","","","","","","","","","","","","","","","","","","","","","","","","","","","","","","","","","","","",""
"54405001","NANCY-OCHEY",48.581,5.959833,336,1982030703,"","","","",6.,1,80,1,"","","","","","","","","","","","","","","","","","","","","","","","","","","","",-1.9,1,-5.5,1,"","","","","","","","","","","","","","","","","","","","","","","","","","",76,1,"","","","","","","","","","","","",4.,1,1026.3,1,"","","","","","","","","","","","","","","","","","","","","","","","","","","","","","","","","","","","","","","","","","","","","","","","","","","","","","","","","","","","","","","","","","","","","","","","","","","","","","","","","","","","","","","","","","","","","","","","","","","","","","","","","","","","","","","","","",""
"54405001","NANCY-OCHEY",48.581,5.959833,336,1982030706,"","","","",6.,1,60,1,"","","","","","","","","","","","","","","","","","","","","","","","","","","","",-2.3,1,-7.2,1,"","","","","","","","","","","","","","","","","","","","","","","","","","",68,1,"","","","","","","","","","","","",3.5,1,1025.,1,"","","","","","",1,1,0,1,0,1,3,1,0,1,"","","","","","","","","","","","","","","","","","","","","","","","",15000,1,"","",2,1,0,1,"","",0,1,"","","","","","","","","","","","","","","","","","","","","","","","","","","","","","","","","","","","","","","","","","","","","","","","","","","","","","","","","","","","","",""
"54405001","NANCY-OCHEY",48.581,5.959833,336,1982030709,"","","","",2.,1,80,1,"","","","","","","","","","","","","","","","","","","","","","","","","","","","",-0.3,1,-6.1,1,"","","","","","","","","","","","","","","","","","","","","","","","","","",65,1,"","","","","","","","","","","","",3.8,1,1024.5,1,"","","","","","",1,1,0,1,0,1,0,1,1,1,"","","","","","","","","","","","","","","","","","","","","","","","",10000,1,"","",3,1,0,1,"","","","","","","","","","","","","","","","","","","","","","","","","","","","","","","","","","","","","","","","","","","","","","","","","","","","","","","","","","","","","","","","","",""
"54405001","NANCY-OCHEY",48.581,5.959833,336,1982030712,"","","","",1.,1,60,1,"","","","","","","","","","","","","","","","","","","","","","","","","","","","",3.8,1,-4.3,1,"","","","","","","","","","","","","","","","","","","","","","","","","","",55,1,"","","","","","","","","","","","",4.4,1,1023.3,1,"","","","","","",0,1,"","",0,1,0,1,0,1,"","","","","","","","","","","","","","","","","","","","","","","","",10000,1,"","",1,1,0,1,"","","","","","","","","","","","","","","","","","","","","","","","","","","","","","","","","","","","","","","","","","","","","","","","","","","","","","","","","","","","","","","","","",""
"54405001","NANCY-OCHEY",48.581,5.959833,336,1982030715,"","","","",2.,1,60,1,"","","","","","","","","","","","","","","","","","","","","","","","","","","","",5.2,1,-3.7,1,"","","","","","","","","","","","","","","","","","","","","","","","","","",52,1,"","","","","","","","","","","","",4.6,1,1021.6,1,"","","","","","",2,1,0,1,0,1,3,1,2,1,"","","","","","","","","","","","","","","","","","","","","","","","",12000,1,"","",3,1,0,1,"","","","","","","","","","","","","","","","","","","","","","","","","","","","","","","","","","","","","","","","","","","","","","","","","","","","","","","","","","","","","","","","","",""
"54405001","NANCY-OCHEY",48.581,5.959833,336,1982030718,"","","","",3.,1,60,1,"","","","","","","","","","","","","","","","","","","","","","","","","","","","",3.5,1,-4.,1,"","","","","","","","","","","","","","","","","","","","","","","","","","",57,1,"","","","","","","","","","","","",4.5,1,1022.1,1,"","","","","","",6,1,5,1,0,1,3,1,2,1,"","","","","","","","","","","","","","","","","","","","","","","","",13000,1,"","",3,1,1,1,"","","","","","","","","","","","","","","","","","","","","","","","","","","","","","","","","","","","","","","","","","","","","","","","","","","","","","","","","","","","","","","","","",""
"54405001","NANCY-OCHEY",48.581,5.959833,336,1982030721,"","","","",1.,1,220,1,"","","","","","","","","","","","","","","","","","","","","","","","","","","","",0.9,1,-3.7,1,"","","","","","","","","","","","","","","","","","","","","","","","","","",71,1,"","","","","","","","","","","","",4.6,1,1022.4,1,"","","","","","","","","","","","","","","","","","","","","","","","","","","","","","","","","","","","","","","","","","","","","","","","","","","","","","","","","","","","","","","","","","","","","","","","","","","","","","","","","","","","","","","","","","","","","","","","","","","","","","","","","","","","","","","","","",""
"54405001","NANCY-OCHEY",48.581,5.959833,336,1982030800,"","","","",1.,1,220,1,"","","","","","","","","","","","","","","","","","","","","","","","","","","","",-1.2,1,-5.2,1,"","","","","","","","","","","","","","","","","","","","","","","","","","",75,1,"","","","","","","","","","","","",4.1,1,1022.3,1,"","","","","","","","","","","","","","","","","","","","","","","","","","","","","","","","","","","","","","","","","","","","","","","","","","","","","","","","","","","","","","","","","","","","","","","","","","","","","","","","","","","","","","","","","","","","","","","","","","","","","","","","","","","","","","","","","",""
"54405001","NANCY-OCHEY",48.581,5.959833,336,1982030803,"","","","",1.,1,200,1,"","","","","","","","","","","","","","","","","","","","","","","","","","","","",-2.,1,-5.5,1,"","","","","","","","","","","","","","","","","","","","","","","","","","",77,1,"","","","","","","","","","","","",4.,1,1022.,1,"","","","","","","","","","","","","","","","","","","","","","","","","","","","","","","","","","","","","","","","","","","","","","","","","","","","","","","","","","","","","","","","","","","","","","","","","","","","","","","","","","","","","","","","","","","","","","","","","","","","","","","","","","","","","","","","","",""
"54405001","NANCY-OCHEY",48.581,5.959833,336,1982030806,"","","","",0.,1,0,1,"","","","","","","","","","","","","","","","","","","","","","","","","","","","",-1.8,1,-5.2,1,"","","","","","","","","","","","","","","","","","","","","","","","","","",77,1,"","","","","","","","","","","","",4.1,1,1021.9,1,"","","","","","",5,1,5,1,0,1,7,1,0,1,"","","","","","","","","","","","","","","","","","","","","","","","",6000,1,"","",3,1,1,1,"","",0,1,"","","","","","","","","","","","","","","","","","","","","","","","","","","","","","","","","","","","","","","","","","","","","","","","","","","","","","","","","","","","","",""
"54405001","NANCY-OCHEY",48.581,5.959833,336,1982030809,"","","","",0.,1,0,1,"","","","","","","","","","","","","","","","","","","","","","","","","","","","",2.6,1,-2.1,1,"","","","","","","","","","","","","","","","","","","","","","","","","","",71,1,"","","","","","","","","","","","",5.2,1,1021.3,1,"","","","","","",4,1,0,1,0,1,8,1,0,1,"","","","","","","","","","","","","","","","","","","","","","","","",6000,1,"","",1,1,1,1,"","","","","","","","","","","","","","","","","","","","","","","","","","","","","","","","","","","","","","","","","","","","","","","","","","","","","","","","","","","","","","","","","",""
"54405001","NANCY-OCHEY",48.581,5.959833,336,1982030812,"","","","",3.,1,140,1,"","","","","","","","","","","","","","","","","","","","","","","","","","","","",7.6,1,-0.4,1,"","","","","","","","","","","","","","","","","","","","","","","","","","",56,1,"","","","","","","","","","","","",5.9,1,1019.8,1,"","","","","","",1,1,0,1,0,1,8,1,0,1,"","","","","","","","","","","","","","","","","","","","","","","","",10000,1,"","",1,1,0,1,"","","","","","","","","","","","","","","","","","","","","","","","","","","","","","","","","","","","","","","","","","","","","","","","","","","","","","","","","","","","","","","","","",""
"54405001","NANCY-OCHEY",48.581,5.959833,336,1982030815,"","","","",3.,1,160,1,"","","","","","","","","","","","","","","","","","","","","","","","","","","","",8.9,1,-4.3,1,"","","","","","","","","","","","","","","","","","","","","","","","","","",39,1,"","","","","","","","","","","","",4.4,1,1018.2,1,"","","","","","",1,1,0,1,0,1,3,1,0,1,"","","","","","","","","","","","","","","","","","","","","","","","",16000,1,"","",3,1,0,1,"","","","","","","","","","","","","","","","","","","","","","","","","","","","","","","","","","","","","","","","","","","","","","","","","","","","","","","","","","","","","","","","","",""
"54405001","NANCY-OCHEY",48.581,5.959833,336,1982030818,"","","","",1.,1,160,1,"","","","","","","","","","","","","","","","","","","","","","","","","","","","",7.,1,-0.6,1,"","","","","","","","","","","","","","","","","","","","","","","","","","",58,1,"","","","","","","","","","","","",5.8,1,1018.8,1,"","","","","","",6,1,6,1,0,1,7,1,0,1,"","","","","","","","","","","","","","","","","","","","","","","","",15000,1,"","",2,1,0,1,"","","","","","","","","","","","","","","","","","","","","","","","","","","","","","","","","","","","","","","","","","","","","","","","","","","","","","","","","","","","","","","","","",""
"54405001","NANCY-OCHEY",48.581,5.959833,336,1982030821,"","","","",3.,1,240,1,"","","","","","","","","","","","","","","","","","","","","","","","","","","","",3.8,1,0.4,1,"","","","","","","","","","","","","","","","","","","","","","","","","","",79,1,"","","","","","","","","","","","",6.3,1,1020.4,1,"","","","","","","","","","","","","","","","","","","","","","","","","","","","","","","","","","","","","","","","","","","","","","","","","","","","","","","","","","","","","","","","","","","","","","","","","","","","","","","","","","","","","","","","","","","","","","","","","","","","","","","","","","","","","","","","","",""
"54405001","NANCY-OCHEY",48.581,5.959833,336,1982030900,"","","","",2.,1,180,1,"","","","","","","","","","","","","","","","","","","","","","","","","","","","",2.5,1,0.8,1,"","","","","","","","","","","","","","","","","","","","","","","","","","",89,1,"","","","","","","","","","","","",6.5,1,1020.6,1,"","","","","","","","","","","","","","","","","","","","","","","","","","","","","","","","","","","","","","","","","","","","","","","","","","","","","","","","","","","","","","","","","","","","","","","","","","","","","","","","","","","","","","","","","","","","","","","","","","","","","","","","","","","","","","","","","",""
"54405001","NANCY-OCHEY",48.581,5.959833,336,1982030903,"","","","",2.,1,200,1,"","","","","","","","","","","","","","","","","","","","","","","","","","","","",1.,1,-0.6,1,"","","","","","","","","","","","","","","","","","","","","","","","","","",89,1,"","","","","","","","","","","","",5.8,1,1020.7,1,"","","","","","","","","","","","","","","","","","","","","","","","","","","","","","","","","","","","","","","","","","","","","","","","","","","","","","","","","","","","","","","","","","","","","","","","","","","","","","","","","","","","","","","","","","","","","","","","","","","","","","","","","","","","","","","","","",""
"54405001","NANCY-OCHEY",48.581,5.959833,336,1982030906,"","","","",5.,1,200,1,"","","","","","","","","","","","","","","","","","","","","","","","","","","","",0.2,1,-1.6,1,"","","","","","","","","","","","","","","","","","","","","","","","","","",87,1,"","","","","","","","","","","","",5.4,1,1020.5,1,"","","","","","",4,1,0,1,5,1,3,1,0,1,"","","","","","","","","","","","","","","","","","","","","","","","",7000,1,"","",2,1,0,1,"","",0,1,"","","","","","","","","","","","","","","","","","","","","","","","","","","","","","","","","","","","","","","","","","","","","","","","","","","","","","","","","","","","","",""
"54405001","NANCY-OCHEY",48.581,5.959833,336,1982030909,"","","","",6.,1,200,1,"","","","","","","","","","","","","","","","","","","","","","","","","","","","",4.,1,-0.9,1,"","","","","","","","","","","","","","","","","","","","","","","","","","",70,1,"","","","","","","","","","","","",5.7,1,1020.,1,"","","","","","",2,1,0,1,2,1,0,1,1,1,"","","","","","","","","","","","","","","","","","","","","","","","",10000,1,"","",3,1,0,1,"","","","","","","","","","","","","","","","","","","","","","","","","","","","","","","","","","","","","","","","","","","","","","","","","","","","","","","","","","","","","","","","","",""
"54405001","NANCY-OCHEY",48.581,5.959833,336,1982030912,"","","","",7.,1,200,1,"","","","","","","","","","","","","","","","","","","","","","","","","","","","",6.7,1,1.,1,"","","","","","","","","","","","","","","","","","","","","","","","","","",67,1,"","","","","","","","","","","","",6.6,1,1018.7,1,"","","","","","",6,1,5,1,8,1,0,1,1,1,"","","","","","","","","","","","","","","","","","","","","","","","",17000,1,"","",3,1,1,1,"","","","","","","","","","","","","","","","","","","","","","","","","","","","","","","","","","","","","","","","","","","","","","","","","","","","","","","","","","","","","","","","","",""
"54405001","NANCY-OCHEY",48.581,5.959833,336,1982030915,"","","","",6.,1,220,1,"","","","","","","","","","","","","","","","","","","","","","","","","","","","",6.5,1,2.7,1,"","","","","","","","","","","","","","","","","","","","","","","","","","",77,1,"","","","","","","","","","","","",7.5,1,1017.3,1,"","","","","","",8,1,8,1,5,1,7,1,"","","","","","","","","","","","","","","","","","","","","","","","","","",11000,1,"","",60,1,6,1,"","","","","","","","","","","","","","","","","","","","","","","","","","","","","","","","","","","","","","","","","","","","","","","","","","","","","","","","","","","","","","","","","",""
"54405001","NANCY-OCHEY",48.581,5.959833,336,1982030918,"","","","",5.,1,220,1,"","","","","","","","","","","","","","","","","","","","","","","","","","","","",4.7,1,3.1,1,"","","","","","","","","","","","","","","","","","","","","","","","","","",90,1,"","","","","","","","","","","","",7.7,1,1017.8,1,"","","","","","",7,1,5,1,5,1,"","","","","","","","","","","","","","","","","","","","","","","","","","","","",12000,1,"","",21,1,6,1,"","","","","","","","","","","","","","","","","","","","","","","","","","","","","","","","","","","","","","","","","","","","","","","","","","","","","","","","","","","","","","","","","",""
"54405001","NANCY-OCHEY",48.581,5.959833,336,1982030921,"","","","",4.,1,220,1,"","","","","","","","","","","","","","","","","","","","","","","","","","","","",4.3,1,2.5,1,"","","","","","","","","","","","","","","","","","","","","","","","","","",90,1,"","","","","","","","","","","","",7.4,1,1017.3,1,"","","","","","","","","","","","","","","","","","","","","","","","","","","","","","","","","","","","","","","","","","","","","","","","","","","","","","","","","","","","","","","","","","","","","","","","","","","","","","","","","","","","","","","","","","","","","","","","","","","","","","","","","","","","","","","","","",""
"54405001","NANCY-OCHEY",48.581,5.959833,336,1982031000,"","","","",5.,1,220,1,"","","","","","","","","","","","","","","","","","","","","","","","","","","","",3.9,1,2.,1,"","","","","","","","","","","","","","","","","","","","","","","","","","",89,1,"","","","","","","","","","","","",7.1,1,1016.1,1,"","","","","","","","","","","","","","","","","","","","","","","","","","","","","","","","","","","","","","","","","","","","","","","","","","","","","","","","","","","","","","","","","","","","","","","","","","","","","","","","","","","","","","","","","","","","","","","","","","","","","","","","","","","","","","","","","",""
"54405001","NANCY-OCHEY",48.581,5.959833,336,1982031003,"","","","",5.,1,180,1,"","","","","","","","","","","","","","","","","","","","","","","","","","","","",3.9,1,2.2,1,"","","","","","","","","","","","","","","","","","","","","","","","","","",90,1,"","","","","","","","","","","","",7.2,1,1013.8,1,"","","","","","","","","","","","","","","","","","","","","","","","","","","","","","","","","","","","","","","","","","","","","","","","","","","","","","","","","","","","","","","","","","","","","","","","","","","","","","","","","","","","","","","","","","","","","","","","","","","","","","","","","","","","","","","","","",""
"54405001","NANCY-OCHEY",48.581,5.959833,336,1982031006,"","","","",6.,1,200,1,"","","","","","","","","","","","","","","","","","","","","","","","","","","","",4.2,1,1.4,1,"","","","","","","","","","","","","","","","","","","","","","","","","","",83,1,"","","","","","","","","","","","",6.8,1,1012.1,1,"","","","","","",8,1,8,1,5,1,7,1,"","","","","","","","","","","","","","","","","","","","","","","","","","",13000,1,"","",3,1,2,1,"","",0,1,"","","","","","","","","","","","","","","","","","","","","","","","","","","","","","","","","","","","","","","","","","","","","","","","","","","","","","","","","","","","","",""
"54405001","NANCY-OCHEY",48.581,5.959833,336,1982031009,"","","","",12.,1,220,1,"","","","","","","","","","","","","","","","","","","","","","","","","","","","",6.1,1,0.6,1,"","","","","","","","","","","","","","","","","","","","","","","","","","",68,1,"","","","","","","","","","","","",6.4,1,1009.5,1,"","","","","","",8,1,8,1,5,1,7,1,"","","","","","","","","","","","","","","","","","","","","","","","","","",15000,1,"","",3,1,2,1,"","","","","","","","","","","","","","","","","","","","","","","","","","","","","","","","","","","","","","","","","","","","","","","","","","","","","","","","","","","","","","","","","",""
"54405001","NANCY-OCHEY",48.581,5.959833,336,1982031012,"","","","",10.,1,200,1,"","","","","","","","","","","","","","","","","","","","","","","","","","","","",5.1,1,3.3,1,"","","","","","","","","","","","","","","","","","","","","","","","","","",88,1,"","","","","","","","","","","","",7.8,1,1006.8,1,"","","","","","",8,1,6,1,5,1,7,1,"","","","","","","","","","","","","","","","","","","","","","","","","","",8000,1,"","",61,1,6,1,"","","","","","","","","","","","","","","","","","","","","","","","","","","","","","","","","","","","","","","","","","","","","","","","","","","","","","","","","","","","","","","","","",""
"54405001","NANCY-OCHEY",48.581,5.959833,336,1982031015,"","","","",14.,1,220,1,"","","","","","","","","","","","","","","","","","","","","","","","","","","","",5.4,1,4.,1,"","","","","","","","","","","","","","","","","","","","","","","","","","",92,1,"","","","","","","","","","","","",8.2,1,1004.2,1,"","","","","","",8,1,6,1,5,1,7,1,"","","","","","","","","","","","","","","","","","","","","","","","","","",6000,1,"","",63,1,6,1,"","","","","","","","","","","","","","","","","","","","","","","","","","","","","","","","","","","","","","","","","","","","","","","","","","","","","","","","","","","","","","","","","",""
"54405001","NANCY-OCHEY",48.581,5.959833,336,1982031018,"","","","",12.,1,220,1,"","","","","","","","","","","","","","","","","","","","","","","","","","","","",6.,1,4.6,1,"","","","","","","","","","","","","","","","","","","","","","","","","","",92,1,"","","","","","","","","","","","",8.6,1,1001.1,1,"","","","","","",8,1,8,1,5,1,"","","","","","","","","","","","","","","","","","","","","","","","","","","","",3000,1,"","",63,1,6,1,"","","","","","","","","","","","","","","","","","","","","","","","","","","","","","","","","","","","","","","","","","","","","","","","","","","","","","","","","","","","","","","","","",""
"54405001","NANCY-OCHEY",48.581,5.959833,336,1982031021,"","","","",13.,1,220,1,"","","","","","","","","","","","","","","","","","","","","","","","","","","","",6.9,1,4.8,1,"","","","","","","","","","","","","","","","","","","","","","","","","","",88,1,"","","","","","","","","","","","",8.7,1,998.5,1,"","","","","","","","","","","","","","","","","","","","","","","","","","","","","","","","","","","","","","","","","","","","","","","","","","","","","","","","","","","","","","","","","","","","","","","","","","","","","","","","","","","","","","","","","","","","","","","","","","","","","","","","","","","","","","","","","",""
"54405001","NANCY-OCHEY",48.581,5.959833,336,1982031100,"","","","",14.,1,280,1,"","","","","","","","","","","","","","","","","","","","","","","","","","","","",5.2,1,2.5,1,"","","","","","","","","","","","","","","","","","","","","","","","","","",84,1,"","","","","","","","","","","","",7.4,1,998.8,1,"","","","","","","","","","","","","","","","","","","","","","","","","","","","","","","","","","","","","","","","","","","","","","","","","","","","","","","","","","","","","","","","","","","","","","","","","","","","","","","","","","","","","","","","","","","","","","","","","","","","","","","","","","","","","","","","","",""
"54405001","NANCY-OCHEY",48.581,5.959833,336,1982031103,"","","","",13.,1,280,1,"","","","","","","","","","","","","","","","","","","","","","","","","","","","",3.,1,-0.2,1,"","","","","","","","","","","","","","","","","","","","","","","","","","",80,1,"","","","","","","","","","","","",6.,1,1003.7,1,"","","","","","","","","","","","","","","","","","","","","","","","","","","","","","","","","","","","","","","","","","","","","","","","","","","","","","","","","","","","","","","","","","","","","","","","","","","","","","","","","","","","","","","","","","","","","","","","","","","","","","","","","","","","","","","","","",""
"54405001","NANCY-OCHEY",48.581,5.959833,336,1982031106,"","","","",11.,1,280,1,"","","","","","","","","","","","","","","","","","","","","","","","","","","","",0.5,1,-1.6,1,"","","","","","","","","","","","","","","","","","","","","","","","","","",86,1,"","","","","","","","","","","","",5.4,1,1009.7,1,"","","","","","",3,1,0,1,2,1,0,1,0,1,"","","","","","","","","","","","","","","","","","","","","","","","",15000,1,"","",26,1,8,1,"","","","","","","","","","","","","","","","","","","","","","","","","","","","","","","","","","","","","","","","","","","","","","","","","","","","","","","","","","","","","","","","","",""
"54405001","NANCY-OCHEY",48.581,5.959833,336,1982031109,"","","","",11.,1,280,1,"","","","","","","","","","","","","","","","","","","","","","","","","","","","",2.4,1,-0.6,1,"","","","","","","","","","","","","","","","","","","","","","","","","","",80,1,"","","","","","","","","","","","",5.8,1,1013.7,1,"","","","","","",5,1,5,1,2,1,0,1,0,1,"","","","","","","","","","","","","","","","","","","","","","","","",17000,1,"","",3,1,8,1,"","","","","","","","","","","","","","","","","","","","","","","","","","","","","","","","","","","","","","","","","","","","","","","","","","","","","","","","","","","","","","","","","",""
"54405001","NANCY-OCHEY",48.581,5.959833,336,1982031112,"","","","",11.,1,280,1,"","","","","","","","","","","","","","","","","","","","","","","","","","","","",4.3,1,-0.2,1,"","","","","","","","","","","","","","","","","","","","","","","","","","",72,1,"","","","","","","","","","","","",6.,1,1014.5,1,"","","","","","",5,1,5,1,2,1,0,1,0,1,"","","","","","","","","","","","","","","","","","","","","","","","",18000,1,"","",25,1,8,1,"","","","","","","","","","","","","","","","","","","","","","","","","","","","","","","","","","","","","","","","","","","","","","","","","","","","","","","","","","","","","","","","","",""
"54405001","NANCY-OCHEY",48.581,5.959833,336,1982031115,"","","","",8.,1,280,1,"","","","","","","","","","","","","","","","","","","","","","","","","","","","",3.3,1,0.1,1,"","","","","","","","","","","","","","","","","","","","","","","","","","",81,1,"","","","","","","","","","","","",6.2,1,1016.1,1,"","","","","","",2,1,0,1,3,1,0,1,0,1,"","","","","","","","","","","","","","","","","","","","","","","","",12000,1,"","",25,1,8,1,"","","","","","","","","","","","","","","","","","","","","","","","","","","","","","","","","","","","","","","","","","","","","","","","","","","","","","","","","","","","","","","","","",""
"54405001","NANCY-OCHEY",48.581,5.959833,336,1982031118,"","","","",9.,1,260,1,"","","","","","","","","","","","","","","","","","","","","","","","","","","","",3.4,1,0.,1,"","","","","","","","","","","","","","","","","","","","","","","","","","",79,1,"","","","","","","","","","","","",6.1,1,1018.3,1,"","","","","","",2,1,0,1,2,1,0,1,0,1,"","","","","","","","","","","","","","","","","","","","","","","","",20000,1,"","",1,1,8,1,"","","","","","","","","","","","","","","","","","","","","","","","","","","","","","","","","","","","","","","","","","","","","","","","","","","","","","","","","","","","","","","","","",""
"54405001","NANCY-OCHEY",48.581,5.959833,336,1982031121,"","","","",4.,1,200,1,"","","","","","","","","","","","","","","","","","","","","","","","","","","","",1.3,1,-0.4,1,"","","","","","","","","","","","","","","","","","","","","","","","","","",89,1,"","","","","","","","","","","","",5.9,1,1020.5,1,"","","","","","","","","","","","","","","","","","","","","","","","","","","","","","","","","","","","","","","","","","","","","","","","","","","","","","","","","","","","","","","","","","","","","","","","","","","","","","","","","","","","","","","","","","","","","","","","","","","","","","","","","","","","","","","","","",""
"54405001","NANCY-OCHEY",48.581,5.959833,336,1982031200,"","","","",4.,1,220,1,"","","","","","","","","","","","","","","","","","","","","","","","","","","","",1.1,1,-0.2,1,"","","","","","","","","","","","","","","","","","","","","","","","","","",92,1,"","","","","","","","","","","","",6.,1,1020.8,1,"","","","","","","","","","","","","","","","","","","","","","","","","","","","","","","","","","","","","","","","","","","","","","","","","","","","","","","","","","","","","","","","","","","","","","","","","","","","","","","","","","","","","","","","","","","","","","","","","","","","","","","","","","","","","","","","","",""
"54405001","NANCY-OCHEY",48.581,5.959833,336,1982031203,"","","","",3.,1,200,1,"","","","","","","","","","","","","","","","","","","","","","","","","","","","",1.9,1,-0.2,1,"","","","","","","","","","","","","","","","","","","","","","","","","","",87,1,"","","","","","","","","","","","",6.,1,1019.7,1,"","","","","","","","","","","","","","","","","","","","","","","","","","","","","","","","","","","","","","","","","","","","","","","","","","","","","","","","","","","","","","","","","","","","","","","","","","","","","","","","","","","","","","","","","","","","","","","","","","","","","","","","","","","","","","","","","",""
"54405001","NANCY-OCHEY",48.581,5.959833,336,1982031206,"","","","",3.,1,180,1,"","","","","","","","","","","","","","","","","","","","","","","","","","","","",1.,1,-0.7,1,"","","","","","","","","","","","","","","","","","","","","","","","","","",88,1,"","","","","","","","","","","","",5.8,1,1017.4,1,"","","","","","",6,1,6,1,0,1,3,1,8,1,"","","","","","","","","","","","","","","","","","","","","","","","",17000,1,"","",3,1,2,1,"","",0,1,"","","","","","","","","","","","","","","","","","","","","","","","","","","","","","","","","","","","","","","","","","","","","","","","","","","","","","","","","","","","","",""
"54405001","NANCY-OCHEY",48.581,5.959833,336,1982031209,"","","","",8.,1,200,1,"","","","","","","","","","","","","","","","","","","","","","","","","","","","",4.2,1,0.6,1,"","","","","","","","","","","","","","","","","","","","","","","","","","",78,1,"","","","","","","","","","","","",6.4,1,1014.,1,"","","","","","",8,1,5,1,0,1,7,1,7,1,"","","","","","","","","","","","","","","","","","","","","","","","",18000,1,"","",1,1,2,1,"","","","","","","","","","","","","","","","","","","","","","","","","","","","","","","","","","","","","","","","","","","","","","","","","","","","","","","","","","","","","","","","","",""
"54405001","NANCY-OCHEY",48.581,5.959833,336,1982031212,"","","","",10.,1,200,1,"","","","","","","","","","","","","","","","","","","","","","","","","","","","",6.5,1,0.2,1,"","","","","","","","","","","","","","","","","","","","","","","","","","",65,1,"","","","","","","","","","","","",6.2,1,1009.5,1,"","","","","","",7,1,7,1,5,1,7,1,"","","","","","","","","","","","","","","","","","","","","","","","","","",20000,1,"","",1,1,2,1,"","","","","","","","","","","","","","","","","","","","","","","","","","","","","","","","","","","","","","","","","","","","","","","","","","","","","","","","","","","","","","","","","",""
"54405001","NANCY-OCHEY",48.581,5.959833,336,1982031215,"","","","",8.,1,220,1,"","","","","","","","","","","","","","","","","","","","","","","","","","","","",6.,1,4.3,1,"","","","","","","","","","","","","","","","","","","","","","","","","","",90,1,"","","","","","","","","","","","",8.4,1,1007.5,1,"","","","","","",8,1,6,1,5,1,7,1,"","","","","","","","","","","","","","","","","","","","","","","","","","",6000,1,"","",61,1,6,1,"","","","","","","","","","","","","","","","","","","","","","","","","","","","","","","","","","","","","","","","","","","","","","","","","","","","","","","","","","","","","","","","","",""
"54405001","NANCY-OCHEY",48.581,5.959833,336,1982031218,"","","","",4.,1,260,1,"","","","","","","","","","","","","","","","","","","","","","","","","","","","",4.5,1,1.8,1,"","","","","","","","","","","","","","","","","","","","","","","","","","",83,1,"","","","","","","","","","","","",7.,1,1009.5,1,"","","","","","",6,1,6,1,5,1,7,1,0,1,"","","","","","","","","","","","","","","","","","","","","","","","",15000,1,"","",25,1,8,1,"","","","","","","","","","","","","","","","","","","","","","","","","","","","","","","","","","","","","","","","","","","","","","","","","","","","","","","","","","","","","","","","","",""
"54405001","NANCY-OCHEY",48.581,5.959833,336,1982031221,"","","","",4.,1,280,1,"","","","","","","","","","","","","","","","","","","","","","","","","","","","",4.2,1,1.8,1,"","","","","","","","","","","","","","","","","","","","","","","","","","",86,1,"","","","","","","","","","","","",7.,1,1013.,1,"","","","","","","","","","","","","","","","","","","","","","","","","","","","","","","","","","","","","","","","","","","","","","","","","","","","","","","","","","","","","","","","","","","","","","","","","","","","","","","","","","","","","","","","","","","","","","","","","","","","","","","","","","","","","","","","","",""
"54405001","NANCY-OCHEY",48.581,5.959833,336,1982031300,"","","","",2.,1,240,1,"","","","","","","","","","","","","","","","","","","","","","","","","","","","",-0.1,1,-2.1,1,"","","","","","","","","","","","","","","","","","","","","","","","","","",87,1,"","","","","","","","","","","","",5.2,1,1016.1,1,"","","","","","","","","","","","","","","","","","","","","","","","","","","","","","","","","","","","","","","","","","","","","","","","","","","","","","","","","","","","","","","","","","","","","","","","","","","","","","","","","","","","","","","","","","","","","","","","","","","","","","","","","","","","","","","","","",""
"54405001","NANCY-OCHEY",48.581,5.959833,336,1982031303,"","","","",6.,1,220,1,"","","","","","","","","","","","","","","","","","","","","","","","","","","","",-0.3,1,-2.9,1,"","","","","","","","","","","","","","","","","","","","","","","","","","",83,1,"","","","","","","","","","","","",4.9,1,1016.8,1,"","","","","","","","","","","","","","","","","","","","","","","","","","","","","","","","","","","","","","","","","","","","","","","","","","","","","","","","","","","","","","","","","","","","","","","","","","","","","","","","","","","","","","","","","","","","","","","","","","","","","","","","","","","","","","","","","",""
"54405001","NANCY-OCHEY",48.581,5.959833,336,1982031306,"","","","",3.,1,200,1,"","","","","","","","","","","","","","","","","","","","","","","","","","","","",1.,1,-0.6,1,"","","","","","","","","","","","","","","","","","","","","","","","","","",88,1,"","","","","","","","","","","","",5.8,1,1017.4,1,"","","","","","",8,1,7,1,5,1,"","","","","","","","","","","","","","","","","","","","","","","","","","","","",15000,1,"","",3,1,2,1,"","",0,1,"","","","","","","","","","","","","","","","","","","","","","","","","","","","","","","","","","","","","","","","","","","","","","","","","","","","","","","","","","","","","",""
"54405001","NANCY-OCHEY",48.581,5.959833,336,1982031309,"","","","",6.,1,220,1,"","","","","","","","","","","","","","","","","","","","","","","","","","","","",0.8,1,-0.2,1,"","","","","","","","","","","","","","","","","","","","","","","","","","",94,1,"","","","","","","","","","","","",6.,1,1017.8,1,"","","","","","",8,1,8,1,7,1,"","","","","","","","","","","","","","","","","","","","","","","","","","","","",6000,1,"","",71,1,7,1,"","","","","","","","","","","","","","","","","","","","","","","","","","","","","","","","","","","","","","","","","","","","","","","","","","","","","","","","","","","","","","","","","",""
"54405001","NANCY-OCHEY",48.581,5.959833,336,1982031312,"","","","",8.,1,260,1,"","","","","","","","","","","","","","","","","","","","","","","","","","","","",2.7,1,0.4,1,"","","","","","","","","","","","","","","","","","","","","","","","","","",85,1,"","","","","","","","","","","","",6.3,1,1017.7,1,"","","","","","",7,1,7,1,2,1,"","","","","","","","","","","","","","","","","","","","","","","","","","","","",13000,1,"","",26,1,8,1,"","","","","","","","","","","","","","","","","","","","","","","","","","","","","","","","","","","","","","","","","","","","","","","","","","","","","","","","","","","","","","","","","",""
"54405001","NANCY-OCHEY",48.581,5.959833,336,1982031315,"","","","",11.,1,320,1,"","","","","","","","","","","","","","","","","","","","","","","","","","","","",1.8,1,-0.4,1,"","","","","","","","","","","","","","","","","","","","","","","","","","",85,1,"","","","","","","","","","","","",5.9,1,1019.5,1,"","","","","","",7,1,5,1,8,1,"","","","","","","","","","","","","","","","","","","","","","","","","","","","",7000,1,"","",26,1,8,1,"","","","","","","","","","","","","","","","","","","","","","","","","","","","","","","","","","","","","","","","","","","","","","","","","","","","","","","","","","","","","","","","","",""
"54405001","NANCY-OCHEY",48.581,5.959833,336,1982031318,"","","","",5.,1,300,1,"","","","","","","","","","","","","","","","","","","","","","","","","","","","",1.5,1,-1.1,1,"","","","","","","","","","","","","","","","","","","","","","","","","","",83,1,"","","","","","","","","","","","",5.6,1,1023.1,1,"","","","","","",4,1,0,1,8,1,0,1,1,1,"","","","","","","","","","","","","","","","","","","","","","","","",18000,1,"","",1,1,8,1,"","","","","","","","","","","","","","","","","","","","","","","","","","","","","","","","","","","","","","","","","","","","","","","","","","","","","","","","","","","","","","","","","",""
"54405001","NANCY-OCHEY",48.581,5.959833,336,1982031321,"","","","",2.,1,280,1,"","","","","","","","","","","","","","","","","","","","","","","","","","","","",-0.9,1,-2.1,1,"","","","","","","","","","","","","","","","","","","","","","","","","","",91,1,"","","","","","","","","","","","",5.2,1,1025.,1,"","","","","","","","","","","","","","","","","","","","","","","","","","","","","","","","","","","","","","","","","","","","","","","","","","","","","","","","","","","","","","","","","","","","","","","","","","","","","","","","","","","","","","","","","","","","","","","","","","","","","","","","","","","","","","","","","",""
"54405001","NANCY-OCHEY",48.581,5.959833,336,1982031400,"","","","",3.,1,220,1,"","","","","","","","","","","","","","","","","","","","","","","","","","","","",-0.7,1,-2.1,1,"","","","","","","","","","","","","","","","","","","","","","","","","","",90,1,"","","","","","","","","","","","",5.2,1,1025.7,1,"","","","","","","","","","","","","","","","","","","","","","","","","","","","","","","","","","","","","","","","","","","","","","","","","","","","","","","","","","","","","","","","","","","","","","","","","","","","","","","","","","","","","","","","","","","","","","","","","","","","","","","","","","","","","","","","","",""
"54405001","NANCY-OCHEY",48.581,5.959833,336,1982031403,"","","","",4.,1,220,1,"","","","","","","","","","","","","","","","","","","","","","","","","","","","",-0.8,1,-2.1,1,"","","","","","","","","","","","","","","","","","","","","","","","","","",91,1,"","","","","","","","","","","","",5.2,1,1026.3,1,"","","","","","","","","","","","","","","","","","","","","","","","","","","","","","","","","","","","","","","","","","","","","","","","","","","","","","","","","","","","","","","","","","","","","","","","","","","","","","","","","","","","","","","","","","","","","","","","","","","","","","","","","","","","","","","","","",""
"54405001","NANCY-OCHEY",48.581,5.959833,336,1982031406,"","","","",5.,1,200,1,"","","","","","","","","","","","","","","","","","","","","","","","","","","","",0.2,1,-1.8,1,"","","","","","","","","","","","","","","","","","","","","","","","","","",85,1,"","","","","","","","","","","","",5.3,1,1027.1,1,"","","","","","",4,1,0,1,5,1,0,1,1,1,"","","","","","","","","","","","","","","","","","","","","","","","",15000,1,"","",0,1,"","","","",0,1,"","","","","","","","","","","","","","","","","","","","","","","","","","","","","","","","","","","","","","","","","","","","","","","","","","","","","","","","","","","","","",""
"54405001","NANCY-OCHEY",48.581,5.959833,336,1982031409,"","","","",5.,1,220,1,"","","","","","","","","","","","","","","","","","","","","","","","","","","","",3.4,1,0.,1,"","","","","","","","","","","","","","","","","","","","","","","","","","",79,1,"","","","","","","","","","","","",6.1,1,1027.4,1,"","","","","","",2,1,0,1,5,1,0,1,1,1,"","","","","","","","","","","","","","","","","","","","","","","","",18000,1,"","",1,1,1,1,"","","","","","","","","","","","","","","","","","","","","","","","","","","","","","","","","","","","","","","","","","","","","","","","","","","","","","","","","","","","","","","","","",""
"54405001","NANCY-OCHEY",48.581,5.959833,336,1982031412,"","","","",5.,1,220,1,"","","","","","","","","","","","","","","","","","","","","","","","","","","","",7.5,1,1.,1,"","","","","","","","","","","","","","","","","","","","","","","","","","",64,1,"","","","","","","","","","","","",6.6,1,1026.6,1,"","","","","","",5,1,5,1,2,1,0,1,0,1,"","","","","","","","","","","","","","","","","","","","","","","","",25000,1,"","",3,1,1,1,"","","","","","","","","","","","","","","","","","","","","","","","","","","","","","","","","","","","","","","","","","","","","","","","","","","","","","","","","","","","","","","","","",""
"54405001","NANCY-OCHEY",48.581,5.959833,336,1982031415,"","","","",5.,1,220,1,"","","","","","","","","","","","","","","","","","","","","","","","","","","","",7.9,1,-0.4,1,"","","","","","","","","","","","","","","","","","","","","","","","","","",55,1,"","","","","","","","","","","","",5.9,1,1025.9,1,"","","","","","",7,1,5,1,4,1,"","","","","","","","","","","","","","","","","","","","","","","","","","","","",30000,1,"","",3,1,2,1,"","","","","","","","","","","","","","","","","","","","","","","","","","","","","","","","","","","","","","","","","","","","","","","","","","","","","","","","","","","","","","","","","",""
"54405001","NANCY-OCHEY",48.581,5.959833,336,1982031418,"","","","",3.,1,180,1,"","","","","","","","","","","","","","","","","","","","","","","","","","","","",6.9,1,0.6,1,"","","","","","","","","","","","","","","","","","","","","","","","","","",65,1,"","","","","","","","","","","","",6.4,1,1025.6,1,"","","","","","",7,1,7,1,4,1,"","","","","","","","","","","","","","","","","","","","","","","","","","","","",25000,1,"","",2,1,2,1,"","","","","","","","","","","","","","","","","","","","","","","","","","","","","","","","","","","","","","","","","","","","","","","","","","","","","","","","","","","","","","","","","",""
"54405001","NANCY-OCHEY",48.581,5.959833,336,1982031421,"","","","",5.,1,180,1,"","","","","","","","","","","","","","","","","","","","","","","","","","","","",5.3,1,0.,1,"","","","","","","","","","","","","","","","","","","","","","","","","","",69,1,"","","","","","","","","","","","",6.1,1,1025.4,1,"","","","","","","","","","","","","","","","","","","","","","","","","","","","","","","","","","","","","","","","","","","","","","","","","","","","","","","","","","","","","","","","","","","","","","","","","","","","","","","","","","","","","","","","","","","","","","","","","","","","","","","","","","","","","","","","","",""
"54405001","NANCY-OCHEY",48.581,5.959833,336,1982031500,"","","","",3.,1,160,1,"","","","","","","","","","","","","","","","","","","","","","","","","","","","",4.5,1,-0.2,1,"","","","","","","","","","","","","","","","","","","","","","","","","","",72,1,"","","","","","","","","","","","",6.,1,1024.9,1,"","","","","","","","","","","","","","","","","","","","","","","","","","","","","","","","","","","","","","","","","","","","","","","","","","","","","","","","","","","","","","","","","","","","","","","","","","","","","","","","","","","","","","","","","","","","","","","","","","","","","","","","","","","","","","","","","",""
"54405001","NANCY-OCHEY",48.581,5.959833,336,1982031503,"","","","",3.,1,140,1,"","","","","","","","","","","","","","","","","","","","","","","","","","","","",1.6,1,-1.8,1,"","","","","","","","","","","","","","","","","","","","","","","","","","",78,1,"","","","","","","","","","","","",5.3,1,1024.1,1,"","","","","","","","","","","","","","","","","","","","","","","","","","","","","","","","","","","","","","","","","","","","","","","","","","","","","","","","","","","","","","","","","","","","","","","","","","","","","","","","","","","","","","","","","","","","","","","","","","","","","","","","","","","","","","","","","",""
"54405001","NANCY-OCHEY",48.581,5.959833,336,1982031506,"","","","",2.,1,140,1,"","","","","","","","","","","","","","","","","","","","","","","","","","","","",1.1,1,-2.9,1,"","","","","","","","","","","","","","","","","","","","","","","","","","",75,1,"","","","","","","","","","","","",4.9,1,1022.3,1,"","","","","","",3,1,0,1,0,1,0,1,1,1,"","","","","","","","","","","","","","","","","","","","","","","","",18000,1,"","",0,1,0,1,"","",0,1,"","","","","","","","","","","","","","","","","","","","","","","","","","","","","","","","","","","","","","","","","","","","","","","","","","","","","","","","","","","","","",""
"54405001","NANCY-OCHEY",48.581,5.959833,336,1982031509,"","","","",6.,1,180,1,"","","","","","","","","","","","","","","","","","","","","","","","","","","","",6.1,1,-2.1,1,"","","","","","","","","","","","","","","","","","","","","","","","","","",55,1,"","","","","","","","","","","","",5.2,1,1020.7,1,"","","","","","",4,1,0,1,0,1,0,1,2,1,"","","","","","","","","","","","","","","","","","","","","","","","",20000,1,"","",1,1,2,1,"","","","","","","","","","","","","","","","","","","","","","","","","","","","","","","","","","","","","","","","","","","","","","","","","","","","","","","","","","","","","","","","","",""
"54405001","NANCY-OCHEY",48.581,5.959833,336,1982031512,"","","","",7.,1,180,1,"","","","","","","","","","","","","","","","","","","","","","","","","","","","",10.1,1,-0.9,1,"","","","","","","","","","","","","","","","","","","","","","","","","","",46,1,"","","","","","","","","","","","",5.7,1,1017.5,1,"","","","","","",2,1,0,1,0,1,0,1,1,1,"","","","","","","","","","","","","","","","","","","","","","","","",25000,1,"","",2,1,2,1,"","","","","","","","","","","","","","","","","","","","","","","","","","","","","","","","","","","","","","","","","","","","","","","","","","","","","","","","","","","","","","","","","",""
"54405001","NANCY-OCHEY",48.581,5.959833,336,1982031515,"","","","",7.,1,180,1,"","","","","","","","","","","","","","","","","","","","","","","","","","","","",11.9,1,-1.8,1,"","","","","","","","","","","","","","","","","","","","","","","","","","",38,1,"","","","","","","","","","","","",5.3,1,1014.2,1,"","","","","","",1,1,0,1,0,1,3,1,1,1,"","","","","","","","","","","","","","","","","","","","","","","","",25000,1,"","",2,1,0,1,"","","","","","","","","","","","","","","","","","","","","","","","","","","","","","","","","","","","","","","","","","","","","","","","","","","","","","","","","","","","","","","","","",""
"54405001","NANCY-OCHEY",48.581,5.959833,336,1982031518,"","","","",6.,1,180,1,"","","","","","","","","","","","","","","","","","","","","","","","","","","","",9.9,1,-2.9,1,"","","","","","","","","","","","","","","","","","","","","","","","","","",40,1,"","","","","","","","","","","","",4.9,1,1012.5,1,"","","","","","",6,1,5,1,0,1,3,1,1,1,"","","","","","","","","","","","","","","","","","","","","","","","",15000,1,"","",3,1,1,1,"","","","","","","","","","","","","","","","","","","","","","","","","","","","","","","","","","","","","","","","","","","","","","","","","","","","","","","","","","","","","","","","","",""
"54405001","NANCY-OCHEY",48.581,5.959833,336,1982031521,"","","","",8.,1,200,1,"","","","","","","","","","","","","","","","","","","","","","","","","","","","",6.5,1,-1.6,1,"","","","","","","","","","","","","","","","","","","","","","","","","","",56,1,"","","","","","","","","","","","",5.4,1,1011.3,1,"","","","","","","","","","","","","","","","","","","","","","","","","","","","","","","","","","","","","","","","","","","","","","","","","","","","","","","","","","","","","","","","","","","","","","","","","","","","","","","","","","","","","","","","","","","","","","","","","","","","","","","","","","","","","","","","","",""
"54405001","NANCY-OCHEY",48.581,5.959833,336,1982031600,"","","","",10.,1,200,1,"","","","","","","","","","","","","","","","","","","","","","","","","","","","",5.8,1,-4.,1,"","","","","","","","","","","","","","","","","","","","","","","","","","",49,1,"","","","","","","","","","","","",4.5,1,1009.6,1,"","","","","","","","","","","","","","","","","","","","","","","","","","","","","","","","","","","","","","","","","","","","","","","","","","","","","","","","","","","","","","","","","","","","","","","","","","","","","","","","","","","","","","","","","","","","","","","","","","","","","","","","","","","","","","","","","",""
"54405001","NANCY-OCHEY",48.581,5.959833,336,1982031603,"","","","",11.,1,200,1,"","","","","","","","","","","","","","","","","","","","","","","","","","","","",4.8,1,0.4,1,"","","","","","","","","","","","","","","","","","","","","","","","","","",74,1,"","","","","","","","","","","","",6.3,1,1007.9,1,"","","","","","","","","","","","","","","","","","","","","","","","","","","","","","","","","","","","","","","","","","","","","","","","","","","","","","","","","","","","","","","","","","","","","","","","","","","","","","","","","","","","","","","","","","","","","","","","","","","","","","","","","","","","","","","","","",""
"54405001","NANCY-OCHEY",48.581,5.959833,336,1982031606,"","","","",5.,1,240,1,"","","","","","","","","","","","","","","","","","","","","","","","","","","","",3.,1,2.4,1,"","","","","","","","","","","","","","","","","","","","","","","","","","",96,1,"","","","","","","","","","","","",7.3,1,1010.,1,"","","","","","",8,1,5,1,5,1,7,1,"","","","","","","","","","","","","","","","","","","","","","","","","","",12000,1,"","",60,1,6,1,"","",0,1,"","","","","","","","","","","","","","","","","","","","","","","","","","","","","","","","","","","","","","","","","","","","","","","","","","","","","","","","","","","","","",""
"54405001","NANCY-OCHEY",48.581,5.959833,336,1982031609,"","","","",7.,1,220,1,"","","","","","","","","","","","","","","","","","","","","","","","","","","","",2.8,1,1.4,1,"","","","","","","","","","","","","","","","","","","","","","","","","","",91,1,"","","","","","","","","","","","",6.8,1,1010.7,1,"","","","","","",8,1,7,1,7,1,"","","","","","","","","","","","","","","","","","","","","","","","","","","","",25000,1,"","",21,1,7,1,"","","","","","","","","","","","","","","","","","","","","","","","","","","","","","","","","","","","","","","","","","","","","","","","","","","","","","","","","","","","","","","","","",""
"54405001","NANCY-OCHEY",48.581,5.959833,336,1982031612,"","","","",9.,1,240,1,"","","","","","","","","","","","","","","","","","","","","","","","","","","","",5.1,1,2.2,1,"","","","","","","","","","","","","","","","","","","","","","","","","","",82,1,"","","","","","","","","","","","",7.2,1,1011.3,1,"","","","","","",7,1,7,1,2,1,"","","","","","","","","","","","","","","","","","","","","","","","","","","","",25000,1,"","",3,1,7,1,"","","","","","","","","","","","","","","","","","","","","","","","","","","","","","","","","","","","","","","","","","","","","","","","","","","","","","","","","","","","","","","","","",""
"54405001","NANCY-OCHEY",48.581,5.959833,336,1982031615,"","","","",11.,1,220,1,"","","","","","","","","","","","","","","","","","","","","","","","","","","","",7.6,1,1.,1,"","","","","","","","","","","","","","","","","","","","","","","","","","",63,1,"","","","","","","","","","","","",6.6,1,1010.4,1,"","","","","","",6,1,0,1,2,1,3,1,0,1,"","","","","","","","","","","","","","","","","","","","","","","","",20000,1,"","",3,1,2,1,"","","","","","","","","","","","","","","","","","","","","","","","","","","","","","","","","","","","","","","","","","","","","","","","","","","","","","","","","","","","","","","","","",""
"54405001","NANCY-OCHEY",48.581,5.959833,336,1982031618,"","","","",7.,1,180,1,"","","","","","","","","","","","","","","","","","","","","","","","","","","","",5.,1,2.9,1,"","","","","","","","","","","","","","","","","","","","","","","","","","",87,1,"","","","","","","","","","","","",7.6,1,1010.6,1,"","","","","","",6,1,6,1,2,1,0,1,0,1,"","","","","","","","","","","","","","","","","","","","","","","","",15000,1,"","",25,1,8,1,"","","","","","","","","","","","","","","","","","","","","","","","","","","","","","","","","","","","","","","","","","","","","","","","","","","","","","","","","","","","","","","","","",""
"54405001","NANCY-OCHEY",48.581,5.959833,336,1982031621,"","","","",5.,1,200,1,"","","","","","","","","","","","","","","","","","","","","","","","","","","","",4.6,1,2.,1,"","","","","","","","","","","","","","","","","","","","","","","","","","",84,1,"","","","","","","","","","","","",7.1,1,1009.8,1,"","","","","","","","","","","","","","","","","","","","","","","","","","","","","","","","","","","","","","","","","","","","","","","","","","","","","","","","","","","","","","","","","","","","","","","","","","","","","","","","","","","","","","","","","","","","","","","","","","","","","","","","","","","","","","","","","",""
"54405001","NANCY-OCHEY",48.581,5.959833,336,1982031700,"","","","",3.,1,160,1,"","","","","","","","","","","","","","","","","","","","","","","","","","","","",4.,1,2.,1,"","","","","","","","","","","","","","","","","","","","","","","","","","",88,1,"","","","","","","","","","","","",7.1,1,1008.7,1,"","","","","","","","","","","","","","","","","","","","","","","","","","","","","","","","","","","","","","","","","","","","","","","","","","","","","","","","","","","","","","","","","","","","","","","","","","","","","","","","","","","","","","","","","","","","","","","","","","","","","","","","","","","","","","","","","",""
"54405001","NANCY-OCHEY",48.581,5.959833,336,1982031703,"","","","",4.,1,180,1,"","","","","","","","","","","","","","","","","","","","","","","","","","","","",3.6,1,2.2,1,"","","","","","","","","","","","","","","","","","","","","","","","","","",92,1,"","","","","","","","","","","","",7.2,1,1006.8,1,"","","","","","","","","","","","","","","","","","","","","","","","","","","","","","","","","","","","","","","","","","","","","","","","","","","","","","","","","","","","","","","","","","","","","","","","","","","","","","","","","","","","","","","","","","","","","","","","","","","","","","","","","","","","","","","","","",""
"54405001","NANCY-OCHEY",48.581,5.959833,336,1982031706,"","","","",2.,1,180,1,"","","","","","","","","","","","","","","","","","","","","","","","","","","","",1.8,1,0.8,1,"","","","","","","","","","","","","","","","","","","","","","","","","","",94,1,"","","","","","","","","","","","",6.5,1,1006.,1,"","","","","","",8,1,8,1,7,1,7,1,"","","","","","","","","","","","","","","","","","","","","","","","","","",4500,1,"","",61,1,6,1,"","",0,1,"","","","","","","","","","","","","","","","","","","","","","","","","","","","","","","","","","","","","","","","","","","","","","","","","","","","","","","","","","","","","",""
"54405001","NANCY-OCHEY",48.581,5.959833,336,1982031709,"","","","",6.,1,220,1,"","","","","","","","","","","","","","","","","","","","","","","","","","","","",2.2,1,1.4,1,"","","","","","","","","","","","","","","","","","","","","","","","","","",96,1,"","","","","","","","","","","","",6.8,1,1007.9,1,"","","","","","",8,1,6,1,7,1,7,1,"","","","","","","","","","","","","","","","","","","","","","","","","","",9000,1,"","",60,1,7,1,"","","","","","","","","","","","","","","","","","","","","","","","","","","","","","","","","","","","","","","","","","","","","","","","","","","","","","","","","","","","","","","","","",""
"54405001","NANCY-OCHEY",48.581,5.959833,336,1982031712,"","","","",7.,1,280,1,"","","","","","","","","","","","","","","","","","","","","","","","","","","","",6.,1,3.6,1,"","","","","","","","","","","","","","","","","","","","","","","","","","",86,1,"","","","","","","","","","","","",8.,1,1009.2,1,"","","","","","",6,1,6,1,2,1,0,1,1,1,"","","","","","","","","","","","","","","","","","","","","","","","",25000,1,"","",21,1,7,1,"","","","","","","","","","","","","","","","","","","","","","","","","","","","","","","","","","","","","","","","","","","","","","","","","","","","","","","","","","","","","","","","","",""
"54405001","NANCY-OCHEY",48.581,5.959833,336,1982031715,"","","","",10.,1,260,1,"","","","","","","","","","","","","","","","","","","","","","","","","","","","",7.8,1,1.6,1,"","","","","","","","","","","","","","","","","","","","","","","","","","",65,1,"","","","","","","","","","","","",6.9,1,1009.2,1,"","","","","","",4,1,0,1,2,1,0,1,0,1,"","","","","","","","","","","","","","","","","","","","","","","","",25000,1,"","",2,1,8,1,"","","","","","","","","","","","","","","","","","","","","","","","","","","","","","","","","","","","","","","","","","","","","","","","","","","","","","","","","","","","","","","","","",""
"54405001","NANCY-OCHEY",48.581,5.959833,336,1982031718,"","","","",5.,1,280,1,"","","","","","","","","","","","","","","","","","","","","","","","","","","","",4.9,1,-0.2,1,"","","","","","","","","","","","","","","","","","","","","","","","","","",69,1,"","","","","","","","","","","","",6.,1,1010.6,1,"","","","","","",5,1,0,1,9,1,0,1,0,1,"","","","","","","","","","","","","","","","","","","","","","","","",17000,1,"","",3,1,8,1,"","","","","","","","","","","","","","","","","","","","","","","","","","","","","","","","","","","","","","","","","","","","","","","","","","","","","","","","","","","","","","","","","",""
"54405001","NANCY-OCHEY",48.581,5.959833,336,1982031721,"","","","",4.,1,240,1,"","","","","","","","","","","","","","","","","","","","","","","","","","","","",2.3,1,0.1,1,"","","","","","","","","","","","","","","","","","","","","","","","","","",87,1,"","","","","","","","","","","","",6.2,1,1012.2,1,"","","","","","","","","","","","","","","","","","","","","","","","","","","","","","","","","","","","","","","","","","","","","","","","","","","","","","","","","","","","","","","","","","","","","","","","","","","","","","","","","","","","","","","","","","","","","","","","","","","","","","","","","","","","","","","","","",""
"54405001","NANCY-OCHEY",48.581,5.959833,336,1982031800,"","","","",2.,1,200,1,"","","","","","","","","","","","","","","","","","","","","","","","","","","","",0.1,1,-1.3,1,"","","","","","","","","","","","","","","","","","","","","","","","","","",91,1,"","","","","","","","","","","","",5.5,1,1012.2,1,"","","","","","","","","","","","","","","","","","","","","","","","","","","","","","","","","","","","","","","","","","","","","","","","","","","","","","","","","","","","","","","","","","","","","","","","","","","","","","","","","","","","","","","","","","","","","","","","","","","","","","","","","","","","","","","","","",""
"54405001","NANCY-OCHEY",48.581,5.959833,336,1982031803,"","","","",4.,1,240,1,"","","","","","","","","","","","","","","","","","","","","","","","","","","","",1.9,1,0.4,1,"","","","","","","","","","","","","","","","","","","","","","","","","","",90,1,"","","","","","","","","","","","",6.3,1,1011.3,1,"","","","","","","","","","","","","","","","","","","","","","","","","","","","","","","","","","","","","","","","","","","","","","","","","","","","","","","","","","","","","","","","","","","","","","","","","","","","","","","","","","","","","","","","","","","","","","","","","","","","","","","","","","","","","","","","","",""
"54405001","NANCY-OCHEY",48.581,5.959833,336,1982031806,"","","","",4.,1,240,1,"","","","","","","","","","","","","","","","","","","","","","","","","","","","",2.,1,0.6,1,"","","","","","","","","","","","","","","","","","","","","","","","","","",90,1,"","","","","","","","","","","","",6.4,1,1011.5,1,"","","","","","",8,1,8,1,7,1,"","","","","","","","","","","","","","","","","","","","","","","","","","","","",14000,1,"","",3,1,2,1,"","",0,1,"","","","","","","","","","","","","","","","","","","","","","","","","","","","","","","","","","","","","","","","","","","","","","","","","","","","","","","","","","","","","",""
"54405001","NANCY-OCHEY",48.581,5.959833,336,1982031809,"","","","",3.,1,220,1,"","","","","","","","","","","","","","","","","","","","","","","","","","","","",2.4,1,1.4,1,"","","","","","","","","","","","","","","","","","","","","","","","","","",94,1,"","","","","","","","","","","","",6.8,1,1011.8,1,"","","","","","",8,1,7,1,7,1,"","","","","","","","","","","","","","","","","","","","","","","","","","","","",7000,1,"","",60,1,6,1,"","","","","","","","","","","","","","","","","","","","","","","","","","","","","","","","","","","","","","","","","","","","","","","","","","","","","","","","","","","","","","","","","",""
"54405001","NANCY-OCHEY",48.581,5.959833,336,1982031812,"","","","",4.,1,240,1,"","","","","","","","","","","","","","","","","","","","","","","","","","","","",3.4,1,1.4,1,"","","","","","","","","","","","","","","","","","","","","","","","","","",87,1,"","","","","","","","","","","","",6.8,1,1011.8,1,"","","","","","",6,1,5,1,9,1,6,1,0,1,"","","","","","","","","","","","","","","","","","","","","","","","",15000,1,"","",26,1,8,1,"","","","","","","","","","","","","","","","","","","","","","","","","","","","","","","","","","","","","","","","","","","","","","","","","","","","","","","","","","","","","","","","","",""
"54405001","NANCY-OCHEY",48.581,5.959833,336,1982031815,"","","","",6.,1,280,1,"","","","","","","","","","","","","","","","","","","","","","","","","","","","",6.5,1,0.6,1,"","","","","","","","","","","","","","","","","","","","","","","","","","",66,1,"","","","","","","","","","","","",6.4,1,1010.7,1,"","","","","","",5,1,0,1,2,1,6,1,0,1,"","","","","","","","","","","","","","","","","","","","","","","","",20000,1,"","",27,1,8,1,"","","","","","","","","","","","","","","","","","","","","","","","","","","","","","","","","","","","","","","","","","","","","","","","","","","","","","","","","","","","","","","","","",""
"54405001","NANCY-OCHEY",48.581,5.959833,336,1982031818,"","","","",3.,1,240,1,"","","","","","","","","","","","","","","","","","","","","","","","","","","","",2.2,1,1.,1,"","","","","","","","","","","","","","","","","","","","","","","","","","",92,1,"","","","","","","","","","","","",6.6,1,1013.,1,"","","","","","",5,1,5,1,2,1,6,1,0,1,"","","","","","","","","","","","","","","","","","","","","","","","",20000,1,"","",1,1,8,1,"","","","","","","","","","","","","","","","","","","","","","","","","","","","","","","","","","","","","","","","","","","","","","","","","","","","","","","","","","","","","","","","","",""
"54405001","NANCY-OCHEY",48.581,5.959833,336,1982031821,"","","","",3.,1,240,1,"","","","","","","","","","","","","","","","","","","","","","","","","","","","",0.8,1,-0.4,1,"","","","","","","","","","","","","","","","","","","","","","","","","","",92,1,"","","","","","","","","","","","",5.9,1,1014.,1,"","","","","","","","","","","","","","","","","","","","","","","","","","","","","","","","","","","","","","","","","","","","","","","","","","","","","","","","","","","","","","","","","","","","","","","","","","","","","","","","","","","","","","","","","","","","","","","","","","","","","","","","","","","","","","","","","",""
"54405001","NANCY-OCHEY",48.581,5.959833,336,1982031900,"","","","",5.,1,220,1,"","","","","","","","","","","","","","","","","","","","","","","","","","","","",0.1,1,-1.1,1,"","","","","","","","","","","","","","","","","","","","","","","","","","",92,1,"","","","","","","","","","","","",5.6,1,1014.8,1,"","","","","","","","","","","","","","","","","","","","","","","","","","","","","","","","","","","","","","","","","","","","","","","","","","","","","","","","","","","","","","","","","","","","","","","","","","","","","","","","","","","","","","","","","","","","","","","","","","","","","","","","","","","","","","","","","",""
"54405001","NANCY-OCHEY",48.581,5.959833,336,1982031903,"","","","",4.,1,240,1,"","","","","","","","","","","","","","","","","","","","","","","","","","","","",1.2,1,0.,1,"","","","","","","","","","","","","","","","","","","","","","","","","","",92,1,"","","","","","","","","","","","",6.1,1,1014.7,1,"","","","","","","","","","","","","","","","","","","","","","","","","","","","","","","","","","","","","","","","","","","","","","","","","","","","","","","","","","","","","","","","","","","","","","","","","","","","","","","","","","","","","","","","","","","","","","","","","","","","","","","","","","","","","","","","","",""
"54405001","NANCY-OCHEY",48.581,5.959833,336,1982031906,"","","","",4.,1,220,1,"","","","","","","","","","","","","","","","","","","","","","","","","","","","",0.6,1,-0.6,1,"","","","","","","","","","","","","","","","","","","","","","","","","","",92,1,"","","","","","","","","","","","",5.8,1,1015.6,1,"","","","","","",4,1,0,1,5,1,3,1,1,1,"","","","","","","","","","","","","","","","","","","","","","","","",10000,1,"","",3,1,1,1,"","",0,1,"","","","","","","","","","","","","","","","","","","","","","","","","","","","","","","","","","","","","","","","","","","","","","","","","","","","","","","","","","","","","",""
"54405001","NANCY-OCHEY",48.581,5.959833,336,1982031909,"","","","",4.,1,220,1,"","","","","","","","","","","","","","","","","","","","","","","","","","","","",4.6,1,1.6,1,"","","","","","","","","","","","","","","","","","","","","","","","","","",82,1,"","","","","","","","","","","","",6.9,1,1015.5,1,"","","","","","",6,1,5,1,2,1,0,1,1,1,"","","","","","","","","","","","","","","","","","","","","","","","",9000,1,"","",3,1,2,1,"","","","","","","","","","","","","","","","","","","","","","","","","","","","","","","","","","","","","","","","","","","","","","","","","","","","","","","","","","","","","","","","","",""
"54405001","NANCY-OCHEY",48.581,5.959833,336,1982031912,"","","","",3.,1,220,1,"","","","","","","","","","","","","","","","","","","","","","","","","","","","",5.9,1,1.,1,"","","","","","","","","","","","","","","","","","","","","","","","","","",71,1,"","","","","","","","","","","","",6.6,1,1014.7,1,"","","","","","",7,1,6,1,8,1,"","","","","","","","","","","","","","","","","","","","","","","","","","","","",18000,1,"","",1,1,8,1,"","","","","","","","","","","","","","","","","","","","","","","","","","","","","","","","","","","","","","","","","","","","","","","","","","","","","","","","","","","","","","","","","",""
"54405001","NANCY-OCHEY",48.581,5.959833,336,1982031915,"","","","",3.,1,180,1,"","","","","","","","","","","","","","","","","","","","","","","","","","","","",7.2,1,0.8,1,"","","","","","","","","","","","","","","","","","","","","","","","","","",64,1,"","","","","","","","","","","","",6.5,1,1012.8,1,"","","","","","",7,1,7,1,8,1,"","","","","","","","","","","","","","","","","","","","","","","","","","","","",20000,1,"","",1,1,2,1,"","","","","","","","","","","","","","","","","","","","","","","","","","","","","","","","","","","","","","","","","","","","","","","","","","","","","","","","","","","","","","","","","",""
"54405001","NANCY-OCHEY",48.581,5.959833,336,1982031918,"","","","",5.,1,180,1,"","","","","","","","","","","","","","","","","","","","","","","","","","","","",6.3,1,0.6,1,"","","","","","","","","","","","","","","","","","","","","","","","","","",67,1,"","","","","","","","","","","","",6.4,1,1011.8,1,"","","","","","",7,1,7,1,8,1,"","","","","","","","","","","","","","","","","","","","","","","","","","","","",20000,1,"","",1,1,2,1,"","","","","","","","","","","","","","","","","","","","","","","","","","","","","","","","","","","","","","","","","","","","","","","","","","","","","","","","","","","","","","","","","",""
"54405001","NANCY-OCHEY",48.581,5.959833,336,1982031921,"","","","",3.,1,160,1,"","","","","","","","","","","","","","","","","","","","","","","","","","","","",4.7,1,0.6,1,"","","","","","","","","","","","","","","","","","","","","","","","","","",76,1,"","","","","","","","","","","","",6.4,1,1010.,1,"","","","","","","","","","","","","","","","","","","","","","","","","","","","","","","","","","","","","","","","","","","","","","","","","","","","","","","","","","","","","","","","","","","","","","","","","","","","","","","","","","","","","","","","","","","","","","","","","","","","","","","","","","","","","","","","","",""
"54405001","NANCY-OCHEY",48.581,5.959833,336,1982032000,"","","","",8.,1,200,1,"","","","","","","","","","","","","","","","","","","","","","","","","","","","",3.1,1,1.,1,"","","","","","","","","","","","","","","","","","","","","","","","","","",87,1,"","","","","","","","","","","","",6.6,1,1007.2,1,"","","","","","","","","","","","","","","","","","","","","","","","","","","","","","","","","","","","","","","","","","","","","","","","","","","","","","","","","","","","","","","","","","","","","","","","","","","","","","","","","","","","","","","","","","","","","","","","","","","","","","","","","","","","","","","","","",""
"54405001","NANCY-OCHEY",48.581,5.959833,336,1982032003,"","","","",10.,1,240,1,"","","","","","","","","","","","","","","","","","","","","","","","","","","","",4.3,1,3.3,1,"","","","","","","","","","","","","","","","","","","","","","","","","","",94,1,"","","","","","","","","","","","",7.8,1,1004.4,1,"","","","","","","","","","","","","","","","","","","","","","","","","","","","","","","","","","","","","","","","","","","","","","","","","","","","","","","","","","","","","","","","","","","","","","","","","","","","","","","","","","","","","","","","","","","","","","","","","","","","","","","","","","","","","","","","","",""
"54405001","NANCY-OCHEY",48.581,5.959833,336,1982032006,"","","","",5.,1,260,1,"","","","","","","","","","","","","","","","","","","","","","","","","","","","",4.6,1,3.4,1,"","","","","","","","","","","","","","","","","","","","","","","","","","",93,1,"","","","","","","","","","","","",7.9,1,1004.,1,"","","","","","",8,1,7,1,2,1,"","","","","","","","","","","","","","","","","","","","","","","","","","","","",9000,1,"","",60,1,2,1,"","",0,1,"","","","","","","","","","","","","","","","","","","","","","","","","","","","","","","","","","","","","","","","","","","","","","","","","","","","","","","","","","","","","",""
"54405001","NANCY-OCHEY",48.581,5.959833,336,1982032009,"","","","",3.,1,280,1,"","","","","","","","","","","","","","","","","","","","","","","","","","","","",1.2,1,0.1,1,"","","","","","","","","","","","","","","","","","","","","","","","","","",94,1,"","","","","","","","","","","","",6.2,1,1005.5,1,"","","","","","",8,1,7,1,2,1,"","","","","","","","","","","","","","","","","","","","","","","","","","","","",9000,1,"","",68,1,7,1,"","","","","","","","","","","","","","","","","","","","","","","","","","","","","","","","","","","","","","","","","","","","","","","","","","","","","","","","","","","","","","","","","",""
"54405001","NANCY-OCHEY",48.581,5.959833,336,1982032012,"","","","",6.,1,280,1,"","","","","","","","","","","","","","","","","","","","","","","","","","","","",4.2,1,2.7,1,"","","","","","","","","","","","","","","","","","","","","","","","","","",91,1,"","","","","","","","","","","","",7.5,1,1007.1,1,"","","","","","",7,1,7,1,2,1,"","","","","","","","","","","","","","","","","","","","","","","","","","","","",20000,1,"","",1,1,7,1,"","","","","","","","","","","","","","","","","","","","","","","","","","","","","","","","","","","","","","","","","","","","","","","","","","","","","","","","","","","","","","","","","",""
"54405001","NANCY-OCHEY",48.581,5.959833,336,1982032015,"","","","",7.,1,300,1,"","","","","","","","","","","","","","","","","","","","","","","","","","","","",4.8,1,2.9,1,"","","","","","","","","","","","","","","","","","","","","","","","","","",88,1,"","","","","","","","","","","","",7.6,1,1008.1,1,"","","","","","",8,1,7,1,2,1,"","","","","","","","","","","","","","","","","","","","","","","","","","","","",11000,1,"","",25,1,8,1,"","","","","","","","","","","","","","","","","","","","","","","","","","","","","","","","","","","","","","","","","","","","","","","","","","","","","","","","","","","","","","","","","",""
"54405001","NANCY-OCHEY",48.581,5.959833,336,1982032018,"","","","",5.,1,300,1,"","","","","","","","","","","","","","","","","","","","","","","","","","","","",3.2,1,1.8,1,"","","","","","","","","","","","","","","","","","","","","","","","","","",91,1,"","","","","","","","","","","","",7.,1,1011.,1,"","","","","","",8,1,7,1,2,1,"","","","","","","","","","","","","","","","","","","","","","","","","","","","",7000,1,"","",3,1,8,1,"","","","","","","","","","","","","","","","","","","","","","","","","","","","","","","","","","","","","","","","","","","","","","","","","","","","","","","","","","","","","","","","","",""
"54405001","NANCY-OCHEY",48.581,5.959833,336,1982032021,"","","","",4.,1,300,1,"","","","","","","","","","","","","","","","","","","","","","","","","","","","",2.9,1,2.,1,"","","","","","","","","","","","","","","","","","","","","","","","","","",95,1,"","","","","","","","","","","","",7.1,1,1012.6,1,"","","","","","","","","","","","","","","","","","","","","","","","","","","","","","","","","","","","","","","","","","","","","","","","","","","","","","","","","","","","","","","","","","","","","","","","","","","","","","","","","","","","","","","","","","","","","","","","","","","","","","","","","","","","","","","","","",""
"54405001","NANCY-OCHEY",48.581,5.959833,336,1982032100,"","","","",4.,1,340,1,"","","","","","","","","","","","","","","","","","","","","","","","","","","","",2.7,1,1.6,1,"","","","","","","","","","","","","","","","","","","","","","","","","","",94,1,"","","","","","","","","","","","",6.9,1,1014.1,1,"","","","","","","","","","","","","","","","","","","","","","","","","","","","","","","","","","","","","","","","","","","","","","","","","","","","","","","","","","","","","","","","","","","","","","","","","","","","","","","","","","","","","","","","","","","","","","","","","","","","","","","","","","","","","","","","","",""
"54405001","NANCY-OCHEY",48.581,5.959833,336,1982032103,"","","","",7.,1,340,1,"","","","","","","","","","","","","","","","","","","","","","","","","","","","",2.5,1,1.4,1,"","","","","","","","","","","","","","","","","","","","","","","","","","",94,1,"","","","","","","","","","","","",6.8,1,1016.8,1,"","","","","","","","","","","","","","","","","","","","","","","","","","","","","","","","","","","","","","","","","","","","","","","","","","","","","","","","","","","","","","","","","","","","","","","","","","","","","","","","","","","","","","","","","","","","","","","","","","","","","","","","","","","","","","","","","",""
"54405001","NANCY-OCHEY",48.581,5.959833,336,1982032106,"","","","",4.,1,340,1,"","","","","","","","","","","","","","","","","","","","","","","","","","","","",2.4,1,1.4,1,"","","","","","","","","","","","","","","","","","","","","","","","","","",94,1,"","","","","","","","","","","","",6.8,1,1019.4,1,"","","","","","",8,1,8,1,7,1,"","","","","","","","","","","","","","","","","","","","","","","","","","","","",2000,1,"","",10,1,2,1,"","",0,1,"","","","","","","","","","","","","","","","","","","","","","","","","","","","","","","","","","","","","","","","","","","","","","","","","","","","","","","","","","","","","",""
"54405001","NANCY-OCHEY",48.581,5.959833,336,1982032109,"","","","",3.,1,360,1,"","","","","","","","","","","","","","","","","","","","","","","","","","","","",3.1,1,2.4,1,"","","","","","","","","","","","","","","","","","","","","","","","","","",96,1,"","","","","","","","","","","","",7.3,1,1021.5,1,"","","","","","",8,1,7,1,7,1,"","","","","","","","","","","","","","","","","","","","","","","","","","","","",2000,1,"","",10,1,2,1,"","","","","","","","","","","","","","","","","","","","","","","","","","","","","","","","","","","","","","","","","","","","","","","","","","","","","","","","","","","","","","","","","",""
"54405001","NANCY-OCHEY",48.581,5.959833,336,1982032112,"","","","",2.,1,20,1,"","","","","","","","","","","","","","","","","","","","","","","","","","","","",5.,1,1.8,1,"","","","","","","","","","","","","","","","","","","","","","","","","","",80,1,"","","","","","","","","","","","",7.,1,1023.2,1,"","","","","","",8,1,7,1,2,1,"","","","","","","","","","","","","","","","","","","","","","","","","","","","",6000,1,"","",3,1,2,1,"","","","","","","","","","","","","","","","","","","","","","","","","","","","","","","","","","","","","","","","","","","","","","","","","","","","","","","","","","","","","","","","","",""
"54405001","NANCY-OCHEY",48.581,5.959833,336,1982032115,"","","","",2.,1,320,1,"","","","","","","","","","","","","","","","","","","","","","","","","","","","",5.,1,2.4,1,"","","","","","","","","","","","","","","","","","","","","","","","","","",83,1,"","","","","","","","","","","","",7.3,1,1023.1,1,"","","","","","",8,1,8,1,8,1,3,1,"","","","","","","","","","","","","","","","","","","","","","","","","","",6000,1,"","",3,1,2,1,"","","","","","","","","","","","","","","","","","","","","","","","","","","","","","","","","","","","","","","","","","","","","","","","","","","","","","","","","","","","","","","","","",""
"54405001","NANCY-OCHEY",48.581,5.959833,336,1982032118,"","","","",0.,1,0,1,"","","","","","","","","","","","","","","","","","","","","","","","","","","","",4.4,1,2.,1,"","","","","","","","","","","","","","","","","","","","","","","","","","",85,1,"","","","","","","","","","","","",7.1,1,1023.8,1,"","","","","","",6,1,6,1,2,1,3,1,0,1,"","","","","","","","","","","","","","","","","","","","","","","","",6000,1,"","",1,1,2,1,"","","","","","","","","","","","","","","","","","","","","","","","","","","","","","","","","","","","","","","","","","","","","","","","","","","","","","","","","","","","","","","","","",""
"54405001","NANCY-OCHEY",48.581,5.959833,336,1982032121,"","","","",0.,1,0,1,"","","","","","","","","","","","","","","","","","","","","","","","","","","","",2.,1,0.4,1,"","","","","","","","","","","","","","","","","","","","","","","","","","",90,1,"","","","","","","","","","","","",6.3,1,1025.3,1,"","","","","","","","","","","","","","","","","","","","","","","","","","","","","","","","","","","","","","","","","","","","","","","","","","","","","","","","","","","","","","","","","","","","","","","","","","","","","","","","","","","","","","","","","","","","","","","","","","","","","","","","","","","","","","","","","",""
"54405001","NANCY-OCHEY",48.581,5.959833,336,1982032200,"","","","",1.,1,260,1,"","","","","","","","","","","","","","","","","","","","","","","","","","","","",-0.1,1,-1.1,1,"","","","","","","","","","","","","","","","","","","","","","","","","","",94,1,"","","","","","","","","","","","",5.6,1,1025.4,1,"","","","","","","","","","","","","","","","","","","","","","","","","","","","","","","","","","","","","","","","","","","","","","","","","","","","","","","","","","","","","","","","","","","","","","","","","","","","","","","","","","","","","","","","","","","","","","","","","","","","","","","","","","","","","","","","","",""
"54405001","NANCY-OCHEY",48.581,5.959833,336,1982032203,"","","","",0.,1,0,1,"","","","","","","","","","","","","","","","","","","","","","","","","","","","",-1.4,1,-2.3,1,"","","","","","","","","","","","","","","","","","","","","","","","","","",94,1,"","","","","","","","","","","","",5.1,1,1025.4,1,"","","","","","","","","","","","","","","","","","","","","","","","","","","","","","","","","","","","","","","","","","","","","","","","","","","","","","","","","","","","","","","","","","","","","","","","","","","","","","","","","","","","","","","","","","","","","","","","","","","","","","","","","","","","","","","","","",""
"54405001","NANCY-OCHEY",48.581,5.959833,336,1982032206,"","","","",0.,1,0,1,"","","","","","","","","","","","","","","","","","","","","","","","","","","","",-1.5,1,-1.8,1,"","","","","","","","","","","","","","","","","","","","","","","","","","",97,1,"","","","","","","","","","","","",5.3,1,1025.4,1,"","","","","","",9,1,"","","","","","","","","","","","","","","","","","","","","","","","","","","","","","","","",100,1,"","",45,1,4,1,"","",0,1,"","","","","","","","","","","","","","","","","","","","","","","","","","","","","","","","","","","","","","","","","","","","","","","","","","","","","","","","","","","","","",""
"54405001","NANCY-OCHEY",48.581,5.959833,336,1982032209,"","","","",0.,1,0,1,"","","","","","","","","","","","","","","","","","","","","","","","","","","","",1.,1,1.,1,"","","","","","","","","","","","","","","","","","","","","","","","","","",100,1,"","","","","","","","","","","","",6.5,1,1026.2,1,"","","","","","",9,1,"","","","","","","","","","","","","","","","","","","","","","","","","","","","","","","","",70,1,"","",45,1,4,1,"","","","","","","","","","","","","","","","","","","","","","","","","","","","","","","","","","","","","","","","","","","","","","","","","","","","","","","","","","","","","","","","","",""
"54405001","NANCY-OCHEY",48.581,5.959833,336,1982032212,"","","","",3.,1,360,1,"","","","","","","","","","","","","","","","","","","","","","","","","","","","",5.,1,1.6,1,"","","","","","","","","","","","","","","","","","","","","","","","","","",79,1,"","","","","","","","","","","","",6.9,1,1026.1,1,"","","","","","",4,1,0,1,2,1,0,1,0,1,"","","","","","","","","","","","","","","","","","","","","","","","",5000,1,"","",3,1,4,1,"","","","","","","","","","","","","","","","","","","","","","","","","","","","","","","","","","","","","","","","","","","","","","","","","","","","","","","","","","","","","","","","","",""
"54405001","NANCY-OCHEY",48.581,5.959833,336,1982032215,"","","","",3.,1,340,1,"","","","","","","","","","","","","","","","","","","","","","","","","","","","",7.9,1,-0.2,1,"","","","","","","","","","","","","","","","","","","","","","","","","","",57,1,"","","","","","","","","","","","",6.,1,1025.3,1,"","","","","","",2,1,0,1,2,1,0,1,1,1,"","","","","","","","","","","","","","","","","","","","","","","","",8000,1,"","",1,1,0,1,"","","","","","","","","","","","","","","","","","","","","","","","","","","","","","","","","","","","","","","","","","","","","","","","","","","","","","","","","","","","","","","","","",""
"54405001","NANCY-OCHEY",48.581,5.959833,336,1982032218,"","","","",3.,1,360,1,"","","","","","","","","","","","","","","","","","","","","","","","","","","","",5.1,1,-0.9,1,"","","","","","","","","","","","","","","","","","","","","","","","","","",65,1,"","","","","","","","","","","","",5.7,1,1026.8,1,"","","","","","",2,1,0,1,0,1,3,1,0,1,"","","","","","","","","","","","","","","","","","","","","","","","",10000,1,"","",1,1,0,1,"","","","","","","","","","","","","","","","","","","","","","","","","","","","","","","","","","","","","","","","","","","","","","","","","","","","","","","","","","","","","","","","","",""
"54405001","NANCY-OCHEY",48.581,5.959833,336,1982032221,"","","","",0.,1,0,1,"","","","","","","","","","","","","","","","","","","","","","","","","","","","",2.7,1,-0.6,1,"","","","","","","","","","","","","","","","","","","","","","","","","","",79,1,"","","","","","","","","","","","",5.8,1,1028.7,1,"","","","","","","","","","","","","","","","","","","","","","","","","","","","","","","","","","","","","","","","","","","","","","","","","","","","","","","","","","","","","","","","","","","","","","","","","","","","","","","","","","","","","","","","","","","","","","","","","","","","","","","","","","","","","","","","","",""
"54405001","NANCY-OCHEY",48.581,5.959833,336,1982032300,"","","","",2.,1,340,1,"","","","","","","","","","","","","","","","","","","","","","","","","","","","",2.,1,0.1,1,"","","","","","","","","","","","","","","","","","","","","","","","","","",89,1,"","","","","","","","","","","","",6.2,1,1029.2,1,"","","","","","","","","","","","","","","","","","","","","","","","","","","","","","","","","","","","","","","","","","","","","","","","","","","","","","","","","","","","","","","","","","","","","","","","","","","","","","","","","","","","","","","","","","","","","","","","","","","","","","","","","","","","","","","","","",""
"54405001","NANCY-OCHEY",48.581,5.959833,336,1982032303,"","","","",2.,1,20,1,"","","","","","","","","","","","","","","","","","","","","","","","","","","","",1.3,1,0.,1,"","","","","","","","","","","","","","","","","","","","","","","","","","",92,1,"","","","","","","","","","","","",6.1,1,1029.6,1,"","","","","","","","","","","","","","","","","","","","","","","","","","","","","","","","","","","","","","","","","","","","","","","","","","","","","","","","","","","","","","","","","","","","","","","","","","","","","","","","","","","","","","","","","","","","","","","","","","","","","","","","","","","","","","","","","",""
"54405001","NANCY-OCHEY",48.581,5.959833,336,1982032306,"","","","",2.,1,360,1,"","","","","","","","","","","","","","","","","","","","","","","","","","","","",1.1,1,0.1,1,"","","","","","","","","","","","","","","","","","","","","","","","","","",94,1,"","","","","","","","","","","","",6.2,1,1030.1,1,"","","","","","",7,1,7,1,5,1,"","","","","","","","","","","","","","","","","","","","","","","","","","","","",1500,1,"","",10,1,1,1,"","",0,1,"","","","","","","","","","","","","","","","","","","","","","","","","","","","","","","","","","","","","","","","","","","","","","","","","","","","","","","","","","","","","",""
"54405001","NANCY-OCHEY",48.581,5.959833,336,1982032309,"","","","",4.,1,20,1,"","","","","","","","","","","","","","","","","","","","","","","","","","","","",3.5,1,1.,1,"","","","","","","","","","","","","","","","","","","","","","","","","","",84,1,"","","","","","","","","","","","",6.6,1,1031.2,1,"","","","","","",7,1,7,1,5,1,"","","","","","","","","","","","","","","","","","","","","","","","","","","","",1800,1,"","",10,1,2,1,"","","","","","","","","","","","","","","","","","","","","","","","","","","","","","","","","","","","","","","","","","","","","","","","","","","","","","","","","","","","","","","","","",""
"54405001","NANCY-OCHEY",48.581,5.959833,336,1982032312,"","","","",7.,1,40,1,"","","","","","","","","","","","","","","","","","","","","","","","","","","","",7.6,1,-0.6,1,"","","","","","","","","","","","","","","","","","","","","","","","","","",56,1,"","","","","","","","","","","","",5.8,1,1030.6,1,"","","","","","",5,1,5,1,2,1,0,1,0,1,"","","","","","","","","","","","","","","","","","","","","","","","",7000,1,"","",3,1,1,1,"","","","","","","","","","","","","","","","","","","","","","","","","","","","","","","","","","","","","","","","","","","","","","","","","","","","","","","","","","","","","","","","","",""
"54405001","NANCY-OCHEY",48.581,5.959833,336,1982032315,"","","","",6.,1,40,1,"","","","","","","","","","","","","","","","","","","","","","","","","","","","",7.9,1,0.1,1,"","","","","","","","","","","","","","","","","","","","","","","","","","",58,1,"","","","","","","","","","","","",6.2,1,1030.3,1,"","","","","","",6,1,6,1,8,1,0,1,0,1,"","","","","","","","","","","","","","","","","","","","","","","","",9000,1,"","",3,1,2,1,"","","","","","","","","","","","","","","","","","","","","","","","","","","","","","","","","","","","","","","","","","","","","","","","","","","","","","","","","","","","","","","","","",""
"54405001","NANCY-OCHEY",48.581,5.959833,336,1982032318,"","","","",4.,1,60,1,"","","","","","","","","","","","","","","","","","","","","","","","","","","","",6.3,1,-0.4,1,"","","","","","","","","","","","","","","","","","","","","","","","","","",62,1,"","","","","","","","","","","","",5.9,1,1031.6,1,"","","","","","",5,1,5,1,5,1,0,1,0,1,"","","","","","","","","","","","","","","","","","","","","","","","",6000,1,"","",1,1,2,1,"","","","","","","","","","","","","","","","","","","","","","","","","","","","","","","","","","","","","","","","","","","","","","","","","","","","","","","","","","","","","","","","","",""
"54405001","NANCY-OCHEY",48.581,5.959833,336,1982032321,"","","","",4.,1,40,1,"","","","","","","","","","","","","","","","","","","","","","","","","","","","",4.5,1,-1.1,1,"","","","","","","","","","","","","","","","","","","","","","","","","","",67,1,"","","","","","","","","","","","",5.6,1,1032.3,1,"","","","","","","","","","","","","","","","","","","","","","","","","","","","","","","","","","","","","","","","","","","","","","","","","","","","","","","","","","","","","","","","","","","","","","","","","","","","","","","","","","","","","","","","","","","","","","","","","","","","","","","","","","","","","","","","","",""
"54405001","NANCY-OCHEY",48.581,5.959833,336,1982032400,"","","","",6.,1,60,1,"","","","","","","","","","","","","","","","","","","","","","","","","","","","",4.3,1,-0.6,1,"","","","","","","","","","","","","","","","","","","","","","","","","","",71,1,"","","","","","","","","","","","",5.8,1,1032.1,1,"","","","","","","","","","","","","","","","","","","","","","","","","","","","","","","","","","","","","","","","","","","","","","","","","","","","","","","","","","","","","","","","","","","","","","","","","","","","","","","","","","","","","","","","","","","","","","","","","","","","","","","","","","","","","","","","","",""
"54405001","NANCY-OCHEY",48.581,5.959833,336,1982032403,"","","","",6.,1,60,1,"","","","","","","","","","","","","","","","","","","","","","","","","","","","",2.5,1,-1.6,1,"","","","","","","","","","","","","","","","","","","","","","","","","","",74,1,"","","","","","","","","","","","",5.4,1,1032.5,1,"","","","","","","","","","","","","","","","","","","","","","","","","","","","","","","","","","","","","","","","","","","","","","","","","","","","","","","","","","","","","","","","","","","","","","","","","","","","","","","","","","","","","","","","","","","","","","","","","","","","","","","","","","","","","","","","","",""
"54405001","NANCY-OCHEY",48.581,5.959833,336,1982032406,"","","","",4.,1,80,1,"","","","","","","","","","","","","","","","","","","","","","","","","","","","",1.6,1,-2.3,1,"","","","","","","","","","","","","","","","","","","","","","","","","","",75,1,"","","","","","","","","","","","",5.1,1,1033.7,1,"","","","","","",2,1,0,1,5,1,0,1,0,1,"","","","","","","","","","","","","","","","","","","","","","","","",4000,1,"","",10,1,1,1,"","",0,1,"","","","","","","","","","","","","","","","","","","","","","","","","","","","","","","","","","","","","","","","","","","","","","","","","","","","","","","","","","","","","",""
"54405001","NANCY-OCHEY",48.581,5.959833,336,1982032409,"","","","",8.,1,80,1,"","","","","","","","","","","","","","","","","","","","","","","","","","","","",5.3,1,-2.3,1,"","","","","","","","","","","","","","","","","","","","","","","","","","",57,1,"","","","","","","","","","","","",5.1,1,1034.2,1,"","","","","","",2,1,0,1,0,1,0,1,1,1,"","","","","","","","","","","","","","","","","","","","","","","","",5000,1,"","",2,1,0,1,"","","","","","","","","","","","","","","","","","","","","","","","","","","","","","","","","","","","","","","","","","","","","","","","","","","","","","","","","","","","","","","","","",""
"54405001","NANCY-OCHEY",48.581,5.959833,336,1982032412,"","","","",10.,1,80,1,"","","","","","","","","","","","","","","","","","","","","","","","","","","","",10.3,1,-3.1,1,"","","","","","","","","","","","","","","","","","","","","","","","","","",38,1,"","","","","","","","","","","","",4.8,1,1033.5,1,"","","","","","",2,1,0,1,0,1,0,1,1,1,"","","","","","","","","","","","","","","","","","","","","","","","",8000,1,"","",2,1,0,1,"","","","","","","","","","","","","","","","","","","","","","","","","","","","","","","","","","","","","","","","","","","","","","","","","","","","","","","","","","","","","","","","","",""
"54405001","NANCY-OCHEY",48.581,5.959833,336,1982032415,"","","","",8.,1,80,1,"","","","","","","","","","","","","","","","","","","","","","","","","","","","",11.5,1,-2.6,1,"","","","","","","","","","","","","","","","","","","","","","","","","","",36,1,"","","","","","","","","","","","",5.,1,1032.3,1,"","","","","","",1,1,0,1,0,1,0,1,1,1,"","","","","","","","","","","","","","","","","","","","","","","","",10000,1,"","",2,1,0,1,"","","","","","","","","","","","","","","","","","","","","","","","","","","","","","","","","","","","","","","","","","","","","","","","","","","","","","","","","","","","","","","","","",""
"54405001","NANCY-OCHEY",48.581,5.959833,336,1982032418,"","","","",6.,1,60,1,"","","","","","","","","","","","","","","","","","","","","","","","","","","","",9.3,1,-3.4,1,"","","","","","","","","","","","","","","","","","","","","","","","","","",40,1,"","","","","","","","","","","","",4.7,1,1033.2,1,"","","","","","",1,1,0,1,0,1,0,1,1,1,"","","","","","","","","","","","","","","","","","","","","","","","",9000,1,"","",2,1,0,1,"","","","","","","","","","","","","","","","","","","","","","","","","","","","","","","","","","","","","","","","","","","","","","","","","","","","","","","","","","","","","","","","","",""
"54405001","NANCY-OCHEY",48.581,5.959833,336,1982032421,"","","","",5.,1,60,1,"","","","","","","","","","","","","","","","","","","","","","","","","","","","",6.2,1,-4.9,1,"","","","","","","","","","","","","","","","","","","","","","","","","","",45,1,"","","","","","","","","","","","",4.2,1,1034.2,1,"","","","","","","","","","","","","","","","","","","","","","","","","","","","","","","","","","","","","","","","","","","","","","","","","","","","","","","","","","","","","","","","","","","","","","","","","","","","","","","","","","","","","","","","","","","","","","","","","","","","","","","","","","","","","","","","","",""
"54405001","NANCY-OCHEY",48.581,5.959833,336,1982032500,"","","","",1.,1,40,1,"","","","","","","","","","","","","","","","","","","","","","","","","","","","",2.8,1,-5.9,1,"","","","","","","","","","","","","","","","","","","","","","","","","","",53,1,"","","","","","","","","","","","",3.9,1,1034.4,1,"","","","","","","","","","","","","","","","","","","","","","","","","","","","","","","","","","","","","","","","","","","","","","","","","","","","","","","","","","","","","","","","","","","","","","","","","","","","","","","","","","","","","","","","","","","","","","","","","","","","","","","","","","","","","","","","","",""
"54405001","NANCY-OCHEY",48.581,5.959833,336,1982032503,"","","","",1.,1,100,1,"","","","","","","","","","","","","","","","","","","","","","","","","","","","",2.4,1,-3.7,1,"","","","","","","","","","","","","","","","","","","","","","","","","","",64,1,"","","","","","","","","","","","",4.6,1,1033.4,1,"","","","","","","","","","","","","","","","","","","","","","","","","","","","","","","","","","","","","","","","","","","","","","","","","","","","","","","","","","","","","","","","","","","","","","","","","","","","","","","","","","","","","","","","","","","","","","","","","","","","","","","","","","","","","","","","","",""
"54405001","NANCY-OCHEY",48.581,5.959833,336,1982032506,"","","","",1.,1,320,1,"","","","","","","","","","","","","","","","","","","","","","","","","","","","",-1.7,1,-4.6,1,"","","","","","","","","","","","","","","","","","","","","","","","","","",79,1,"","","","","","","","","","","","",4.3,1,1034.3,1,"","","","","","",1,1,0,1,0,1,0,1,1,1,"","","","","","","","","","","","","","","","","","","","","","","","",6000,1,"","",0,1,0,1,"","",0,1,"","","","","","","","","","","","","","","","","","","","","","","","","","","","","","","","","","","","","","","","","","","","","","","","","","","","","","","","","","","","","",""
"54405001","NANCY-OCHEY",48.581,5.959833,336,1982032509,"","","","",4.,1,100,1,"","","","","","","","","","","","","","","","","","","","","","","","","","","","",7.9,1,-3.7,1,"","","","","","","","","","","","","","","","","","","","","","","","","","",43,1,"","","","","","","","","","","","",4.6,1,1032.9,1,"","","","","","",1,1,0,1,0,1,0,1,1,1,"","","","","","","","","","","","","","","","","","","","","","","","",7000,1,"","",2,1,0,1,"","","","","","","","","","","","","","","","","","","","","","","","","","","","","","","","","","","","","","","","","","","","","","","","","","","","","","","","","","","","","","","","","",""
"54405001","NANCY-OCHEY",48.581,5.959833,336,1982032512,"","","","",7.,1,80,1,"","","","","","","","","","","","","","","","","","","","","","","","","","","","",12.7,1,-2.9,1,"","","","","","","","","","","","","","","","","","","","","","","","","","",33,1,"","","","","","","","","","","","",4.9,1,1031.3,1,"","","","","","",3,1,0,1,0,1,0,1,1,1,"","","","","","","","","","","","","","","","","","","","","","","","",10000,1,"","",3,1,0,1,"","","","","","","","","","","","","","","","","","","","","","","","","","","","","","","","","","","","","","","","","","","","","","","","","","","","","","","","","","","","","","","","","",""
"54405001","NANCY-OCHEY",48.581,5.959833,336,1982032515,"","","","",5.,1,100,1,"","","","","","","","","","","","","","","","","","","","","","","","","","","","",14.5,1,-9.2,1,"","","","","","","","","","","","","","","","","","","","","","","","","","",18,1,"","","","","","","","","","","","",3.,1,1029.3,1,"","","","","","",4,1,0,1,0,1,0,1,1,1,"","","","","","","","","","","","","","","","","","","","","","","","",11000,1,"","",3,1,0,1,"","","","","","","","","","","","","","","","","","","","","","","","","","","","","","","","","","","","","","","","","","","","","","","","","","","","","","","","","","","","","","","","","",""
"54405001","NANCY-OCHEY",48.581,5.959833,336,1982032518,"","","","",2.,1,80,1,"","","","","","","","","","","","","","","","","","","","","","","","","","","","",11.5,1,-2.4,1,"","","","","","","","","","","","","","","","","","","","","","","","","","",38,1,"","","","","","","","","","","","",5.1,1,1029.6,1,"","","","","","",2,1,0,1,0,1,0,1,1,1,"","","","","","","","","","","","","","","","","","","","","","","","",12000,1,"","",1,1,0,1,"","","","","","","","","","","","","","","","","","","","","","","","","","","","","","","","","","","","","","","","","","","","","","","","","","","","","","","","","","","","","","","","","",""
"54405001","NANCY-OCHEY",48.581,5.959833,336,1982032521,"","","","",3.,1,100,1,"","","","","","","","","","","","","","","","","","","","","","","","","","","","",8.3,1,-1.6,1,"","","","","","","","","","","","","","","","","","","","","","","","","","",50,1,"","","","","","","","","","","","",5.4,1,1030.4,1,"","","","","","","","","","","","","","","","","","","","","","","","","","","","","","","","","","","","","","","","","","","","","","","","","","","","","","","","","","","","","","","","","","","","","","","","","","","","","","","","","","","","","","","","","","","","","","","","","","","","","","","","","","","","","","","","","",""
"54405001","NANCY-OCHEY",48.581,5.959833,336,1982032600,"","","","",1.,1,100,1,"","","","","","","","","","","","","","","","","","","","","","","","","","","","",5.7,1,-1.6,1,"","","","","","","","","","","","","","","","","","","","","","","","","","",59,1,"","","","","","","","","","","","",5.4,1,1029.9,1,"","","","","","","","","","","","","","","","","","","","","","","","","","","","","","","","","","","","","","","","","","","","","","","","","","","","","","","","","","","","","","","","","","","","","","","","","","","","","","","","","","","","","","","","","","","","","","","","","","","","","","","","","","","","","","","","","",""
"54405001","NANCY-OCHEY",48.581,5.959833,336,1982032603,"","","","",1.,1,360,1,"","","","","","","","","","","","","","","","","","","","","","","","","","","","",2.,1,-3.1,1,"","","","","","","","","","","","","","","","","","","","","","","","","","",69,1,"","","","","","","","","","","","",4.8,1,1029.8,1,"","","","","","","","","","","","","","","","","","","","","","","","","","","","","","","","","","","","","","","","","","","","","","","","","","","","","","","","","","","","","","","","","","","","","","","","","","","","","","","","","","","","","","","","","","","","","","","","","","","","","","","","","","","","","","","","","",""
"54405001","NANCY-OCHEY",48.581,5.959833,336,1982032606,"","","","",1.,1,40,1,"","","","","","","","","","","","","","","","","","","","","","","","","","","","",0.3,1,-3.4,1,"","","","","","","","","","","","","","","","","","","","","","","","","","",75,1,"","","","","","","","","","","","",4.7,1,1029.9,1,"","","","","","",2,1,0,1,0,1,0,1,1,1,"","","","","","","","","","","","","","","","","","","","","","","","",8000,1,"","",3,1,0,1,"","",0,1,"","","","","","","","","","","","","","","","","","","","","","","","","","","","","","","","","","","","","","","","","","","","","","","","","","","","","","","","","","","","","",""
"54405001","NANCY-OCHEY",48.581,5.959833,336,1982032609,"","","","",1.,1,80,1,"","","","","","","","","","","","","","","","","","","","","","","","","","","","",6.8,1,-0.6,1,"","","","","","","","","","","","","","","","","","","","","","","","","","",59,1,"","","","","","","","","","","","",5.8,1,1029.2,1,"","","","","","",3,1,0,1,0,1,0,1,1,1,"","","","","","","","","","","","","","","","","","","","","","","","",8000,1,"","",3,1,0,1,"","","","","","","","","","","","","","","","","","","","","","","","","","","","","","","","","","","","","","","","","","","","","","","","","","","","","","","","","","","","","","","","","",""
"54405001","NANCY-OCHEY",48.581,5.959833,336,1982032612,"","","","",4.,1,120,1,"","","","","","","","","","","","","","","","","","","","","","","","","","","","",15.1,1,-1.6,1,"","","","","","","","","","","","","","","","","","","","","","","","","","",31,1,"","","","","","","","","","","","",5.4,1,1026.4,1,"","","","","","",3,1,0,1,0,1,0,1,1,1,"","","","","","","","","","","","","","","","","","","","","","","","",11000,1,"","",1,1,0,1,"","","","","","","","","","","","","","","","","","","","","","","","","","","","","","","","","","","","","","","","","","","","","","","","","","","","","","","","","","","","","","","","","",""
"54405001","NANCY-OCHEY",48.581,5.959833,336,1982032615,"","","","",4.,1,140,1,"","","","","","","","","","","","","","","","","","","","","","","","","","","","",16.2,1,-1.1,1,"","","","","","","","","","","","","","","","","","","","","","","","","","",30,1,"","","","","","","","","","","","",5.6,1,1024.2,1,"","","","","","",3,1,0,1,0,1,0,1,1,1,"","","","","","","","","","","","","","","","","","","","","","","","",15000,1,"","",2,1,0,1,"","","","","","","","","","","","","","","","","","","","","","","","","","","","","","","","","","","","","","","","","","","","","","","","","","","","","","","","","","","","","","","","","",""
"54405001","NANCY-OCHEY",48.581,5.959833,336,1982032618,"","","","",3.,1,80,1,"","","","","","","","","","","","","","","","","","","","","","","","","","","","",13.2,1,0.8,1,"","","","","","","","","","","","","","","","","","","","","","","","","","",42,1,"","","","","","","","","","","","",6.5,1,1024.1,1,"","","","","","",3,1,0,1,0,1,0,1,1,1,"","","","","","","","","","","","","","","","","","","","","","","","",13000,1,"","",2,1,0,1,"","","","","","","","","","","","","","","","","","","","","","","","","","","","","","","","","","","","","","","","","","","","","","","","","","","","","","","","","","","","","","","","","",""
"54405001","NANCY-OCHEY",48.581,5.959833,336,1982032621,"","","","",2.,1,160,1,"","","","","","","","","","","","","","","","","","","","","","","","","","","","",9.8,1,0.6,1,"","","","","","","","","","","","","","","","","","","","","","","","","","",53,1,"","","","","","","","","","","","",6.4,1,1024.6,1,"","","","","","","","","","","","","","","","","","","","","","","","","","","","","","","","","","","","","","","","","","","","","","","","","","","","","","","","","","","","","","","","","","","","","","","","","","","","","","","","","","","","","","","","","","","","","","","","","","","","","","","","","","","","","","","","","",""
"54405001","NANCY-OCHEY",48.581,5.959833,336,1982032700,"","","","",2.,1,140,1,"","","","","","","","","","","","","","","","","","","","","","","","","","","","",7.6,1,0.,1,"","","","","","","","","","","","","","","","","","","","","","","","","","",59,1,"","","","","","","","","","","","",6.1,1,1023.8,1,"","","","","","","","","","","","","","","","","","","","","","","","","","","","","","","","","","","","","","","","","","","","","","","","","","","","","","","","","","","","","","","","","","","","","","","","","","","","","","","","","","","","","","","","","","","","","","","","","","","","","","","","","","","","","","","","","",""
"54405001","NANCY-OCHEY",48.581,5.959833,336,1982032703,"","","","",1.,1,100,1,"","","","","","","","","","","","","","","","","","","","","","","","","","","","",3.2,1,-1.3,1,"","","","","","","","","","","","","","","","","","","","","","","","","","",72,1,"","","","","","","","","","","","",5.5,1,1023.3,1,"","","","","","","","","","","","","","","","","","","","","","","","","","","","","","","","","","","","","","","","","","","","","","","","","","","","","","","","","","","","","","","","","","","","","","","","","","","","","","","","","","","","","","","","","","","","","","","","","","","","","","","","","","","","","","","","","",""
"54405001","NANCY-OCHEY",48.581,5.959833,336,1982032706,"","","","",2.,1,140,1,"","","","","","","","","","","","","","","","","","","","","","","","","","","","",2.3,1,-1.3,1,"","","","","","","","","","","","","","","","","","","","","","","","","","",76,1,"","","","","","","","","","","","",5.5,1,1022.8,1,"","","","","","",2,1,0,1,0,1,0,1,1,1,"","","","","","","","","","","","","","","","","","","","","","","","",6000,1,"","",3,1,0,1,"","",0,1,"","","","","","","","","","","","","","","","","","","","","","","","","","","","","","","","","","","","","","","","","","","","","","","","","","","","","","","","","","","","","",""
"54405001","NANCY-OCHEY",48.581,5.959833,336,1982032709,"","","","",1.,1,360,1,"","","","","","","","","","","","","","","","","","","","","","","","","","","","",11.2,1,2.2,1,"","","","","","","","","","","","","","","","","","","","","","","","","","",54,1,"","","","","","","","","","","","",7.2,1,1021.1,1,"","","","","","",1,1,0,1,0,1,0,1,1,1,"","","","","","","","","","","","","","","","","","","","","","","","",8000,1,"","",1,1,0,1,"","","","","","","","","","","","","","","","","","","","","","","","","","","","","","","","","","","","","","","","","","","","","","","","","","","","","","","","","","","","","","","","","",""
"54405001","NANCY-OCHEY",48.581,5.959833,336,1982032712,"","","","",2.,1,20,1,"","","","","","","","","","","","","","","","","","","","","","","","","","","","",16.,1,0.4,1,"","","","","","","","","","","","","","","","","","","","","","","","","","",34,1,"","","","","","","","","","","","",6.3,1,1018.4,1,"","","","","","",0,1,"","",0,1,0,1,0,1,"","","","","","","","","","","","","","","","","","","","","","","","",12000,1,"","",2,1,0,1,"","","","","","","","","","","","","","","","","","","","","","","","","","","","","","","","","","","","","","","","","","","","","","","","","","","","","","","","","","","","","","","","","",""
"54405001","NANCY-OCHEY",48.581,5.959833,336,1982032715,"","","","",2.,1,340,1,"","","","","","","","","","","","","","","","","","","","","","","","","","","","",17.6,1,0.4,1,"","","","","","","","","","","","","","","","","","","","","","","","","","",31,1,"","","","","","","","","","","","",6.3,1,1015.1,1,"","","","","","",4,1,0,1,0,1,0,1,1,1,"","","","","","","","","","","","","","","","","","","","","","","","",12000,1,"","",3,1,0,1,"","","","","","","","","","","","","","","","","","","","","","","","","","","","","","","","","","","","","","","","","","","","","","","","","","","","","","","","","","","","","","","","","",""
"54405001","NANCY-OCHEY",48.581,5.959833,336,1982032718,"","","","",2.,1,100,1,"","","","","","","","","","","","","","","","","","","","","","","","","","","","",14.1,1,3.6,1,"","","","","","","","","","","","","","","","","","","","","","","","","","",49,1,"","","","","","","","","","","","",8.,1,1014.2,1,"","","","","","",8,1,8,1,0,1,0,1,7,1,"","","","","","","","","","","","","","","","","","","","","","","","",8000,1,"","",3,1,1,1,"","","","","","","","","","","","","","","","","","","","","","","","","","","","","","","","","","","","","","","","","","","","","","","","","","","","","","","","","","","","","","","","","",""
"54405001","NANCY-OCHEY",48.581,5.959833,336,1982032721,"","","","",1.,1,280,1,"","","","","","","","","","","","","","","","","","","","","","","","","","","","",10.7,1,2.5,1,"","","","","","","","","","","","","","","","","","","","","","","","","","",58,1,"","","","","","","","","","","","",7.4,1,1013.9,1,"","","","","","","","","","","","","","","","","","","","","","","","","","","","","","","","","","","","","","","","","","","","","","","","","","","","","","","","","","","","","","","","","","","","","","","","","","","","","","","","","","","","","","","","","","","","","","","","","","","","","","","","","","","","","","","","","",""
"54405001","NANCY-OCHEY",48.581,5.959833,336,1982032800,"","","","",2.,1,220,1,"","","","","","","","","","","","","","","","","","","","","","","","","","","","",8.,1,1.2,1,"","","","","","","","","","","","","","","","","","","","","","","","","","",63,1,"","","","","","","","","","","","",6.7,1,1013.2,1,"","","","","","","","","","","","","","","","","","","","","","","","","","","","","","","","","","","","","","","","","","","","","","","","","","","","","","","","","","","","","","","","","","","","","","","","","","","","","","","","","","","","","","","","","","","","","","","","","","","","","","","","","","","","","","","","","",""
"54405001","NANCY-OCHEY",48.581,5.959833,336,1982032803,"","","","",4.,1,220,1,"","","","","","","","","","","","","","","","","","","","","","","","","","","","",7.7,1,1.2,1,"","","","","","","","","","","","","","","","","","","","","","","","","","",64,1,"","","","","","","","","","","","",6.7,1,1012.6,1,"","","","","","","","","","","","","","","","","","","","","","","","","","","","","","","","","","","","","","","","","","","","","","","","","","","","","","","","","","","","","","","","","","","","","","","","","","","","","","","","","","","","","","","","","","","","","","","","","","","","","","","","","","","","","","","","","",""
"54405001","NANCY-OCHEY",48.581,5.959833,336,1982032806,"","","","",5.,1,220,1,"","","","","","","","","","","","","","","","","","","","","","","","","","","","",7.4,1,1.,1,"","","","","","","","","","","","","","","","","","","","","","","","","","",64,1,"","","","","","","","","","","","",6.6,1,1012.6,1,"","","","","","",8,1,8,1,0,1,7,1,"","","","","","","","","","","","","","","","","","","","","","","","","","",9000,1,"","",2,1,2,1,"","",0,1,"","","","","","","","","","","","","","","","","","","","","","","","","","","","","","","","","","","","","","","","","","","","","","","","","","","","","","","","","","","","","",""
"54405001","NANCY-OCHEY",48.581,5.959833,336,1982032809,"","","","",5.,1,220,1,"","","","","","","","","","","","","","","","","","","","","","","","","","","","",10.9,1,2.5,1,"","","","","","","","","","","","","","","","","","","","","","","","","","",57,1,"","","","","","","","","","","","",7.4,1,1013.2,1,"","","","","","",8,1,8,1,0,1,8,1,7,1,"","","","","","","","","","","","","","","","","","","","","","","","",12000,1,"","",3,1,2,1,"","","","","","","","","","","","","","","","","","","","","","","","","","","","","","","","","","","","","","","","","","","","","","","","","","","","","","","","","","","","","","","","","",""
"54405001","NANCY-OCHEY",48.581,5.959833,336,1982032812,"","","","",5.,1,220,1,"","","","","","","","","","","","","","","","","","","","","","","","","","","","",13.1,1,3.1,1,"","","","","","","","","","","","","","","","","","","","","","","","","","",51,1,"","","","","","","","","","","","",7.7,1,1012.4,1,"","","","","","",7,1,7,1,2,1,3,1,"","","","","","","","","","","","","","","","","","","","","","","","","","",16000,1,"","",3,1,2,1,"","","","","","","","","","","","","","","","","","","","","","","","","","","","","","","","","","","","","","","","","","","","","","","","","","","","","","","","","","","","","","","","","",""
"54405001","NANCY-OCHEY",48.581,5.959833,336,1982032815,"","","","",5.,1,200,1,"","","","","","","","","","","","","","","","","","","","","","","","","","","","",14.,1,2.5,1,"","","","","","","","","","","","","","","","","","","","","","","","","","",46,1,"","","","","","","","","","","","",7.4,1,1011.2,1,"","","","","","",7,1,5,1,2,1,8,1,"","","","","","","","","","","","","","","","","","","","","","","","","","",20000,1,"","",3,1,2,1,"","","","","","","","","","","","","","","","","","","","","","","","","","","","","","","","","","","","","","","","","","","","","","","","","","","","","","","","","","","","","","","","","",""
"54405001","NANCY-OCHEY",48.581,5.959833,336,1982032818,"","","","",3.,1,220,1,"","","","","","","","","","","","","","","","","","","","","","","","","","","","",11.9,1,3.1,1,"","","","","","","","","","","","","","","","","","","","","","","","","","",55,1,"","","","","","","","","","","","",7.7,1,1011.5,1,"","","","","","",6,1,5,1,8,1,0,1,1,1,"","","","","","","","","","","","","","","","","","","","","","","","",20000,1,"","",1,1,2,1,"","","","","","","","","","","","","","","","","","","","","","","","","","","","","","","","","","","","","","","","","","","","","","","","","","","","","","","","","","","","","","","","","",""
"54405001","NANCY-OCHEY",48.581,5.959833,336,1982032821,"","","","",4.,1,200,1,"","","","","","","","","","","","","","","","","","","","","","","","","","","","",10.5,1,4.1,1,"","","","","","","","","","","","","","","","","","","","","","","","","","",66,1,"","","","","","","","","","","","",8.3,1,1012.1,1,"","","","","","","","","","","","","","","","","","","","","","","","","","","","","","","","","","","","","","","","","","","","","","","","","","","","","","","","","","","","","","","","","","","","","","","","","","","","","","","","","","","","","","","","","","","","","","","","","","","","","","","","","","","","","","","","","",""
"54405001","NANCY-OCHEY",48.581,5.959833,336,1982032900,"","","","",4.,1,220,1,"","","","","","","","","","","","","","","","","","","","","","","","","","","","",8.3,1,4.8,1,"","","","","","","","","","","","","","","","","","","","","","","","","","",80,1,"","","","","","","","","","","","",8.7,1,1012.6,1,"","","","","","","","","","","","","","","","","","","","","","","","","","","","","","","","","","","","","","","","","","","","","","","","","","","","","","","","","","","","","","","","","","","","","","","","","","","","","","","","","","","","","","","","","","","","","","","","","","","","","","","","","","","","","","","","","",""
"54405001","NANCY-OCHEY",48.581,5.959833,336,1982032903,"","","","",5.,1,220,1,"","","","","","","","","","","","","","","","","","","","","","","","","","","","",7.3,1,5.3,1,"","","","","","","","","","","","","","","","","","","","","","","","","","",89,1,"","","","","","","","","","","","",9.,1,1012.2,1,"","","","","","","","","","","","","","","","","","","","","","","","","","","","","","","","","","","","","","","","","","","","","","","","","","","","","","","","","","","","","","","","","","","","","","","","","","","","","","","","","","","","","","","","","","","","","","","","","","","","","","","","","","","","","","","","","",""
"54405001","NANCY-OCHEY",48.581,5.959833,336,1982032906,"","","","",5.,1,220,1,"","","","","","","","","","","","","","","","","","","","","","","","","","","","",6.2,1,4.3,1,"","","","","","","","","","","","","","","","","","","","","","","","","","",89,1,"","","","","","","","","","","","",8.4,1,1011.5,1,"","","","","","",7,1,7,1,5,1,"","","","","","","","","","","","","","","","","","","","","","","","","","","","",10000,1,"","",1,1,1,1,"","",0,1,"","","","","","","","","","","","","","","","","","","","","","","","","","","","","","","","","","","","","","","","","","","","","","","","","","","","","","","","","","","","","",""
"54405001","NANCY-OCHEY",48.581,5.959833,336,1982032909,"","","","",6.,1,240,1,"","","","","","","","","","","","","","","","","","","","","","","","","","","","",8.7,1,4.6,1,"","","","","","","","","","","","","","","","","","","","","","","","","","",76,1,"","","","","","","","","","","","",8.6,1,1010.4,1,"","","","","","",7,1,6,1,5,1,3,1,"","","","","","","","","","","","","","","","","","","","","","","","","","",5000,1,"","",2,1,2,1,"","","","","","","","","","","","","","","","","","","","","","","","","","","","","","","","","","","","","","","","","","","","","","","","","","","","","","","","","","","","","","","","","",""
"54405001","NANCY-OCHEY",48.581,5.959833,336,1982032912,"","","","",7.,1,240,1,"","","","","","","","","","","","","","","","","","","","","","","","","","","","",12.2,1,3.3,1,"","","","","","","","","","","","","","","","","","","","","","","","","","",55,1,"","","","","","","","","","","","",7.8,1,1007.1,1,"","","","","","",7,1,6,1,8,1,"","","","","","","","","","","","","","","","","","","","","","","","","","","","",6000,1,"","",2,1,2,1,"","","","","","","","","","","","","","","","","","","","","","","","","","","","","","","","","","","","","","","","","","","","","","","","","","","","","","","","","","","","","","","","","",""
"54405001","NANCY-OCHEY",48.581,5.959833,336,1982032915,"","","","",7.,1,260,1,"","","","","","","","","","","","","","","","","","","","","","","","","","","","",10.7,1,1.2,1,"","","","","","","","","","","","","","","","","","","","","","","","","","",52,1,"","","","","","","","","","","","",6.7,1,1006.,1,"","","","","","",6,1,5,1,8,1,3,1,0,1,"","","","","","","","","","","","","","","","","","","","","","","","",10000,1,"","",21,1,6,1,"","","","","","","","","","","","","","","","","","","","","","","","","","","","","","","","","","","","","","","","","","","","","","","","","","","","","","","","","","","","","","","","","",""
"54405001","NANCY-OCHEY",48.581,5.959833,336,1982032918,"","","","",4.,1,200,1,"","","","","","","","","","","","","","","","","","","","","","","","","","","","",6.6,1,1.2,1,"","","","","","","","","","","","","","","","","","","","","","","","","","",69,1,"","","","","","","","","","","","",6.7,1,1005.4,1,"","","","","","",6,1,5,1,5,1,3,1,1,1,"","","","","","","","","","","","","","","","","","","","","","","","",9000,1,"","",1,1,6,1,"","","","","","","","","","","","","","","","","","","","","","","","","","","","","","","","","","","","","","","","","","","","","","","","","","","","","","","","","","","","","","","","","",""
"54405001","NANCY-OCHEY",48.581,5.959833,336,1982032921,"","","","",1.,1,280,1,"","","","","","","","","","","","","","","","","","","","","","","","","","","","",5.1,1,3.4,1,"","","","","","","","","","","","","","","","","","","","","","","","","","",91,1,"","","","","","","","","","","","",7.9,1,1005.3,1,"","","","","","","","","","","","","","","","","","","","","","","","","","","","","","","","","","","","","","","","","","","","","","","","","","","","","","","","","","","","","","","","","","","","","","","","","","","","","","","","","","","","","","","","","","","","","","","","","","","","","","","","","","","","","","","","","",""
"54405001","NANCY-OCHEY",48.581,5.959833,336,1982033000,"","","","",2.,1,120,1,"","","","","","","","","","","","","","","","","","","","","","","","","","","","",2.9,1,1.6,1,"","","","","","","","","","","","","","","","","","","","","","","","","","",93,1,"","","","","","","","","","","","",6.9,1,1003.7,1,"","","","","","","","","","","","","","","","","","","","","","","","","","","","","","","","","","","","","","","","","","","","","","","","","","","","","","","","","","","","","","","","","","","","","","","","","","","","","","","","","","","","","","","","","","","","","","","","","","","","","","","","","","","","","","","","","",""
"54405001","NANCY-OCHEY",48.581,5.959833,336,1982033003,"","","","",3.,1,200,1,"","","","","","","","","","","","","","","","","","","","","","","","","","","","",1.1,1,0.1,1,"","","","","","","","","","","","","","","","","","","","","","","","","","",94,1,"","","","","","","","","","","","",6.2,1,1003.6,1,"","","","","","","","","","","","","","","","","","","","","","","","","","","","","","","","","","","","","","","","","","","","","","","","","","","","","","","","","","","","","","","","","","","","","","","","","","","","","","","","","","","","","","","","","","","","","","","","","","","","","","","","","","","","","","","","","",""
"54405001","NANCY-OCHEY",48.581,5.959833,336,1982033006,"","","","",1.,1,60,1,"","","","","","","","","","","","","","","","","","","","","","","","","","","","",1.,1,0.,1,"","","","","","","","","","","","","","","","","","","","","","","","","","",94,1,"","","","","","","","","","","","",6.1,1,1004.2,1,"","","","","","",8,1,8,1,7,1,"","","","","","","","","","","","","","","","","","","","","","","","","","","","",1800,1,"","",58,1,6,1,"","",0,1,"","","","","","","","","","","","","","","","","","","","","","","","","","","","","","","","","","","","","","","","","","","","","","","","","","","","","","","","","","","","","",""
"54405001","NANCY-OCHEY",48.581,5.959833,336,1982033009,"","","","",1.,1,80,1,"","","","","","","","","","","","","","","","","","","","","","","","","","","","",1.9,1,0.1,1,"","","","","","","","","","","","","","","","","","","","","","","","","","",88,1,"","","","","","","","","","","","",6.2,1,1005.5,1,"","","","","","",8,1,8,1,5,1,"","","","","","","","","","","","","","","","","","","","","","","","","","","","",9000,1,"","",22,1,7,1,"","","","","","","","","","","","","","","","","","","","","","","","","","","","","","","","","","","","","","","","","","","","","","","","","","","","","","","","","","","","","","","","","",""
"54405001","NANCY-OCHEY",48.581,5.959833,336,1982033012,"","","","",2.,1,300,1,"","","","","","","","","","","","","","","","","","","","","","","","","","","","",3.3,1,0.6,1,"","","","","","","","","","","","","","","","","","","","","","","","","","",82,1,"","","","","","","","","","","","",6.4,1,1006.1,1,"","","","","","",8,1,5,1,8,1,"","","","","","","","","","","","","","","","","","","","","","","","","","","","",15000,1,"","",3,1,7,1,"","","","","","","","","","","","","","","","","","","","","","","","","","","","","","","","","","","","","","","","","","","","","","","","","","","","","","","","","","","","","","","","","",""
"54405001","NANCY-OCHEY",48.581,5.959833,336,1982033015,"","","","",2.,1,320,1,"","","","","","","","","","","","","","","","","","","","","","","","","","","","",1.5,1,0.8,1,"","","","","","","","","","","","","","","","","","","","","","","","","","",96,1,"","","","","","","","","","","","",6.5,1,1006.3,1,"","","","","","",8,1,8,1,7,1,"","","","","","","","","","","","","","","","","","","","","","","","","","","","",2500,1,"","",68,1,7,1,"","","","","","","","","","","","","","","","","","","","","","","","","","","","","","","","","","","","","","","","","","","","","","","","","","","","","","","","","","","","","","","","","",""
"54405001","NANCY-OCHEY",48.581,5.959833,336,1982033018,"","","","",6.,1,20,1,"","","","","","","","","","","","","","","","","","","","","","","","","","","","",4.3,1,3.3,1,"","","","","","","","","","","","","","","","","","","","","","","","","","",95,1,"","","","","","","","","","","","",7.8,1,1005.6,1,"","","","","","",8,1,8,1,7,1,"","","","","","","","","","","","","","","","","","","","","","","","","","","","",1400,1,"","",10,1,7,1,"","","","","","","","","","","","","","","","","","","","","","","","","","","","","","","","","","","","","","","","","","","","","","","","","","","","","","","","","","","","","","","","","",""
"54405001","NANCY-OCHEY",48.581,5.959833,336,1982033021,"","","","",8.,1,40,1,"","","","","","","","","","","","","","","","","","","","","","","","","","","","",4.5,1,2.5,1,"","","","","","","","","","","","","","","","","","","","","","","","","","",89,1,"","","","","","","","","","","","",7.4,1,1006.1,1,"","","","","","","","","","","","","","","","","","","","","","","","","","","","","","","","","","","","","","","","","","","","","","","","","","","","","","","","","","","","","","","","","","","","","","","","","","","","","","","","","","","","","","","","","","","","","","","","","","","","","","","","","","","","","","","","","",""
"54405001","NANCY-OCHEY",48.581,5.959833,336,1982033100,"","","","",9.,1,60,1,"","","","","","","","","","","","","","","","","","","","","","","","","","","","",3.9,1,1.,1,"","","","","","","","","","","","","","","","","","","","","","","","","","",82,1,"","","","","","","","","","","","",6.6,1,1006.9,1,"","","","","","","","","","","","","","","","","","","","","","","","","","","","","","","","","","","","","","","","","","","","","","","","","","","","","","","","","","","","","","","","","","","","","","","","","","","","","","","","","","","","","","","","","","","","","","","","","","","","","","","","","","","","","","","","","",""
"54405001","NANCY-OCHEY",48.581,5.959833,336,1982033103,"","","","",8.,1,60,1,"","","","","","","","","","","","","","","","","","","","","","","","","","","","",2.5,1,-0.6,1,"","","","","","","","","","","","","","","","","","","","","","","","","","",80,1,"","","","","","","","","","","","",5.8,1,1007.2,1,"","","","","","","","","","","","","","","","","","","","","","","","","","","","","","","","","","","","","","","","","","","","","","","","","","","","","","","","","","","","","","","","","","","","","","","","","","","","","","","","","","","","","","","","","","","","","","","","","","","","","","","","","","","","","","","","","",""
"54405001","NANCY-OCHEY",48.581,5.959833,336,1982033106,"","","","",8.,1,60,1,"","","","","","","","","","","","","","","","","","","","","","","","","","","","",2.1,1,-1.1,1,"","","","","","","","","","","","","","","","","","","","","","","","","","",80,1,"","","","","","","","","","","","",5.6,1,1007.9,1,"","","","","","",8,1,7,1,5,1,"","","","","","","","","","","","","","","","","","","","","","","","","","","","",5000,1,"","",2,1,2,1,"","",0,1,"","","","","","","","","","","","","","","","","","","","","","","","","","","","","","","","","","","","","","","","","","","","","","","","","","","","","","","","","","","","","",""
"54405001","NANCY-OCHEY",48.581,5.959833,336,1982033109,"","","","",7.,1,60,1,"","","","","","","","","","","","","","","","","","","","","","","","","","","","",2.8,1,0.,1,"","","","","","","","","","","","","","","","","","","","","","","","","","",82,1,"","","","","","","","","","","","",6.1,1,1008.7,1,"","","","","","",8,1,7,1,5,1,"","","","","","","","","","","","","","","","","","","","","","","","","","","","",4000,1,"","",70,1,7,1,"","","","","","","","","","","","","","","","","","","","","","","","","","","","","","","","","","","","","","","","","","","","","","","","","","","","","","","","","","","","","","","","","",""
"54405001","NANCY-OCHEY",48.581,5.959833,336,1982033112,"","","","",8.,1,80,1,"","","","","","","","","","","","","","","","","","","","","","","","","","","","",3.7,1,0.4,1,"","","","","","","","","","","","","","","","","","","","","","","","","","",79,1,"","","","","","","","","","","","",6.3,1,1008.7,1,"","","","","","",8,1,7,1,5,1,"","","","","","","","","","","","","","","","","","","","","","","","","","","","",2500,1,"","",58,1,7,1,"","","","","","","","","","","","","","","","","","","","","","","","","","","","","","","","","","","","","","","","","","","","","","","","","","","","","","","","","","","","","","","","","",""
"54405001","NANCY-OCHEY",48.581,5.959833,336,1982033115,"","","","",4.,1,60,1,"","","","","","","","","","","","","","","","","","","","","","","","","","","","",4.1,1,1.4,1,"","","","","","","","","","","","","","","","","","","","","","","","","","",83,1,"","","","","","","","","","","","",6.8,1,1009.6,1,"","","","","","",8,1,7,1,5,1,"","","","","","","","","","","","","","","","","","","","","","","","","","","","",2000,1,"","",61,1,6,1,"","","","","","","","","","","","","","","","","","","","","","","","","","","","","","","","","","","","","","","","","","","","","","","","","","","","","","","","","","","","","","","","","",""
"54405001","NANCY-OCHEY",48.581,5.959833,336,1982033118,"","","","",0.,1,0,1,"","","","","","","","","","","","","","","","","","","","","","","","","","","","",4.2,1,3.4,1,"","","","","","","","","","","","","","","","","","","","","","","","","","",96,1,"","","","","","","","","","","","",7.9,1,1010.4,1,"","","","","","",8,1,7,1,5,1,"","","","","","","","","","","","","","","","","","","","","","","","","","","","",1500,1,"","",28,1,6,1,"","","","","","","","","","","","","","","","","","","","","","","","","","","","","","","","","","","","","","","","","","","","","","","","","","","","","","","","","","","","","","","","","",""
"54405001","NANCY-OCHEY",48.581,5.959833,336,1982033121,"","","","",2.,1,220,1,"","","","","","","","","","","","","","","","","","","","","","","","","","","","",4.2,1,3.3,1,"","","","","","","","","","","","","","","","","","","","","","","","","","",95,1,"","","","","","","","","","","","",7.8,1,1011.8,1,"","","","","","","","","","","","","","","","","","","","","","","","","","","","","","","","","","","","","","","","","","","","","","","","","","","","","","","","","","","","","","","","","","","","","","","","","","","","","","","","","","","","","","","","","","","","","","","","","","","","","","","","","","","","","","","","","",""
"54405001","NANCY-OCHEY",48.581,5.959833,336,1982040100,"","","","",0.,1,0,1,"","","","","","","","","","","","","","","","","","","","","","","","","","","","",4.2,1,3.3,1,"","","","","","","","","","","","","","","","","","","","","","","","","","",95,1,"","","","","","","","","","","","",7.8,1,1012.6,1,"","","","","","","","","","","","","","","","","","","","","","","","","","","","","","","","","","","","","","","","","","","","","","","","","","","","","","","","","","","","","","","","","","","","","","","","","","","","","","","","","","","","","","","","","","","","","","","","","","","","","","","","","","","","","","","","","",""
"54405001","NANCY-OCHEY",48.581,5.959833,336,1982040103,"","","","",2.,1,160,1,"","","","","","","","","","","","","","","","","","","","","","","","","","","","",1.1,1,0.6,1,"","","","","","","","","","","","","","","","","","","","","","","","","","",97,1,"","","","","","","","","","","","",6.4,1,1014.1,1,"","","","","","","","","","","","","","","","","","","","","","","","","","","","","","","","","","","","","","","","","","","","","","","","","","","","","","","","","","","","","","","","","","","","","","","","","","","","","","","","","","","","","","","","","","","","","","","","","","","","","","","","","","","","","","","","","",""
"54405001","NANCY-OCHEY",48.581,5.959833,336,1982040106,"","","","",5.,1,100,1,"","","","","","","","","","","","","","","","","","","","","","","","","","","","",2.,1,2.,1,"","","","","","","","","","","","","","","","","","","","","","","","","","",100,1,"","","","","","","","","","","","",7.,1,1015.8,1,"","","","","","",9,1,"","","","","","","","","","","","","","","","","","","","","","","","","","","","","","","","",60,1,"","",45,1,4,1,"","",0,1,"","","","","","","","","","","","","","","","","","","","","","","","","","","","","","","","","","","","","","","","","","","","","","","","","","","","","","","","","","","","","",""
"54405001","NANCY-OCHEY",48.581,5.959833,336,1982040109,"","","","",4.,1,60,1,"","","","","","","","","","","","","","","","","","","","","","","","","","","","",4.3,1,4.3,1,"","","","","","","","","","","","","","","","","","","","","","","","","","",100,1,"","","","","","","","","","","","",8.3,1,1016.2,1,"","","","","","",7,1,5,1,5,1,"","","","","","","","","","","","","","","","","","","","","","","","","","","","",1100,1,"","",28,1,4,1,"","","","","","","","","","","","","","","","","","","","","","","","","","","","","","","","","","","","","","","","","","","","","","","","","","","","","","","","","","","","","","","","","",""
"54405001","NANCY-OCHEY",48.581,5.959833,336,1982040112,"","","","",5.,1,80,1,"","","","","","","","","","","","","","","","","","","","","","","","","","","","",11.8,1,5.6,1,"","","","","","","","","","","","","","","","","","","","","","","","","","",66,1,"","","","","","","","","","","","",9.2,1,1014.7,1,"","","","","","",1,1,0,1,6,1,0,1,0,1,"","","","","","","","","","","","","","","","","","","","","","","","",3000,1,"","",10,1,4,1,"","","","","","","","","","","","","","","","","","","","","","","","","","","","","","","","","","","","","","","","","","","","","","","","","","","","","","","","","","","","","","","","","",""
"54405001","NANCY-OCHEY",48.581,5.959833,336,1982040115,"","","","",7.,1,100,1,"","","","","","","","","","","","","","","","","","","","","","","","","","","","",16.3,1,4.,1,"","","","","","","","","","","","","","","","","","","","","","","","","","",44,1,"","","","","","","","","","","","",8.2,1,1012.9,1,"","","","","","",1,1,0,1,0,1,0,1,1,1,"","","","","","","","","","","","","","","","","","","","","","","","",9000,1,"","",3,1,0,1,"","","","","","","","","","","","","","","","","","","","","","","","","","","","","","","","","","","","","","","","","","","","","","","","","","","","","","","","","","","","","","","","","",""
"54405001","NANCY-OCHEY",48.581,5.959833,336,1982040118,"","","","",6.,1,100,1,"","","","","","","","","","","","","","","","","","","","","","","","","","","","",14.,1,4.,1,"","","","","","","","","","","","","","","","","","","","","","","","","","",51,1,"","","","","","","","","","","","",8.2,1,1013.,1,"","","","","","",2,1,0,1,0,1,0,1,1,1,"","","","","","","","","","","","","","","","","","","","","","","","",10000,1,"","",3,1,0,1,"","","","","","","","","","","","","","","","","","","","","","","","","","","","","","","","","","","","","","","","","","","","","","","","","","","","","","","","","","","","","","","","","",""
"54405001","NANCY-OCHEY",48.581,5.959833,336,1982040121,"","","","",1.,1,120,1,"","","","","","","","","","","","","","","","","","","","","","","","","","","","",9.5,1,5.4,1,"","","","","","","","","","","","","","","","","","","","","","","","","","",77,1,"","","","","","","","","","","","",9.1,1,1014.2,1,"","","","","","","","","","","","","","","","","","","","","","","","","","","","","","","","","","","","","","","","","","","","","","","","","","","","","","","","","","","","","","","","","","","","","","","","","","","","","","","","","","","","","","","","","","","","","","","","","","","","","","","","","","","","","","","","","",""
"54405001","NANCY-OCHEY",48.581,5.959833,336,1982040200,"","","","",0.,1,0,1,"","","","","","","","","","","","","","","","","","","","","","","","","","","","",6.6,1,3.8,1,"","","","","","","","","","","","","","","","","","","","","","","","","","",84,1,"","","","","","","","","","","","",8.1,1,1014.6,1,"","","","","","","","","","","","","","","","","","","","","","","","","","","","","","","","","","","","","","","","","","","","","","","","","","","","","","","","","","","","","","","","","","","","","","","","","","","","","","","","","","","","","","","","","","","","","","","","","","","","","","","","","","","","","","","","","",""
"54405001","NANCY-OCHEY",48.581,5.959833,336,1982040203,"","","","",3.,1,240,1,"","","","","","","","","","","","","","","","","","","","","","","","","","","","",5.1,1,3.3,1,"","","","","","","","","","","","","","","","","","","","","","","","","","",89,1,"","","","","","","","","","","","",7.8,1,1015.2,1,"","","","","","","","","","","","","","","","","","","","","","","","","","","","","","","","","","","","","","","","","","","","","","","","","","","","","","","","","","","","","","","","","","","","","","","","","","","","","","","","","","","","","","","","","","","","","","","","","","","","","","","","","","","","","","","","","",""
"54405001","NANCY-OCHEY",48.581,5.959833,336,1982040206,"","","","",3.,1,240,1,"","","","","","","","","","","","","","","","","","","","","","","","","","","","",6.2,1,3.6,1,"","","","","","","","","","","","","","","","","","","","","","","","","","",84,1,"","","","","","","","","","","","",8.,1,1015.4,1,"","","","","","",3,1,0,1,0,1,3,1,1,1,"","","","","","","","","","","","","","","","","","","","","","","","",5000,1,"","",3,1,0,1,"","",0,1,"","","","","","","","","","","","","","","","","","","","","","","","","","","","","","","","","","","","","","","","","","","","","","","","","","","","","","","","","","","","","",""
"54405001","NANCY-OCHEY",48.581,5.959833,336,1982040209,"","","","",4.,1,240,1,"","","","","","","","","","","","","","","","","","","","","","","","","","","","",11.8,1,6.7,1,"","","","","","","","","","","","","","","","","","","","","","","","","","",72,1,"","","","","","","","","","","","",10.,1,1015.2,1,"","","","","","",6,1,0,1,5,1,7,1,1,1,"","","","","","","","","","","","","","","","","","","","","","","","",13000,1,"","",3,1,1,1,"","","","","","","","","","","","","","","","","","","","","","","","","","","","","","","","","","","","","","","","","","","","","","","","","","","","","","","","","","","","","","","","","",""
"54405001","NANCY-OCHEY",48.581,5.959833,336,1982040212,"","","","",6.,1,260,1,"","","","","","","","","","","","","","","","","","","","","","","","","","","","",10.,1,7.4,1,"","","","","","","","","","","","","","","","","","","","","","","","","","",85,1,"","","","","","","","","","","","",10.5,1,1016.7,1,"","","","","","",7,1,5,1,8,1,"","","","","","","","","","","","","","","","","","","","","","","","","","","","",9000,1,"","",3,1,1,1,"","","","","","","","","","","","","","","","","","","","","","","","","","","","","","","","","","","","","","","","","","","","","","","","","","","","","","","","","","","","","","","","","",""
"54405001","NANCY-OCHEY",48.581,5.959833,336,1982040215,"","","","",7.,1,260,1,"","","","","","","","","","","","","","","","","","","","","","","","","","","","",8.8,1,6.3,1,"","","","","","","","","","","","","","","","","","","","","","","","","","",86,1,"","","","","","","","","","","","",9.7,1,1017.6,1,"","","","","","",8,1,7,1,2,1,"","","","","","","","","","","","","","","","","","","","","","","","","","","","",6000,1,"","",3,1,2,1,"","","","","","","","","","","","","","","","","","","","","","","","","","","","","","","","","","","","","","","","","","","","","","","","","","","","","","","","","","","","","","","","","",""
"54405001","NANCY-OCHEY",48.581,5.959833,336,1982040218,"","","","",4.,1,280,1,"","","","","","","","","","","","","","","","","","","","","","","","","","","","",8.,1,6.2,1,"","","","","","","","","","","","","","","","","","","","","","","","","","",90,1,"","","","","","","","","","","","",9.6,1,1018.7,1,"","","","","","",8,1,8,1,5,1,"","","","","","","","","","","","","","","","","","","","","","","","","","","","",5000,1,"","",60,1,6,1,"","","","","","","","","","","","","","","","","","","","","","","","","","","","","","","","","","","","","","","","","","","","","","","","","","","","","","","","","","","","","","","","","",""
"54405001","NANCY-OCHEY",48.581,5.959833,336,1982040221,"","","","",4.,1,260,1,"","","","","","","","","","","","","","","","","","","","","","","","","","","","",7.,1,6.,1,"","","","","","","","","","","","","","","","","","","","","","","","","","",95,1,"","","","","","","","","","","","",9.5,1,1020.4,1,"","","","","","","","","","","","","","","","","","","","","","","","","","","","","","","","","","","","","","","","","","","","","","","","","","","","","","","","","","","","","","","","","","","","","","","","","","","","","","","","","","","","","","","","","","","","","","","","","","","","","","","","","","","","","","","","","",""
"54405001","NANCY-OCHEY",48.581,5.959833,336,1982040300,"","","","",4.,1,240,1,"","","","","","","","","","","","","","","","","","","","","","","","","","","","",6.7,1,5.4,1,"","","","","","","","","","","","","","","","","","","","","","","","","","",93,1,"","","","","","","","","","","","",9.1,1,1021.1,1,"","","","","","","","","","","","","","","","","","","","","","","","","","","","","","","","","","","","","","","","","","","","","","","","","","","","","","","","","","","","","","","","","","","","","","","","","","","","","","","","","","","","","","","","","","","","","","","","","","","","","","","","","","","","","","","","","",""
"54405001","NANCY-OCHEY",48.581,5.959833,336,1982040303,"","","","",3.,1,240,1,"","","","","","","","","","","","","","","","","","","","","","","","","","","","",4.3,1,3.3,1,"","","","","","","","","","","","","","","","","","","","","","","","","","",95,1,"","","","","","","","","","","","",7.8,1,1021.7,1,"","","","","","","","","","","","","","","","","","","","","","","","","","","","","","","","","","","","","","","","","","","","","","","","","","","","","","","","","","","","","","","","","","","","","","","","","","","","","","","","","","","","","","","","","","","","","","","","","","","","","","","","","","","","","","","","","",""
"54405001","NANCY-OCHEY",48.581,5.959833,336,1982040306,"","","","",2.,1,220,1,"","","","","","","","","","","","","","","","","","","","","","","","","","","","",3.5,1,2.5,1,"","","","","","","","","","","","","","","","","","","","","","","","","","",94,1,"","","","","","","","","","","","",7.4,1,1022.,1,"","","","","","",3,1,0,1,5,1,0,1,0,1,"","","","","","","","","","","","","","","","","","","","","","","","",2500,1,"","",10,1,0,1,"","",0,1,"","","","","","","","","","","","","","","","","","","","","","","","","","","","","","","","","","","","","","","","","","","","","","","","","","","","","","","","","","","","","",""
"54405001","NANCY-OCHEY",48.581,5.959833,336,1982040309,"","","","",2.,1,260,1,"","","","","","","","","","","","","","","","","","","","","","","","","","","","",7.8,1,5.1,1,"","","","","","","","","","","","","","","","","","","","","","","","","","",84,1,"","","","","","","","","","","","",8.9,1,1022.1,1,"","","","","","",7,1,7,1,5,1,"","","","","","","","","","","","","","","","","","","","","","","","","","","","",4500,1,"","",10,1,1,1,"","","","","","","","","","","","","","","","","","","","","","","","","","","","","","","","","","","","","","","","","","","","","","","","","","","","","","","","","","","","","","","","","",""
"54405001","NANCY-OCHEY",48.581,5.959833,336,1982040312,"","","","",2.,1,20,1,"","","","","","","","","","","","","","","","","","","","","","","","","","","","",12.,1,0.6,1,"","","","","","","","","","","","","","","","","","","","","","","","","","",45,1,"","","","","","","","","","","","",6.4,1,1020.7,1,"","","","","","",4,1,0,1,8,1,0,1,0,1,"","","","","","","","","","","","","","","","","","","","","","","","",13000,1,"","",1,1,1,1,"","","","","","","","","","","","","","","","","","","","","","","","","","","","","","","","","","","","","","","","","","","","","","","","","","","","","","","","","","","","","","","","","",""
"54405001","NANCY-OCHEY",48.581,5.959833,336,1982040315,"","","","",1.,1,100,1,"","","","","","","","","","","","","","","","","","","","","","","","","","","","",12.2,1,0.4,1,"","","","","","","","","","","","","","","","","","","","","","","","","","",45,1,"","","","","","","","","","","","",6.3,1,1019.7,1,"","","","","","","","","","","","","","","","","","","","","","","","","","","","","","","","","","","","","","","","","","","","","","","","","","","","","","","","","","","","","","","","","","","","","","","","","","","","","","","","","","","","","","","","","","","","","","","","","","","","","","","","","","","","","","","","","",""
"54405001","NANCY-OCHEY",48.581,5.959833,336,1982040318,"","","","",2.,1,120,1,"","","","","","","","","","","","","","","","","","","","","","","","","","","","",11.2,1,2.,1,"","","","","","","","","","","","","","","","","","","","","","","","","","",54,1,"","","","","","","","","","","","",7.1,1,1019.2,1,"","","","","","","","","","","","","","","","","","","","","","","","","","","","","","","","","","","","","","","","","","","","","","","","","","","","","","","","","","","","","","","","","","","","","","","","","","","","","","","","","","","","","","","","","","","","","","","","","","","","","","","","","","","","","","","","","",""
"54405001","NANCY-OCHEY",48.581,5.959833,336,1982040321,"","","","",3.,1,120,1,"","","","","","","","","","","","","","","","","","","","","","","","","","","","",8.2,1,2.,1,"","","","","","","","","","","","","","","","","","","","","","","","","","",66,1,"","","","","","","","","","","","",7.1,1,1019.7,1,"","","","","","","","","","","","","","","","","","","","","","","","","","","","","","","","","","","","","","","","","","","","","","","","","","","","","","","","","","","","","","","","","","","","","","","","","","","","","","","","","","","","","","","","","","","","","","","","","","","","","","","","","","","","","","","","","",""
"54405001","NANCY-OCHEY",48.581,5.959833,336,1982040400,"","","","",1.,1,120,1,"","","","","","","","","","","","","","","","","","","","","","","","","","","","",6.7,1,2.,1,"","","","","","","","","","","","","","","","","","","","","","","","","","",73,1,"","","","","","","","","","","","",7.1,1,1019.8,1,"","","","","","","","","","","","","","","","","","","","","","","","","","","","","","","","","","","","","","","","","","","","","","","","","","","","","","","","","","","","","","","","","","","","","","","","","","","","","","","","","","","","","","","","","","","","","","","","","","","","","","","","","","","","","","","","","",""
"54405001","NANCY-OCHEY",48.581,5.959833,336,1982040403,"","","","",3.,1,80,1,"","","","","","","","","","","","","","","","","","","","","","","","","","","","",5.5,1,2.,1,"","","","","","","","","","","","","","","","","","","","","","","","","","",79,1,"","","","","","","","","","","","",7.1,1,1019.4,1,"","","","","","","","","","","","","","","","","","","","","","","","","","","","","","","","","","","","","","","","","","","","","","","","","","","","","","","","","","","","","","","","","","","","","","","","","","","","","","","","","","","","","","","","","","","","","","","","","","","","","","","","","","","","","","","","","",""
"54405001","NANCY-OCHEY",48.581,5.959833,336,1982040406,"","","","",3.,1,100,1,"","","","","","","","","","","","","","","","","","","","","","","","","","","","",3.3,1,0.8,1,"","","","","","","","","","","","","","","","","","","","","","","","","","",84,1,"","","","","","","","","","","","",6.5,1,1019.4,1,"","","","","","",2,1,0,1,0,1,0,1,1,1,"","","","","","","","","","","","","","","","","","","","","","","","",6000,1,"","",0,1,0,1,"","",0,1,"","","","","","","","","","","","","","","","","","","","","","","","","","","","","","","","","","","","","","","","","","","","","","","","","","","","","","","","","","","","","",""
"54405001","NANCY-OCHEY",48.581,5.959833,336,1982040409,"","","","",5.,1,120,1,"","","","","","","","","","","","","","","","","","","","","","","","","","","","",10.5,1,2.,1,"","","","","","","","","","","","","","","","","","","","","","","","","","",56,1,"","","","","","","","","","","","",7.1,1,1018.3,1,"","","","","","",1,1,0,1,0,1,0,1,1,1,"","","","","","","","","","","","","","","","","","","","","","","","",9000,1,"","",2,1,0,1,"","","","","","","","","","","","","","","","","","","","","","","","","","","","","","","","","","","","","","","","","","","","","","","","","","","","","","","","","","","","","","","","","",""
"54405001","NANCY-OCHEY",48.581,5.959833,336,1982040412,"","","","",3.,1,120,1,"","","","","","","","","","","","","","","","","","","","","","","","","","","","",15.8,1,2.2,1,"","","","","","","","","","","","","","","","","","","","","","","","","","",40,1,"","","","","","","","","","","","",7.2,1,1016.6,1,"","","","","","",1,1,0,1,0,1,0,1,1,1,"","","","","","","","","","","","","","","","","","","","","","","","",15000,1,"","",2,1,0,1,"","","","","","","","","","","","","","","","","","","","","","","","","","","","","","","","","","","","","","","","","","","","","","","","","","","","","","","","","","","","","","","","","",""
"54405001","NANCY-OCHEY",48.581,5.959833,336,1982040415,"","","","",6.,1,80,1,"","","","","","","","","","","","","","","","","","","","","","","","","","","","",17.2,1,1.4,1,"","","","","","","","","","","","","","","","","","","","","","","","","","",35,1,"","","","","","","","","","","","",6.8,1,1015.2,1,"","","","","","","","","","","","","","","","","","","","","","","","","","","","","","","","","","","","","","","","","","","","","","","","","","","","","","","","","","","","","","","","","","","","","","","","","","","","","","","","","","","","","","","","","","","","","","","","","","","","","","","","","","","","","","","","","",""
"54405001","NANCY-OCHEY",48.581,5.959833,336,1982040418,"","","","",4.,1,80,1,"","","","","","","","","","","","","","","","","","","","","","","","","","","","",15.,1,0.6,1,"","","","","","","","","","","","","","","","","","","","","","","","","","",38,1,"","","","","","","","","","","","",6.4,1,1014.5,1,"","","","","","","","","","","","","","","","","","","","","","","","","","","","","","","","","","","","","","","","","","","","","","","","","","","","","","","","","","","","","","","","","","","","","","","","","","","","","","","","","","","","","","","","","","","","","","","","","","","","","","","","","","","","","","","","","",""
"54405001","NANCY-OCHEY",48.581,5.959833,336,1982040421,"","","","",4.,1,100,1,"","","","","","","","","","","","","","","","","","","","","","","","","","","","",11.1,1,1.4,1,"","","","","","","","","","","","","","","","","","","","","","","","","","",52,1,"","","","","","","","","","","","",6.8,1,1015.5,1,"","","","","","","","","","","","","","","","","","","","","","","","","","","","","","","","","","","","","","","","","","","","","","","","","","","","","","","","","","","","","","","","","","","","","","","","","","","","","","","","","","","","","","","","","","","","","","","","","","","","","","","","","","","","","","","","","",""
"54405001","NANCY-OCHEY",48.581,5.959833,336,1982040500,"","","","",3.,1,120,1,"","","","","","","","","","","","","","","","","","","","","","","","","","","","",9.3,1,0.6,1,"","","","","","","","","","","","","","","","","","","","","","","","","","",55,1,"","","","","","","","","","","","",6.4,1,1016.1,1,"","","","","","","","","","","","","","","","","","","","","","","","","","","","","","","","","","","","","","","","","","","","","","","","","","","","","","","","","","","","","","","","","","","","","","","","","","","","","","","","","","","","","","","","","","","","","","","","","","","","","","","","","","","","","","","","","",""
"54405001","NANCY-OCHEY",48.581,5.959833,336,1982040503,"","","","",3.,1,160,1,"","","","","","","","","","","","","","","","","","","","","","","","","","","","",5.6,1,0.8,1,"","","","","","","","","","","","","","","","","","","","","","","","","","",72,1,"","","","","","","","","","","","",6.5,1,1016.9,1,"","","","","","","","","","","","","","","","","","","","","","","","","","","","","","","","","","","","","","","","","","","","","","","","","","","","","","","","","","","","","","","","","","","","","","","","","","","","","","","","","","","","","","","","","","","","","","","","","","","","","","","","","","","","","","","","","",""
"54405001","NANCY-OCHEY",48.581,5.959833,336,1982040506,"","","","",3.,1,160,1,"","","","","","","","","","","","","","","","","","","","","","","","","","","","",7.,1,2.4,1,"","","","","","","","","","","","","","","","","","","","","","","","","","",73,1,"","","","","","","","","","","","",7.3,1,1016.8,1,"","","","","","",3,1,0,1,0,1,0,1,1,1,"","","","","","","","","","","","","","","","","","","","","","","","",12000,1,"","",3,1,0,1,"","",0,1,"","","","","","","","","","","","","","","","","","","","","","","","","","","","","","","","","","","","","","","","","","","","","","","","","","","","","","","","","","","","","",""
"54405001","NANCY-OCHEY",48.581,5.959833,336,1982040509,"","","","",4.,1,140,1,"","","","","","","","","","","","","","","","","","","","","","","","","","","","",14.2,1,4.5,1,"","","","","","","","","","","","","","","","","","","","","","","","","","",53,1,"","","","","","","","","","","","",8.5,1,1015.9,1,"","","","","","",4,1,0,1,0,1,0,1,1,1,"","","","","","","","","","","","","","","","","","","","","","","","",15000,1,"","",3,1,0,1,"","","","","","","","","","","","","","","","","","","","","","","","","","","","","","","","","","","","","","","","","","","","","","","","","","","","","","","","","","","","","","","","","",""
"54405001","NANCY-OCHEY",48.581,5.959833,336,1982040512,"","","","",4.,1,180,1,"","","","","","","","","","","","","","","","","","","","","","","","","","","","",18.5,1,5.7,1,"","","","","","","","","","","","","","","","","","","","","","","","","","",43,1,"","","","","","","","","","","","",9.3,1,1013.9,1,"","","","","","",6,1,6,1,0,1,0,1,4,1,"","","","","","","","","","","","","","","","","","","","","","","","",20000,1,"","",3,1,2,1,"","","","","","","","","","","","","","","","","","","","","","","","","","","","","","","","","","","","","","","","","","","","","","","","","","","","","","","","","","","","","","","","","",""
"54405001","NANCY-OCHEY",48.581,5.959833,336,1982040515,"","","","",6.,1,180,1,"","","","","","","","","","","","","","","","","","","","","","","","","","","","",20.2,1,5.6,1,"","","","","","","","","","","","","","","","","","","","","","","","","","",38,1,"","","","","","","","","","","","",9.2,1,1012.3,1,"","","","","","",6,1,5,1,0,1,3,1,1,1,"","","","","","","","","","","","","","","","","","","","","","","","",20000,1,"","",3,1,2,1,"","","","","","","","","","","","","","","","","","","","","","","","","","","","","","","","","","","","","","","","","","","","","","","","","","","","","","","","","","","","","","","","","",""
"54405001","NANCY-OCHEY",48.581,5.959833,336,1982040518,"","","","",4.,1,200,1,"","","","","","","","","","","","","","","","","","","","","","","","","","","","",17.,1,2.5,1,"","","","","","","","","","","","","","","","","","","","","","","","","","",38,1,"","","","","","","","","","","","",7.4,1,1013.,1,"","","","","","",6,1,5,1,0,1,7,1,1,1,"","","","","","","","","","","","","","","","","","","","","","","","",20000,1,"","",3,1,2,1,"","","","","","","","","","","","","","","","","","","","","","","","","","","","","","","","","","","","","","","","","","","","","","","","","","","","","","","","","","","","","","","","","",""
"54405001","NANCY-OCHEY",48.581,5.959833,336,1982040521,"","","","",4.,1,220,1,"","","","","","","","","","","","","","","","","","","","","","","","","","","","",14.2,1,3.6,1,"","","","","","","","","","","","","","","","","","","","","","","","","","",50,1,"","","","","","","","","","","","",8.,1,1014.1,1,"","","","","","","","","","","","","","","","","","","","","","","","","","","","","","","","","","","","","","","","","","","","","","","","","","","","","","","","","","","","","","","","","","","","","","","","","","","","","","","","","","","","","","","","","","","","","","","","","","","","","","","","","","","","","","","","","",""
"54405001","NANCY-OCHEY",48.581,5.959833,336,1982040600,"","","","",6.,1,200,1,"","","","","","","","","","","","","","","","","","","","","","","","","","","","",13.8,1,4.6,1,"","","","","","","","","","","","","","","","","","","","","","","","","","",55,1,"","","","","","","","","","","","",8.6,1,1014.5,1,"","","","","","","","","","","","","","","","","","","","","","","","","","","","","","","","","","","","","","","","","","","","","","","","","","","","","","","","","","","","","","","","","","","","","","","","","","","","","","","","","","","","","","","","","","","","","","","","","","","","","","","","","","","","","","","","","",""
"54405001","NANCY-OCHEY",48.581,5.959833,336,1982040603,"","","","",4.,1,200,1,"","","","","","","","","","","","","","","","","","","","","","","","","","","","",12.4,1,4.3,1,"","","","","","","","","","","","","","","","","","","","","","","","","","",59,1,"","","","","","","","","","","","",8.4,1,1014.7,1,"","","","","","","","","","","","","","","","","","","","","","","","","","","","","","","","","","","","","","","","","","","","","","","","","","","","","","","","","","","","","","","","","","","","","","","","","","","","","","","","","","","","","","","","","","","","","","","","","","","","","","","","","","","","","","","","","",""
"54405001","NANCY-OCHEY",48.581,5.959833,336,1982040606,"","","","",6.,1,220,1,"","","","","","","","","","","","","","","","","","","","","","","","","","","","",11.5,1,3.4,1,"","","","","","","","","","","","","","","","","","","","","","","","","","",58,1,"","","","","","","","","","","","",7.9,1,1015.8,1,"","","","","","",6,1,5,1,0,1,3,1,1,1,"","","","","","","","","","","","","","","","","","","","","","","","",15000,1,"","",3,1,2,1,"","",0,1,"","","","","","","","","","","","","","","","","","","","","","","","","","","","","","","","","","","","","","","","","","","","","","","","","","","","","","","","","","","","","",""
"54405001","NANCY-OCHEY",48.581,5.959833,336,1982040609,"","","","",9.,1,240,1,"","","","","","","","","","","","","","","","","","","","","","","","","","","","",15.7,1,3.3,1,"","","","","","","","","","","","","","","","","","","","","","","","","","",44,1,"","","","","","","","","","","","",7.8,1,1017.3,1,"","","","","","",6,1,5,1,0,1,7,1,1,1,"","","","","","","","","","","","","","","","","","","","","","","","",18000,1,"","",1,1,2,1,"","","","","","","","","","","","","","","","","","","","","","","","","","","","","","","","","","","","","","","","","","","","","","","","","","","","","","","","","","","","","","","","","",""
"54405001","NANCY-OCHEY",48.581,5.959833,336,1982040612,"","","","",12.,1,260,1,"","","","","","","","","","","","","","","","","","","","","","","","","","","","",11.9,1,6.3,1,"","","","","","","","","","","","","","","","","","","","","","","","","","",70,1,"","","","","","","","","","","","",9.7,1,1019.7,1,"","","","","","",8,1,8,1,2,1,7,1,"","","","","","","","","","","","","","","","","","","","","","","","","","",8000,1,"","",60,1,6,1,"","","","","","","","","","","","","","","","","","","","","","","","","","","","","","","","","","","","","","","","","","","","","","","","","","","","","","","","","","","","","","","","","",""
"54405001","NANCY-OCHEY",48.581,5.959833,336,1982040615,"","","","",8.,1,240,1,"","","","","","","","","","","","","","","","","","","","","","","","","","","","",10.5,1,7.,1,"","","","","","","","","","","","","","","","","","","","","","","","","","",80,1,"","","","","","","","","","","","",10.2,1,1020.2,1,"","","","","","",6,1,6,1,8,1,1,1,0,1,"","","","","","","","","","","","","","","","","","","","","","","","",25000,1,"","",1,1,6,1,"","","","","","","","","","","","","","","","","","","","","","","","","","","","","","","","","","","","","","","","","","","","","","","","","","","","","","","","","","","","","","","","","",""
"54405001","NANCY-OCHEY",48.581,5.959833,336,1982040618,"","","","",5.,1,220,1,"","","","","","","","","","","","","","","","","","","","","","","","","","","","",10.7,1,5.4,1,"","","","","","","","","","","","","","","","","","","","","","","","","","",71,1,"","","","","","","","","","","","",9.1,1,1020.5,1,"","","","","","",6,1,6,1,8,1,0,1,0,1,"","","","","","","","","","","","","","","","","","","","","","","","",25000,1,"","",1,1,6,1,"","","","","","","","","","","","","","","","","","","","","","","","","","","","","","","","","","","","","","","","","","","","","","","","","","","","","","","","","","","","","","","","","",""
"54405001","NANCY-OCHEY",48.581,5.959833,336,1982040621,"","","","",5.,1,220,1,"","","","","","","","","","","","","","","","","","","","","","","","","","","","",9.4,1,6.6,1,"","","","","","","","","","","","","","","","","","","","","","","","","","",84,1,"","","","","","","","","","","","",9.9,1,1021.4,1,"","","","","","","","","","","","","","","","","","","","","","","","","","","","","","","","","","","","","","","","","","","","","","","","","","","","","","","","","","","","","","","","","","","","","","","","","","","","","","","","","","","","","","","","","","","","","","","","","","","","","","","","","","","","","","","","","",""
"54405001","NANCY-OCHEY",48.581,5.959833,336,1982040700,"","","","",6.,1,220,1,"","","","","","","","","","","","","","","","","","","","","","","","","","","","",9.3,1,6.,1,"","","","","","","","","","","","","","","","","","","","","","","","","","",82,1,"","","","","","","","","","","","",9.5,1,1021.2,1,"","","","","","","","","","","","","","","","","","","","","","","","","","","","","","","","","","","","","","","","","","","","","","","","","","","","","","","","","","","","","","","","","","","","","","","","","","","","","","","","","","","","","","","","","","","","","","","","","","","","","","","","","","","","","","","","","",""
"54405001","NANCY-OCHEY",48.581,5.959833,336,1982040703,"","","","",5.,1,220,1,"","","","","","","","","","","","","","","","","","","","","","","","","","","","",8.5,1,5.6,1,"","","","","","","","","","","","","","","","","","","","","","","","","","",83,1,"","","","","","","","","","","","",9.2,1,1021.,1,"","","","","","","","","","","","","","","","","","","","","","","","","","","","","","","","","","","","","","","","","","","","","","","","","","","","","","","","","","","","","","","","","","","","","","","","","","","","","","","","","","","","","","","","","","","","","","","","","","","","","","","","","","","","","","","","","",""
"54405001","NANCY-OCHEY",48.581,5.959833,336,1982040706,"","","","",8.,1,220,1,"","","","","","","","","","","","","","","","","","","","","","","","","","","","",8.,1,6.,1,"","","","","","","","","","","","","","","","","","","","","","","","","","",88,1,"","","","","","","","","","","","",9.5,1,1020.8,1,"","","","","","",7,1,5,1,8,1,7,1,"","","","","","","","","","","","","","","","","","","","","","","","","","",18000,1,"","",60,1,6,1,"","",0,1,"","","","","","","","","","","","","","","","","","","","","","","","","","","","","","","","","","","","","","","","","","","","","","","","","","","","","","","","","","","","","",""
"54405001","NANCY-OCHEY",48.581,5.959833,336,1982040709,"","","","",9.,1,240,1,"","","","","","","","","","","","","","","","","","","","","","","","","","","","",9.3,1,7.,1,"","","","","","","","","","","","","","","","","","","","","","","","","","",87,1,"","","","","","","","","","","","",10.2,1,1020.8,1,"","","","","","",8,1,7,1,2,1,"","","","","","","","","","","","","","","","","","","","","","","","","","","","",25000,1,"","",1,1,6,1,"","","","","","","","","","","","","","","","","","","","","","","","","","","","","","","","","","","","","","","","","","","","","","","","","","","","","","","","","","","","","","","","","",""
"54405001","NANCY-OCHEY",48.581,5.959833,336,1982040712,"","","","",9.,1,240,1,"","","","","","","","","","","","","","","","","","","","","","","","","","","","",13.,1,5.7,1,"","","","","","","","","","","","","","","","","","","","","","","","","","",62,1,"","","","","","","","","","","","",9.3,1,1019.4,1,"","","","","","",7,1,6,1,4,1,"","","","","","","","","","","","","","","","","","","","","","","","","","","","",25000,1,"","",1,1,6,1,"","","","","","","","","","","","","","","","","","","","","","","","","","","","","","","","","","","","","","","","","","","","","","","","","","","","","","","","","","","","","","","","","",""
"54405001","NANCY-OCHEY",48.581,5.959833,336,1982040715,"","","","",10.,1,240,1,"","","","","","","","","","","","","","","","","","","","","","","","","","","","",13.,1,4.9,1,"","","","","","","","","","","","","","","","","","","","","","","","","","",59,1,"","","","","","","","","","","","",8.8,1,1018.,1,"","","","","","",7,1,6,1,4,1,"","","","","","","","","","","","","","","","","","","","","","","","","","","","",25000,1,"","",1,1,2,1,"","","","","","","","","","","","","","","","","","","","","","","","","","","","","","","","","","","","","","","","","","","","","","","","","","","","","","","","","","","","","","","","","",""
"54405001","NANCY-OCHEY",48.581,5.959833,336,1982040718,"","","","",10.,1,240,1,"","","","","","","","","","","","","","","","","","","","","","","","","","","","",12.,1,4.5,1,"","","","","","","","","","","","","","","","","","","","","","","","","","",61,1,"","","","","","","","","","","","",8.5,1,1017.1,1,"","","","","","",7,1,7,1,5,1,7,1,"","","","","","","","","","","","","","","","","","","","","","","","","","",25000,1,"","",1,1,2,1,"","","","","","","","","","","","","","","","","","","","","","","","","","","","","","","","","","","","","","","","","","","","","","","","","","","","","","","","","","","","","","","","","",""
"54405001","NANCY-OCHEY",48.581,5.959833,336,1982040721,"","","","",9.,1,220,1,"","","","","","","","","","","","","","","","","","","","","","","","","","","","",11.5,1,3.8,1,"","","","","","","","","","","","","","","","","","","","","","","","","","",60,1,"","","","","","","","","","","","",8.1,1,1015.3,1,"","","","","","","","","","","","","","","","","","","","","","","","","","","","","","","","","","","","","","","","","","","","","","","","","","","","","","","","","","","","","","","","","","","","","","","","","","","","","","","","","","","","","","","","","","","","","","","","","","","","","","","","","","","","","","","","","",""
"54405001","NANCY-OCHEY",48.581,5.959833,336,1982040800,"","","","",10.,1,220,1,"","","","","","","","","","","","","","","","","","","","","","","","","","","","",11.7,1,5.1,1,"","","","","","","","","","","","","","","","","","","","","","","","","","",65,1,"","","","","","","","","","","","",8.9,1,1013.1,1,"","","","","","","","","","","","","","","","","","","","","","","","","","","","","","","","","","","","","","","","","","","","","","","","","","","","","","","","","","","","","","","","","","","","","","","","","","","","","","","","","","","","","","","","","","","","","","","","","","","","","","","","","","","","","","","","","",""
"54405001","NANCY-OCHEY",48.581,5.959833,336,1982040803,"","","","",12.,1,240,1,"","","","","","","","","","","","","","","","","","","","","","","","","","","","",10.7,1,4.1,1,"","","","","","","","","","","","","","","","","","","","","","","","","","",65,1,"","","","","","","","","","","","",8.3,1,1010.6,1,"","","","","","","","","","","","","","","","","","","","","","","","","","","","","","","","","","","","","","","","","","","","","","","","","","","","","","","","","","","","","","","","","","","","","","","","","","","","","","","","","","","","","","","","","","","","","","","","","","","","","","","","","","","","","","","","","",""
"54405001","NANCY-OCHEY",48.581,5.959833,336,1982040806,"","","","",13.,1,240,1,"","","","","","","","","","","","","","","","","","","","","","","","","","","","",9.7,1,6.6,1,"","","","","","","","","","","","","","","","","","","","","","","","","","",82,1,"","","","","","","","","","","","",9.9,1,1009.6,1,"","","","","","",8,1,8,1,5,1,7,1,"","","","","","","","","","","","","","","","","","","","","","","","","","",12000,1,"","",60,1,6,1,"","",0,1,"","","","","","","","","","","","","","","","","","","","","","","","","","","","","","","","","","","","","","","","","","","","","","","","","","","","","","","","","","","","","",""
"54405001","NANCY-OCHEY",48.581,5.959833,336,1982040809,"","","","",10.,1,240,1,"","","","","","","","","","","","","","","","","","","","","","","","","","","","",8.8,1,7.6,1,"","","","","","","","","","","","","","","","","","","","","","","","","","",94,1,"","","","","","","","","","","","",10.6,1,1009.8,1,"","","","","","",8,1,8,1,5,1,"","","","","","","","","","","","","","","","","","","","","","","","","","","","",5000,1,"","",61,1,6,1,"","","","","","","","","","","","","","","","","","","","","","","","","","","","","","","","","","","","","","","","","","","","","","","","","","","","","","","","","","","","","","","","","",""
"54405001","NANCY-OCHEY",48.581,5.959833,336,1982040812,"","","","",11.,1,260,1,"","","","","","","","","","","","","","","","","","","","","","","","","","","","",9.8,1,7.8,1,"","","","","","","","","","","","","","","","","","","","","","","","","","",89,1,"","","","","","","","","","","","",10.8,1,1009.,1,"","","","","","",7,1,7,1,8,1,"","","","","","","","","","","","","","","","","","","","","","","","","","","","",20000,1,"","",21,1,6,1,"","","","","","","","","","","","","","","","","","","","","","","","","","","","","","","","","","","","","","","","","","","","","","","","","","","","","","","","","","","","","","","","","",""
"54405001","NANCY-OCHEY",48.581,5.959833,336,1982040815,"","","","",13.,1,280,1,"","","","","","","","","","","","","","","","","","","","","","","","","","","","",11.2,1,7.4,1,"","","","","","","","","","","","","","","","","","","","","","","","","","",79,1,"","","","","","","","","","","","",10.5,1,1008.2,1,"","","","","","",7,1,5,1,8,1,"","","","","","","","","","","","","","","","","","","","","","","","","","","","",15000,1,"","",25,1,8,1,"","","","","","","","","","","","","","","","","","","","","","","","","","","","","","","","","","","","","","","","","","","","","","","","","","","","","","","","","","","","","","","","","",""
"54405001","NANCY-OCHEY",48.581,5.959833,336,1982040818,"","","","",7.,1,320,1,"","","","","","","","","","","","","","","","","","","","","","","","","","","","",4.9,1,2.9,1,"","","","","","","","","","","","","","","","","","","","","","","","","","",88,1,"","","","","","","","","","","","",7.6,1,1014.5,1,"","","","","","",7,1,7,1,8,1,"","","","","","","","","","","","","","","","","","","","","","","","","","","","",16000,1,"","",1,1,8,1,"","","","","","","","","","","","","","","","","","","","","","","","","","","","","","","","","","","","","","","","","","","","","","","","","","","","","","","","","","","","","","","","","",""
"54405001","NANCY-OCHEY",48.581,5.959833,336,1982040821,"","","","",6.,1,320,1,"","","","","","","","","","","","","","","","","","","","","","","","","","","","",3.3,1,0.6,1,"","","","","","","","","","","","","","","","","","","","","","","","","","",83,1,"","","","","","","","","","","","",6.4,1,1019.,1,"","","","","","","","","","","","","","","","","","","","","","","","","","","","","","","","","","","","","","","","","","","","","","","","","","","","","","","","","","","","","","","","","","","","","","","","","","","","","","","","","","","","","","","","","","","","","","","","","","","","","","","","","","","","","","","","","",""
"54405001","NANCY-OCHEY",48.581,5.959833,336,1982040900,"","","","",2.,1,320,1,"","","","","","","","","","","","","","","","","","","","","","","","","","","","",0.9,1,-0.9,1,"","","","","","","","","","","","","","","","","","","","","","","","","","",88,1,"","","","","","","","","","","","",5.7,1,1021.4,1,"","","","","","","","","","","","","","","","","","","","","","","","","","","","","","","","","","","","","","","","","","","","","","","","","","","","","","","","","","","","","","","","","","","","","","","","","","","","","","","","","","","","","","","","","","","","","","","","","","","","","","","","","","","","","","","","","",""
"54405001","NANCY-OCHEY",48.581,5.959833,336,1982040903,"","","","",1.,1,300,1,"","","","","","","","","","","","","","","","","","","","","","","","","","","","",-1.7,1,-2.9,1,"","","","","","","","","","","","","","","","","","","","","","","","","","",92,1,"","","","","","","","","","","","",4.9,1,1022.2,1,"","","","","","","","","","","","","","","","","","","","","","","","","","","","","","","","","","","","","","","","","","","","","","","","","","","","","","","","","","","","","","","","","","","","","","","","","","","","","","","","","","","","","","","","","","","","","","","","","","","","","","","","","","","","","","","","","",""
"54405001","NANCY-OCHEY",48.581,5.959833,336,1982040906,"","","","",1.,1,280,1,"","","","","","","","","","","","","","","","","","","","","","","","","","","","",-1.7,1,-2.9,1,"","","","","","","","","","","","","","","","","","","","","","","","","","",91,1,"","","","","","","","","","","","",4.9,1,1022.9,1,"","","","","","",3,1,0,1,0,1,0,1,1,1,"","","","","","","","","","","","","","","","","","","","","","","","",20000,1,"","",3,1,0,1,"","",0,1,"","","","","","","","","","","","","","","","","","","","","","","","","","","","","","","","","","","","","","","","","","","","","","","","","","","","","","","","","","","","","",""
"54405001","NANCY-OCHEY",48.581,5.959833,336,1982040909,"","","","",3.,1,360,1,"","","","","","","","","","","","","","","","","","","","","","","","","","","","",2.8,1,-2.9,1,"","","","","","","","","","","","","","","","","","","","","","","","","","",66,1,"","","","","","","","","","","","",4.9,1,1022.7,1,"","","","","","",4,1,0,1,2,1,0,1,0,1,"","","","","","","","","","","","","","","","","","","","","","","","",20000,1,"","",3,1,0,1,"","","","","","","","","","","","","","","","","","","","","","","","","","","","","","","","","","","","","","","","","","","","","","","","","","","","","","","","","","","","","","","","","",""
"54405001","NANCY-OCHEY",48.581,5.959833,336,1982040912,"","","","",4.,1,340,1,"","","","","","","","","","","","","","","","","","","","","","","","","","","","",5.6,1,-4.9,1,"","","","","","","","","","","","","","","","","","","","","","","","","","",47,1,"","","","","","","","","","","","",4.2,1,1020.9,1,"","","","","","",5,1,5,1,2,1,0,1,0,1,"","","","","","","","","","","","","","","","","","","","","","","","",25000,1,"","",1,1,2,1,"","","","","","","","","","","","","","","","","","","","","","","","","","","","","","","","","","","","","","","","","","","","","","","","","","","","","","","","","","","","","","","","","",""
"54405001","NANCY-OCHEY",48.581,5.959833,336,1982040915,"","","","",6.,1,320,1,"","","","","","","","","","","","","","","","","","","","","","","","","","","","",6.,1,-3.7,1,"","","","","","","","","","","","","","","","","","","","","","","","","","",49,1,"","","","","","","","","","","","",4.6,1,1020.,1,"","","","","","",7,1,6,1,4,1,"","","","","","","","","","","","","","","","","","","","","","","","","","","","",25000,1,"","",1,1,2,1,"","","","","","","","","","","","","","","","","","","","","","","","","","","","","","","","","","","","","","","","","","","","","","","","","","","","","","","","","","","","","","","","","",""
"54405001","NANCY-OCHEY",48.581,5.959833,336,1982040918,"","","","",3.,1,280,1,"","","","","","","","","","","","","","","","","","","","","","","","","","","","",4.1,1,-2.9,1,"","","","","","","","","","","","","","","","","","","","","","","","","","",60,1,"","","","","","","","","","","","",4.9,1,1019.9,1,"","","","","","",3,1,0,1,4,1,0,1,1,1,"","","","","","","","","","","","","","","","","","","","","","","","",15000,1,"","",1,1,2,1,"","","","","","","","","","","","","","","","","","","","","","","","","","","","","","","","","","","","","","","","","","","","","","","","","","","","","","","","","","","","","","","","","",""
"54405001","NANCY-OCHEY",48.581,5.959833,336,1982040921,"","","","",3.,1,220,1,"","","","","","","","","","","","","","","","","","","","","","","","","","","","",1.,1,-4.,1,"","","","","","","","","","","","","","","","","","","","","","","","","","",70,1,"","","","","","","","","","","","",4.5,1,1020.2,1,"","","","","","","","","","","","","","","","","","","","","","","","","","","","","","","","","","","","","","","","","","","","","","","","","","","","","","","","","","","","","","","","","","","","","","","","","","","","","","","","","","","","","","","","","","","","","","","","","","","","","","","","","","","","","","","","","",""
"54405001","NANCY-OCHEY",48.581,5.959833,336,1982041000,"","","","",3.,1,220,1,"","","","","","","","","","","","","","","","","","","","","","","","","","","","",1.2,1,-2.9,1,"","","","","","","","","","","","","","","","","","","","","","","","","","",74,1,"","","","","","","","","","","","",4.9,1,1019.6,1,"","","","","","","","","","","","","","","","","","","","","","","","","","","","","","","","","","","","","","","","","","","","","","","","","","","","","","","","","","","","","","","","","","","","","","","","","","","","","","","","","","","","","","","","","","","","","","","","","","","","","","","","","","","","","","","","","",""
"54405001","NANCY-OCHEY",48.581,5.959833,336,1982041003,"","","","",3.,1,220,1,"","","","","","","","","","","","","","","","","","","","","","","","","","","","",1.2,1,-2.9,1,"","","","","","","","","","","","","","","","","","","","","","","","","","",74,1,"","","","","","","","","","","","",4.9,1,1017.8,1,"","","","","","","","","","","","","","","","","","","","","","","","","","","","","","","","","","","","","","","","","","","","","","","","","","","","","","","","","","","","","","","","","","","","","","","","","","","","","","","","","","","","","","","","","","","","","","","","","","","","","","","","","","","","","","","","","",""
"54405001","NANCY-OCHEY",48.581,5.959833,336,1982041006,"","","","",7.,1,240,1,"","","","","","","","","","","","","","","","","","","","","","","","","","","","",2.6,1,-1.3,1,"","","","","","","","","","","","","","","","","","","","","","","","","","",75,1,"","","","","","","","","","","","",5.5,1,1017.2,1,"","","","","","",7,1,7,1,5,1,"","","","","","","","","","","","","","","","","","","","","","","","","","","","",13000,1,"","",3,1,2,1,"","",0,1,"","","","","","","","","","","","","","","","","","","","","","","","","","","","","","","","","","","","","","","","","","","","","","","","","","","","","","","","","","","","","",""
"54405001","NANCY-OCHEY",48.581,5.959833,336,1982041009,"","","","",8.,1,260,1,"","","","","","","","","","","","","","","","","","","","","","","","","","","","",4.6,1,1.,1,"","","","","","","","","","","","","","","","","","","","","","","","","","",78,1,"","","","","","","","","","","","",6.6,1,1017.,1,"","","","","","",8,1,8,1,5,1,"","","","","","","","","","","","","","","","","","","","","","","","","","","","",11000,1,"","",2,1,2,1,"","","","","","","","","","","","","","","","","","","","","","","","","","","","","","","","","","","","","","","","","","","","","","","","","","","","","","","","","","","","","","","","","",""
"54405001","NANCY-OCHEY",48.581,5.959833,336,1982041012,"","","","",10.,1,260,1,"","","","","","","","","","","","","","","","","","","","","","","","","","","","",8.,1,2.,1,"","","","","","","","","","","","","","","","","","","","","","","","","","",66,1,"","","","","","","","","","","","",7.1,1,1016.1,1,"","","","","","",7,1,6,1,8,1,"","","","","","","","","","","","","","","","","","","","","","","","","","","","",13000,1,"","",1,1,2,1,"","","","","","","","","","","","","","","","","","","","","","","","","","","","","","","","","","","","","","","","","","","","","","","","","","","","","","","","","","","","","","","","","",""
"54405001","NANCY-OCHEY",48.581,5.959833,336,1982041015,"","","","",8.,1,280,1,"","","","","","","","","","","","","","","","","","","","","","","","","","","","",8.3,1,0.4,1,"","","","","","","","","","","","","","","","","","","","","","","","","","",58,1,"","","","","","","","","","","","",6.3,1,1015.8,1,"","","","","","","","","","","","","","","","","","","","","","","","","","","","","","","","","","","","","","","","","","","","","","","","","","","","","","","","","","","","","","","","","","","","","","","","","","","","","","","","","","","","","","","","","","","","","","","","","","","","","","","","","","","","","","","","","",""
"54405001","NANCY-OCHEY",48.581,5.959833,336,1982041018,"","","","",5.,1,320,1,"","","","","","","","","","","","","","","","","","","","","","","","","","","","",5.3,1,3.3,1,"","","","","","","","","","","","","","","","","","","","","","","","","","",88,1,"","","","","","","","","","","","",7.8,1,1016.4,1,"","","","","","","","","","","","","","","","","","","","","","","","","","","","","","","","","","","","","","","","","","","","","","","","","","","","","","","","","","","","","","","","","","","","","","","","","","","","","","","","","","","","","","","","","","","","","","","","","","","","","","","","","","","","","","","","","",""
"54405001","NANCY-OCHEY",48.581,5.959833,336,1982041021,"","","","",1.,1,260,1,"","","","","","","","","","","","","","","","","","","","","","","","","","","","",4.3,1,2.7,1,"","","","","","","","","","","","","","","","","","","","","","","","","","",91,1,"","","","","","","","","","","","",7.5,1,1017.2,1,"","","","","","","","","","","","","","","","","","","","","","","","","","","","","","","","","","","","","","","","","","","","","","","","","","","","","","","","","","","","","","","","","","","","","","","","","","","","","","","","","","","","","","","","","","","","","","","","","","","","","","","","","","","","","","","","","",""
"54405001","NANCY-OCHEY",48.581,5.959833,336,1982041100,"","","","",2.,1,280,1,"","","","","","","","","","","","","","","","","","","","","","","","","","","","",4.3,1,2.9,1,"","","","","","","","","","","","","","","","","","","","","","","","","","",92,1,"","","","","","","","","","","","",7.6,1,1017.2,1,"","","","","","","","","","","","","","","","","","","","","","","","","","","","","","","","","","","","","","","","","","","","","","","","","","","","","","","","","","","","","","","","","","","","","","","","","","","","","","","","","","","","","","","","","","","","","","","","","","","","","","","","","","","","","","","","","",""
"54405001","NANCY-OCHEY",48.581,5.959833,336,1982041103,"","","","",1.,1,260,1,"","","","","","","","","","","","","","","","","","","","","","","","","","","","",3.5,1,2.2,1,"","","","","","","","","","","","","","","","","","","","","","","","","","",93,1,"","","","","","","","","","","","",7.2,1,1017.1,1,"","","","","","","","","","","","","","","","","","","","","","","","","","","","","","","","","","","","","","","","","","","","","","","","","","","","","","","","","","","","","","","","","","","","","","","","","","","","","","","","","","","","","","","","","","","","","","","","","","","","","","","","","","","","","","","","","",""
"54405001","NANCY-OCHEY",48.581,5.959833,336,1982041106,"","","","",1.,1,180,1,"","","","","","","","","","","","","","","","","","","","","","","","","","","","",3.7,1,2.5,1,"","","","","","","","","","","","","","","","","","","","","","","","","","",93,1,"","","","","","","","","","","","",7.4,1,1016.5,1,"","","","","","",7,1,7,1,5,1,"","","","","","","","","","","","","","","","","","","","","","","","","","","","",5000,1,"","",1,1,2,1,"","",0,1,"","","","","","","","","","","","","","","","","","","","","","","","","","","","","","","","","","","","","","","","","","","","","","","","","","","","","","","","","","","","","",""
"54405001","NANCY-OCHEY",48.581,5.959833,336,1982041109,"","","","",6.,1,240,1,"","","","","","","","","","","","","","","","","","","","","","","","","","","","",6.7,1,3.6,1,"","","","","","","","","","","","","","","","","","","","","","","","","","",82,1,"","","","","","","","","","","","",8.,1,1015.9,1,"","","","","","",7,1,7,1,8,1,"","","","","","","","","","","","","","","","","","","","","","","","","","","","",11000,1,"","",3,1,2,1,"","","","","","","","","","","","","","","","","","","","","","","","","","","","","","","","","","","","","","","","","","","","","","","","","","","","","","","","","","","","","","","","","",""
"54405001","NANCY-OCHEY",48.581,5.959833,336,1982041112,"","","","",6.,1,280,1,"","","","","","","","","","","","","","","","","","","","","","","","","","","","",9.6,1,1.,1,"","","","","","","","","","","","","","","","","","","","","","","","","","",55,1,"","","","","","","","","","","","",6.6,1,1014.,1,"","","","","","",7,1,5,1,8,1,3,1,"","","","","","","","","","","","","","","","","","","","","","","","","","",15000,1,"","",3,1,2,1,"","","","","","","","","","","","","","","","","","","","","","","","","","","","","","","","","","","","","","","","","","","","","","","","","","","","","","","","","","","","","","","","","",""
"54405001","NANCY-OCHEY",48.581,5.959833,336,1982041115,"","","","",8.,1,300,1,"","","","","","","","","","","","","","","","","","","","","","","","","","","","",10.5,1,1.6,1,"","","","","","","","","","","","","","","","","","","","","","","","","","",55,1,"","","","","","","","","","","","",6.9,1,1013.2,1,"","","","","","","","","","","","","","","","","","","","","","","","","","","","","","","","","","","","","","","","","","","","","","","","","","","","","","","","","","","","","","","","","","","","","","","","","","","","","","","","","","","","","","","","","","","","","","","","","","","","","","","","","","","","","","","","","",""
"54405001","NANCY-OCHEY",48.581,5.959833,336,1982041118,"","","","",4.,1,340,1,"","","","","","","","","","","","","","","","","","","","","","","","","","","","",6.6,1,2.5,1,"","","","","","","","","","","","","","","","","","","","","","","","","","",76,1,"","","","","","","","","","","","",7.4,1,1014.4,1,"","","","","","","","","","","","","","","","","","","","","","","","","","","","","","","","","","","","","","","","","","","","","","","","","","","","","","","","","","","","","","","","","","","","","","","","","","","","","","","","","","","","","","","","","","","","","","","","","","","","","","","","","","","","","","","","","",""
"54405001","NANCY-OCHEY",48.581,5.959833,336,1982041121,"","","","",3.,1,340,1,"","","","","","","","","","","","","","","","","","","","","","","","","","","","",3.5,1,1.,1,"","","","","","","","","","","","","","","","","","","","","","","","","","",85,1,"","","","","","","","","","","","",6.6,1,1016.6,1,"","","","","","","","","","","","","","","","","","","","","","","","","","","","","","","","","","","","","","","","","","","","","","","","","","","","","","","","","","","","","","","","","","","","","","","","","","","","","","","","","","","","","","","","","","","","","","","","","","","","","","","","","","","","","","","","","",""
"54405001","NANCY-OCHEY",48.581,5.959833,336,1982041200,"","","","",3.,1,360,1,"","","","","","","","","","","","","","","","","","","","","","","","","","","","",2.2,1,-0.4,1,"","","","","","","","","","","","","","","","","","","","","","","","","","",83,1,"","","","","","","","","","","","",5.9,1,1017.5,1,"","","","","","","","","","","","","","","","","","","","","","","","","","","","","","","","","","","","","","","","","","","","","","","","","","","","","","","","","","","","","","","","","","","","","","","","","","","","","","","","","","","","","","","","","","","","","","","","","","","","","","","","","","","","","","","","","",""
"54405001","NANCY-OCHEY",48.581,5.959833,336,1982041203,"","","","",2.,1,300,1,"","","","","","","","","","","","","","","","","","","","","","","","","","","","",-0.6,1,-2.6,1,"","","","","","","","","","","","","","","","","","","","","","","","","","",87,1,"","","","","","","","","","","","",5.,1,1017.9,1,"","","","","","","","","","","","","","","","","","","","","","","","","","","","","","","","","","","","","","","","","","","","","","","","","","","","","","","","","","","","","","","","","","","","","","","","","","","","","","","","","","","","","","","","","","","","","","","","","","","","","","","","","","","","","","","","","",""
"54405001","NANCY-OCHEY",48.581,5.959833,336,1982041206,"","","","",0.,1,0,1,"","","","","","","","","","","","","","","","","","","","","","","","","","","","",-1.6,1,-2.9,1,"","","","","","","","","","","","","","","","","","","","","","","","","","",91,1,"","","","","","","","","","","","",4.9,1,1018.1,1,"","","","","","",5,1,0,1,5,1,3,1,1,1,"","","","","","","","","","","","","","","","","","","","","","","","",14000,1,"","",3,1,1,1,"","",0,1,"","","","","","","","","","","","","","","","","","","","","","","","","","","","","","","","","","","","","","","","","","","","","","","","","","","","","","","","","","","","","",""
"54405001","NANCY-OCHEY",48.581,5.959833,336,1982041209,"","","","",1.,1,40,1,"","","","","","","","","","","","","","","","","","","","","","","","","","","","",3.,1,-2.6,1,"","","","","","","","","","","","","","","","","","","","","","","","","","",67,1,"","","","","","","","","","","","",5.,1,1017.5,1,"","","","","","",6,1,5,1,2,1,3,1,4,1,"","","","","","","","","","","","","","","","","","","","","","","","",20000,1,"","",3,1,2,1,"","","","","","","","","","","","","","","","","","","","","","","","","","","","","","","","","","","","","","","","","","","","","","","","","","","","","","","","","","","","","","","","","",""
"54405001","NANCY-OCHEY",48.581,5.959833,336,1982041212,"","","","",5.,1,320,1,"","","","","","","","","","","","","","","","","","","","","","","","","","","","",5.,1,-3.7,1,"","","","","","","","","","","","","","","","","","","","","","","","","","",53,1,"","","","","","","","","","","","",4.6,1,1016.1,1,"","","","","","",6,1,5,1,8,1,0,1,2,1,"","","","","","","","","","","","","","","","","","","","","","","","",20000,1,"","",1,1,2,1,"","","","","","","","","","","","","","","","","","","","","","","","","","","","","","","","","","","","","","","","","","","","","","","","","","","","","","","","","","","","","","","","","",""
"54405001","NANCY-OCHEY",48.581,5.959833,336,1982041215,"","","","",7.,1,340,1,"","","","","","","","","","","","","","","","","","","","","","","","","","","","",6.2,1,2.5,1,"","","","","","","","","","","","","","","","","","","","","","","","","","",79,1,"","","","","","","","","","","","",7.4,1,1015.1,1,"","","","","","","","","","","","","","","","","","","","","","","","","","","","","","","","","","","","","","","","","","","","","","","","","","","","","","","","","","","","","","","","","","","","","","","","","","","","","","","","","","","","","","","","","","","","","","","","","","","","","","","","","","","","","","","","","",""
"54405001","NANCY-OCHEY",48.581,5.959833,336,1982041218,"","","","",5.,1,340,1,"","","","","","","","","","","","","","","","","","","","","","","","","","","","",4.1,1,2.2,1,"","","","","","","","","","","","","","","","","","","","","","","","","","",89,1,"","","","","","","","","","","","",7.2,1,1015.7,1,"","","","","","","","","","","","","","","","","","","","","","","","","","","","","","","","","","","","","","","","","","","","","","","","","","","","","","","","","","","","","","","","","","","","","","","","","","","","","","","","","","","","","","","","","","","","","","","","","","","","","","","","","","","","","","","","","",""
"54405001","NANCY-OCHEY",48.581,5.959833,336,1982041221,"","","","",0.,1,0,1,"","","","","","","","","","","","","","","","","","","","","","","","","","","","",0.9,1,-0.6,1,"","","","","","","","","","","","","","","","","","","","","","","","","","",90,1,"","","","","","","","","","","","",5.8,1,1016.4,1,"","","","","","","","","","","","","","","","","","","","","","","","","","","","","","","","","","","","","","","","","","","","","","","","","","","","","","","","","","","","","","","","","","","","","","","","","","","","","","","","","","","","","","","","","","","","","","","","","","","","","","","","","","","","","","","","","",""
"54405001","NANCY-OCHEY",48.581,5.959833,336,1982041300,"","","","",2.,1,360,1,"","","","","","","","","","","","","","","","","","","","","","","","","","","","",-1.3,1,-2.6,1,"","","","","","","","","","","","","","","","","","","","","","","","","","",91,1,"","","","","","","","","","","","",5.,1,1016.7,1,"","","","","","","","","","","","","","","","","","","","","","","","","","","","","","","","","","","","","","","","","","","","","","","","","","","","","","","","","","","","","","","","","","","","","","","","","","","","","","","","","","","","","","","","","","","","","","","","","","","","","","","","","","","","","","","","","",""
"54405001","NANCY-OCHEY",48.581,5.959833,336,1982041303,"","","","",2.,1,20,1,"","","","","","","","","","","","","","","","","","","","","","","","","","","","",-2.1,1,-3.4,1,"","","","","","","","","","","","","","","","","","","","","","","","","","",91,1,"","","","","","","","","","","","",4.7,1,1016.6,1,"","","","","","","","","","","","","","","","","","","","","","","","","","","","","","","","","","","","","","","","","","","","","","","","","","","","","","","","","","","","","","","","","","","","","","","","","","","","","","","","","","","","","","","","","","","","","","","","","","","","","","","","","","","","","","","","","",""
"54405001","NANCY-OCHEY",48.581,5.959833,336,1982041306,"","","","",2.,1,340,1,"","","","","","","","","","","","","","","","","","","","","","","","","","","","",-2.5,1,-3.7,1,"","","","","","","","","","","","","","","","","","","","","","","","","","",90,1,"","","","","","","","","","","","",4.6,1,1016.9,1,"","","","","","",1,1,0,1,0,1,0,1,1,1,"","","","","","","","","","","","","","","","","","","","","","","","",7000,1,"","",2,1,0,1,"","",0,1,"","","","","","","","","","","","","","","","","","","","","","","","","","","","","","","","","","","","","","","","","","","","","","","","","","","","","","","","","","","","","",""
"54405001","NANCY-OCHEY",48.581,5.959833,336,1982041309,"","","","",4.,1,360,1,"","","","","","","","","","","","","","","","","","","","","","","","","","","","",2.1,1,-1.3,1,"","","","","","","","","","","","","","","","","","","","","","","","","","",78,1,"","","","","","","","","","","","",5.5,1,1016.6,1,"","","","","","",6,1,6,1,2,1,0,1,0,1,"","","","","","","","","","","","","","","","","","","","","","","","",12000,1,"","",3,1,2,1,"","","","","","","","","","","","","","","","","","","","","","","","","","","","","","","","","","","","","","","","","","","","","","","","","","","","","","","","","","","","","","","","","",""
"54405001","NANCY-OCHEY",48.581,5.959833,336,1982041312,"","","","",5.,1,360,1,"","","","","","","","","","","","","","","","","","","","","","","","","","","","",2.6,1,0.4,1,"","","","","","","","","","","","","","","","","","","","","","","","","","",85,1,"","","","","","","","","","","","",6.3,1,1016.6,1,"","","","","","",7,1,5,1,9,1,"","","","","","","","","","","","","","","","","","","","","","","","","","","","",6000,1,"","",26,1,8,1,"","","","","","","","","","","","","","","","","","","","","","","","","","","","","","","","","","","","","","","","","","","","","","","","","","","","","","","","","","","","","","","","","",""
"54405001","NANCY-OCHEY",48.581,5.959833,336,1982041315,"","","","",2.,1,100,1,"","","","","","","","","","","","","","","","","","","","","","","","","","","","",4.1,1,-1.1,1,"","","","","","","","","","","","","","","","","","","","","","","","","","",68,1,"","","","","","","","","","","","",5.6,1,1016.2,1,"","","","","","",5,1,0,1,9,1,0,1,0,1,"","","","","","","","","","","","","","","","","","","","","","","","",18000,1,"","",1,1,8,1,"","","","","","","","","","","","","","","","","","","","","","","","","","","","","","","","","","","","","","","","","","","","","","","","","","","","","","","","","","","","","","","","","",""
"54405001","NANCY-OCHEY",48.581,5.959833,336,1982041318,"","","","",7.,1,20,1,"","","","","","","","","","","","","","","","","","","","","","","","","","","","",5.6,1,-3.1,1,"","","","","","","","","","","","","","","","","","","","","","","","","","",53,1,"","","","","","","","","","","","",4.8,1,1016.5,1,"","","","","","",3,1,0,1,2,1,0,1,0,1,"","","","","","","","","","","","","","","","","","","","","","","","",25000,1,"","",1,1,8,1,"","","","","","","","","","","","","","","","","","","","","","","","","","","","","","","","","","","","","","","","","","","","","","","","","","","","","","","","","","","","","","","","","",""
"54405001","NANCY-OCHEY",48.581,5.959833,336,1982041321,"","","","",4.,1,40,1,"","","","","","","","","","","","","","","","","","","","","","","","","","","","",1.5,1,-1.3,1,"","","","","","","","","","","","","","","","","","","","","","","","","","",81,1,"","","","","","","","","","","","",5.5,1,1018.7,1,"","","","","","","","","","","","","","","","","","","","","","","","","","","","","","","","","","","","","","","","","","","","","","","","","","","","","","","","","","","","","","","","","","","","","","","","","","","","","","","","","","","","","","","","","","","","","","","","","","","","","","","","","","","","","","","","","",""
"54405001","NANCY-OCHEY",48.581,5.959833,336,1982041400,"","","","",2.,1,20,1,"","","","","","","","","","","","","","","","","","","","","","","","","","","","",-0.1,1,-2.6,1,"","","","","","","","","","","","","","","","","","","","","","","","","","",84,1,"","","","","","","","","","","","",5.,1,1019.2,1,"","","","","","","","","","","","","","","","","","","","","","","","","","","","","","","","","","","","","","","","","","","","","","","","","","","","","","","","","","","","","","","","","","","","","","","","","","","","","","","","","","","","","","","","","","","","","","","","","","","","","","","","","","","","","","","","","",""
"54405001","NANCY-OCHEY",48.581,5.959833,336,1982041403,"","","","",1.,1,300,1,"","","","","","","","","","","","","","","","","","","","","","","","","","","","",-2.5,1,-4.3,1,"","","","","","","","","","","","","","","","","","","","","","","","","","",88,1,"","","","","","","","","","","","",4.4,1,1019.6,1,"","","","","","","","","","","","","","","","","","","","","","","","","","","","","","","","","","","","","","","","","","","","","","","","","","","","","","","","","","","","","","","","","","","","","","","","","","","","","","","","","","","","","","","","","","","","","","","","","","","","","","","","","","","","","","","","","",""
"54405001","NANCY-OCHEY",48.581,5.959833,336,1982041406,"","","","",0.,1,0,1,"","","","","","","","","","","","","","","","","","","","","","","","","","","","",-1.5,1,-3.1,1,"","","","","","","","","","","","","","","","","","","","","","","","","","",89,1,"","","","","","","","","","","","",4.8,1,1020.6,1,"","","","","","",0,1,"","",0,1,0,1,0,1,"","","","","","","","","","","","","","","","","","","","","","","","",7000,1,"","",2,1,0,1,"","",0,1,"","","","","","","","","","","","","","","","","","","","","","","","","","","","","","","","","","","","","","","","","","","","","","","","","","","","","","","","","","","","","",""
"54405001","NANCY-OCHEY",48.581,5.959833,336,1982041409,"","","","",9.,1,80,1,"","","","","","","","","","","","","","","","","","","","","","","","","","","","",4.9,1,-2.3,1,"","","","","","","","","","","","","","","","","","","","","","","","","","",59,1,"","","","","","","","","","","","",5.1,1,1020.2,1,"","","","","","",4,1,0,1,2,1,0,1,0,1,"","","","","","","","","","","","","","","","","","","","","","","","",13000,1,"","",3,1,0,1,"","","","","","","","","","","","","","","","","","","","","","","","","","","","","","","","","","","","","","","","","","","","","","","","","","","","","","","","","","","","","","","","","",""
"54405001","NANCY-OCHEY",48.581,5.959833,336,1982041412,"","","","",9.,1,60,1,"","","","","","","","","","","","","","","","","","","","","","","","","","","","",7.6,1,-4.,1,"","","","","","","","","","","","","","","","","","","","","","","","","","",43,1,"","","","","","","","","","","","",4.5,1,1019.2,1,"","","","","","",4,1,0,1,2,1,0,1,0,1,"","","","","","","","","","","","","","","","","","","","","","","","",20000,1,"","",1,1,1,1,"","","","","","","","","","","","","","","","","","","","","","","","","","","","","","","","","","","","","","","","","","","","","","","","","","","","","","","","","","","","","","","","","",""
"54405001","NANCY-OCHEY",48.581,5.959833,336,1982041415,"","","","",8.,1,60,1,"","","","","","","","","","","","","","","","","","","","","","","","","","","","",9.2,1,-4.,1,"","","","","","","","","","","","","","","","","","","","","","","","","","",38,1,"","","","","","","","","","","","",4.5,1,1017.8,1,"","","","","","",2,1,0,1,2,1,0,1,0,1,"","","","","","","","","","","","","","","","","","","","","","","","",18000,1,"","",1,1,0,1,"","","","","","","","","","","","","","","","","","","","","","","","","","","","","","","","","","","","","","","","","","","","","","","","","","","","","","","","","","","","","","","","","",""
"54405001","NANCY-OCHEY",48.581,5.959833,336,1982041418,"","","","",7.,1,60,1,"","","","","","","","","","","","","","","","","","","","","","","","","","","","",8.3,1,-5.8,1,"","","","","","","","","","","","","","","","","","","","","","","","","","",36,1,"","","","","","","","","","","","",3.9,1,1018.3,1,"","","","","","",1,1,0,1,4,1,0,1,0,1,"","","","","","","","","","","","","","","","","","","","","","","","",15000,1,"","",1,1,0,1,"","","","","","","","","","","","","","","","","","","","","","","","","","","","","","","","","","","","","","","","","","","","","","","","","","","","","","","","","","","","","","","","","",""
"54405001","NANCY-OCHEY",48.581,5.959833,336,1982041421,"","","","",5.,1,60,1,"","","","","","","","","","","","","","","","","","","","","","","","","","","","",5.9,1,-5.2,1,"","","","","","","","","","","","","","","","","","","","","","","","","","",45,1,"","","","","","","","","","","","",4.1,1,1019.7,1,"","","","","","","","","","","","","","","","","","","","","","","","","","","","","","","","","","","","","","","","","","","","","","","","","","","","","","","","","","","","","","","","","","","","","","","","","","","","","","","","","","","","","","","","","","","","","","","","","","","","","","","","","","","","","","","","","",""
"54405001","NANCY-OCHEY",48.581,5.959833,336,1982041500,"","","","",6.,1,40,1,"","","","","","","","","","","","","","","","","","","","","","","","","","","","",4.1,1,-6.5,1,"","","","","","","","","","","","","","","","","","","","","","","","","","",46,1,"","","","","","","","","","","","",3.7,1,1019.8,1,"","","","","","","","","","","","","","","","","","","","","","","","","","","","","","","","","","","","","","","","","","","","","","","","","","","","","","","","","","","","","","","","","","","","","","","","","","","","","","","","","","","","","","","","","","","","","","","","","","","","","","","","","","","","","","","","","",""
"54405001","NANCY-OCHEY",48.581,5.959833,336,1982041503,"","","","",6.,1,40,1,"","","","","","","","","","","","","","","","","","","","","","","","","","","","",2.9,1,-5.8,1,"","","","","","","","","","","","","","","","","","","","","","","","","","",52,1,"","","","","","","","","","","","",3.9,1,1019.5,1,"","","","","","","","","","","","","","","","","","","","","","","","","","","","","","","","","","","","","","","","","","","","","","","","","","","","","","","","","","","","","","","","","","","","","","","","","","","","","","","","","","","","","","","","","","","","","","","","","","","","","","","","","","","","","","","","","",""
"54405001","NANCY-OCHEY",48.581,5.959833,336,1982041506,"","","","",6.,1,60,1,"","","","","","","","","","","","","","","","","","","","","","","","","","","","",2.8,1,-6.1,1,"","","","","","","","","","","","","","","","","","","","","","","","","","",51,1,"","","","","","","","","","","","",3.8,1,1019.5,1,"","","","","","",0,1,"","",0,1,0,1,0,1,"","","","","","","","","","","","","","","","","","","","","","","","",10000,1,"","",2,1,0,1,"","",0,1,"","","","","","","","","","","","","","","","","","","","","","","","","","","","","","","","","","","","","","","","","","","","","","","","","","","","","","","","","","","","","",""
"54405001","NANCY-OCHEY",48.581,5.959833,336,1982041509,"","","","",9.,1,60,1,"","","","","","","","","","","","","","","","","","","","","","","","","","","","",7.,1,-6.8,1,"","","","","","","","","","","","","","","","","","","","","","","","","","",36,1,"","","","","","","","","","","","",3.6,1,1018.9,1,"","","","","","",1,1,0,1,0,1,0,1,1,1,"","","","","","","","","","","","","","","","","","","","","","","","",12000,1,"","",2,1,0,1,"","","","","","","","","","","","","","","","","","","","","","","","","","","","","","","","","","","","","","","","","","","","","","","","","","","","","","","","","","","","","","","","","",""
"54405001","NANCY-OCHEY",48.581,5.959833,336,1982041512,"","","","",9.,1,60,1,"","","","","","","","","","","","","","","","","","","","","","","","","","","","",10.7,1,-7.2,1,"","","","","","","","","","","","","","","","","","","","","","","","","","",27,1,"","","","","","","","","","","","",3.5,1,1017.2,1,"","","","","","",2,1,0,1,0,1,0,1,1,1,"","","","","","","","","","","","","","","","","","","","","","","","",25000,1,"","",2,1,0,1,"","","","","","","","","","","","","","","","","","","","","","","","","","","","","","","","","","","","","","","","","","","","","","","","","","","","","","","","","","","","","","","","","",""
"54405001","NANCY-OCHEY",48.581,5.959833,336,1982041515,"","","","",10.,1,60,1,"","","","","","","","","","","","","","","","","","","","","","","","","","","","",12.9,1,-6.8,1,"","","","","","","","","","","","","","","","","","","","","","","","","","",24,1,"","","","","","","","","","","","",3.6,1,1014.9,1,"","","","","","",2,1,0,1,0,1,0,1,1,1,"","","","","","","","","","","","","","","","","","","","","","","","",25000,1,"","",2,1,0,1,"","","","","","","","","","","","","","","","","","","","","","","","","","","","","","","","","","","","","","","","","","","","","","","","","","","","","","","","","","","","","","","","","",""
"54405001","NANCY-OCHEY",48.581,5.959833,336,1982041518,"","","","",8.,1,60,1,"","","","","","","","","","","","","","","","","","","","","","","","","","","","",11.4,1,-7.2,1,"","","","","","","","","","","","","","","","","","","","","","","","","","",26,1,"","","","","","","","","","","","",3.5,1,1015.,1,"","","","","","",2,1,0,1,0,1,0,1,1,1,"","","","","","","","","","","","","","","","","","","","","","","","",25000,1,"","",2,1,0,1,"","","","","","","","","","","","","","","","","","","","","","","","","","","","","","","","","","","","","","","","","","","","","","","","","","","","","","","","","","","","","","","","","",""
"54405001","NANCY-OCHEY",48.581,5.959833,336,1982041521,"","","","",6.,1,60,1,"","","","","","","","","","","","","","","","","","","","","","","","","","","","",8.5,1,-3.1,1,"","","","","","","","","","","","","","","","","","","","","","","","","","",44,1,"","","","","","","","","","","","",4.8,1,1016.5,1,"","","","","","","","","","","","","","","","","","","","","","","","","","","","","","","","","","","","","","","","","","","","","","","","","","","","","","","","","","","","","","","","","","","","","","","","","","","","","","","","","","","","","","","","","","","","","","","","","","","","","","","","","","","","","","","","","",""
"54405001","NANCY-OCHEY",48.581,5.959833,336,1982041600,"","","","",6.,1,40,1,"","","","","","","","","","","","","","","","","","","","","","","","","","","","",7.2,1,-2.3,1,"","","","","","","","","","","","","","","","","","","","","","","","","","",51,1,"","","","","","","","","","","","",5.1,1,1016.5,1,"","","","","","","","","","","","","","","","","","","","","","","","","","","","","","","","","","","","","","","","","","","","","","","","","","","","","","","","","","","","","","","","","","","","","","","","","","","","","","","","","","","","","","","","","","","","","","","","","","","","","","","","","","","","","","","","","",""
"54405001","NANCY-OCHEY",48.581,5.959833,336,1982041603,"","","","",3.,1,20,1,"","","","","","","","","","","","","","","","","","","","","","","","","","","","",4.9,1,-2.1,1,"","","","","","","","","","","","","","","","","","","","","","","","","","",61,1,"","","","","","","","","","","","",5.2,1,1016.3,1,"","","","","","","","","","","","","","","","","","","","","","","","","","","","","","","","","","","","","","","","","","","","","","","","","","","","","","","","","","","","","","","","","","","","","","","","","","","","","","","","","","","","","","","","","","","","","","","","","","","","","","","","","","","","","","","","","",""
"54405001","NANCY-OCHEY",48.581,5.959833,336,1982041606,"","","","",5.,1,60,1,"","","","","","","","","","","","","","","","","","","","","","","","","","","","",4.,1,-2.3,1,"","","","","","","","","","","","","","","","","","","","","","","","","","",63,1,"","","","","","","","","","","","",5.1,1,1016.2,1,"","","","","","",5,1,5,1,0,1,0,1,2,1,"","","","","","","","","","","","","","","","","","","","","","","","",10000,1,"","",3,1,1,1,"","",0,1,"","","","","","","","","","","","","","","","","","","","","","","","","","","","","","","","","","","","","","","","","","","","","","","","","","","","","","","","","","","","","",""
"54405001","NANCY-OCHEY",48.581,5.959833,336,1982041609,"","","","",8.,1,60,1,"","","","","","","","","","","","","","","","","","","","","","","","","","","","",9.2,1,-4.6,1,"","","","","","","","","","","","","","","","","","","","","","","","","","",37,1,"","","","","","","","","","","","",4.3,1,1015.6,1,"","","","","","",2,1,0,1,0,1,0,1,1,1,"","","","","","","","","","","","","","","","","","","","","","","","",13000,1,"","",1,1,1,1,"","","","","","","","","","","","","","","","","","","","","","","","","","","","","","","","","","","","","","","","","","","","","","","","","","","","","","","","","","","","","","","","","",""
"54405001","NANCY-OCHEY",48.581,5.959833,336,1982041612,"","","","",7.,1,60,1,"","","","","","","","","","","","","","","","","","","","","","","","","","","","",13.8,1,-5.2,1,"","","","","","","","","","","","","","","","","","","","","","","","","","",26,1,"","","","","","","","","","","","",4.1,1,1014.5,1,"","","","","","",0,1,"","",0,1,0,1,0,1,"","","","","","","","","","","","","","","","","","","","","","","","",15000,1,"","",2,1,0,1,"","","","","","","","","","","","","","","","","","","","","","","","","","","","","","","","","","","","","","","","","","","","","","","","","","","","","","","","","","","","","","","","","",""
"54405001","NANCY-OCHEY",48.581,5.959833,336,1982041615,"","","","",4.,1,60,1,"","","","","","","","","","","","","","","","","","","","","","","","","","","","",15.,1,-2.3,1,"","","","","","","","","","","","","","","","","","","","","","","","","","",30,1,"","","","","","","","","","","","",5.1,1,1013.3,1,"","","","","","",0,1,"","",0,1,0,1,0,1,"","","","","","","","","","","","","","","","","","","","","","","","",15000,1,"","",2,1,0,1,"","","","","","","","","","","","","","","","","","","","","","","","","","","","","","","","","","","","","","","","","","","","","","","","","","","","","","","","","","","","","","","","","",""
"54405001","NANCY-OCHEY",48.581,5.959833,336,1982041618,"","","","",3.,1,80,1,"","","","","","","","","","","","","","","","","","","","","","","","","","","","",14.,1,-0.9,1,"","","","","","","","","","","","","","","","","","","","","","","","","","",36,1,"","","","","","","","","","","","",5.7,1,1013.7,1,"","","","","","",3,1,0,1,0,1,0,1,1,1,"","","","","","","","","","","","","","","","","","","","","","","","",15000,1,"","",3,1,0,1,"","","","","","","","","","","","","","","","","","","","","","","","","","","","","","","","","","","","","","","","","","","","","","","","","","","","","","","","","","","","","","","","","",""
"54405001","NANCY-OCHEY",48.581,5.959833,336,1982041621,"","","","",4.,1,60,1,"","","","","","","","","","","","","","","","","","","","","","","","","","","","",9.2,1,-0.4,1,"","","","","","","","","","","","","","","","","","","","","","","","","","",51,1,"","","","","","","","","","","","",5.9,1,1015.5,1,"","","","","","","","","","","","","","","","","","","","","","","","","","","","","","","","","","","","","","","","","","","","","","","","","","","","","","","","","","","","","","","","","","","","","","","","","","","","","","","","","","","","","","","","","","","","","","","","","","","","","","","","","","","","","","","","","",""
"54405001","NANCY-OCHEY",48.581,5.959833,336,1982041700,"","","","",2.,1,100,1,"","","","","","","","","","","","","","","","","","","","","","","","","","","","",8.5,1,0.6,1,"","","","","","","","","","","","","","","","","","","","","","","","","","",58,1,"","","","","","","","","","","","",6.4,1,1015.6,1,"","","","","","","","","","","","","","","","","","","","","","","","","","","","","","","","","","","","","","","","","","","","","","","","","","","","","","","","","","","","","","","","","","","","","","","","","","","","","","","","","","","","","","","","","","","","","","","","","","","","","","","","","","","","","","","","","",""
"54405001","NANCY-OCHEY",48.581,5.959833,336,1982041703,"","","","",2.,1,320,1,"","","","","","","","","","","","","","","","","","","","","","","","","","","","",5.5,1,0.6,1,"","","","","","","","","","","","","","","","","","","","","","","","","","",71,1,"","","","","","","","","","","","",6.4,1,1016.2,1,"","","","","","","","","","","","","","","","","","","","","","","","","","","","","","","","","","","","","","","","","","","","","","","","","","","","","","","","","","","","","","","","","","","","","","","","","","","","","","","","","","","","","","","","","","","","","","","","","","","","","","","","","","","","","","","","","",""
"54405001","NANCY-OCHEY",48.581,5.959833,336,1982041706,"","","","",3.,1,360,1,"","","","","","","","","","","","","","","","","","","","","","","","","","","","",7.3,1,2.5,1,"","","","","","","","","","","","","","","","","","","","","","","","","","",72,1,"","","","","","","","","","","","",7.4,1,1016.9,1,"","","","","","",5,1,5,1,0,1,3,1,2,1,"","","","","","","","","","","","","","","","","","","","","","","","",10000,1,"","",1,1,2,1,"","",0,1,"","","","","","","","","","","","","","","","","","","","","","","","","","","","","","","","","","","","","","","","","","","","","","","","","","","","","","","","","","","","","",""
"54405001","NANCY-OCHEY",48.581,5.959833,336,1982041709,"","","","",4.,1,80,1,"","","","","","","","","","","","","","","","","","","","","","","","","","","","",11.5,1,3.4,1,"","","","","","","","","","","","","","","","","","","","","","","","","","",58,1,"","","","","","","","","","","","",7.9,1,1016.5,1,"","","","","","",3,1,0,1,0,1,0,1,1,1,"","","","","","","","","","","","","","","","","","","","","","","","",10000,1,"","",1,1,2,1,"","","","","","","","","","","","","","","","","","","","","","","","","","","","","","","","","","","","","","","","","","","","","","","","","","","","","","","","","","","","","","","","","",""
"54405001","NANCY-OCHEY",48.581,5.959833,336,1982041712,"","","","",7.,1,20,1,"","","","","","","","","","","","","","","","","","","","","","","","","","","","",14.5,1,3.3,1,"","","","","","","","","","","","","","","","","","","","","","","","","","",47,1,"","","","","","","","","","","","",7.8,1,1015.4,1,"","","","","","",4,1,0,1,2,1,0,1,0,1,"","","","","","","","","","","","","","","","","","","","","","","","",13000,1,"","",3,1,2,1,"","","","","","","","","","","","","","","","","","","","","","","","","","","","","","","","","","","","","","","","","","","","","","","","","","","","","","","","","","","","","","","","","",""
"54405001","NANCY-OCHEY",48.581,5.959833,336,1982041715,"","","","",7.,1,60,1,"","","","","","","","","","","","","","","","","","","","","","","","","","","","",14.7,1,1.8,1,"","","","","","","","","","","","","","","","","","","","","","","","","","",42,1,"","","","","","","","","","","","",7.,1,1014.8,1,"","","","","","","","","","","","","","","","","","","","","","","","","","","","","","","","","","","","","","","","","","","","","","","","","","","","","","","","","","","","","","","","","","","","","","","","","","","","","","","","","","","","","","","","","","","","","","","","","","","","","","","","","","","","","","","","","",""
"54405001","NANCY-OCHEY",48.581,5.959833,336,1982041718,"","","","",6.,1,20,1,"","","","","","","","","","","","","","","","","","","","","","","","","","","","",12.7,1,-2.1,1,"","","","","","","","","","","","","","","","","","","","","","","","","","",36,1,"","","","","","","","","","","","",5.2,1,1015.1,1,"","","","","","","","","","","","","","","","","","","","","","","","","","","","","","","","","","","","","","","","","","","","","","","","","","","","","","","","","","","","","","","","","","","","","","","","","","","","","","","","","","","","","","","","","","","","","","","","","","","","","","","","","","","","","","","","","",""
"54405001","NANCY-OCHEY",48.581,5.959833,336,1982041721,"","","","",3.,1,60,1,"","","","","","","","","","","","","","","","","","","","","","","","","","","","",8.5,1,-1.3,1,"","","","","","","","","","","","","","","","","","","","","","","","","","",50,1,"","","","","","","","","","","","",5.5,1,1016.7,1,"","","","","","","","","","","","","","","","","","","","","","","","","","","","","","","","","","","","","","","","","","","","","","","","","","","","","","","","","","","","","","","","","","","","","","","","","","","","","","","","","","","","","","","","","","","","","","","","","","","","","","","","","","","","","","","","","",""
"54405001","NANCY-OCHEY",48.581,5.959833,336,1982041800,"","","","",3.,1,20,1,"","","","","","","","","","","","","","","","","","","","","","","","","","","","",3.1,1,-2.1,1,"","","","","","","","","","","","","","","","","","","","","","","","","","",69,1,"","","","","","","","","","","","",5.2,1,1018.3,1,"","","","","","","","","","","","","","","","","","","","","","","","","","","","","","","","","","","","","","","","","","","","","","","","","","","","","","","","","","","","","","","","","","","","","","","","","","","","","","","","","","","","","","","","","","","","","","","","","","","","","","","","","","","","","","","","","",""
"54405001","NANCY-OCHEY",48.581,5.959833,336,1982041803,"","","","",3.,1,20,1,"","","","","","","","","","","","","","","","","","","","","","","","","","","","",1.9,1,-1.8,1,"","","","","","","","","","","","","","","","","","","","","","","","","","",76,1,"","","","","","","","","","","","",5.3,1,1018.4,1,"","","","","","","","","","","","","","","","","","","","","","","","","","","","","","","","","","","","","","","","","","","","","","","","","","","","","","","","","","","","","","","","","","","","","","","","","","","","","","","","","","","","","","","","","","","","","","","","","","","","","","","","","","","","","","","","","",""
"54405001","NANCY-OCHEY",48.581,5.959833,336,1982041806,"","","","",2.,1,360,1,"","","","","","","","","","","","","","","","","","","","","","","","","","","","",1.6,1,-0.2,1,"","","","","","","","","","","","","","","","","","","","","","","","","","",88,1,"","","","","","","","","","","","",6.,1,1019.,1,"","","","","","",1,1,0,1,0,1,0,1,1,1,"","","","","","","","","","","","","","","","","","","","","","","","",7000,1,"","",2,1,0,1,"","",0,1,"","","","","","","","","","","","","","","","","","","","","","","","","","","","","","","","","","","","","","","","","","","","","","","","","","","","","","","","","","","","","",""
"54405001","NANCY-OCHEY",48.581,5.959833,336,1982041809,"","","","",6.,1,80,1,"","","","","","","","","","","","","","","","","","","","","","","","","","","","",7.8,1,0.6,1,"","","","","","","","","","","","","","","","","","","","","","","","","","",61,1,"","","","","","","","","","","","",6.4,1,1018.7,1,"","","","","","",3,1,0,1,0,1,0,1,1,1,"","","","","","","","","","","","","","","","","","","","","","","","",11000,1,"","",3,1,0,1,"","","","","","","","","","","","","","","","","","","","","","","","","","","","","","","","","","","","","","","","","","","","","","","","","","","","","","","","","","","","","","","","","",""
"54405001","NANCY-OCHEY",48.581,5.959833,336,1982041812,"","","","",6.,1,40,1,"","","","","","","","","","","","","","","","","","","","","","","","","","","","",10.9,1,1.4,1,"","","","","","","","","","","","","","","","","","","","","","","","","","",52,1,"","","","","","","","","","","","",6.8,1,1017.5,1,"","","","","","",3,1,0,1,1,1,0,1,1,1,"","","","","","","","","","","","","","","","","","","","","","","","",13000,1,"","",2,1,0,1,"","","","","","","","","","","","","","","","","","","","","","","","","","","","","","","","","","","","","","","","","","","","","","","","","","","","","","","","","","","","","","","","","",""
"54405001","NANCY-OCHEY",48.581,5.959833,336,1982041815,"","","","",6.,1,60,1,"","","","","","","","","","","","","","","","","","","","","","","","","","","","",12.6,1,-1.3,1,"","","","","","","","","","","","","","","","","","","","","","","","","","",38,1,"","","","","","","","","","","","",5.5,1,1016.5,1,"","","","","","","","","","","","","","","","","","","","","","","","","","","","","","","","","","","","","","","","","","","","","","","","","","","","","","","","","","","","","","","","","","","","","","","","","","","","","","","","","","","","","","","","","","","","","","","","","","","","","","","","","","","","","","","","","",""
"54405001","NANCY-OCHEY",48.581,5.959833,336,1982041818,"","","","",5.,1,60,1,"","","","","","","","","","","","","","","","","","","","","","","","","","","","",11.7,1,-2.1,1,"","","","","","","","","","","","","","","","","","","","","","","","","","",38,1,"","","","","","","","","","","","",5.2,1,1016.4,1,"","","","","","","","","","","","","","","","","","","","","","","","","","","","","","","","","","","","","","","","","","","","","","","","","","","","","","","","","","","","","","","","","","","","","","","","","","","","","","","","","","","","","","","","","","","","","","","","","","","","","","","","","","","","","","","","","",""
"54405001","NANCY-OCHEY",48.581,5.959833,336,1982041821,"","","","",6.,1,60,1,"","","","","","","","","","","","","","","","","","","","","","","","","","","","",7.9,1,-4.3,1,"","","","","","","","","","","","","","","","","","","","","","","","","","",42,1,"","","","","","","","","","","","",4.4,1,1017.7,1,"","","","","","","","","","","","","","","","","","","","","","","","","","","","","","","","","","","","","","","","","","","","","","","","","","","","","","","","","","","","","","","","","","","","","","","","","","","","","","","","","","","","","","","","","","","","","","","","","","","","","","","","","","","","","","","","","",""
"54405001","NANCY-OCHEY",48.581,5.959833,336,1982041900,"","","","",4.,1,60,1,"","","","","","","","","","","","","","","","","","","","","","","","","","","","",6.7,1,-3.1,1,"","","","","","","","","","","","","","","","","","","","","","","","","","",49,1,"","","","","","","","","","","","",4.8,1,1018.1,1,"","","","","","","","","","","","","","","","","","","","","","","","","","","","","","","","","","","","","","","","","","","","","","","","","","","","","","","","","","","","","","","","","","","","","","","","","","","","","","","","","","","","","","","","","","","","","","","","","","","","","","","","","","","","","","","","","",""
"54405001","NANCY-OCHEY",48.581,5.959833,336,1982041903,"","","","",4.,1,60,1,"","","","","","","","","","","","","","","","","","","","","","","","","","","","",5.4,1,-3.1,1,"","","","","","","","","","","","","","","","","","","","","","","","","","",54,1,"","","","","","","","","","","","",4.8,1,1018.1,1,"","","","","","","","","","","","","","","","","","","","","","","","","","","","","","","","","","","","","","","","","","","","","","","","","","","","","","","","","","","","","","","","","","","","","","","","","","","","","","","","","","","","","","","","","","","","","","","","","","","","","","","","","","","","","","","","","",""
"54405001","NANCY-OCHEY",48.581,5.959833,336,1982041906,"","","","",6.,1,60,1,"","","","","","","","","","","","","","","","","","","","","","","","","","","","",5.,1,-1.6,1,"","","","","","","","","","","","","","","","","","","","","","","","","","",62,1,"","","","","","","","","","","","",5.4,1,1018.6,1,"","","","","","",1,1,0,1,0,1,0,1,1,1,"","","","","","","","","","","","","","","","","","","","","","","","",15000,1,"","",2,1,0,1,"","",0,1,"","","","","","","","","","","","","","","","","","","","","","","","","","","","","","","","","","","","","","","","","","","","","","","","","","","","","","","","","","","","","",""
"54405001","NANCY-OCHEY",48.581,5.959833,336,1982041909,"","","","",8.,1,80,1,"","","","","","","","","","","","","","","","","","","","","","","","","","","","",10.,1,-3.7,1,"","","","","","","","","","","","","","","","","","","","","","","","","","",38,1,"","","","","","","","","","","","",4.6,1,1018.2,1,"","","","","","",1,1,0,1,0,1,0,1,1,1,"","","","","","","","","","","","","","","","","","","","","","","","",20000,1,"","",2,1,0,1,"","","","","","","","","","","","","","","","","","","","","","","","","","","","","","","","","","","","","","","","","","","","","","","","","","","","","","","","","","","","","","","","","",""
"54405001","NANCY-OCHEY",48.581,5.959833,336,1982041912,"","","","",7.,1,60,1,"","","","","","","","","","","","","","","","","","","","","","","","","","","","",12.7,1,-2.3,1,"","","","","","","","","","","","","","","","","","","","","","","","","","",35,1,"","","","","","","","","","","","",5.1,1,1016.9,1,"","","","","","",1,1,0,1,0,1,0,1,1,1,"","","","","","","","","","","","","","","","","","","","","","","","",25000,1,"","",2,1,0,1,"","","","","","","","","","","","","","","","","","","","","","","","","","","","","","","","","","","","","","","","","","","","","","","","","","","","","","","","","","","","","","","","","",""
"54405001","NANCY-OCHEY",48.581,5.959833,336,1982041915,"","","","",8.,1,40,1,"","","","","","","","","","","","","","","","","","","","","","","","","","","","",14.5,1,-3.4,1,"","","","","","","","","","","","","","","","","","","","","","","","","","",28,1,"","","","","","","","","","","","",4.7,1,1015.9,1,"","","","","","",0,1,"","",0,1,0,1,0,1,"","","","","","","","","","","","","","","","","","","","","","","","",25000,1,"","",1,1,0,1,"","","","","","","","","","","","","","","","","","","","","","","","","","","","","","","","","","","","","","","","","","","","","","","","","","","","","","","","","","","","","","","","","",""
"54405001","NANCY-OCHEY",48.581,5.959833,336,1982041918,"","","","",6.,1,60,1,"","","","","","","","","","","","","","","","","","","","","","","","","","","","",13.,1,-2.3,1,"","","","","","","","","","","","","","","","","","","","","","","","","","",34,1,"","","","","","","","","","","","",5.1,1,1016.3,1,"","","","","","",0,1,"","",0,1,0,1,0,1,"","","","","","","","","","","","","","","","","","","","","","","","",25000,1,"","",2,1,0,1,"","","","","","","","","","","","","","","","","","","","","","","","","","","","","","","","","","","","","","","","","","","","","","","","","","","","","","","","","","","","","","","","","",""
"54405001","NANCY-OCHEY",48.581,5.959833,336,1982041921,"","","","",5.,1,80,1,"","","","","","","","","","","","","","","","","","","","","","","","","","","","",8.9,1,-3.1,1,"","","","","","","","","","","","","","","","","","","","","","","","","","",43,1,"","","","","","","","","","","","",4.8,1,1017.6,1,"","","","","","","","","","","","","","","","","","","","","","","","","","","","","","","","","","","","","","","","","","","","","","","","","","","","","","","","","","","","","","","","","","","","","","","","","","","","","","","","","","","","","","","","","","","","","","","","","","","","","","","","","","","","","","","","","",""
"54405001","NANCY-OCHEY",48.581,5.959833,336,1982042000,"","","","",1.,1,60,1,"","","","","","","","","","","","","","","","","","","","","","","","","","","","",4.9,1,-5.2,1,"","","","","","","","","","","","","","","","","","","","","","","","","","",48,1,"","","","","","","","","","","","",4.1,1,1018.4,1,"","","","","","","","","","","","","","","","","","","","","","","","","","","","","","","","","","","","","","","","","","","","","","","","","","","","","","","","","","","","","","","","","","","","","","","","","","","","","","","","","","","","","","","","","","","","","","","","","","","","","","","","","","","","","","","","","",""
"54405001","NANCY-OCHEY",48.581,5.959833,336,1982042003,"","","","",1.,1,360,1,"","","","","","","","","","","","","","","","","","","","","","","","","","","","",2.,1,-5.5,1,"","","","","","","","","","","","","","","","","","","","","","","","","","",57,1,"","","","","","","","","","","","",4.,1,1018.8,1,"","","","","","","","","","","","","","","","","","","","","","","","","","","","","","","","","","","","","","","","","","","","","","","","","","","","","","","","","","","","","","","","","","","","","","","","","","","","","","","","","","","","","","","","","","","","","","","","","","","","","","","","","","","","","","","","","",""
"54405001","NANCY-OCHEY",48.581,5.959833,336,1982042006,"","","","",1.,1,340,1,"","","","","","","","","","","","","","","","","","","","","","","","","","","","",1.9,1,-2.6,1,"","","","","","","","","","","","","","","","","","","","","","","","","","",72,1,"","","","","","","","","","","","",5.,1,1019.5,1,"","","","","","",0,1,"","",0,1,0,1,0,1,"","","","","","","","","","","","","","","","","","","","","","","","",13000,1,"","",2,1,0,1,"","",0,1,"","","","","","","","","","","","","","","","","","","","","","","","","","","","","","","","","","","","","","","","","","","","","","","","","","","","","","","","","","","","","",""
"54405001","NANCY-OCHEY",48.581,5.959833,336,1982042009,"","","","",2.,1,340,1,"","","","","","","","","","","","","","","","","","","","","","","","","","","","",10.,1,-1.1,1,"","","","","","","","","","","","","","","","","","","","","","","","","","",46,1,"","","","","","","","","","","","",5.6,1,1019.4,1,"","","","","","",2,1,0,1,0,1,0,1,1,1,"","","","","","","","","","","","","","","","","","","","","","","","",13000,1,"","",2,1,0,1,"","","","","","","","","","","","","","","","","","","","","","","","","","","","","","","","","","","","","","","","","","","","","","","","","","","","","","","","","","","","","","","","","",""
"54405001","NANCY-OCHEY",48.581,5.959833,336,1982042012,"","","","",4.,1,60,1,"","","","","","","","","","","","","","","","","","","","","","","","","","","","",14.7,1,-0.4,1,"","","","","","","","","","","","","","","","","","","","","","","","","","",35,1,"","","","","","","","","","","","",5.9,1,1018.1,1,"","","","","","",2,1,0,1,4,1,0,1,0,1,"","","","","","","","","","","","","","","","","","","","","","","","",20000,1,"","",2,1,0,1,"","","","","","","","","","","","","","","","","","","","","","","","","","","","","","","","","","","","","","","","","","","","","","","","","","","","","","","","","","","","","","","","","",""
"54405001","NANCY-OCHEY",48.581,5.959833,336,1982042015,"","","","",3.,1,60,1,"","","","","","","","","","","","","","","","","","","","","","","","","","","","",14.8,1,-2.1,1,"","","","","","","","","","","","","","","","","","","","","","","","","","",31,1,"","","","","","","","","","","","",5.2,1,1017.5,1,"","","","","","",4,1,0,1,5,1,0,1,0,1,"","","","","","","","","","","","","","","","","","","","","","","","",20000,1,"","",2,1,0,1,"","","","","","","","","","","","","","","","","","","","","","","","","","","","","","","","","","","","","","","","","","","","","","","","","","","","","","","","","","","","","","","","","",""
"54405001","NANCY-OCHEY",48.581,5.959833,336,1982042018,"","","","",3.,1,40,1,"","","","","","","","","","","","","","","","","","","","","","","","","","","","",12.8,1,-1.6,1,"","","","","","","","","","","","","","","","","","","","","","","","","","",37,1,"","","","","","","","","","","","",5.4,1,1017.8,1,"","","","","","",4,1,0,1,5,1,0,1,0,1,"","","","","","","","","","","","","","","","","","","","","","","","",20000,1,"","",2,1,0,1,"","","","","","","","","","","","","","","","","","","","","","","","","","","","","","","","","","","","","","","","","","","","","","","","","","","","","","","","","","","","","","","","","",""
"54405001","NANCY-OCHEY",48.581,5.959833,336,1982042021,"","","","",1.,1,100,1,"","","","","","","","","","","","","","","","","","","","","","","","","","","","",8.5,1,-2.9,1,"","","","","","","","","","","","","","","","","","","","","","","","","","",45,1,"","","","","","","","","","","","",4.9,1,1018.9,1,"","","","","","","","","","","","","","","","","","","","","","","","","","","","","","","","","","","","","","","","","","","","","","","","","","","","","","","","","","","","","","","","","","","","","","","","","","","","","","","","","","","","","","","","","","","","","","","","","","","","","","","","","","","","","","","","","",""
"54405001","NANCY-OCHEY",48.581,5.959833,336,1982042100,"","","","",2.,1,160,1,"","","","","","","","","","","","","","","","","","","","","","","","","","","","",6.,1,-2.1,1,"","","","","","","","","","","","","","","","","","","","","","","","","","",56,1,"","","","","","","","","","","","",5.2,1,1019.3,1,"","","","","","","","","","","","","","","","","","","","","","","","","","","","","","","","","","","","","","","","","","","","","","","","","","","","","","","","","","","","","","","","","","","","","","","","","","","","","","","","","","","","","","","","","","","","","","","","","","","","","","","","","","","","","","","","","",""
"54405001","NANCY-OCHEY",48.581,5.959833,336,1982042103,"","","","",1.,1,180,1,"","","","","","","","","","","","","","","","","","","","","","","","","","","","",2.9,1,-3.1,1,"","","","","","","","","","","","","","","","","","","","","","","","","","",65,1,"","","","","","","","","","","","",4.8,1,1019.5,1,"","","","","","","","","","","","","","","","","","","","","","","","","","","","","","","","","","","","","","","","","","","","","","","","","","","","","","","","","","","","","","","","","","","","","","","","","","","","","","","","","","","","","","","","","","","","","","","","","","","","","","","","","","","","","","","","","",""
"54405001","NANCY-OCHEY",48.581,5.959833,336,1982042106,"","","","",3.,1,160,1,"","","","","","","","","","","","","","","","","","","","","","","","","","","","",5.1,1,-1.8,1,"","","","","","","","","","","","","","","","","","","","","","","","","","",60,1,"","","","","","","","","","","","",5.3,1,1018.9,1,"","","","","","",2,1,0,1,5,1,0,1,1,1,"","","","","","","","","","","","","","","","","","","","","","","","",16000,1,"","",1,1,0,1,"","",0,1,"","","","","","","","","","","","","","","","","","","","","","","","","","","","","","","","","","","","","","","","","","","","","","","","","","","","","","","","","","","","","",""
"54405001","NANCY-OCHEY",48.581,5.959833,336,1982042109,"","","","",1.,1,280,1,"","","","","","","","","","","","","","","","","","","","","","","","","","","","",10.7,1,0.6,1,"","","","","","","","","","","","","","","","","","","","","","","","","","",50,1,"","","","","","","","","","","","",6.4,1,1018.3,1,"","","","","","",6,1,5,1,5,1,0,1,1,1,"","","","","","","","","","","","","","","","","","","","","","","","",14000,1,"","",1,1,1,1,"","","","","","","","","","","","","","","","","","","","","","","","","","","","","","","","","","","","","","","","","","","","","","","","","","","","","","","","","","","","","","","","","",""
"54405001","NANCY-OCHEY",48.581,5.959833,336,1982042112,"","","","",4.,1,320,1,"","","","","","","","","","","","","","","","","","","","","","","","","","","","",13.9,1,2.2,1,"","","","","","","","","","","","","","","","","","","","","","","","","","",45,1,"","","","","","","","","","","","",7.2,1,1017.1,1,"","","","","","",6,1,5,1,2,1,0,1,1,1,"","","","","","","","","","","","","","","","","","","","","","","","",12000,1,"","",3,1,1,1,"","","","","","","","","","","","","","","","","","","","","","","","","","","","","","","","","","","","","","","","","","","","","","","","","","","","","","","","","","","","","","","","","",""
"54405001","NANCY-OCHEY",48.581,5.959833,336,1982042115,"","","","",5.,1,300,1,"","","","","","","","","","","","","","","","","","","","","","","","","","","","",14.,1,1.4,1,"","","","","","","","","","","","","","","","","","","","","","","","","","",42,1,"","","","","","","","","","","","",6.8,1,1016.,1,"","","","","","",5,1,0,1,8,1,0,1,0,1,"","","","","","","","","","","","","","","","","","","","","","","","",11000,1,"","",1,1,2,1,"","","","","","","","","","","","","","","","","","","","","","","","","","","","","","","","","","","","","","","","","","","","","","","","","","","","","","","","","","","","","","","","","",""
"54405001","NANCY-OCHEY",48.581,5.959833,336,1982042118,"","","","",3.,1,320,1,"","","","","","","","","","","","","","","","","","","","","","","","","","","","",12.8,1,1.8,1,"","","","","","","","","","","","","","","","","","","","","","","","","","",47,1,"","","","","","","","","","","","",7.,1,1016.5,1,"","","","","","",7,1,6,1,5,1,0,1,1,1,"","","","","","","","","","","","","","","","","","","","","","","","",8000,1,"","",1,1,2,1,"","","","","","","","","","","","","","","","","","","","","","","","","","","","","","","","","","","","","","","","","","","","","","","","","","","","","","","","","","","","","","","","","",""
"54405001","NANCY-OCHEY",48.581,5.959833,336,1982042121,"","","","",2.,1,40,1,"","","","","","","","","","","","","","","","","","","","","","","","","","","","",8.1,1,2.,1,"","","","","","","","","","","","","","","","","","","","","","","","","","",66,1,"","","","","","","","","","","","",7.1,1,1018.3,1,"","","","","","","","","","","","","","","","","","","","","","","","","","","","","","","","","","","","","","","","","","","","","","","","","","","","","","","","","","","","","","","","","","","","","","","","","","","","","","","","","","","","","","","","","","","","","","","","","","","","","","","","","","","","","","","","","",""
"54405001","NANCY-OCHEY",48.581,5.959833,336,1982042200,"","","","",4.,1,360,1,"","","","","","","","","","","","","","","","","","","","","","","","","","","","",5.,1,1.4,1,"","","","","","","","","","","","","","","","","","","","","","","","","","",79,1,"","","","","","","","","","","","",6.8,1,1019.,1,"","","","","","","","","","","","","","","","","","","","","","","","","","","","","","","","","","","","","","","","","","","","","","","","","","","","","","","","","","","","","","","","","","","","","","","","","","","","","","","","","","","","","","","","","","","","","","","","","","","","","","","","","","","","","","","","","",""
"54405001","NANCY-OCHEY",48.581,5.959833,336,1982042203,"","","","",2.,1,320,1,"","","","","","","","","","","","","","","","","","","","","","","","","","","","",3.6,1,0.6,1,"","","","","","","","","","","","","","","","","","","","","","","","","","",81,1,"","","","","","","","","","","","",6.4,1,1019.1,1,"","","","","","","","","","","","","","","","","","","","","","","","","","","","","","","","","","","","","","","","","","","","","","","","","","","","","","","","","","","","","","","","","","","","","","","","","","","","","","","","","","","","","","","","","","","","","","","","","","","","","","","","","","","","","","","","","",""
"54405001","NANCY-OCHEY",48.581,5.959833,336,1982042206,"","","","",0.,1,0,1,"","","","","","","","","","","","","","","","","","","","","","","","","","","","",2.8,1,0.6,1,"","","","","","","","","","","","","","","","","","","","","","","","","","",85,1,"","","","","","","","","","","","",6.4,1,1019.5,1,"","","","","","",2,1,0,1,0,1,0,1,1,1,"","","","","","","","","","","","","","","","","","","","","","","","",5000,1,"","",1,1,0,1,"","",0,1,"","","","","","","","","","","","","","","","","","","","","","","","","","","","","","","","","","","","","","","","","","","","","","","","","","","","","","","","","","","","","",""
"54405001","NANCY-OCHEY",48.581,5.959833,336,1982042209,"","","","",2.,1,340,1,"","","","","","","","","","","","","","","","","","","","","","","","","","","","",10.,1,2.7,1,"","","","","","","","","","","","","","","","","","","","","","","","","","",61,1,"","","","","","","","","","","","",7.5,1,1018.9,1,"","","","","","",2,1,0,1,0,1,0,1,1,1,"","","","","","","","","","","","","","","","","","","","","","","","",5000,1,"","",1,1,0,1,"","","","","","","","","","","","","","","","","","","","","","","","","","","","","","","","","","","","","","","","","","","","","","","","","","","","","","","","","","","","","","","","","",""
"54405001","NANCY-OCHEY",48.581,5.959833,336,1982042212,"","","","",5.,1,60,1,"","","","","","","","","","","","","","","","","","","","","","","","","","","","",14.2,1,2.2,1,"","","","","","","","","","","","","","","","","","","","","","","","","","",45,1,"","","","","","","","","","","","",7.2,1,1018.2,1,"","","","","","",3,1,0,1,2,1,0,1,0,1,"","","","","","","","","","","","","","","","","","","","","","","","",8000,1,"","",3,1,0,1,"","","","","","","","","","","","","","","","","","","","","","","","","","","","","","","","","","","","","","","","","","","","","","","","","","","","","","","","","","","","","","","","","",""
"54405001","NANCY-OCHEY",48.581,5.959833,336,1982042215,"","","","",6.,1,100,1,"","","","","","","","","","","","","","","","","","","","","","","","","","","","",15.5,1,0.8,1,"","","","","","","","","","","","","","","","","","","","","","","","","","",37,1,"","","","","","","","","","","","",6.5,1,1017.5,1,"","","","","","",3,1,0,1,2,1,0,1,0,1,"","","","","","","","","","","","","","","","","","","","","","","","",10000,1,"","",1,1,0,1,"","","","","","","","","","","","","","","","","","","","","","","","","","","","","","","","","","","","","","","","","","","","","","","","","","","","","","","","","","","","","","","","","",""
"54405001","NANCY-OCHEY",48.581,5.959833,336,1982042218,"","","","",4.,1,60,1,"","","","","","","","","","","","","","","","","","","","","","","","","","","","",13.9,1,1.2,1,"","","","","","","","","","","","","","","","","","","","","","","","","","",42,1,"","","","","","","","","","","","",6.7,1,1017.8,1,"","","","","","",1,1,0,1,0,1,0,1,1,1,"","","","","","","","","","","","","","","","","","","","","","","","",11000,1,"","",1,1,0,1,"","","","","","","","","","","","","","","","","","","","","","","","","","","","","","","","","","","","","","","","","","","","","","","","","","","","","","","","","","","","","","","","","",""
"54405001","NANCY-OCHEY",48.581,5.959833,336,1982042221,"","","","",3.,1,80,1,"","","","","","","","","","","","","","","","","","","","","","","","","","","","",9.4,1,0.6,1,"","","","","","","","","","","","","","","","","","","","","","","","","","",55,1,"","","","","","","","","","","","",6.4,1,1019.1,1,"","","","","","","","","","","","","","","","","","","","","","","","","","","","","","","","","","","","","","","","","","","","","","","","","","","","","","","","","","","","","","","","","","","","","","","","","","","","","","","","","","","","","","","","","","","","","","","","","","","","","","","","","","","","","","","","","",""
"54405001","NANCY-OCHEY",48.581,5.959833,336,1982042300,"","","","",3.,1,80,1,"","","","","","","","","","","","","","","","","","","","","","","","","","","","",7.4,1,0.,1,"","","","","","","","","","","","","","","","","","","","","","","","","","",60,1,"","","","","","","","","","","","",6.1,1,1019.7,1,"","","","","","","","","","","","","","","","","","","","","","","","","","","","","","","","","","","","","","","","","","","","","","","","","","","","","","","","","","","","","","","","","","","","","","","","","","","","","","","","","","","","","","","","","","","","","","","","","","","","","","","","","","","","","","","","","",""
"54405001","NANCY-OCHEY",48.581,5.959833,336,1982042303,"","","","",0.,1,0,1,"","","","","","","","","","","","","","","","","","","","","","","","","","","","",3.6,1,0.6,1,"","","","","","","","","","","","","","","","","","","","","","","","","","",81,1,"","","","","","","","","","","","",6.4,1,1019.9,1,"","","","","","","","","","","","","","","","","","","","","","","","","","","","","","","","","","","","","","","","","","","","","","","","","","","","","","","","","","","","","","","","","","","","","","","","","","","","","","","","","","","","","","","","","","","","","","","","","","","","","","","","","","","","","","","","","",""
"54405001","NANCY-OCHEY",48.581,5.959833,336,1982042306,"","","","",1.,1,340,1,"","","","","","","","","","","","","","","","","","","","","","","","","","","","",2.9,1,0.8,1,"","","","","","","","","","","","","","","","","","","","","","","","","","",87,1,"","","","","","","","","","","","",6.5,1,1020.8,1,"","","","","","",0,1,"","",0,1,0,1,0,1,"","","","","","","","","","","","","","","","","","","","","","","","",7000,1,"","",2,1,0,1,"","",0,1,"","","","","","","","","","","","","","","","","","","","","","","","","","","","","","","","","","","","","","","","","","","","","","","","","","","","","","","","","","","","","",""
"54405001","NANCY-OCHEY",48.581,5.959833,336,1982042309,"","","","",2.,1,320,1,"","","","","","","","","","","","","","","","","","","","","","","","","","","","",11.2,1,1.8,1,"","","","","","","","","","","","","","","","","","","","","","","","","","",53,1,"","","","","","","","","","","","",7.,1,1020.1,1,"","","","","","",0,1,"","",0,1,0,1,0,1,"","","","","","","","","","","","","","","","","","","","","","","","",8000,1,"","",2,1,0,1,"","","","","","","","","","","","","","","","","","","","","","","","","","","","","","","","","","","","","","","","","","","","","","","","","","","","","","","","","","","","","","","","","",""
"54405001","NANCY-OCHEY",48.581,5.959833,336,1982042312,"","","","",5.,1,60,1,"","","","","","","","","","","","","","","","","","","","","","","","","","","","",15.5,1,-1.1,1,"","","","","","","","","","","","","","","","","","","","","","","","","","",31,1,"","","","","","","","","","","","",5.6,1,1018.5,1,"","","","","","",5,1,5,1,5,1,3,1,4,1,"","","","","","","","","","","","","","","","","","","","","","","","",15000,1,"","",3,1,1,1,"","","","","","","","","","","","","","","","","","","","","","","","","","","","","","","","","","","","","","","","","","","","","","","","","","","","","","","","","","","","","","","","","",""
"54405001","NANCY-OCHEY",48.581,5.959833,336,1982042315,"","","","",5.,1,360,1,"","","","","","","","","","","","","","","","","","","","","","","","","","","","",16.4,1,-0.2,1,"","","","","","","","","","","","","","","","","","","","","","","","","","",32,1,"","","","","","","","","","","","",6.,1,1017.,1,"","","","","","",5,1,0,1,5,1,3,1,1,1,"","","","","","","","","","","","","","","","","","","","","","","","",13000,1,"","",3,1,2,1,"","","","","","","","","","","","","","","","","","","","","","","","","","","","","","","","","","","","","","","","","","","","","","","","","","","","","","","","","","","","","","","","","",""
"54405001","NANCY-OCHEY",48.581,5.959833,336,1982042318,"","","","",5.,1,320,1,"","","","","","","","","","","","","","","","","","","","","","","","","","","","",13.8,1,2.4,1,"","","","","","","","","","","","","","","","","","","","","","","","","","",46,1,"","","","","","","","","","","","",7.3,1,1017.4,1,"","","","","","",7,1,6,1,5,1,3,1,"","","","","","","","","","","","","","","","","","","","","","","","","","",7000,1,"","",2,1,2,1,"","","","","","","","","","","","","","","","","","","","","","","","","","","","","","","","","","","","","","","","","","","","","","","","","","","","","","","","","","","","","","","","","",""
"54405001","NANCY-OCHEY",48.581,5.959833,336,1982042321,"","","","",10.,1,340,1,"","","","","","","","","","","","","","","","","","","","","","","","","","","","",7.5,1,2.9,1,"","","","","","","","","","","","","","","","","","","","","","","","","","",74,1,"","","","","","","","","","","","",7.6,1,1020.6,1,"","","","","","","","","","","","","","","","","","","","","","","","","","","","","","","","","","","","","","","","","","","","","","","","","","","","","","","","","","","","","","","","","","","","","","","","","","","","","","","","","","","","","","","","","","","","","","","","","","","","","","","","","","","","","","","","","",""
"54405001","NANCY-OCHEY",48.581,5.959833,336,1982042400,"","","","",8.,1,340,1,"","","","","","","","","","","","","","","","","","","","","","","","","","","","",5.1,1,0.,1,"","","","","","","","","","","","","","","","","","","","","","","","","","",70,1,"","","","","","","","","","","","",6.1,1,1021.8,1,"","","","","","","","","","","","","","","","","","","","","","","","","","","","","","","","","","","","","","","","","","","","","","","","","","","","","","","","","","","","","","","","","","","","","","","","","","","","","","","","","","","","","","","","","","","","","","","","","","","","","","","","","","","","","","","","","",""
"54405001","NANCY-OCHEY",48.581,5.959833,336,1982042403,"","","","",4.,1,360,1,"","","","","","","","","","","","","","","","","","","","","","","","","","","","",2.3,1,-0.9,1,"","","","","","","","","","","","","","","","","","","","","","","","","","",80,1,"","","","","","","","","","","","",5.7,1,1022.6,1,"","","","","","","","","","","","","","","","","","","","","","","","","","","","","","","","","","","","","","","","","","","","","","","","","","","","","","","","","","","","","","","","","","","","","","","","","","","","","","","","","","","","","","","","","","","","","","","","","","","","","","","","","","","","","","","","","",""
"54405001","NANCY-OCHEY",48.581,5.959833,336,1982042406,"","","","",5.,1,340,1,"","","","","","","","","","","","","","","","","","","","","","","","","","","","",2.6,1,-0.2,1,"","","","","","","","","","","","","","","","","","","","","","","","","","",82,1,"","","","","","","","","","","","",6.,1,1023.6,1,"","","","","","",6,1,5,1,5,1,3,1,0,1,"","","","","","","","","","","","","","","","","","","","","","","","",15000,1,"","",3,1,2,1,"","",0,1,"","","","","","","","","","","","","","","","","","","","","","","","","","","","","","","","","","","","","","","","","","","","","","","","","","","","","","","","","","","","","",""
"54405001","NANCY-OCHEY",48.581,5.959833,336,1982042409,"","","","",7.,1,360,1,"","","","","","","","","","","","","","","","","","","","","","","","","","","","",4.4,1,0.8,1,"","","","","","","","","","","","","","","","","","","","","","","","","","",78,1,"","","","","","","","","","","","",6.5,1,1024.3,1,"","","","","","",7,1,7,1,8,1,7,1,"","","","","","","","","","","","","","","","","","","","","","","","","","",15000,1,"","",27,1,8,1,"","","","","","","","","","","","","","","","","","","","","","","","","","","","","","","","","","","","","","","","","","","","","","","","","","","","","","","","","","","","","","","","","",""
"54405001","NANCY-OCHEY",48.581,5.959833,336,1982042412,"","","","",6.,1,360,1,"","","","","","","","","","","","","","","","","","","","","","","","","","","","",3.1,1,2.4,1,"","","","","","","","","","","","","","","","","","","","","","","","","","",96,1,"","","","","","","","","","","","",7.3,1,1025.4,1,"","","","","","",8,1,0,1,8,1,"","","","","","","","","","","","","","","","","","","","","","","","","","","","",4500,1,"","",23,1,8,1,"","","","","","","","","","","","","","","","","","","","","","","","","","","","","","","","","","","","","","","","","","","","","","","","","","","","","","","","","","","","","","","","","",""
"54405001","NANCY-OCHEY",48.581,5.959833,336,1982042415,"","","","",6.,1,20,1,"","","","","","","","","","","","","","","","","","","","","","","","","","","","",3.8,1,2.5,1,"","","","","","","","","","","","","","","","","","","","","","","","","","",93,1,"","","","","","","","","","","","",7.4,1,1025.9,1,"","","","","","","","","","","","","","","","","","","","","","","","","","","","","","","","","","","","","","","","","","","","","","","","","","","","","","","","","","","","","","","","","","","","","","","","","","","","","","","","","","","","","","","","","","","","","","","","","","","","","","","","","","","","","","","","","",""
"54405001","NANCY-OCHEY",48.581,5.959833,336,1982042418,"","","","",5.,1,20,1,"","","","","","","","","","","","","","","","","","","","","","","","","","","","",5.4,1,3.1,1,"","","","","","","","","","","","","","","","","","","","","","","","","","",86,1,"","","","","","","","","","","","",7.7,1,1026.1,1,"","","","","","","","","","","","","","","","","","","","","","","","","","","","","","","","","","","","","","","","","","","","","","","","","","","","","","","","","","","","","","","","","","","","","","","","","","","","","","","","","","","","","","","","","","","","","","","","","","","","","","","","","","","","","","","","","",""
"54405001","NANCY-OCHEY",48.581,5.959833,336,1982042421,"","","","",2.,1,20,1,"","","","","","","","","","","","","","","","","","","","","","","","","","","","",4.9,1,1.2,1,"","","","","","","","","","","","","","","","","","","","","","","","","","",78,1,"","","","","","","","","","","","",6.7,1,1028.1,1,"","","","","","","","","","","","","","","","","","","","","","","","","","","","","","","","","","","","","","","","","","","","","","","","","","","","","","","","","","","","","","","","","","","","","","","","","","","","","","","","","","","","","","","","","","","","","","","","","","","","","","","","","","","","","","","","","",""
"54405001","NANCY-OCHEY",48.581,5.959833,336,1982042500,"","","","",3.,1,360,1,"","","","","","","","","","","","","","","","","","","","","","","","","","","","",4.9,1,2.2,1,"","","","","","","","","","","","","","","","","","","","","","","","","","",84,1,"","","","","","","","","","","","",7.2,1,1028.4,1,"","","","","","","","","","","","","","","","","","","","","","","","","","","","","","","","","","","","","","","","","","","","","","","","","","","","","","","","","","","","","","","","","","","","","","","","","","","","","","","","","","","","","","","","","","","","","","","","","","","","","","","","","","","","","","","","","",""
"54405001","NANCY-OCHEY",48.581,5.959833,336,1982042503,"","","","",2.,1,340,1,"","","","","","","","","","","","","","","","","","","","","","","","","","","","",3.1,1,1.8,1,"","","","","","","","","","","","","","","","","","","","","","","","","","",92,1,"","","","","","","","","","","","",7.,1,1028.7,1,"","","","","","","","","","","","","","","","","","","","","","","","","","","","","","","","","","","","","","","","","","","","","","","","","","","","","","","","","","","","","","","","","","","","","","","","","","","","","","","","","","","","","","","","","","","","","","","","","","","","","","","","","","","","","","","","","",""
"54405001","NANCY-OCHEY",48.581,5.959833,336,1982042506,"","","","",2.,1,340,1,"","","","","","","","","","","","","","","","","","","","","","","","","","","","",2.8,1,1.6,1,"","","","","","","","","","","","","","","","","","","","","","","","","","",92,1,"","","","","","","","","","","","",6.9,1,1028.7,1,"","","","","","",5,1,5,1,5,1,0,1,1,1,"","","","","","","","","","","","","","","","","","","","","","","","",4000,1,"","",10,1,2,1,"","",0,1,"","","","","","","","","","","","","","","","","","","","","","","","","","","","","","","","","","","","","","","","","","","","","","","","","","","","","","","","","","","","","",""
"54405001","NANCY-OCHEY",48.581,5.959833,336,1982042509,"","","","",5.,1,60,1,"","","","","","","","","","","","","","","","","","","","","","","","","","","","",8.4,1,2.9,1,"","","","","","","","","","","","","","","","","","","","","","","","","","",69,1,"","","","","","","","","","","","",7.6,1,1028.7,1,"","","","","","",2,1,0,1,1,1,0,1,0,1,"","","","","","","","","","","","","","","","","","","","","","","","",8000,1,"","",1,1,1,1,"","","","","","","","","","","","","","","","","","","","","","","","","","","","","","","","","","","","","","","","","","","","","","","","","","","","","","","","","","","","","","","","","",""
"54405001","NANCY-OCHEY",48.581,5.959833,336,1982042512,"","","","",8.,1,80,1,"","","","","","","","","","","","","","","","","","","","","","","","","","","","",11.6,1,-1.1,1,"","","","","","","","","","","","","","","","","","","","","","","","","","",41,1,"","","","","","","","","","","","",5.6,1,1028.2,1,"","","","","","",6,1,6,1,4,1,0,1,0,1,"","","","","","","","","","","","","","","","","","","","","","","","",12000,1,"","",1,1,1,1,"","","","","","","","","","","","","","","","","","","","","","","","","","","","","","","","","","","","","","","","","","","","","","","","","","","","","","","","","","","","","","","","","",""
"54405001","NANCY-OCHEY",48.581,5.959833,336,1982042515,"","","","",7.,1,40,1,"","","","","","","","","","","","","","","","","","","","","","","","","","","","",13.1,1,-0.9,1,"","","","","","","","","","","","","","","","","","","","","","","","","","",38,1,"","","","","","","","","","","","",5.7,1,1027.7,1,"","","","","","","","","","","","","","","","","","","","","","","","","","","","","","","","","","","","","","","","","","","","","","","","","","","","","","","","","","","","","","","","","","","","","","","","","","","","","","","","","","","","","","","","","","","","","","","","","","","","","","","","","","","","","","","","","",""
"54405001","NANCY-OCHEY",48.581,5.959833,336,1982042518,"","","","",4.,1,60,1,"","","","","","","","","","","","","","","","","","","","","","","","","","","","",12.,1,-0.9,1,"","","","","","","","","","","","","","","","","","","","","","","","","","",41,1,"","","","","","","","","","","","",5.7,1,1027.2,1,"","","","","","","","","","","","","","","","","","","","","","","","","","","","","","","","","","","","","","","","","","","","","","","","","","","","","","","","","","","","","","","","","","","","","","","","","","","","","","","","","","","","","","","","","","","","","","","","","","","","","","","","","","","","","","","","","",""
"54405001","NANCY-OCHEY",48.581,5.959833,336,1982042521,"","","","",2.,1,40,1,"","","","","","","","","","","","","","","","","","","","","","","","","","","","",8.4,1,-0.4,1,"","","","","","","","","","","","","","","","","","","","","","","","","","",54,1,"","","","","","","","","","","","",5.9,1,1028.4,1,"","","","","","","","","","","","","","","","","","","","","","","","","","","","","","","","","","","","","","","","","","","","","","","","","","","","","","","","","","","","","","","","","","","","","","","","","","","","","","","","","","","","","","","","","","","","","","","","","","","","","","","","","","","","","","","","","",""
"54405001","NANCY-OCHEY",48.581,5.959833,336,1982042600,"","","","",2.,1,60,1,"","","","","","","","","","","","","","","","","","","","","","","","","","","","",5.4,1,-0.2,1,"","","","","","","","","","","","","","","","","","","","","","","","","","",67,1,"","","","","","","","","","","","",6.,1,1029.1,1,"","","","","","","","","","","","","","","","","","","","","","","","","","","","","","","","","","","","","","","","","","","","","","","","","","","","","","","","","","","","","","","","","","","","","","","","","","","","","","","","","","","","","","","","","","","","","","","","","","","","","","","","","","","","","","","","","",""
"54405001","NANCY-OCHEY",48.581,5.959833,336,1982042603,"","","","",2.,1,40,1,"","","","","","","","","","","","","","","","","","","","","","","","","","","","",3.4,1,0.,1,"","","","","","","","","","","","","","","","","","","","","","","","","","",79,1,"","","","","","","","","","","","",6.1,1,1029.1,1,"","","","","","","","","","","","","","","","","","","","","","","","","","","","","","","","","","","","","","","","","","","","","","","","","","","","","","","","","","","","","","","","","","","","","","","","","","","","","","","","","","","","","","","","","","","","","","","","","","","","","","","","","","","","","","","","","",""
"54405001","NANCY-OCHEY",48.581,5.959833,336,1982042606,"","","","",1.,1,340,1,"","","","","","","","","","","","","","","","","","","","","","","","","","","","",3.2,1,1.,1,"","","","","","","","","","","","","","","","","","","","","","","","","","",86,1,"","","","","","","","","","","","",6.6,1,1029.1,1,"","","","","","",6,1,6,1,0,1,3,1,1,1,"","","","","","","","","","","","","","","","","","","","","","","","",5000,1,"","",1,1,1,1,"","",0,1,"","","","","","","","","","","","","","","","","","","","","","","","","","","","","","","","","","","","","","","","","","","","","","","","","","","","","","","","","","","","","",""
"54405001","NANCY-OCHEY",48.581,5.959833,336,1982042609,"","","","",5.,1,40,1,"","","","","","","","","","","","","","","","","","","","","","","","","","","","",9.9,1,1.2,1,"","","","","","","","","","","","","","","","","","","","","","","","","","",55,1,"","","","","","","","","","","","",6.7,1,1028.,1,"","","","","","",6,1,6,1,1,1,3,1,2,1,"","","","","","","","","","","","","","","","","","","","","","","","",12000,1,"","",3,1,1,1,"","","","","","","","","","","","","","","","","","","","","","","","","","","","","","","","","","","","","","","","","","","","","","","","","","","","","","","","","","","","","","","","","",""
"54405001","NANCY-OCHEY",48.581,5.959833,336,1982042612,"","","","",9.,1,20,1,"","","","","","","","","","","","","","","","","","","","","","","","","","","","",11.6,1,3.1,1,"","","","","","","","","","","","","","","","","","","","","","","","","","",57,1,"","","","","","","","","","","","",7.7,1,1027.3,1,"","","","","","",7,1,6,1,4,1,"","","","","","","","","","","","","","","","","","","","","","","","","","","","",20000,1,"","",3,1,2,1,"","","","","","","","","","","","","","","","","","","","","","","","","","","","","","","","","","","","","","","","","","","","","","","","","","","","","","","","","","","","","","","","","",""
"54405001","NANCY-OCHEY",48.581,5.959833,336,1982042615,"","","","",6.,1,20,1,"","","","","","","","","","","","","","","","","","","","","","","","","","","","",9.8,1,4.1,1,"","","","","","","","","","","","","","","","","","","","","","","","","","",68,1,"","","","","","","","","","","","",8.3,1,1027.,1,"","","","","","",7,1,7,1,5,1,"","","","","","","","","","","","","","","","","","","","","","","","","","","","",20000,1,"","",3,1,2,1,"","","","","","","","","","","","","","","","","","","","","","","","","","","","","","","","","","","","","","","","","","","","","","","","","","","","","","","","","","","","","","","","","",""
"54405001","NANCY-OCHEY",48.581,5.959833,336,1982042618,"","","","",6.,1,360,1,"","","","","","","","","","","","","","","","","","","","","","","","","","","","",9.4,1,4.,1,"","","","","","","","","","","","","","","","","","","","","","","","","","",69,1,"","","","","","","","","","","","",8.2,1,1026.,1,"","","","","","",7,1,6,1,5,1,"","","","","","","","","","","","","","","","","","","","","","","","","","","","",18000,1,"","",1,1,2,1,"","","","","","","","","","","","","","","","","","","","","","","","","","","","","","","","","","","","","","","","","","","","","","","","","","","","","","","","","","","","","","","","","",""
"54405001","NANCY-OCHEY",48.581,5.959833,336,1982042621,"","","","",5.,1,340,1,"","","","","","","","","","","","","","","","","","","","","","","","","","","","",7.7,1,4.5,1,"","","","","","","","","","","","","","","","","","","","","","","","","","",81,1,"","","","","","","","","","","","",8.5,1,1026.7,1,"","","","","","","","","","","","","","","","","","","","","","","","","","","","","","","","","","","","","","","","","","","","","","","","","","","","","","","","","","","","","","","","","","","","","","","","","","","","","","","","","","","","","","","","","","","","","","","","","","","","","","","","","","","","","","","","","",""
"54405001","NANCY-OCHEY",48.581,5.959833,336,1982042700,"","","","",3.,1,360,1,"","","","","","","","","","","","","","","","","","","","","","","","","","","","",4.5,1,2.7,1,"","","","","","","","","","","","","","","","","","","","","","","","","","",90,1,"","","","","","","","","","","","",7.5,1,1027.4,1,"","","","","","","","","","","","","","","","","","","","","","","","","","","","","","","","","","","","","","","","","","","","","","","","","","","","","","","","","","","","","","","","","","","","","","","","","","","","","","","","","","","","","","","","","","","","","","","","","","","","","","","","","","","","","","","","","",""
"54405001","NANCY-OCHEY",48.581,5.959833,336,1982042703,"","","","",4.,1,20,1,"","","","","","","","","","","","","","","","","","","","","","","","","","","","",2.2,1,1.,1,"","","","","","","","","","","","","","","","","","","","","","","","","","",93,1,"","","","","","","","","","","","",6.6,1,1027.3,1,"","","","","","","","","","","","","","","","","","","","","","","","","","","","","","","","","","","","","","","","","","","","","","","","","","","","","","","","","","","","","","","","","","","","","","","","","","","","","","","","","","","","","","","","","","","","","","","","","","","","","","","","","","","","","","","","","",""
"54405001","NANCY-OCHEY",48.581,5.959833,336,1982042706,"","","","",3.,1,60,1,"","","","","","","","","","","","","","","","","","","","","","","","","","","","",3.5,1,0.6,1,"","","","","","","","","","","","","","","","","","","","","","","","","","",82,1,"","","","","","","","","","","","",6.4,1,1027.4,1,"","","","","","",7,1,7,1,5,1,"","","","","","","","","","","","","","","","","","","","","","","","","","","","",7000,1,"","",3,1,1,1,"","",0,1,"","","","","","","","","","","","","","","","","","","","","","","","","","","","","","","","","","","","","","","","","","","","","","","","","","","","","","","","","","","","","",""
"54405001","NANCY-OCHEY",48.581,5.959833,336,1982042709,"","","","",7.,1,20,1,"","","","","","","","","","","","","","","","","","","","","","","","","","","","",7.4,1,0.4,1,"","","","","","","","","","","","","","","","","","","","","","","","","","",61,1,"","","","","","","","","","","","",6.3,1,1026.9,1,"","","","","","",6,1,6,1,5,1,0,1,0,1,"","","","","","","","","","","","","","","","","","","","","","","","",10000,1,"","",2,1,2,1,"","","","","","","","","","","","","","","","","","","","","","","","","","","","","","","","","","","","","","","","","","","","","","","","","","","","","","","","","","","","","","","","","",""
"54405001","NANCY-OCHEY",48.581,5.959833,336,1982042712,"","","","",4.,1,20,1,"","","","","","","","","","","","","","","","","","","","","","","","","","","","",11.7,1,1.,1,"","","","","","","","","","","","","","","","","","","","","","","","","","",48,1,"","","","","","","","","","","","",6.6,1,1025.7,1,"","","","","","",1,1,0,1,1,1,0,1,0,1,"","","","","","","","","","","","","","","","","","","","","","","","",13000,1,"","",1,1,1,1,"","","","","","","","","","","","","","","","","","","","","","","","","","","","","","","","","","","","","","","","","","","","","","","","","","","","","","","","","","","","","","","","","",""
"54405001","NANCY-OCHEY",48.581,5.959833,336,1982042715,"","","","",6.,1,40,1,"","","","","","","","","","","","","","","","","","","","","","","","","","","","",14.2,1,1.,1,"","","","","","","","","","","","","","","","","","","","","","","","","","",41,1,"","","","","","","","","","","","",6.6,1,1023.8,1,"","","","","","",1,1,0,1,1,1,0,1,0,1,"","","","","","","","","","","","","","","","","","","","","","","","",14000,1,"","",2,1,0,1,"","","","","","","","","","","","","","","","","","","","","","","","","","","","","","","","","","","","","","","","","","","","","","","","","","","","","","","","","","","","","","","","","",""
"54405001","NANCY-OCHEY",48.581,5.959833,336,1982042718,"","","","",6.,1,360,1,"","","","","","","","","","","","","","","","","","","","","","","","","","","","",12.8,1,1.4,1,"","","","","","","","","","","","","","","","","","","","","","","","","","",46,1,"","","","","","","","","","","","",6.8,1,1023.6,1,"","","","","","",1,1,0,1,0,1,0,1,1,1,"","","","","","","","","","","","","","","","","","","","","","","","",15000,1,"","",2,1,0,1,"","","","","","","","","","","","","","","","","","","","","","","","","","","","","","","","","","","","","","","","","","","","","","","","","","","","","","","","","","","","","","","","","",""
"54405001","NANCY-OCHEY",48.581,5.959833,336,1982042721,"","","","",6.,1,360,1,"","","","","","","","","","","","","","","","","","","","","","","","","","","","",7.8,1,2.5,1,"","","","","","","","","","","","","","","","","","","","","","","","","","",70,1,"","","","","","","","","","","","",7.4,1,1025.4,1,"","","","","","","","","","","","","","","","","","","","","","","","","","","","","","","","","","","","","","","","","","","","","","","","","","","","","","","","","","","","","","","","","","","","","","","","","","","","","","","","","","","","","","","","","","","","","","","","","","","","","","","","","","","","","","","","","",""
"54405001","NANCY-OCHEY",48.581,5.959833,336,1982042800,"","","","",3.,1,360,1,"","","","","","","","","","","","","","","","","","","","","","","","","","","","",3.4,1,1.6,1,"","","","","","","","","","","","","","","","","","","","","","","","","","",89,1,"","","","","","","","","","","","",6.9,1,1026.3,1,"","","","","","","","","","","","","","","","","","","","","","","","","","","","","","","","","","","","","","","","","","","","","","","","","","","","","","","","","","","","","","","","","","","","","","","","","","","","","","","","","","","","","","","","","","","","","","","","","","","","","","","","","","","","","","","","","",""
"54405001","NANCY-OCHEY",48.581,5.959833,336,1982042803,"","","","",1.,1,20,1,"","","","","","","","","","","","","","","","","","","","","","","","","","","","",1.4,1,0.1,1,"","","","","","","","","","","","","","","","","","","","","","","","","","",92,1,"","","","","","","","","","","","",6.2,1,1025.9,1,"","","","","","","","","","","","","","","","","","","","","","","","","","","","","","","","","","","","","","","","","","","","","","","","","","","","","","","","","","","","","","","","","","","","","","","","","","","","","","","","","","","","","","","","","","","","","","","","","","","","","","","","","","","","","","","","","",""
"54405001","NANCY-OCHEY",48.581,5.959833,336,1982042806,"","","","",2.,1,340,1,"","","","","","","","","","","","","","","","","","","","","","","","","","","","",2.,1,1.,1,"","","","","","","","","","","","","","","","","","","","","","","","","","",94,1,"","","","","","","","","","","","",6.6,1,1025.6,1,"","","","","","",2,1,0,1,0,1,0,1,1,1,"","","","","","","","","","","","","","","","","","","","","","","","",1800,1,"","",10,1,0,1,"","",0,1,"","","","","","","","","","","","","","","","","","","","","","","","","","","","","","","","","","","","","","","","","","","","","","","","","","","","","","","","","","","","","",""
"54405001","NANCY-OCHEY",48.581,5.959833,336,1982042809,"","","","",3.,1,20,1,"","","","","","","","","","","","","","","","","","","","","","","","","","","","",8.8,1,3.4,1,"","","","","","","","","","","","","","","","","","","","","","","","","","",70,1,"","","","","","","","","","","","",7.9,1,1024.3,1,"","","","","","",1,1,0,1,1,1,0,1,0,1,"","","","","","","","","","","","","","","","","","","","","","","","",5000,1,"","",3,1,0,1,"","","","","","","","","","","","","","","","","","","","","","","","","","","","","","","","","","","","","","","","","","","","","","","","","","","","","","","","","","","","","","","","","",""
"54405001","NANCY-OCHEY",48.581,5.959833,336,1982042812,"","","","",5.,1,20,1,"","","","","","","","","","","","","","","","","","","","","","","","","","","","",12.,1,2.5,1,"","","","","","","","","","","","","","","","","","","","","","","","","","",53,1,"","","","","","","","","","","","",7.4,1,1023.1,1,"","","","","","",6,1,6,1,5,1,0,1,0,1,"","","","","","","","","","","","","","","","","","","","","","","","",7000,1,"","",3,1,1,1,"","","","","","","","","","","","","","","","","","","","","","","","","","","","","","","","","","","","","","","","","","","","","","","","","","","","","","","","","","","","","","","","","",""
"54405001","NANCY-OCHEY",48.581,5.959833,336,1982042815,"","","","",6.,1,360,1,"","","","","","","","","","","","","","","","","","","","","","","","","","","","",9.8,1,2.4,1,"","","","","","","","","","","","","","","","","","","","","","","","","","",60,1,"","","","","","","","","","","","",7.3,1,1022.9,1,"","","","","","",7,1,7,1,8,1,"","","","","","","","","","","","","","","","","","","","","","","","","","","","",7000,1,"","",2,1,2,1,"","","","","","","","","","","","","","","","","","","","","","","","","","","","","","","","","","","","","","","","","","","","","","","","","","","","","","","","","","","","","","","","","",""
"54405001","NANCY-OCHEY",48.581,5.959833,336,1982042818,"","","","",5.,1,40,1,"","","","","","","","","","","","","","","","","","","","","","","","","","","","",9.5,1,0.8,1,"","","","","","","","","","","","","","","","","","","","","","","","","","",54,1,"","","","","","","","","","","","",6.5,1,1022.8,1,"","","","","","",7,1,7,1,5,1,"","","","","","","","","","","","","","","","","","","","","","","","","","","","",9000,1,"","",2,1,2,1,"","","","","","","","","","","","","","","","","","","","","","","","","","","","","","","","","","","","","","","","","","","","","","","","","","","","","","","","","","","","","","","","","",""
"54405001","NANCY-OCHEY",48.581,5.959833,336,1982042821,"","","","",0.,1,0,1,"","","","","","","","","","","","","","","","","","","","","","","","","","","","",6.4,1,1.8,1,"","","","","","","","","","","","","","","","","","","","","","","","","","",73,1,"","","","","","","","","","","","",7.,1,1023.,1,"","","","","","","","","","","","","","","","","","","","","","","","","","","","","","","","","","","","","","","","","","","","","","","","","","","","","","","","","","","","","","","","","","","","","","","","","","","","","","","","","","","","","","","","","","","","","","","","","","","","","","","","","","","","","","","","","",""
"54405001","NANCY-OCHEY",48.581,5.959833,336,1982042900,"","","","",1.,1,200,1,"","","","","","","","","","","","","","","","","","","","","","","","","","","","",3.7,1,1.2,1,"","","","","","","","","","","","","","","","","","","","","","","","","","",85,1,"","","","","","","","","","","","",6.7,1,1022.2,1,"","","","","","","","","","","","","","","","","","","","","","","","","","","","","","","","","","","","","","","","","","","","","","","","","","","","","","","","","","","","","","","","","","","","","","","","","","","","","","","","","","","","","","","","","","","","","","","","","","","","","","","","","","","","","","","","","",""
"54405001","NANCY-OCHEY",48.581,5.959833,336,1982042903,"","","","",3.,1,220,1,"","","","","","","","","","","","","","","","","","","","","","","","","","","","",4.8,1,2.4,1,"","","","","","","","","","","","","","","","","","","","","","","","","","",85,1,"","","","","","","","","","","","",7.3,1,1020.9,1,"","","","","","","","","","","","","","","","","","","","","","","","","","","","","","","","","","","","","","","","","","","","","","","","","","","","","","","","","","","","","","","","","","","","","","","","","","","","","","","","","","","","","","","","","","","","","","","","","","","","","","","","","","","","","","","","","",""
"54405001","NANCY-OCHEY",48.581,5.959833,336,1982042906,"","","","",3.,1,220,1,"","","","","","","","","","","","","","","","","","","","","","","","","","","","",5.7,1,1.2,1,"","","","","","","","","","","","","","","","","","","","","","","","","","",73,1,"","","","","","","","","","","","",6.7,1,1019.3,1,"","","","","","",7,1,7,1,5,1,"","","","","","","","","","","","","","","","","","","","","","","","","","","","",6000,1,"","",2,1,2,1,"","",0,1,"","","","","","","","","","","","","","","","","","","","","","","","","","","","","","","","","","","","","","","","","","","","","","","","","","","","","","","","","","","","","",""
"54405001","NANCY-OCHEY",48.581,5.959833,336,1982042909,"","","","",5.,1,280,1,"","","","","","","","","","","","","","","","","","","","","","","","","","","","",7.8,1,3.8,1,"","","","","","","","","","","","","","","","","","","","","","","","","","",77,1,"","","","","","","","","","","","",8.1,1,1018.7,1,"","","","","","",8,1,8,1,5,1,"","","","","","","","","","","","","","","","","","","","","","","","","","","","",5000,1,"","",3,1,2,1,"","","","","","","","","","","","","","","","","","","","","","","","","","","","","","","","","","","","","","","","","","","","","","","","","","","","","","","","","","","","","","","","","",""
"54405001","NANCY-OCHEY",48.581,5.959833,336,1982042912,"","","","",9.,1,280,1,"","","","","","","","","","","","","","","","","","","","","","","","","","","","",9.8,1,4.6,1,"","","","","","","","","","","","","","","","","","","","","","","","","","",71,1,"","","","","","","","","","","","",8.6,1,1015.9,1,"","","","","","",8,1,7,1,5,1,"","","","","","","","","","","","","","","","","","","","","","","","","","","","",6000,1,"","",3,1,2,1,"","","","","","","","","","","","","","","","","","","","","","","","","","","","","","","","","","","","","","","","","","","","","","","","","","","","","","","","","","","","","","","","","",""
"54405001","NANCY-OCHEY",48.581,5.959833,336,1982042915,"","","","",9.,1,300,1,"","","","","","","","","","","","","","","","","","","","","","","","","","","","",9.8,1,5.1,1,"","","","","","","","","","","","","","","","","","","","","","","","","","",74,1,"","","","","","","","","","","","",8.9,1,1014.1,1,"","","","","","",8,1,8,1,8,1,"","","","","","","","","","","","","","","","","","","","","","","","","","","","",4500,1,"","",10,1,6,1,"","","","","","","","","","","","","","","","","","","","","","","","","","","","","","","","","","","","","","","","","","","","","","","","","","","","","","","","","","","","","","","","","",""
"54405001","NANCY-OCHEY",48.581,5.959833,336,1982042918,"","","","",6.,1,320,1,"","","","","","","","","","","","","","","","","","","","","","","","","","","","",6.8,1,3.1,1,"","","","","","","","","","","","","","","","","","","","","","","","","","",77,1,"","","","","","","","","","","","",7.7,1,1014.9,1,"","","","","","",7,1,7,1,5,1,7,1,"","","","","","","","","","","","","","","","","","","","","","","","","","",9000,1,"","",3,1,6,1,"","","","","","","","","","","","","","","","","","","","","","","","","","","","","","","","","","","","","","","","","","","","","","","","","","","","","","","","","","","","","","","","","",""
"54405001","NANCY-OCHEY",48.581,5.959833,336,1982042921,"","","","",6.,1,360,1,"","","","","","","","","","","","","","","","","","","","","","","","","","","","",2.9,1,1.6,1,"","","","","","","","","","","","","","","","","","","","","","","","","","",92,1,"","","","","","","","","","","","",6.9,1,1018.4,1,"","","","","","","","","","","","","","","","","","","","","","","","","","","","","","","","","","","","","","","","","","","","","","","","","","","","","","","","","","","","","","","","","","","","","","","","","","","","","","","","","","","","","","","","","","","","","","","","","","","","","","","","","","","","","","","","","",""
"54405001","NANCY-OCHEY",48.581,5.959833,336,1982043000,"","","","",3.,1,320,1,"","","","","","","","","","","","","","","","","","","","","","","","","","","","",1.,1,0.,1,"","","","","","","","","","","","","","","","","","","","","","","","","","",94,1,"","","","","","","","","","","","",6.1,1,1020.,1,"","","","","","","","","","","","","","","","","","","","","","","","","","","","","","","","","","","","","","","","","","","","","","","","","","","","","","","","","","","","","","","","","","","","","","","","","","","","","","","","","","","","","","","","","","","","","","","","","","","","","","","","","","","","","","","","","",""
"54405001","NANCY-OCHEY",48.581,5.959833,336,1982043003,"","","","",2.,1,320,1,"","","","","","","","","","","","","","","","","","","","","","","","","","","","",-0.2,1,-1.1,1,"","","","","","","","","","","","","","","","","","","","","","","","","","",94,1,"","","","","","","","","","","","",5.6,1,1021.3,1,"","","","","","","","","","","","","","","","","","","","","","","","","","","","","","","","","","","","","","","","","","","","","","","","","","","","","","","","","","","","","","","","","","","","","","","","","","","","","","","","","","","","","","","","","","","","","","","","","","","","","","","","","","","","","","","","","",""
"54405001","NANCY-OCHEY",48.581,5.959833,336,1982043006,"","","","",1.,1,340,1,"","","","","","","","","","","","","","","","","","","","","","","","","","","","",0.,1,-0.9,1,"","","","","","","","","","","","","","","","","","","","","","","","","","",93,1,"","","","","","","","","","","","",5.7,1,1022.6,1,"","","","","","",5,1,5,1,0,1,0,1,1,1,"","","","","","","","","","","","","","","","","","","","","","","","",6000,1,"","",2,1,2,1,"","",0,1,"","","","","","","","","","","","","","","","","","","","","","","","","","","","","","","","","","","","","","","","","","","","","","","","","","","","","","","","","","","","","",""
"54405001","NANCY-OCHEY",48.581,5.959833,336,1982043009,"","","","",5.,1,360,1,"","","","","","","","","","","","","","","","","","","","","","","","","","","","",4.2,1,1.4,1,"","","","","","","","","","","","","","","","","","","","","","","","","","",83,1,"","","","","","","","","","","","",6.8,1,1023.,1,"","","","","","",6,1,5,1,2,1,0,1,1,1,"","","","","","","","","","","","","","","","","","","","","","","","",20000,1,"","",1,1,1,1,"","","","","","","","","","","","","","","","","","","","","","","","","","","","","","","","","","","","","","","","","","","","","","","","","","","","","","","","","","","","","","","","","",""
"54405001","NANCY-OCHEY",48.581,5.959833,336,1982043012,"","","","",5.,1,360,1,"","","","","","","","","","","","","","","","","","","","","","","","","","","","",6.8,1,-2.3,1,"","","","","","","","","","","","","","","","","","","","","","","","","","",52,1,"","","","","","","","","","","","",5.1,1,1022.6,1,"","","","","","",6,1,5,1,2,1,0,1,1,1,"","","","","","","","","","","","","","","","","","","","","","","","",20000,1,"","",1,1,2,1,"","","","","","","","","","","","","","","","","","","","","","","","","","","","","","","","","","","","","","","","","","","","","","","","","","","","","","","","","","","","","","","","","",""
"54405001","NANCY-OCHEY",48.581,5.959833,336,1982043015,"","","","",3.,1,360,1,"","","","","","","","","","","","","","","","","","","","","","","","","","","","",8.6,1,-2.9,1,"","","","","","","","","","","","","","","","","","","","","","","","","","",44,1,"","","","","","","","","","","","",4.9,1,1021.9,1,"","","","","","",5,1,0,1,4,1,0,1,1,1,"","","","","","","","","","","","","","","","","","","","","","","","",25000,1,"","",1,1,2,1,"","","","","","","","","","","","","","","","","","","","","","","","","","","","","","","","","","","","","","","","","","","","","","","","","","","","","","","","","","","","","","","","","",""
"54405001","NANCY-OCHEY",48.581,5.959833,336,1982043018,"","","","",3.,1,280,1,"","","","","","","","","","","","","","","","","","","","","","","","","","","","",7.7,1,-0.6,1,"","","","","","","","","","","","","","","","","","","","","","","","","","",55,1,"","","","","","","","","","","","",5.8,1,1021.6,1,"","","","","","",7,1,7,1,4,1,7,1,"","","","","","","","","","","","","","","","","","","","","","","","","","",18000,1,"","",3,1,2,1,"","","","","","","","","","","","","","","","","","","","","","","","","","","","","","","","","","","","","","","","","","","","","","","","","","","","","","","","","","","","","","","","","",""
"54405001","NANCY-OCHEY",48.581,5.959833,336,1982043021,"","","","",4.,1,240,1,"","","","","","","","","","","","","","","","","","","","","","","","","","","","",6.3,1,0.,1,"","","","","","","","","","","","","","","","","","","","","","","","","","",64,1,"","","","","","","","","","","","",6.1,1,1022.,1,"","","","","","","","","","","","","","","","","","","","","","","","","","","","","","","","","","","","","","","","","","","","","","","","","","","","","","","","","","","","","","","","","","","","","","","","","","","","","","","","","","","","","","","","","","","","","","","","","","","","","","","","","","","","","","","","","",""
"54405001","NANCY-OCHEY",48.581,5.959833,336,1982050100,"","","","",5.,1,220,1,"","","","","","","","","","","","","","","","","","","","","","","","","","","","",6.2,1,0.4,1,"","","","","","","","","","","","","","","","","","","","","","","","","","",67,1,"","","","","","","","","","","","",6.3,1,1021.4,1,"","","","","","","","","","","","","","","","","","","","","","","","","","","","","","","","","","","","","","","","","","","","","","","","","","","","","","","","","","","","","","","","","","","","","","","","","","","","","","","","","","","","","","","","","","","","","","","","","","","","","","","","","","","","","","","","","",""
"54405001","NANCY-OCHEY",48.581,5.959833,336,1982050103,"","","","",5.,1,240,1,"","","","","","","","","","","","","","","","","","","","","","","","","","","","",6.5,1,1.2,1,"","","","","","","","","","","","","","","","","","","","","","","","","","",70,1,"","","","","","","","","","","","",6.7,1,1020.3,1,"","","","","","","","","","","","","","","","","","","","","","","","","","","","","","","","","","","","","","","","","","","","","","","","","","","","","","","","","","","","","","","","","","","","","","","","","","","","","","","","","","","","","","","","","","","","","","","","","","","","","","","","","","","","","","","","","",""
"54405001","NANCY-OCHEY",48.581,5.959833,336,1982050106,"","","","",6.,1,220,1,"","","","","","","","","","","","","","","","","","","","","","","","","","","","",6.8,1,2.5,1,"","","","","","","","","","","","","","","","","","","","","","","","","","",75,1,"","","","","","","","","","","","",7.4,1,1019.9,1,"","","","","","",7,1,7,1,5,1,"","","","","","","","","","","","","","","","","","","","","","","","","","","","",12000,1,"","",2,1,2,1,"","",0,1,"","","","","","","","","","","","","","","","","","","","","","","","","","","","","","","","","","","","","","","","","","","","","","","","","","","","","","","","","","","","","",""
"54405001","NANCY-OCHEY",48.581,5.959833,336,1982050109,"","","","",7.,1,260,1,"","","","","","","","","","","","","","","","","","","","","","","","","","","","",9.,1,3.3,1,"","","","","","","","","","","","","","","","","","","","","","","","","","",68,1,"","","","","","","","","","","","",7.8,1,1019.2,1,"","","","","","",8,1,8,1,8,1,"","","","","","","","","","","","","","","","","","","","","","","","","","","","",13000,1,"","",3,1,2,1,"","","","","","","","","","","","","","","","","","","","","","","","","","","","","","","","","","","","","","","","","","","","","","","","","","","","","","","","","","","","","","","","","",""
"54405001","NANCY-OCHEY",48.581,5.959833,336,1982050112,"","","","",9.,1,260,1,"","","","","","","","","","","","","","","","","","","","","","","","","","","","",9.4,1,3.4,1,"","","","","","","","","","","","","","","","","","","","","","","","","","",67,1,"","","","","","","","","","","","",7.9,1,1018.8,1,"","","","","","",8,1,5,1,5,1,"","","","","","","","","","","","","","","","","","","","","","","","","","","","",15000,1,"","",3,1,2,1,"","","","","","","","","","","","","","","","","","","","","","","","","","","","","","","","","","","","","","","","","","","","","","","","","","","","","","","","","","","","","","","","","",""
"54405001","NANCY-OCHEY",48.581,5.959833,336,1982050115,"","","","",8.,1,260,1,"","","","","","","","","","","","","","","","","","","","","","","","","","","","",9.5,1,4.3,1,"","","","","","","","","","","","","","","","","","","","","","","","","","",71,1,"","","","","","","","","","","","",8.4,1,1018.4,1,"","","","","","","","","","","","","","","","","","","","","","","","","","","","","","","","","","","","","","","","","","","","","","","","","","","","","","","","","","","","","","","","","","","","","","","","","","","","","","","","","","","","","","","","","","","","","","","","","","","","","","","","","","","","","","","","","",""
"54405001","NANCY-OCHEY",48.581,5.959833,336,1982050118,"","","","",9.,1,260,1,"","","","","","","","","","","","","","","","","","","","","","","","","","","","",9.3,1,4.5,1,"","","","","","","","","","","","","","","","","","","","","","","","","","",73,1,"","","","","","","","","","","","",8.5,1,1018.2,1,"","","","","","","","","","","","","","","","","","","","","","","","","","","","","","","","","","","","","","","","","","","","","","","","","","","","","","","","","","","","","","","","","","","","","","","","","","","","","","","","","","","","","","","","","","","","","","","","","","","","","","","","","","","","","","","","","",""
"54405001","NANCY-OCHEY",48.581,5.959833,336,1982050121,"","","","",3.,1,220,1,"","","","","","","","","","","","","","","","","","","","","","","","","","","","",5.8,1,3.6,1,"","","","","","","","","","","","","","","","","","","","","","","","","","",87,1,"","","","","","","","","","","","",8.,1,1021.2,1,"","","","","","","","","","","","","","","","","","","","","","","","","","","","","","","","","","","","","","","","","","","","","","","","","","","","","","","","","","","","","","","","","","","","","","","","","","","","","","","","","","","","","","","","","","","","","","","","","","","","","","","","","","","","","","","","","",""
"54405001","NANCY-OCHEY",48.581,5.959833,336,1982050200,"","","","",2.,1,220,1,"","","","","","","","","","","","","","","","","","","","","","","","","","","","",3.9,1,2.4,1,"","","","","","","","","","","","","","","","","","","","","","","","","","",91,1,"","","","","","","","","","","","",7.3,1,1022.7,1,"","","","","","","","","","","","","","","","","","","","","","","","","","","","","","","","","","","","","","","","","","","","","","","","","","","","","","","","","","","","","","","","","","","","","","","","","","","","","","","","","","","","","","","","","","","","","","","","","","","","","","","","","","","","","","","","","",""
"54405001","NANCY-OCHEY",48.581,5.959833,336,1982050203,"","","","",2.,1,220,1,"","","","","","","","","","","","","","","","","","","","","","","","","","","","",3.7,1,2.4,1,"","","","","","","","","","","","","","","","","","","","","","","","","","",92,1,"","","","","","","","","","","","",7.3,1,1022.8,1,"","","","","","","","","","","","","","","","","","","","","","","","","","","","","","","","","","","","","","","","","","","","","","","","","","","","","","","","","","","","","","","","","","","","","","","","","","","","","","","","","","","","","","","","","","","","","","","","","","","","","","","","","","","","","","","","","",""
"54405001","NANCY-OCHEY",48.581,5.959833,336,1982050206,"","","","",2.,1,240,1,"","","","","","","","","","","","","","","","","","","","","","","","","","","","",3.9,1,2.7,1,"","","","","","","","","","","","","","","","","","","","","","","","","","",93,1,"","","","","","","","","","","","",7.5,1,1023.5,1,"","","","","","",7,1,7,1,5,1,"","","","","","","","","","","","","","","","","","","","","","","","","","","","",12000,1,"","",2,1,2,1,"","",0,1,"","","","","","","","","","","","","","","","","","","","","","","","","","","","","","","","","","","","","","","","","","","","","","","","","","","","","","","","","","","","","",""
"54405001","NANCY-OCHEY",48.581,5.959833,336,1982050209,"","","","",3.,1,40,1,"","","","","","","","","","","","","","","","","","","","","","","","","","","","",6.7,1,1.2,1,"","","","","","","","","","","","","","","","","","","","","","","","","","",69,1,"","","","","","","","","","","","",6.7,1,1023.7,1,"","","","","","",6,1,5,1,8,1,0,1,0,1,"","","","","","","","","","","","","","","","","","","","","","","","",18000,1,"","",3,1,2,1,"","","","","","","","","","","","","","","","","","","","","","","","","","","","","","","","","","","","","","","","","","","","","","","","","","","","","","","","","","","","","","","","","",""
"54405001","NANCY-OCHEY",48.581,5.959833,336,1982050212,"","","","",4.,1,180,1,"","","","","","","","","","","","","","","","","","","","","","","","","","","","",11.,1,2.2,1,"","","","","","","","","","","","","","","","","","","","","","","","","","",55,1,"","","","","","","","","","","","",7.2,1,1021.8,1,"","","","","","",6,1,5,1,2,1,0,1,1,1,"","","","","","","","","","","","","","","","","","","","","","","","",25000,1,"","",3,1,2,1,"","","","","","","","","","","","","","","","","","","","","","","","","","","","","","","","","","","","","","","","","","","","","","","","","","","","","","","","","","","","","","","","","",""
"54405001","NANCY-OCHEY",48.581,5.959833,336,1982050215,"","","","",4.,1,240,1,"","","","","","","","","","","","","","","","","","","","","","","","","","","","",11.8,1,2.5,1,"","","","","","","","","","","","","","","","","","","","","","","","","","",54,1,"","","","","","","","","","","","",7.4,1,1019.6,1,"","","","","","","","","","","","","","","","","","","","","","","","","","","","","","","","","","","","","","","","","","","","","","","","","","","","","","","","","","","","","","","","","","","","","","","","","","","","","","","","","","","","","","","","","","","","","","","","","","","","","","","","","","","","","","","","","",""
"54405001","NANCY-OCHEY",48.581,5.959833,336,1982050218,"","","","",3.,1,280,1,"","","","","","","","","","","","","","","","","","","","","","","","","","","","",11.3,1,1.8,1,"","","","","","","","","","","","","","","","","","","","","","","","","","",53,1,"","","","","","","","","","","","",7.,1,1017.8,1,"","","","","","","","","","","","","","","","","","","","","","","","","","","","","","","","","","","","","","","","","","","","","","","","","","","","","","","","","","","","","","","","","","","","","","","","","","","","","","","","","","","","","","","","","","","","","","","","","","","","","","","","","","","","","","","","","",""
"54405001","NANCY-OCHEY",48.581,5.959833,336,1982050221,"","","","",3.,1,160,1,"","","","","","","","","","","","","","","","","","","","","","","","","","","","",6.6,1,1.2,1,"","","","","","","","","","","","","","","","","","","","","","","","","","",69,1,"","","","","","","","","","","","",6.7,1,1017.3,1,"","","","","","","","","","","","","","","","","","","","","","","","","","","","","","","","","","","","","","","","","","","","","","","","","","","","","","","","","","","","","","","","","","","","","","","","","","","","","","","","","","","","","","","","","","","","","","","","","","","","","","","","","","","","","","","","","",""
"54405001","NANCY-OCHEY",48.581,5.959833,336,1982050300,"","","","",5.,1,200,1,"","","","","","","","","","","","","","","","","","","","","","","","","","","","",7.7,1,1.,1,"","","","","","","","","","","","","","","","","","","","","","","","","","",63,1,"","","","","","","","","","","","",6.6,1,1015.8,1,"","","","","","","","","","","","","","","","","","","","","","","","","","","","","","","","","","","","","","","","","","","","","","","","","","","","","","","","","","","","","","","","","","","","","","","","","","","","","","","","","","","","","","","","","","","","","","","","","","","","","","","","","","","","","","","","","",""
"54405001","NANCY-OCHEY",48.581,5.959833,336,1982050303,"","","","",8.,1,240,1,"","","","","","","","","","","","","","","","","","","","","","","","","","","","",8.7,1,2.4,1,"","","","","","","","","","","","","","","","","","","","","","","","","","",65,1,"","","","","","","","","","","","",7.3,1,1014.5,1,"","","","","","","","","","","","","","","","","","","","","","","","","","","","","","","","","","","","","","","","","","","","","","","","","","","","","","","","","","","","","","","","","","","","","","","","","","","","","","","","","","","","","","","","","","","","","","","","","","","","","","","","","","","","","","","","","",""
"54405001","NANCY-OCHEY",48.581,5.959833,336,1982050306,"","","","",8.,1,240,1,"","","","","","","","","","","","","","","","","","","","","","","","","","","","",8.3,1,2.4,1,"","","","","","","","","","","","","","","","","","","","","","","","","","",67,1,"","","","","","","","","","","","",7.3,1,1014.,1,"","","","","","",7,1,7,1,5,1,"","","","","","","","","","","","","","","","","","","","","","","","","","","","",20000,1,"","",2,1,2,1,"","",0,1,"","","","","","","","","","","","","","","","","","","","","","","","","","","","","","","","","","","","","","","","","","","","","","","","","","","","","","","","","","","","","",""
"54405001","NANCY-OCHEY",48.581,5.959833,336,1982050309,"","","","",11.,1,240,1,"","","","","","","","","","","","","","","","","","","","","","","","","","","","",11.,1,1.4,1,"","","","","","","","","","","","","","","","","","","","","","","","","","",51,1,"","","","","","","","","","","","",6.8,1,1013.7,1,"","","","","","",7,1,5,1,8,1,"","","","","","","","","","","","","","","","","","","","","","","","","","","","",25000,1,"","",3,1,2,1,"","","","","","","","","","","","","","","","","","","","","","","","","","","","","","","","","","","","","","","","","","","","","","","","","","","","","","","","","","","","","","","","","",""
"54405001","NANCY-OCHEY",48.581,5.959833,336,1982050312,"","","","",12.,1,220,1,"","","","","","","","","","","","","","","","","","","","","","","","","","","","",13.8,1,0.1,1,"","","","","","","","","","","","","","","","","","","","","","","","","","",39,1,"","","","","","","","","","","","",6.2,1,1012.3,1,"","","","","","",7,1,7,1,8,1,"","","","","","","","","","","","","","","","","","","","","","","","","","","","",25000,1,"","",1,1,2,1,"","","","","","","","","","","","","","","","","","","","","","","","","","","","","","","","","","","","","","","","","","","","","","","","","","","","","","","","","","","","","","","","","",""
"54405001","NANCY-OCHEY",48.581,5.959833,336,1982050315,"","","","",10.,1,240,1,"","","","","","","","","","","","","","","","","","","","","","","","","","","","",16.,1,1.4,1,"","","","","","","","","","","","","","","","","","","","","","","","","","",37,1,"","","","","","","","","","","","",6.8,1,1010.4,1,"","","","","","",4,1,0,1,5,1,0,1,0,1,"","","","","","","","","","","","","","","","","","","","","","","","",30000,1,"","",1,1,1,1,"","","","","","","","","","","","","","","","","","","","","","","","","","","","","","","","","","","","","","","","","","","","","","","","","","","","","","","","","","","","","","","","","",""
"54405001","NANCY-OCHEY",48.581,5.959833,336,1982050318,"","","","",9.,1,260,1,"","","","","","","","","","","","","","","","","","","","","","","","","","","","",15.1,1,2.7,1,"","","","","","","","","","","","","","","","","","","","","","","","","","",44,1,"","","","","","","","","","","","",7.5,1,1009.5,1,"","","","","","",0,1,"","",0,1,0,1,0,1,"","","","","","","","","","","","","","","","","","","","","","","","",30000,1,"","",1,1,1,1,"","","","","","","","","","","","","","","","","","","","","","","","","","","","","","","","","","","","","","","","","","","","","","","","","","","","","","","","","","","","","","","","","",""
"54405001","NANCY-OCHEY",48.581,5.959833,336,1982050321,"","","","",3.,1,200,1,"","","","","","","","","","","","","","","","","","","","","","","","","","","","",10.3,1,3.6,1,"","","","","","","","","","","","","","","","","","","","","","","","","","",64,1,"","","","","","","","","","","","",8.,1,1010.5,1,"","","","","","","","","","","","","","","","","","","","","","","","","","","","","","","","","","","","","","","","","","","","","","","","","","","","","","","","","","","","","","","","","","","","","","","","","","","","","","","","","","","","","","","","","","","","","","","","","","","","","","","","","","","","","","","","","",""
"54405001","NANCY-OCHEY",48.581,5.959833,336,1982050400,"","","","",4.,1,220,1,"","","","","","","","","","","","","","","","","","","","","","","","","","","","",8.9,1,2.9,1,"","","","","","","","","","","","","","","","","","","","","","","","","","",67,1,"","","","","","","","","","","","",7.6,1,1010.9,1,"","","","","","","","","","","","","","","","","","","","","","","","","","","","","","","","","","","","","","","","","","","","","","","","","","","","","","","","","","","","","","","","","","","","","","","","","","","","","","","","","","","","","","","","","","","","","","","","","","","","","","","","","","","","","","","","","",""
"54405001","NANCY-OCHEY",48.581,5.959833,336,1982050403,"","","","",7.,1,240,1,"","","","","","","","","","","","","","","","","","","","","","","","","","","","",8.3,1,4.,1,"","","","","","","","","","","","","","","","","","","","","","","","","","",75,1,"","","","","","","","","","","","",8.2,1,1011.,1,"","","","","","","","","","","","","","","","","","","","","","","","","","","","","","","","","","","","","","","","","","","","","","","","","","","","","","","","","","","","","","","","","","","","","","","","","","","","","","","","","","","","","","","","","","","","","","","","","","","","","","","","","","","","","","","","","",""
"54405001","NANCY-OCHEY",48.581,5.959833,336,1982050406,"","","","",6.,1,220,1,"","","","","","","","","","","","","","","","","","","","","","","","","","","","",7.3,1,5.7,1,"","","","","","","","","","","","","","","","","","","","","","","","","","",91,1,"","","","","","","","","","","","",9.3,1,1011.9,1,"","","","","","",8,1,7,1,5,1,7,1,"","","","","","","","","","","","","","","","","","","","","","","","","","",11000,1,"","",61,1,6,1,"","",0,1,"","","","","","","","","","","","","","","","","","","","","","","","","","","","","","","","","","","","","","","","","","","","","","","","","","","","","","","","","","","","","",""
"54405001","NANCY-OCHEY",48.581,5.959833,336,1982050409,"","","","",3.,1,200,1,"","","","","","","","","","","","","","","","","","","","","","","","","","","","",7.8,1,6.4,1,"","","","","","","","","","","","","","","","","","","","","","","","","","",92,1,"","","","","","","","","","","","",9.8,1,1012.6,1,"","","","","","",8,1,7,1,8,1,"","","","","","","","","","","","","","","","","","","","","","","","","","","","",7000,1,"","",61,1,6,1,"","","","","","","","","","","","","","","","","","","","","","","","","","","","","","","","","","","","","","","","","","","","","","","","","","","","","","","","","","","","","","","","","",""
"54405001","NANCY-OCHEY",48.581,5.959833,336,1982050412,"","","","",3.,1,180,1,"","","","","","","","","","","","","","","","","","","","","","","","","","","","",8.8,1,7.2,1,"","","","","","","","","","","","","","","","","","","","","","","","","","",91,1,"","","","","","","","","","","","",10.3,1,1012.3,1,"","","","","","",8,1,8,1,8,1,7,1,"","","","","","","","","","","","","","","","","","","","","","","","","","",8000,1,"","",60,1,6,1,"","","","","","","","","","","","","","","","","","","","","","","","","","","","","","","","","","","","","","","","","","","","","","","","","","","","","","","","","","","","","","","","","",""
"54405001","NANCY-OCHEY",48.581,5.959833,336,1982050415,"","","","",3.,1,180,1,"","","","","","","","","","","","","","","","","","","","","","","","","","","","",8.9,1,7.3,1,"","","","","","","","","","","","","","","","","","","","","","","","","","",91,1,"","","","","","","","","","","","",10.4,1,1011.1,1,"","","","","","",8,1,8,1,5,1,7,1,"","","","","","","","","","","","","","","","","","","","","","","","","","",9000,1,"","",60,1,6,1,"","","","","","","","","","","","","","","","","","","","","","","","","","","","","","","","","","","","","","","","","","","","","","","","","","","","","","","","","","","","","","","","","",""
"54405001","NANCY-OCHEY",48.581,5.959833,336,1982050418,"","","","",3.,1,180,1,"","","","","","","","","","","","","","","","","","","","","","","","","","","","",8.5,1,7.2,1,"","","","","","","","","","","","","","","","","","","","","","","","","","",93,1,"","","","","","","","","","","","",10.3,1,1009.8,1,"","","","","","",8,1,5,1,5,1,7,1,"","","","","","","","","","","","","","","","","","","","","","","","","","",16000,1,"","",21,1,6,1,"","","","","","","","","","","","","","","","","","","","","","","","","","","","","","","","","","","","","","","","","","","","","","","","","","","","","","","","","","","","","","","","","",""
"54405001","NANCY-OCHEY",48.581,5.959833,336,1982050421,"","","","",3.,1,180,1,"","","","","","","","","","","","","","","","","","","","","","","","","","","","",8.3,1,6.9,1,"","","","","","","","","","","","","","","","","","","","","","","","","","",93,1,"","","","","","","","","","","","",10.1,1,1010.,1,"","","","","","","","","","","","","","","","","","","","","","","","","","","","","","","","","","","","","","","","","","","","","","","","","","","","","","","","","","","","","","","","","","","","","","","","","","","","","","","","","","","","","","","","","","","","","","","","","","","","","","","","","","","","","","","","","",""
"54405001","NANCY-OCHEY",48.581,5.959833,336,1982050500,"","","","",3.,1,180,1,"","","","","","","","","","","","","","","","","","","","","","","","","","","","",8.8,1,7.4,1,"","","","","","","","","","","","","","","","","","","","","","","","","","",93,1,"","","","","","","","","","","","",10.5,1,1009.2,1,"","","","","","","","","","","","","","","","","","","","","","","","","","","","","","","","","","","","","","","","","","","","","","","","","","","","","","","","","","","","","","","","","","","","","","","","","","","","","","","","","","","","","","","","","","","","","","","","","","","","","","","","","","","","","","","","","",""
"54405001","NANCY-OCHEY",48.581,5.959833,336,1982050503,"","","","",5.,1,300,1,"","","","","","","","","","","","","","","","","","","","","","","","","","","","",6.4,1,5.4,1,"","","","","","","","","","","","","","","","","","","","","","","","","","",95,1,"","","","","","","","","","","","",9.1,1,1008.9,1,"","","","","","","","","","","","","","","","","","","","","","","","","","","","","","","","","","","","","","","","","","","","","","","","","","","","","","","","","","","","","","","","","","","","","","","","","","","","","","","","","","","","","","","","","","","","","","","","","","","","","","","","","","","","","","","","","",""
"54405001","NANCY-OCHEY",48.581,5.959833,336,1982050506,"","","","",4.,1,240,1,"","","","","","","","","","","","","","","","","","","","","","","","","","","","",5.3,1,4.3,1,"","","","","","","","","","","","","","","","","","","","","","","","","","",95,1,"","","","","","","","","","","","",8.4,1,1010.8,1,"","","","","","",7,1,7,1,8,1,7,1,"","","","","","","","","","","","","","","","","","","","","","","","","","",14000,1,"","",61,1,6,1,"","",0,1,"","","","","","","","","","","","","","","","","","","","","","","","","","","","","","","","","","","","","","","","","","","","","","","","","","","","","","","","","","","","","",""
"54405001","NANCY-OCHEY",48.581,5.959833,336,1982050509,"","","","",5.,1,260,1,"","","","","","","","","","","","","","","","","","","","","","","","","","","","",5.9,1,4.,1,"","","","","","","","","","","","","","","","","","","","","","","","","","",89,1,"","","","","","","","","","","","",8.2,1,1012.9,1,"","","","","","",7,1,6,1,7,1,7,1,"","","","","","","","","","","","","","","","","","","","","","","","","","",13000,1,"","",60,1,6,1,"","","","","","","","","","","","","","","","","","","","","","","","","","","","","","","","","","","","","","","","","","","","","","","","","","","","","","","","","","","","","","","","","",""
"54405001","NANCY-OCHEY",48.581,5.959833,336,1982050512,"","","","",8.,1,260,1,"","","","","","","","","","","","","","","","","","","","","","","","","","","","",9.3,1,0.8,1,"","","","","","","","","","","","","","","","","","","","","","","","","","",56,1,"","","","","","","","","","","","",6.5,1,1013.2,1,"","","","","","",6,1,5,1,2,1,0,1,1,1,"","","","","","","","","","","","","","","","","","","","","","","","",20000,1,"","",2,1,6,1,"","","","","","","","","","","","","","","","","","","","","","","","","","","","","","","","","","","","","","","","","","","","","","","","","","","","","","","","","","","","","","","","","",""
"54405001","NANCY-OCHEY",48.581,5.959833,336,1982050515,"","","","",4.,1,220,1,"","","","","","","","","","","","","","","","","","","","","","","","","","","","",11.3,1,0.8,1,"","","","","","","","","","","","","","","","","","","","","","","","","","",49,1,"","","","","","","","","","","","",6.5,1,1013.1,1,"","","","","","",6,1,6,1,2,1,0,1,1,1,"","","","","","","","","","","","","","","","","","","","","","","","",20000,1,"","",2,1,2,1,"","","","","","","","","","","","","","","","","","","","","","","","","","","","","","","","","","","","","","","","","","","","","","","","","","","","","","","","","","","","","","","","","",""
"54405001","NANCY-OCHEY",48.581,5.959833,336,1982050518,"","","","",3.,1,220,1,"","","","","","","","","","","","","","","","","","","","","","","","","","","","",10.5,1,1.2,1,"","","","","","","","","","","","","","","","","","","","","","","","","","",53,1,"","","","","","","","","","","","",6.7,1,1013.3,1,"","","","","","",6,1,0,1,2,1,6,1,1,1,"","","","","","","","","","","","","","","","","","","","","","","","",25000,1,"","",2,1,2,1,"","","","","","","","","","","","","","","","","","","","","","","","","","","","","","","","","","","","","","","","","","","","","","","","","","","","","","","","","","","","","","","","","",""
"54405001","NANCY-OCHEY",48.581,5.959833,336,1982050521,"","","","",3.,1,140,1,"","","","","","","","","","","","","","","","","","","","","","","","","","","","",5.4,1,2.5,1,"","","","","","","","","","","","","","","","","","","","","","","","","","",83,1,"","","","","","","","","","","","",7.4,1,1015.,1,"","","","","","","","","","","","","","","","","","","","","","","","","","","","","","","","","","","","","","","","","","","","","","","","","","","","","","","","","","","","","","","","","","","","","","","","","","","","","","","","","","","","","","","","","","","","","","","","","","","","","","","","","","","","","","","","","",""
"54405001","NANCY-OCHEY",48.581,5.959833,336,1982050600,"","","","",2.,1,160,1,"","","","","","","","","","","","","","","","","","","","","","","","","","","","",4.,1,1.8,1,"","","","","","","","","","","","","","","","","","","","","","","","","","",87,1,"","","","","","","","","","","","",7.,1,1015.4,1,"","","","","","","","","","","","","","","","","","","","","","","","","","","","","","","","","","","","","","","","","","","","","","","","","","","","","","","","","","","","","","","","","","","","","","","","","","","","","","","","","","","","","","","","","","","","","","","","","","","","","","","","","","","","","","","","","",""
"54405001","NANCY-OCHEY",48.581,5.959833,336,1982050603,"","","","",3.,1,160,1,"","","","","","","","","","","","","","","","","","","","","","","","","","","","",3.2,1,1.4,1,"","","","","","","","","","","","","","","","","","","","","","","","","","",89,1,"","","","","","","","","","","","",6.8,1,1015.6,1,"","","","","","","","","","","","","","","","","","","","","","","","","","","","","","","","","","","","","","","","","","","","","","","","","","","","","","","","","","","","","","","","","","","","","","","","","","","","","","","","","","","","","","","","","","","","","","","","","","","","","","","","","","","","","","","","","",""
"54405001","NANCY-OCHEY",48.581,5.959833,336,1982050606,"","","","",2.,1,100,1,"","","","","","","","","","","","","","","","","","","","","","","","","","","","",4.2,1,2.2,1,"","","","","","","","","","","","","","","","","","","","","","","","","","",88,1,"","","","","","","","","","","","",7.2,1,1016.2,1,"","","","","","",7,1,7,1,5,1,"","","","","","","","","","","","","","","","","","","","","","","","","","","","",15000,1,"","",3,1,1,1,"","",0,1,"","","","","","","","","","","","","","","","","","","","","","","","","","","","","","","","","","","","","","","","","","","","","","","","","","","","","","","","","","","","","",""
"54405001","NANCY-OCHEY",48.581,5.959833,336,1982050609,"","","","",2.,1,120,1,"","","","","","","","","","","","","","","","","","","","","","","","","","","","",11.4,1,4.1,1,"","","","","","","","","","","","","","","","","","","","","","","","","","",61,1,"","","","","","","","","","","","",8.3,1,1014.9,1,"","","","","","",6,1,5,1,2,1,4,1,0,1,"","","","","","","","","","","","","","","","","","","","","","","","",20000,1,"","",3,1,1,1,"","","","","","","","","","","","","","","","","","","","","","","","","","","","","","","","","","","","","","","","","","","","","","","","","","","","","","","","","","","","","","","","","",""
"54405001","NANCY-OCHEY",48.581,5.959833,336,1982050612,"","","","",8.,1,280,1,"","","","","","","","","","","","","","","","","","","","","","","","","","","","",9.6,1,4.6,1,"","","","","","","","","","","","","","","","","","","","","","","","","","",72,1,"","","","","","","","","","","","",8.6,1,1014.7,1,"","","","","","",7,1,5,1,3,1,7,1,"","","","","","","","","","","","","","","","","","","","","","","","","","",15000,1,"","",25,1,8,1,"","","","","","","","","","","","","","","","","","","","","","","","","","","","","","","","","","","","","","","","","","","","","","","","","","","","","","","","","","","","","","","","","",""
"54405001","NANCY-OCHEY",48.581,5.959833,336,1982050615,"","","","",3.,1,240,1,"","","","","","","","","","","","","","","","","","","","","","","","","","","","",5.7,1,3.8,1,"","","","","","","","","","","","","","","","","","","","","","","","","","",89,1,"","","","","","","","","","","","",8.1,1,1016.8,1,"","","","","","",8,1,7,1,8,1,7,1,"","","","","","","","","","","","","","","","","","","","","","","","","","",25000,1,"","",1,1,8,1,"","","","","","","","","","","","","","","","","","","","","","","","","","","","","","","","","","","","","","","","","","","","","","","","","","","","","","","","","","","","","","","","","",""
"54405001","NANCY-OCHEY",48.581,5.959833,336,1982050618,"","","","",3.,1,200,1,"","","","","","","","","","","","","","","","","","","","","","","","","","","","",6.1,1,4.3,1,"","","","","","","","","","","","","","","","","","","","","","","","","","",89,1,"","","","","","","","","","","","",8.4,1,1017.3,1,"","","","","","",7,1,7,1,3,1,7,1,"","","","","","","","","","","","","","","","","","","","","","","","","","",25000,1,"","",3,1,8,1,"","","","","","","","","","","","","","","","","","","","","","","","","","","","","","","","","","","","","","","","","","","","","","","","","","","","","","","","","","","","","","","","","",""
"54405001","NANCY-OCHEY",48.581,5.959833,336,1982050621,"","","","",5.,1,220,1,"","","","","","","","","","","","","","","","","","","","","","","","","","","","",3.8,1,2.2,1,"","","","","","","","","","","","","","","","","","","","","","","","","","",90,1,"","","","","","","","","","","","",7.2,1,1019.4,1,"","","","","","","","","","","","","","","","","","","","","","","","","","","","","","","","","","","","","","","","","","","","","","","","","","","","","","","","","","","","","","","","","","","","","","","","","","","","","","","","","","","","","","","","","","","","","","","","","","","","","","","","","","","","","","","","","",""
"54405001","NANCY-OCHEY",48.581,5.959833,336,1982050700,"","","","",6.,1,240,1,"","","","","","","","","","","","","","","","","","","","","","","","","","","","",3.1,1,1.4,1,"","","","","","","","","","","","","","","","","","","","","","","","","","",90,1,"","","","","","","","","","","","",6.8,1,1020.1,1,"","","","","","","","","","","","","","","","","","","","","","","","","","","","","","","","","","","","","","","","","","","","","","","","","","","","","","","","","","","","","","","","","","","","","","","","","","","","","","","","","","","","","","","","","","","","","","","","","","","","","","","","","","","","","","","","","",""
"54405001","NANCY-OCHEY",48.581,5.959833,336,1982050703,"","","","",4.,1,240,1,"","","","","","","","","","","","","","","","","","","","","","","","","","","","",3.8,1,2.2,1,"","","","","","","","","","","","","","","","","","","","","","","","","","",91,1,"","","","","","","","","","","","",7.2,1,1021.,1,"","","","","","","","","","","","","","","","","","","","","","","","","","","","","","","","","","","","","","","","","","","","","","","","","","","","","","","","","","","","","","","","","","","","","","","","","","","","","","","","","","","","","","","","","","","","","","","","","","","","","","","","","","","","","","","","","",""
"54405001","NANCY-OCHEY",48.581,5.959833,336,1982050706,"","","","",7.,1,240,1,"","","","","","","","","","","","","","","","","","","","","","","","","","","","",4.1,1,2.4,1,"","","","","","","","","","","","","","","","","","","","","","","","","","",89,1,"","","","","","","","","","","","",7.3,1,1022.4,1,"","","","","","",4,1,0,1,2,1,0,1,1,1,"","","","","","","","","","","","","","","","","","","","","","","","",8000,1,"","",3,1,1,1,"","",0,1,"","","","","","","","","","","","","","","","","","","","","","","","","","","","","","","","","","","","","","","","","","","","","","","","","","","","","","","","","","","","","",""
"54405001","NANCY-OCHEY",48.581,5.959833,336,1982050709,"","","","",9.,1,260,1,"","","","","","","","","","","","","","","","","","","","","","","","","","","","",8.6,1,2.2,1,"","","","","","","","","","","","","","","","","","","","","","","","","","",64,1,"","","","","","","","","","","","",7.2,1,1022.7,1,"","","","","","",4,1,0,1,2,1,0,1,0,1,"","","","","","","","","","","","","","","","","","","","","","","","",18000,1,"","",1,1,2,1,"","","","","","","","","","","","","","","","","","","","","","","","","","","","","","","","","","","","","","","","","","","","","","","","","","","","","","","","","","","","","","","","","",""
"54405001","NANCY-OCHEY",48.581,5.959833,336,1982050712,"","","","",9.,1,240,1,"","","","","","","","","","","","","","","","","","","","","","","","","","","","",11.3,1,-2.6,1,"","","","","","","","","","","","","","","","","","","","","","","","","","",37,1,"","","","","","","","","","","","",5.,1,1021.9,1,"","","","","","",6,1,5,1,2,1,0,1,1,1,"","","","","","","","","","","","","","","","","","","","","","","","",20000,1,"","",3,1,2,1,"","","","","","","","","","","","","","","","","","","","","","","","","","","","","","","","","","","","","","","","","","","","","","","","","","","","","","","","","","","","","","","","","",""
"54405001","NANCY-OCHEY",48.581,5.959833,336,1982050715,"","","","",5.,1,180,1,"","","","","","","","","","","","","","","","","","","","","","","","","","","","",6.3,1,3.3,1,"","","","","","","","","","","","","","","","","","","","","","","","","","",81,1,"","","","","","","","","","","","",7.8,1,1023.2,1,"","","","","","",6,1,0,1,9,1,0,1,0,1,"","","","","","","","","","","","","","","","","","","","","","","","",10000,1,"","",25,1,8,1,"","","","","","","","","","","","","","","","","","","","","","","","","","","","","","","","","","","","","","","","","","","","","","","","","","","","","","","","","","","","","","","","","",""
"54405001","NANCY-OCHEY",48.581,5.959833,336,1982050718,"","","","",3.,1,240,1,"","","","","","","","","","","","","","","","","","","","","","","","","","","","",6.1,1,3.4,1,"","","","","","","","","","","","","","","","","","","","","","","","","","",84,1,"","","","","","","","","","","","",7.9,1,1022.8,1,"","","","","","",5,1,0,1,8,1,6,1,0,1,"","","","","","","","","","","","","","","","","","","","","","","","",15000,1,"","",25,1,8,1,"","","","","","","","","","","","","","","","","","","","","","","","","","","","","","","","","","","","","","","","","","","","","","","","","","","","","","","","","","","","","","","","","",""
"54405001","NANCY-OCHEY",48.581,5.959833,336,1982050721,"","","","",3.,1,200,1,"","","","","","","","","","","","","","","","","","","","","","","","","","","","",4.6,1,2.2,1,"","","","","","","","","","","","","","","","","","","","","","","","","","",86,1,"","","","","","","","","","","","",7.2,1,1022.9,1,"","","","","","","","","","","","","","","","","","","","","","","","","","","","","","","","","","","","","","","","","","","","","","","","","","","","","","","","","","","","","","","","","","","","","","","","","","","","","","","","","","","","","","","","","","","","","","","","","","","","","","","","","","","","","","","","","",""
"54405001","NANCY-OCHEY",48.581,5.959833,336,1982050800,"","","","",3.,1,160,1,"","","","","","","","","","","","","","","","","","","","","","","","","","","","",4.,1,1.6,1,"","","","","","","","","","","","","","","","","","","","","","","","","","",85,1,"","","","","","","","","","","","",6.9,1,1022.5,1,"","","","","","","","","","","","","","","","","","","","","","","","","","","","","","","","","","","","","","","","","","","","","","","","","","","","","","","","","","","","","","","","","","","","","","","","","","","","","","","","","","","","","","","","","","","","","","","","","","","","","","","","","","","","","","","","","",""
"54405001","NANCY-OCHEY",48.581,5.959833,336,1982050803,"","","","",3.,1,160,1,"","","","","","","","","","","","","","","","","","","","","","","","","","","","",3.2,1,0.6,1,"","","","","","","","","","","","","","","","","","","","","","","","","","",84,1,"","","","","","","","","","","","",6.4,1,1021.7,1,"","","","","","","","","","","","","","","","","","","","","","","","","","","","","","","","","","","","","","","","","","","","","","","","","","","","","","","","","","","","","","","","","","","","","","","","","","","","","","","","","","","","","","","","","","","","","","","","","","","","","","","","","","","","","","","","","",""
"54405001","NANCY-OCHEY",48.581,5.959833,336,1982050806,"","","","",3.,1,160,1,"","","","","","","","","","","","","","","","","","","","","","","","","","","","",4.,1,1.2,1,"","","","","","","","","","","","","","","","","","","","","","","","","","",83,1,"","","","","","","","","","","","",6.7,1,1020.5,1,"","","","","","",0,1,"","",0,1,0,1,0,1,"","","","","","","","","","","","","","","","","","","","","","","","",15000,1,"","",2,1,0,1,"","",0,1,"","","","","","","","","","","","","","","","","","","","","","","","","","","","","","","","","","","","","","","","","","","","","","","","","","","","","","","","","","","","","",""
"54405001","NANCY-OCHEY",48.581,5.959833,336,1982050809,"","","","",4.,1,260,1,"","","","","","","","","","","","","","","","","","","","","","","","","","","","",10.5,1,1.2,1,"","","","","","","","","","","","","","","","","","","","","","","","","","",53,1,"","","","","","","","","","","","",6.7,1,1018.9,1,"","","","","","",4,1,0,1,2,1,0,1,0,1,"","","","","","","","","","","","","","","","","","","","","","","","",20000,1,"","",3,1,0,1,"","","","","","","","","","","","","","","","","","","","","","","","","","","","","","","","","","","","","","","","","","","","","","","","","","","","","","","","","","","","","","","","","",""
"54405001","NANCY-OCHEY",48.581,5.959833,336,1982050812,"","","","",2.,1,220,1,"","","","","","","","","","","","","","","","","","","","","","","","","","","","",13.4,1,1.4,1,"","","","","","","","","","","","","","","","","","","","","","","","","","",44,1,"","","","","","","","","","","","",6.8,1,1016.8,1,"","","","","","",5,1,5,1,2,1,0,1,0,1,"","","","","","","","","","","","","","","","","","","","","","","","",25000,1,"","",1,1,2,1,"","","","","","","","","","","","","","","","","","","","","","","","","","","","","","","","","","","","","","","","","","","","","","","","","","","","","","","","","","","","","","","","","",""
"54405001","NANCY-OCHEY",48.581,5.959833,336,1982050815,"","","","",2.,1,60,1,"","","","","","","","","","","","","","","","","","","","","","","","","","","","",13.7,1,-1.6,1,"","","","","","","","","","","","","","","","","","","","","","","","","","",35,1,"","","","","","","","","","","","",5.4,1,1015.4,1,"","","","","","","","","","","","","","","","","","","","","","","","","","","","","","","","","","","","","","","","","","","","","","","","","","","","","","","","","","","","","","","","","","","","","","","","","","","","","","","","","","","","","","","","","","","","","","","","","","","","","","","","","","","","","","","","","",""
"54405001","NANCY-OCHEY",48.581,5.959833,336,1982050818,"","","","",2.,1,100,1,"","","","","","","","","","","","","","","","","","","","","","","","","","","","",14.4,1,-2.6,1,"","","","","","","","","","","","","","","","","","","","","","","","","","",31,1,"","","","","","","","","","","","",5.,1,1013.8,1,"","","","","","","","","","","","","","","","","","","","","","","","","","","","","","","","","","","","","","","","","","","","","","","","","","","","","","","","","","","","","","","","","","","","","","","","","","","","","","","","","","","","","","","","","","","","","","","","","","","","","","","","","","","","","","","","","",""
"54405001","NANCY-OCHEY",48.581,5.959833,336,1982050821,"","","","",2.,1,60,1,"","","","","","","","","","","","","","","","","","","","","","","","","","","","",10.5,1,0.8,1,"","","","","","","","","","","","","","","","","","","","","","","","","","",52,1,"","","","","","","","","","","","",6.5,1,1014.6,1,"","","","","","","","","","","","","","","","","","","","","","","","","","","","","","","","","","","","","","","","","","","","","","","","","","","","","","","","","","","","","","","","","","","","","","","","","","","","","","","","","","","","","","","","","","","","","","","","","","","","","","","","","","","","","","","","","",""
"54405001","NANCY-OCHEY",48.581,5.959833,336,1982050900,"","","","",2.,1,340,1,"","","","","","","","","","","","","","","","","","","","","","","","","","","","",6.6,1,1.2,1,"","","","","","","","","","","","","","","","","","","","","","","","","","",69,1,"","","","","","","","","","","","",6.7,1,1015.1,1,"","","","","","","","","","","","","","","","","","","","","","","","","","","","","","","","","","","","","","","","","","","","","","","","","","","","","","","","","","","","","","","","","","","","","","","","","","","","","","","","","","","","","","","","","","","","","","","","","","","","","","","","","","","","","","","","","",""
"54405001","NANCY-OCHEY",48.581,5.959833,336,1982050903,"","","","",2.,1,260,1,"","","","","","","","","","","","","","","","","","","","","","","","","","","","",3.7,1,2.,1,"","","","","","","","","","","","","","","","","","","","","","","","","","",90,1,"","","","","","","","","","","","",7.1,1,1015.2,1,"","","","","","","","","","","","","","","","","","","","","","","","","","","","","","","","","","","","","","","","","","","","","","","","","","","","","","","","","","","","","","","","","","","","","","","","","","","","","","","","","","","","","","","","","","","","","","","","","","","","","","","","","","","","","","","","","",""
"54405001","NANCY-OCHEY",48.581,5.959833,336,1982050906,"","","","",2.,1,220,1,"","","","","","","","","","","","","","","","","","","","","","","","","","","","",3.1,1,1.8,1,"","","","","","","","","","","","","","","","","","","","","","","","","","",92,1,"","","","","","","","","","","","",7.,1,1015.5,1,"","","","","","",3,1,0,1,2,1,0,1,0,1,"","","","","","","","","","","","","","","","","","","","","","","","",8000,1,"","",3,1,0,1,"","",0,1,"","","","","","","","","","","","","","","","","","","","","","","","","","","","","","","","","","","","","","","","","","","","","","","","","","","","","","","","","","","","","",""
"54405001","NANCY-OCHEY",48.581,5.959833,336,1982050909,"","","","",4.,1,260,1,"","","","","","","","","","","","","","","","","","","","","","","","","","","","",9.2,1,5.9,1,"","","","","","","","","","","","","","","","","","","","","","","","","","",81,1,"","","","","","","","","","","","",9.4,1,1015.5,1,"","","","","","",4,1,0,1,8,1,0,1,2,1,"","","","","","","","","","","","","","","","","","","","","","","","",7000,1,"","",1,1,1,1,"","","","","","","","","","","","","","","","","","","","","","","","","","","","","","","","","","","","","","","","","","","","","","","","","","","","","","","","","","","","","","","","","",""
"54405001","NANCY-OCHEY",48.581,5.959833,336,1982050912,"","","","",5.,1,240,1,"","","","","","","","","","","","","","","","","","","","","","","","","","","","",12.9,1,4.5,1,"","","","","","","","","","","","","","","","","","","","","","","","","","",57,1,"","","","","","","","","","","","",8.5,1,1014.9,1,"","","","","","",5,1,0,1,2,1,0,1,2,1,"","","","","","","","","","","","","","","","","","","","","","","","",12000,1,"","",1,1,1,1,"","","","","","","","","","","","","","","","","","","","","","","","","","","","","","","","","","","","","","","","","","","","","","","","","","","","","","","","","","","","","","","","","",""
"54405001","NANCY-OCHEY",48.581,5.959833,336,1982050915,"","","","",7.,1,240,1,"","","","","","","","","","","","","","","","","","","","","","","","","","","","",12.,1,5.6,1,"","","","","","","","","","","","","","","","","","","","","","","","","","",66,1,"","","","","","","","","","","","",9.2,1,1015.6,1,"","","","","","","","","","","","","","","","","","","","","","","","","","","","","","","","","","","","","","","","","","","","","","","","","","","","","","","","","","","","","","","","","","","","","","","","","","","","","","","","","","","","","","","","","","","","","","","","","","","","","","","","","","","","","","","","","",""
"54405001","NANCY-OCHEY",48.581,5.959833,336,1982050918,"","","","",6.,1,280,1,"","","","","","","","","","","","","","","","","","","","","","","","","","","","",9.6,1,4.1,1,"","","","","","","","","","","","","","","","","","","","","","","","","","",70,1,"","","","","","","","","","","","",8.3,1,1017.1,1,"","","","","","","","","","","","","","","","","","","","","","","","","","","","","","","","","","","","","","","","","","","","","","","","","","","","","","","","","","","","","","","","","","","","","","","","","","","","","","","","","","","","","","","","","","","","","","","","","","","","","","","","","","","","","","","","","",""
"54405001","NANCY-OCHEY",48.581,5.959833,336,1982050921,"","","","",2.,1,220,1,"","","","","","","","","","","","","","","","","","","","","","","","","","","","",6.1,1,3.8,1,"","","","","","","","","","","","","","","","","","","","","","","","","","",87,1,"","","","","","","","","","","","",8.1,1,1019.5,1,"","","","","","","","","","","","","","","","","","","","","","","","","","","","","","","","","","","","","","","","","","","","","","","","","","","","","","","","","","","","","","","","","","","","","","","","","","","","","","","","","","","","","","","","","","","","","","","","","","","","","","","","","","","","","","","","","",""
"54405001","NANCY-OCHEY",48.581,5.959833,336,1982051000,"","","","",2.,1,180,1,"","","","","","","","","","","","","","","","","","","","","","","","","","","","",5.2,1,2.9,1,"","","","","","","","","","","","","","","","","","","","","","","","","","",87,1,"","","","","","","","","","","","",7.6,1,1019.9,1,"","","","","","","","","","","","","","","","","","","","","","","","","","","","","","","","","","","","","","","","","","","","","","","","","","","","","","","","","","","","","","","","","","","","","","","","","","","","","","","","","","","","","","","","","","","","","","","","","","","","","","","","","","","","","","","","","",""
"54405001","NANCY-OCHEY",48.581,5.959833,336,1982051003,"","","","",2.,1,160,1,"","","","","","","","","","","","","","","","","","","","","","","","","","","","",2.6,1,1.8,1,"","","","","","","","","","","","","","","","","","","","","","","","","","",96,1,"","","","","","","","","","","","",7.,1,1020.3,1,"","","","","","","","","","","","","","","","","","","","","","","","","","","","","","","","","","","","","","","","","","","","","","","","","","","","","","","","","","","","","","","","","","","","","","","","","","","","","","","","","","","","","","","","","","","","","","","","","","","","","","","","","","","","","","","","","",""
"54405001","NANCY-OCHEY",48.581,5.959833,336,1982051006,"","","","",2.,1,160,1,"","","","","","","","","","","","","","","","","","","","","","","","","","","","",3.1,1,2.4,1,"","","","","","","","","","","","","","","","","","","","","","","","","","",96,1,"","","","","","","","","","","","",7.3,1,1020.6,1,"","","","","","",7,1,7,1,5,1,"","","","","","","","","","","","","","","","","","","","","","","","","","","","",6000,1,"","",1,1,2,1,"","",0,1,"","","","","","","","","","","","","","","","","","","","","","","","","","","","","","","","","","","","","","","","","","","","","","","","","","","","","","","","","","","","","",""
"54405001","NANCY-OCHEY",48.581,5.959833,336,1982051009,"","","","",2.,1,260,1,"","","","","","","","","","","","","","","","","","","","","","","","","","","","",8.8,1,4.5,1,"","","","","","","","","","","","","","","","","","","","","","","","","","",75,1,"","","","","","","","","","","","",8.5,1,1020.,1,"","","","","","",5,1,0,1,8,1,0,1,1,1,"","","","","","","","","","","","","","","","","","","","","","","","",12000,1,"","",3,1,2,1,"","","","","","","","","","","","","","","","","","","","","","","","","","","","","","","","","","","","","","","","","","","","","","","","","","","","","","","","","","","","","","","","","",""
"54405001","NANCY-OCHEY",48.581,5.959833,336,1982051012,"","","","",5.,1,240,1,"","","","","","","","","","","","","","","","","","","","","","","","","","","","",12.3,1,1.,1,"","","","","","","","","","","","","","","","","","","","","","","","","","",46,1,"","","","","","","","","","","","",6.6,1,1019.5,1,"","","","","","",6,1,0,1,8,1,0,1,0,1,"","","","","","","","","","","","","","","","","","","","","","","","",16000,1,"","",3,1,2,1,"","","","","","","","","","","","","","","","","","","","","","","","","","","","","","","","","","","","","","","","","","","","","","","","","","","","","","","","","","","","","","","","","",""
"54405001","NANCY-OCHEY",48.581,5.959833,336,1982051015,"","","","",3.,1,340,1,"","","","","","","","","","","","","","","","","","","","","","","","","","","","",12.,1,2.4,1,"","","","","","","","","","","","","","","","","","","","","","","","","","",52,1,"","","","","","","","","","","","",7.3,1,1019.2,1,"","","","","","",6,1,5,1,8,1,0,1,0,1,"","","","","","","","","","","","","","","","","","","","","","","","",17000,1,"","",1,1,8,1,"","","","","","","","","","","","","","","","","","","","","","","","","","","","","","","","","","","","","","","","","","","","","","","","","","","","","","","","","","","","","","","","","",""
"54405001","NANCY-OCHEY",48.581,5.959833,336,1982051018,"","","","",2.,1,60,1,"","","","","","","","","","","","","","","","","","","","","","","","","","","","",10.7,1,3.1,1,"","","","","","","","","","","","","","","","","","","","","","","","","","",60,1,"","","","","","","","","","","","",7.7,1,1019.4,1,"","","","","","",3,1,0,1,2,1,0,1,0,1,"","","","","","","","","","","","","","","","","","","","","","","","",18000,1,"","",1,1,8,1,"","","","","","","","","","","","","","","","","","","","","","","","","","","","","","","","","","","","","","","","","","","","","","","","","","","","","","","","","","","","","","","","","",""
"54405001","NANCY-OCHEY",48.581,5.959833,336,1982051021,"","","","",2.,1,120,1,"","","","","","","","","","","","","","","","","","","","","","","","","","","","",7.2,1,3.8,1,"","","","","","","","","","","","","","","","","","","","","","","","","","",80,1,"","","","","","","","","","","","",8.1,1,1020.8,1,"","","","","","","","","","","","","","","","","","","","","","","","","","","","","","","","","","","","","","","","","","","","","","","","","","","","","","","","","","","","","","","","","","","","","","","","","","","","","","","","","","","","","","","","","","","","","","","","","","","","","","","","","","","","","","","","","",""
"54405001","NANCY-OCHEY",48.581,5.959833,336,1982051100,"","","","",1.,1,240,1,"","","","","","","","","","","","","","","","","","","","","","","","","","","","",3.9,1,2.2,1,"","","","","","","","","","","","","","","","","","","","","","","","","","",90,1,"","","","","","","","","","","","",7.2,1,1021.3,1,"","","","","","","","","","","","","","","","","","","","","","","","","","","","","","","","","","","","","","","","","","","","","","","","","","","","","","","","","","","","","","","","","","","","","","","","","","","","","","","","","","","","","","","","","","","","","","","","","","","","","","","","","","","","","","","","","",""
"54405001","NANCY-OCHEY",48.581,5.959833,336,1982051103,"","","","",2.,1,220,1,"","","","","","","","","","","","","","","","","","","","","","","","","","","","",3.6,1,2.,1,"","","","","","","","","","","","","","","","","","","","","","","","","","",91,1,"","","","","","","","","","","","",7.1,1,1021.8,1,"","","","","","","","","","","","","","","","","","","","","","","","","","","","","","","","","","","","","","","","","","","","","","","","","","","","","","","","","","","","","","","","","","","","","","","","","","","","","","","","","","","","","","","","","","","","","","","","","","","","","","","","","","","","","","","","","",""
"54405001","NANCY-OCHEY",48.581,5.959833,336,1982051106,"","","","",1.,1,40,1,"","","","","","","","","","","","","","","","","","","","","","","","","","","","",3.7,1,2.2,1,"","","","","","","","","","","","","","","","","","","","","","","","","","",91,1,"","","","","","","","","","","","",7.2,1,1022.5,1,"","","","","","",0,1,"","",0,1,0,1,0,1,"","","","","","","","","","","","","","","","","","","","","","","","",9000,1,"","",2,1,0,1,"","",0,1,"","","","","","","","","","","","","","","","","","","","","","","","","","","","","","","","","","","","","","","","","","","","","","","","","","","","","","","","","","","","","",""
"54405001","NANCY-OCHEY",48.581,5.959833,336,1982051109,"","","","",2.,1,300,1,"","","","","","","","","","","","","","","","","","","","","","","","","","","","",11.8,1,4.9,1,"","","","","","","","","","","","","","","","","","","","","","","","","","",64,1,"","","","","","","","","","","","",8.8,1,1022.6,1,"","","","","","",3,1,0,1,2,1,0,1,1,1,"","","","","","","","","","","","","","","","","","","","","","","","",11000,1,"","",3,1,0,1,"","","","","","","","","","","","","","","","","","","","","","","","","","","","","","","","","","","","","","","","","","","","","","","","","","","","","","","","","","","","","","","","","",""
"54405001","NANCY-OCHEY",48.581,5.959833,336,1982051112,"","","","",3.,1,80,1,"","","","","","","","","","","","","","","","","","","","","","","","","","","","",14.8,1,4.5,1,"","","","","","","","","","","","","","","","","","","","","","","","","","",50,1,"","","","","","","","","","","","",8.5,1,1022.6,1,"","","","","","",3,1,0,1,2,1,0,1,0,1,"","","","","","","","","","","","","","","","","","","","","","","","",9000,1,"","",3,1,0,1,"","","","","","","","","","","","","","","","","","","","","","","","","","","","","","","","","","","","","","","","","","","","","","","","","","","","","","","","","","","","","","","","","",""
"54405001","NANCY-OCHEY",48.581,5.959833,336,1982051115,"","","","",3.,1,80,1,"","","","","","","","","","","","","","","","","","","","","","","","","","","","",16.5,1,4.1,1,"","","","","","","","","","","","","","","","","","","","","","","","","","",44,1,"","","","","","","","","","","","",8.3,1,1022.2,1,"","","","","","",1,1,0,1,1,1,0,1,0,1,"","","","","","","","","","","","","","","","","","","","","","","","",13000,1,"","",1,1,0,1,"","","","","","","","","","","","","","","","","","","","","","","","","","","","","","","","","","","","","","","","","","","","","","","","","","","","","","","","","","","","","","","","","",""
"54405001","NANCY-OCHEY",48.581,5.959833,336,1982051118,"","","","",5.,1,80,1,"","","","","","","","","","","","","","","","","","","","","","","","","","","","",15.3,1,5.4,1,"","","","","","","","","","","","","","","","","","","","","","","","","","",52,1,"","","","","","","","","","","","",9.1,1,1022.6,1,"","","","","","",0,1,"","",0,1,0,1,0,1,"","","","","","","","","","","","","","","","","","","","","","","","",13000,1,"","",2,1,0,1,"","","","","","","","","","","","","","","","","","","","","","","","","","","","","","","","","","","","","","","","","","","","","","","","","","","","","","","","","","","","","","","","","",""
"54405001","NANCY-OCHEY",48.581,5.959833,336,1982051121,"","","","",9.,1,80,1,"","","","","","","","","","","","","","","","","","","","","","","","","","","","",10.3,1,4.6,1,"","","","","","","","","","","","","","","","","","","","","","","","","","",69,1,"","","","","","","","","","","","",8.6,1,1024.5,1,"","","","","","","","","","","","","","","","","","","","","","","","","","","","","","","","","","","","","","","","","","","","","","","","","","","","","","","","","","","","","","","","","","","","","","","","","","","","","","","","","","","","","","","","","","","","","","","","","","","","","","","","","","","","","","","","","",""
"54405001","NANCY-OCHEY",48.581,5.959833,336,1982051200,"","","","",1.,1,80,1,"","","","","","","","","","","","","","","","","","","","","","","","","","","","",7.7,1,4.,1,"","","","","","","","","","","","","","","","","","","","","","","","","","",79,1,"","","","","","","","","","","","",8.2,1,1025.7,1,"","","","","","","","","","","","","","","","","","","","","","","","","","","","","","","","","","","","","","","","","","","","","","","","","","","","","","","","","","","","","","","","","","","","","","","","","","","","","","","","","","","","","","","","","","","","","","","","","","","","","","","","","","","","","","","","","",""
"54405001","NANCY-OCHEY",48.581,5.959833,336,1982051203,"","","","",0.,1,0,1,"","","","","","","","","","","","","","","","","","","","","","","","","","","","",4.5,1,2.7,1,"","","","","","","","","","","","","","","","","","","","","","","","","","",90,1,"","","","","","","","","","","","",7.5,1,1026.5,1,"","","","","","","","","","","","","","","","","","","","","","","","","","","","","","","","","","","","","","","","","","","","","","","","","","","","","","","","","","","","","","","","","","","","","","","","","","","","","","","","","","","","","","","","","","","","","","","","","","","","","","","","","","","","","","","","","",""
"54405001","NANCY-OCHEY",48.581,5.959833,336,1982051206,"","","","",0.,1,0,1,"","","","","","","","","","","","","","","","","","","","","","","","","","","","",6.1,1,4.1,1,"","","","","","","","","","","","","","","","","","","","","","","","","","",89,1,"","","","","","","","","","","","",8.3,1,1027.6,1,"","","","","","",1,1,0,1,0,1,0,1,1,1,"","","","","","","","","","","","","","","","","","","","","","","","",7000,1,"","",2,1,0,1,"","",0,1,"","","","","","","","","","","","","","","","","","","","","","","","","","","","","","","","","","","","","","","","","","","","","","","","","","","","","","","","","","","","","",""
"54405001","NANCY-OCHEY",48.581,5.959833,336,1982051209,"","","","",3.,1,80,1,"","","","","","","","","","","","","","","","","","","","","","","","","","","","",14.6,1,6.,1,"","","","","","","","","","","","","","","","","","","","","","","","","","",57,1,"","","","","","","","","","","","",9.5,1,1027.,1,"","","","","","",2,1,0,1,0,1,0,1,1,1,"","","","","","","","","","","","","","","","","","","","","","","","",11000,1,"","",3,1,0,1,"","","","","","","","","","","","","","","","","","","","","","","","","","","","","","","","","","","","","","","","","","","","","","","","","","","","","","","","","","","","","","","","","",""
"54405001","NANCY-OCHEY",48.581,5.959833,336,1982051212,"","","","",5.,1,60,1,"","","","","","","","","","","","","","","","","","","","","","","","","","","","",18.9,1,4.5,1,"","","","","","","","","","","","","","","","","","","","","","","","","","",39,1,"","","","","","","","","","","","",8.5,1,1026.5,1,"","","","","","",2,1,0,1,0,1,0,1,1,1,"","","","","","","","","","","","","","","","","","","","","","","","",18000,1,"","",2,1,0,1,"","","","","","","","","","","","","","","","","","","","","","","","","","","","","","","","","","","","","","","","","","","","","","","","","","","","","","","","","","","","","","","","","",""
"54405001","NANCY-OCHEY",48.581,5.959833,336,1982051215,"","","","",4.,1,60,1,"","","","","","","","","","","","","","","","","","","","","","","","","","","","",20.4,1,3.4,1,"","","","","","","","","","","","","","","","","","","","","","","","","","",33,1,"","","","","","","","","","","","",7.9,1,1026.1,1,"","","","","","",5,1,5,1,0,1,0,1,4,1,"","","","","","","","","","","","","","","","","","","","","","","","",20000,1,"","",3,1,1,1,"","","","","","","","","","","","","","","","","","","","","","","","","","","","","","","","","","","","","","","","","","","","","","","","","","","","","","","","","","","","","","","","","",""
"54405001","NANCY-OCHEY",48.581,5.959833,336,1982051218,"","","","",5.,1,60,1,"","","","","","","","","","","","","","","","","","","","","","","","","","","","",18.7,1,4.,1,"","","","","","","","","","","","","","","","","","","","","","","","","","",38,1,"","","","","","","","","","","","",8.2,1,1026.1,1,"","","","","","",5,1,5,1,0,1,0,1,1,1,"","","","","","","","","","","","","","","","","","","","","","","","",20000,1,"","",2,1,2,1,"","","","","","","","","","","","","","","","","","","","","","","","","","","","","","","","","","","","","","","","","","","","","","","","","","","","","","","","","","","","","","","","","",""
"54405001","NANCY-OCHEY",48.581,5.959833,336,1982051221,"","","","",5.,1,80,1,"","","","","","","","","","","","","","","","","","","","","","","","","","","","",13.6,1,2.,1,"","","","","","","","","","","","","","","","","","","","","","","","","","",46,1,"","","","","","","","","","","","",7.1,1,1027.9,1,"","","","","","","","","","","","","","","","","","","","","","","","","","","","","","","","","","","","","","","","","","","","","","","","","","","","","","","","","","","","","","","","","","","","","","","","","","","","","","","","","","","","","","","","","","","","","","","","","","","","","","","","","","","","","","","","","",""
"54405001","NANCY-OCHEY",48.581,5.959833,336,1982051300,"","","","",3.,1,60,1,"","","","","","","","","","","","","","","","","","","","","","","","","","","","",11.3,1,3.8,1,"","","","","","","","","","","","","","","","","","","","","","","","","","",61,1,"","","","","","","","","","","","",8.1,1,1028.2,1,"","","","","","","","","","","","","","","","","","","","","","","","","","","","","","","","","","","","","","","","","","","","","","","","","","","","","","","","","","","","","","","","","","","","","","","","","","","","","","","","","","","","","","","","","","","","","","","","","","","","","","","","","","","","","","","","","",""
"54405001","NANCY-OCHEY",48.581,5.959833,336,1982051303,"","","","",1.,1,140,1,"","","","","","","","","","","","","","","","","","","","","","","","","","","","",6.3,1,2.,1,"","","","","","","","","","","","","","","","","","","","","","","","","","",75,1,"","","","","","","","","","","","",7.1,1,1028.8,1,"","","","","","","","","","","","","","","","","","","","","","","","","","","","","","","","","","","","","","","","","","","","","","","","","","","","","","","","","","","","","","","","","","","","","","","","","","","","","","","","","","","","","","","","","","","","","","","","","","","","","","","","","","","","","","","","","",""
"54405001","NANCY-OCHEY",48.581,5.959833,336,1982051306,"","","","",0.,1,0,1,"","","","","","","","","","","","","","","","","","","","","","","","","","","","",7.4,1,4.5,1,"","","","","","","","","","","","","","","","","","","","","","","","","","",82,1,"","","","","","","","","","","","",8.5,1,1029.,1,"","","","","","",1,1,0,1,0,1,0,1,1,1,"","","","","","","","","","","","","","","","","","","","","","","","",9000,1,"","",2,1,0,1,"","",0,1,"","","","","","","","","","","","","","","","","","","","","","","","","","","","","","","","","","","","","","","","","","","","","","","","","","","","","","","","","","","","","",""
"54405001","NANCY-OCHEY",48.581,5.959833,336,1982051309,"","","","",1.,1,80,1,"","","","","","","","","","","","","","","","","","","","","","","","","","","","",16.2,1,7.3,1,"","","","","","","","","","","","","","","","","","","","","","","","","","",56,1,"","","","","","","","","","","","",10.4,1,1027.7,1,"","","","","","",1,1,0,1,0,1,0,1,1,1,"","","","","","","","","","","","","","","","","","","","","","","","",9000,1,"","",2,1,0,1,"","","","","","","","","","","","","","","","","","","","","","","","","","","","","","","","","","","","","","","","","","","","","","","","","","","","","","","","","","","","","","","","","",""
"54405001","NANCY-OCHEY",48.581,5.959833,336,1982051312,"","","","",4.,1,80,1,"","","","","","","","","","","","","","","","","","","","","","","","","","","","",20.3,1,2.9,1,"","","","","","","","","","","","","","","","","","","","","","","","","","",32,1,"","","","","","","","","","","","",7.6,1,1026.3,1,"","","","","","",1,1,0,1,0,1,0,1,1,1,"","","","","","","","","","","","","","","","","","","","","","","","",15000,1,"","",2,1,0,1,"","","","","","","","","","","","","","","","","","","","","","","","","","","","","","","","","","","","","","","","","","","","","","","","","","","","","","","","","","","","","","","","","",""
"54405001","NANCY-OCHEY",48.581,5.959833,336,1982051315,"","","","",5.,1,80,1,"","","","","","","","","","","","","","","","","","","","","","","","","","","","",21.8,1,1.6,1,"","","","","","","","","","","","","","","","","","","","","","","","","","",26,1,"","","","","","","","","","","","",6.9,1,1025.,1,"","","","","","",0,1,"","",0,1,0,1,0,1,"","","","","","","","","","","","","","","","","","","","","","","","",15000,1,"","",2,1,0,1,"","","","","","","","","","","","","","","","","","","","","","","","","","","","","","","","","","","","","","","","","","","","","","","","","","","","","","","","","","","","","","","","","",""
"54405001","NANCY-OCHEY",48.581,5.959833,336,1982051318,"","","","",4.,1,60,1,"","","","","","","","","","","","","","","","","","","","","","","","","","","","",20.7,1,2.4,1,"","","","","","","","","","","","","","","","","","","","","","","","","","",30,1,"","","","","","","","","","","","",7.3,1,1024.7,1,"","","","","","",1,1,0,1,0,1,0,1,1,1,"","","","","","","","","","","","","","","","","","","","","","","","",18000,1,"","",2,1,0,1,"","","","","","","","","","","","","","","","","","","","","","","","","","","","","","","","","","","","","","","","","","","","","","","","","","","","","","","","","","","","","","","","","",""
"54405001","NANCY-OCHEY",48.581,5.959833,336,1982051321,"","","","",5.,1,80,1,"","","","","","","","","","","","","","","","","","","","","","","","","","","","",15.6,1,4.9,1,"","","","","","","","","","","","","","","","","","","","","","","","","","",50,1,"","","","","","","","","","","","",8.8,1,1025.9,1,"","","","","","","","","","","","","","","","","","","","","","","","","","","","","","","","","","","","","","","","","","","","","","","","","","","","","","","","","","","","","","","","","","","","","","","","","","","","","","","","","","","","","","","","","","","","","","","","","","","","","","","","","","","","","","","","","",""
"54405001","NANCY-OCHEY",48.581,5.959833,336,1982051400,"","","","",1.,1,260,1,"","","","","","","","","","","","","","","","","","","","","","","","","","","","",13.2,1,6.3,1,"","","","","","","","","","","","","","","","","","","","","","","","","","",64,1,"","","","","","","","","","","","",9.7,1,1025.9,1,"","","","","","","","","","","","","","","","","","","","","","","","","","","","","","","","","","","","","","","","","","","","","","","","","","","","","","","","","","","","","","","","","","","","","","","","","","","","","","","","","","","","","","","","","","","","","","","","","","","","","","","","","","","","","","","","","",""
"54405001","NANCY-OCHEY",48.581,5.959833,336,1982051403,"","","","",1.,1,40,1,"","","","","","","","","","","","","","","","","","","","","","","","","","","","",7.7,1,4.,1,"","","","","","","","","","","","","","","","","","","","","","","","","","",79,1,"","","","","","","","","","","","",8.2,1,1026.2,1,"","","","","","","","","","","","","","","","","","","","","","","","","","","","","","","","","","","","","","","","","","","","","","","","","","","","","","","","","","","","","","","","","","","","","","","","","","","","","","","","","","","","","","","","","","","","","","","","","","","","","","","","","","","","","","","","","",""
"54405001","NANCY-OCHEY",48.581,5.959833,336,1982051406,"","","","",2.,1,300,1,"","","","","","","","","","","","","","","","","","","","","","","","","","","","",9.1,1,5.6,1,"","","","","","","","","","","","","","","","","","","","","","","","","","",79,1,"","","","","","","","","","","","",9.2,1,1025.9,1,"","","","","","",1,1,0,1,0,1,0,1,1,1,"","","","","","","","","","","","","","","","","","","","","","","","",10000,1,"","",2,1,0,1,"","",0,1,"","","","","","","","","","","","","","","","","","","","","","","","","","","","","","","","","","","","","","","","","","","","","","","","","","","","","","","","","","","","","",""
"54405001","NANCY-OCHEY",48.581,5.959833,336,1982051409,"","","","",6.,1,80,1,"","","","","","","","","","","","","","","","","","","","","","","","","","","","",18.3,1,6.2,1,"","","","","","","","","","","","","","","","","","","","","","","","","","",45,1,"","","","","","","","","","","","",9.6,1,1024.2,1,"","","","","","",1,1,0,1,0,1,0,1,1,1,"","","","","","","","","","","","","","","","","","","","","","","","",13000,1,"","",2,1,0,1,"","","","","","","","","","","","","","","","","","","","","","","","","","","","","","","","","","","","","","","","","","","","","","","","","","","","","","","","","","","","","","","","","",""
"54405001","NANCY-OCHEY",48.581,5.959833,336,1982051412,"","","","",5.,1,80,1,"","","","","","","","","","","","","","","","","","","","","","","","","","","","",21.8,1,5.9,1,"","","","","","","","","","","","","","","","","","","","","","","","","","",36,1,"","","","","","","","","","","","",9.4,1,1022.4,1,"","","","","","",1,1,0,1,0,1,0,1,1,1,"","","","","","","","","","","","","","","","","","","","","","","","",18000,1,"","",2,1,0,1,"","","","","","","","","","","","","","","","","","","","","","","","","","","","","","","","","","","","","","","","","","","","","","","","","","","","","","","","","","","","","","","","","",""
"54405001","NANCY-OCHEY",48.581,5.959833,336,1982051415,"","","","",3.,1,100,1,"","","","","","","","","","","","","","","","","","","","","","","","","","","","",23.4,1,6.4,1,"","","","","","","","","","","","","","","","","","","","","","","","","","",34,1,"","","","","","","","","","","","",9.8,1,1020.7,1,"","","","","","",1,1,0,1,0,1,0,1,1,1,"","","","","","","","","","","","","","","","","","","","","","","","",16000,1,"","",2,1,0,1,"","","","","","","","","","","","","","","","","","","","","","","","","","","","","","","","","","","","","","","","","","","","","","","","","","","","","","","","","","","","","","","","","",""
"54405001","NANCY-OCHEY",48.581,5.959833,336,1982051418,"","","","",3.,1,80,1,"","","","","","","","","","","","","","","","","","","","","","","","","","","","",22.6,1,7.2,1,"","","","","","","","","","","","","","","","","","","","","","","","","","",37,1,"","","","","","","","","","","","",10.3,1,1019.7,1,"","","","","","",0,1,"","",0,1,0,1,0,1,"","","","","","","","","","","","","","","","","","","","","","","","",16000,1,"","",2,1,0,1,"","","","","","","","","","","","","","","","","","","","","","","","","","","","","","","","","","","","","","","","","","","","","","","","","","","","","","","","","","","","","","","","","",""
"54405001","NANCY-OCHEY",48.581,5.959833,336,1982051421,"","","","",5.,1,80,1,"","","","","","","","","","","","","","","","","","","","","","","","","","","","",18.8,1,7.6,1,"","","","","","","","","","","","","","","","","","","","","","","","","","",49,1,"","","","","","","","","","","","",10.6,1,1020.,1,"","","","","","","","","","","","","","","","","","","","","","","","","","","","","","","","","","","","","","","","","","","","","","","","","","","","","","","","","","","","","","","","","","","","","","","","","","","","","","","","","","","","","","","","","","","","","","","","","","","","","","","","","","","","","","","","","",""
"54405001","NANCY-OCHEY",48.581,5.959833,336,1982051500,"","","","",2.,1,140,1,"","","","","","","","","","","","","","","","","","","","","","","","","","","","",15.5,1,5.4,1,"","","","","","","","","","","","","","","","","","","","","","","","","","",52,1,"","","","","","","","","","","","",9.1,1,1020.,1,"","","","","","","","","","","","","","","","","","","","","","","","","","","","","","","","","","","","","","","","","","","","","","","","","","","","","","","","","","","","","","","","","","","","","","","","","","","","","","","","","","","","","","","","","","","","","","","","","","","","","","","","","","","","","","","","","",""
"54405001","NANCY-OCHEY",48.581,5.959833,336,1982051503,"","","","",0.,1,0,1,"","","","","","","","","","","","","","","","","","","","","","","","","","","","",10.2,1,4.3,1,"","","","","","","","","","","","","","","","","","","","","","","","","","",68,1,"","","","","","","","","","","","",8.4,1,1020.2,1,"","","","","","","","","","","","","","","","","","","","","","","","","","","","","","","","","","","","","","","","","","","","","","","","","","","","","","","","","","","","","","","","","","","","","","","","","","","","","","","","","","","","","","","","","","","","","","","","","","","","","","","","","","","","","","","","","",""
"54405001","NANCY-OCHEY",48.581,5.959833,336,1982051506,"","","","",2.,1,160,1,"","","","","","","","","","","","","","","","","","","","","","","","","","","","",10.9,1,5.4,1,"","","","","","","","","","","","","","","","","","","","","","","","","","",70,1,"","","","","","","","","","","","",9.1,1,1019.9,1,"","","","","","",0,1,"","",0,1,0,1,0,1,"","","","","","","","","","","","","","","","","","","","","","","","",11000,1,"","",2,1,0,1,"","",0,1,"","","","","","","","","","","","","","","","","","","","","","","","","","","","","","","","","","","","","","","","","","","","","","","","","","","","","","","","","","","","","",""
"54405001","NANCY-OCHEY",48.581,5.959833,336,1982051509,"","","","",4.,1,140,1,"","","","","","","","","","","","","","","","","","","","","","","","","","","","",18.7,1,8.6,1,"","","","","","","","","","","","","","","","","","","","","","","","","","",53,1,"","","","","","","","","","","","",11.4,1,1018.,1,"","","","","","",1,1,0,1,0,1,0,1,1,1,"","","","","","","","","","","","","","","","","","","","","","","","",12000,1,"","",2,1,0,1,"","","","","","","","","","","","","","","","","","","","","","","","","","","","","","","","","","","","","","","","","","","","","","","","","","","","","","","","","","","","","","","","","",""
"54405001","NANCY-OCHEY",48.581,5.959833,336,1982051512,"","","","",3.,1,140,1,"","","","","","","","","","","","","","","","","","","","","","","","","","","","",23.9,1,7.3,1,"","","","","","","","","","","","","","","","","","","","","","","","","","",35,1,"","","","","","","","","","","","",10.4,1,1016.2,1,"","","","","","",1,1,0,1,0,1,0,1,1,1,"","","","","","","","","","","","","","","","","","","","","","","","",15000,1,"","",2,1,0,1,"","","","","","","","","","","","","","","","","","","","","","","","","","","","","","","","","","","","","","","","","","","","","","","","","","","","","","","","","","","","","","","","","",""
"54405001","NANCY-OCHEY",48.581,5.959833,336,1982051515,"","","","",4.,1,220,1,"","","","","","","","","","","","","","","","","","","","","","","","","","","","",25.1,1,5.1,1,"","","","","","","","","","","","","","","","","","","","","","","","","","",28,1,"","","","","","","","","","","","",8.9,1,1014.9,1,"","","","","","","","","","","","","","","","","","","","","","","","","","","","","","","","","","","","","","","","","","","","","","","","","","","","","","","","","","","","","","","","","","","","","","","","","","","","","","","","","","","","","","","","","","","","","","","","","","","","","","","","","","","","","","","","","",""
"54405001","NANCY-OCHEY",48.581,5.959833,336,1982051518,"","","","",2.,1,160,1,"","","","","","","","","","","","","","","","","","","","","","","","","","","","",24.,1,6.,1,"","","","","","","","","","","","","","","","","","","","","","","","","","",32,1,"","","","","","","","","","","","",9.5,1,1013.3,1,"","","","","","","","","","","","","","","","","","","","","","","","","","","","","","","","","","","","","","","","","","","","","","","","","","","","","","","","","","","","","","","","","","","","","","","","","","","","","","","","","","","","","","","","","","","","","","","","","","","","","","","","","","","","","","","","","",""
"54405001","NANCY-OCHEY",48.581,5.959833,336,1982051521,"","","","",3.,1,160,1,"","","","","","","","","","","","","","","","","","","","","","","","","","","","",17.8,1,8.,1,"","","","","","","","","","","","","","","","","","","","","","","","","","",54,1,"","","","","","","","","","","","",10.9,1,1014.4,1,"","","","","","","","","","","","","","","","","","","","","","","","","","","","","","","","","","","","","","","","","","","","","","","","","","","","","","","","","","","","","","","","","","","","","","","","","","","","","","","","","","","","","","","","","","","","","","","","","","","","","","","","","","","","","","","","","",""
"54405001","NANCY-OCHEY",48.581,5.959833,336,1982051600,"","","","",3.,1,140,1,"","","","","","","","","","","","","","","","","","","","","","","","","","","","",15.1,1,8.5,1,"","","","","","","","","","","","","","","","","","","","","","","","","","",66,1,"","","","","","","","","","","","",11.3,1,1014.8,1,"","","","","","","","","","","","","","","","","","","","","","","","","","","","","","","","","","","","","","","","","","","","","","","","","","","","","","","","","","","","","","","","","","","","","","","","","","","","","","","","","","","","","","","","","","","","","","","","","","","","","","","","","","","","","","","","","",""
"54405001","NANCY-OCHEY",48.581,5.959833,336,1982051603,"","","","",2.,1,160,1,"","","","","","","","","","","","","","","","","","","","","","","","","","","","",13.,1,7.3,1,"","","","","","","","","","","","","","","","","","","","","","","","","","",70,1,"","","","","","","","","","","","",10.4,1,1014.8,1,"","","","","","","","","","","","","","","","","","","","","","","","","","","","","","","","","","","","","","","","","","","","","","","","","","","","","","","","","","","","","","","","","","","","","","","","","","","","","","","","","","","","","","","","","","","","","","","","","","","","","","","","","","","","","","","","","",""
"54405001","NANCY-OCHEY",48.581,5.959833,336,1982051606,"","","","",3.,1,220,1,"","","","","","","","","","","","","","","","","","","","","","","","","","","","",14.3,1,7.8,1,"","","","","","","","","","","","","","","","","","","","","","","","","","",66,1,"","","","","","","","","","","","",10.8,1,1014.6,1,"","","","","","",6,1,5,1,5,1,3,1,1,1,"","","","","","","","","","","","","","","","","","","","","","","","",18000,1,"","",3,1,2,1,"","",0,1,"","","","","","","","","","","","","","","","","","","","","","","","","","","","","","","","","","","","","","","","","","","","","","","","","","","","","","","","","","","","","",""
"54405001","NANCY-OCHEY",48.581,5.959833,336,1982051609,"","","","",4.,1,220,1,"","","","","","","","","","","","","","","","","","","","","","","","","","","","",20.,1,9.,1,"","","","","","","","","","","","","","","","","","","","","","","","","","",50,1,"","","","","","","","","","","","",11.7,1,1014.5,1,"","","","","","",6,1,5,1,0,1,3,1,1,1,"","","","","","","","","","","","","","","","","","","","","","","","",20000,1,"","",3,1,2,1,"","","","","","","","","","","","","","","","","","","","","","","","","","","","","","","","","","","","","","","","","","","","","","","","","","","","","","","","","","","","","","","","","",""
"54405001","NANCY-OCHEY",48.581,5.959833,336,1982051612,"","","","",5.,1,200,1,"","","","","","","","","","","","","","","","","","","","","","","","","","","","",23.5,1,10.6,1,"","","","","","","","","","","","","","","","","","","","","","","","","","",45,1,"","","","","","","","","","","","",13.1,1,1013.6,1,"","","","","","",5,1,0,1,2,1,3,1,1,1,"","","","","","","","","","","","","","","","","","","","","","","","",20000,1,"","",3,1,2,1,"","","","","","","","","","","","","","","","","","","","","","","","","","","","","","","","","","","","","","","","","","","","","","","","","","","","","","","","","","","","","","","","","",""
"54405001","NANCY-OCHEY",48.581,5.959833,336,1982051615,"","","","",6.,1,180,1,"","","","","","","","","","","","","","","","","","","","","","","","","","","","",22.6,1,10.3,1,"","","","","","","","","","","","","","","","","","","","","","","","","","",47,1,"","","","","","","","","","","","",12.8,1,1013.8,1,"","","","","","","","","","","","","","","","","","","","","","","","","","","","","","","","","","","","","","","","","","","","","","","","","","","","","","","","","","","","","","","","","","","","","","","","","","","","","","","","","","","","","","","","","","","","","","","","","","","","","","","","","","","","","","","","","",""
"54405001","NANCY-OCHEY",48.581,5.959833,336,1982051618,"","","","",4.,1,200,1,"","","","","","","","","","","","","","","","","","","","","","","","","","","","",18.8,1,8.3,1,"","","","","","","","","","","","","","","","","","","","","","","","","","",52,1,"","","","","","","","","","","","",11.2,1,1014.2,1,"","","","","","","","","","","","","","","","","","","","","","","","","","","","","","","","","","","","","","","","","","","","","","","","","","","","","","","","","","","","","","","","","","","","","","","","","","","","","","","","","","","","","","","","","","","","","","","","","","","","","","","","","","","","","","","","","",""
"54405001","NANCY-OCHEY",48.581,5.959833,336,1982051621,"","","","",1.,1,180,1,"","","","","","","","","","","","","","","","","","","","","","","","","","","","",16.2,1,11.2,1,"","","","","","","","","","","","","","","","","","","","","","","","","","",74,1,"","","","","","","","","","","","",13.6,1,1015.5,1,"","","","","","","","","","","","","","","","","","","","","","","","","","","","","","","","","","","","","","","","","","","","","","","","","","","","","","","","","","","","","","","","","","","","","","","","","","","","","","","","","","","","","","","","","","","","","","","","","","","","","","","","","","","","","","","","","",""
"54405001","NANCY-OCHEY",48.581,5.959833,336,1982051700,"","","","",1.,1,200,1,"","","","","","","","","","","","","","","","","","","","","","","","","","","","",14.3,1,10.2,1,"","","","","","","","","","","","","","","","","","","","","","","","","","",78,1,"","","","","","","","","","","","",12.7,1,1016.2,1,"","","","","","","","","","","","","","","","","","","","","","","","","","","","","","","","","","","","","","","","","","","","","","","","","","","","","","","","","","","","","","","","","","","","","","","","","","","","","","","","","","","","","","","","","","","","","","","","","","","","","","","","","","","","","","","","","",""
"54405001","NANCY-OCHEY",48.581,5.959833,336,1982051703,"","","","",3.,1,240,1,"","","","","","","","","","","","","","","","","","","","","","","","","","","","",13.7,1,10.6,1,"","","","","","","","","","","","","","","","","","","","","","","","","","",84,1,"","","","","","","","","","","","",13.1,1,1016.3,1,"","","","","","","","","","","","","","","","","","","","","","","","","","","","","","","","","","","","","","","","","","","","","","","","","","","","","","","","","","","","","","","","","","","","","","","","","","","","","","","","","","","","","","","","","","","","","","","","","","","","","","","","","","","","","","","","","",""
"54405001","NANCY-OCHEY",48.581,5.959833,336,1982051706,"","","","",1.,1,200,1,"","","","","","","","","","","","","","","","","","","","","","","","","","","","",13.5,1,11.4,1,"","","","","","","","","","","","","","","","","","","","","","","","","","",89,1,"","","","","","","","","","","","",13.8,1,1017.3,1,"","","","","","",7,1,7,1,5,1,7,1,"","","","","","","","","","","","","","","","","","","","","","","","","","",10000,1,"","",3,1,2,1,"","",0,1,"","","","","","","","","","","","","","","","","","","","","","","","","","","","","","","","","","","","","","","","","","","","","","","","","","","","","","","","","","","","","",""
"54405001","NANCY-OCHEY",48.581,5.959833,336,1982051709,"","","","",2.,1,300,1,"","","","","","","","","","","","","","","","","","","","","","","","","","","","",17.1,1,12.5,1,"","","","","","","","","","","","","","","","","","","","","","","","","","",76,1,"","","","","","","","","","","","",14.9,1,1017.5,1,"","","","","","",6,1,5,1,2,1,0,1,1,1,"","","","","","","","","","","","","","","","","","","","","","","","",12000,1,"","",1,1,2,1,"","","","","","","","","","","","","","","","","","","","","","","","","","","","","","","","","","","","","","","","","","","","","","","","","","","","","","","","","","","","","","","","","",""
"54405001","NANCY-OCHEY",48.581,5.959833,336,1982051712,"","","","",3.,1,220,1,"","","","","","","","","","","","","","","","","","","","","","","","","","","","",21.5,1,11.9,1,"","","","","","","","","","","","","","","","","","","","","","","","","","",55,1,"","","","","","","","","","","","",14.3,1,1016.4,1,"","","","","","",6,1,5,1,2,1,0,1,1,1,"","","","","","","","","","","","","","","","","","","","","","","","",20000,1,"","",1,1,2,1,"","","","","","","","","","","","","","","","","","","","","","","","","","","","","","","","","","","","","","","","","","","","","","","","","","","","","","","","","","","","","","","","","",""
"54405001","NANCY-OCHEY",48.581,5.959833,336,1982051715,"","","","",1.,1,300,1,"","","","","","","","","","","","","","","","","","","","","","","","","","","","",22.1,1,11.8,1,"","","","","","","","","","","","","","","","","","","","","","","","","","",53,1,"","","","","","","","","","","","",14.2,1,1015.3,1,"","","","","","",5,1,0,1,2,1,0,1,1,1,"","","","","","","","","","","","","","","","","","","","","","","","",20000,1,"","",1,1,2,1,"","","","","","","","","","","","","","","","","","","","","","","","","","","","","","","","","","","","","","","","","","","","","","","","","","","","","","","","","","","","","","","","","",""
"54405001","NANCY-OCHEY",48.581,5.959833,336,1982051718,"","","","",1.,1,300,1,"","","","","","","","","","","","","","","","","","","","","","","","","","","","",21.7,1,11.7,1,"","","","","","","","","","","","","","","","","","","","","","","","","","",54,1,"","","","","","","","","","","","",14.1,1,1015.1,1,"","","","","","",6,1,6,1,2,1,0,1,1,1,"","","","","","","","","","","","","","","","","","","","","","","","",20000,1,"","",3,1,1,1,"","","","","","","","","","","","","","","","","","","","","","","","","","","","","","","","","","","","","","","","","","","","","","","","","","","","","","","","","","","","","","","","","",""
"54405001","NANCY-OCHEY",48.581,5.959833,336,1982051721,"","","","",2.,1,160,1,"","","","","","","","","","","","","","","","","","","","","","","","","","","","",16.6,1,11.7,1,"","","","","","","","","","","","","","","","","","","","","","","","","","",75,1,"","","","","","","","","","","","",14.1,1,1015.8,1,"","","","","","","","","","","","","","","","","","","","","","","","","","","","","","","","","","","","","","","","","","","","","","","","","","","","","","","","","","","","","","","","","","","","","","","","","","","","","","","","","","","","","","","","","","","","","","","","","","","","","","","","","","","","","","","","","",""
"54405001","NANCY-OCHEY",48.581,5.959833,336,1982051800,"","","","",6.,1,320,1,"","","","","","","","","","","","","","","","","","","","","","","","","","","","",14.5,1,11.6,1,"","","","","","","","","","","","","","","","","","","","","","","","","","",85,1,"","","","","","","","","","","","",14.,1,1016.7,1,"","","","","","","","","","","","","","","","","","","","","","","","","","","","","","","","","","","","","","","","","","","","","","","","","","","","","","","","","","","","","","","","","","","","","","","","","","","","","","","","","","","","","","","","","","","","","","","","","","","","","","","","","","","","","","","","","",""
"54405001","NANCY-OCHEY",48.581,5.959833,336,1982051803,"","","","",1.,1,340,1,"","","","","","","","","","","","","","","","","","","","","","","","","","","","",12.2,1,10.2,1,"","","","","","","","","","","","","","","","","","","","","","","","","","",90,1,"","","","","","","","","","","","",12.7,1,1016.2,1,"","","","","","","","","","","","","","","","","","","","","","","","","","","","","","","","","","","","","","","","","","","","","","","","","","","","","","","","","","","","","","","","","","","","","","","","","","","","","","","","","","","","","","","","","","","","","","","","","","","","","","","","","","","","","","","","","",""
"54405001","NANCY-OCHEY",48.581,5.959833,336,1982051806,"","","","",3.,1,180,1,"","","","","","","","","","","","","","","","","","","","","","","","","","","","",12.4,1,10.5,1,"","","","","","","","","","","","","","","","","","","","","","","","","","",90,1,"","","","","","","","","","","","",13.,1,1016.1,1,"","","","","","",5,1,0,1,5,1,3,1,1,1,"","","","","","","","","","","","","","","","","","","","","","","","",14000,1,"","",2,1,2,1,"","",0,1,"","","","","","","","","","","","","","","","","","","","","","","","","","","","","","","","","","","","","","","","","","","","","","","","","","","","","","","","","","","","","",""
"54405001","NANCY-OCHEY",48.581,5.959833,336,1982051809,"","","","",3.,1,200,1,"","","","","","","","","","","","","","","","","","","","","","","","","","","","",19.,1,13.3,1,"","","","","","","","","","","","","","","","","","","","","","","","","","",71,1,"","","","","","","","","","","","",15.7,1,1015.4,1,"","","","","","",6,1,0,1,2,1,3,1,1,1,"","","","","","","","","","","","","","","","","","","","","","","","",13000,1,"","",3,1,2,1,"","","","","","","","","","","","","","","","","","","","","","","","","","","","","","","","","","","","","","","","","","","","","","","","","","","","","","","","","","","","","","","","","",""
"54405001","NANCY-OCHEY",48.581,5.959833,336,1982051812,"","","","",5.,1,200,1,"","","","","","","","","","","","","","","","","","","","","","","","","","","","",23.6,1,11.6,1,"","","","","","","","","","","","","","","","","","","","","","","","","","",48,1,"","","","","","","","","","","","",14.,1,1014.3,1,"","","","","","",6,1,5,1,2,1,3,1,1,1,"","","","","","","","","","","","","","","","","","","","","","","","",14000,1,"","",3,1,2,1,"","","","","","","","","","","","","","","","","","","","","","","","","","","","","","","","","","","","","","","","","","","","","","","","","","","","","","","","","","","","","","","","","",""
"54405001","NANCY-OCHEY",48.581,5.959833,336,1982051815,"","","","",5.,1,280,1,"","","","","","","","","","","","","","","","","","","","","","","","","","","","",21.7,1,9.6,1,"","","","","","","","","","","","","","","","","","","","","","","","","","",47,1,"","","","","","","","","","","","",12.2,1,1013.8,1,"","","","","","",6,1,5,1,3,1,0,1,3,1,"","","","","","","","","","","","","","","","","","","","","","","","",13000,1,"","",3,1,2,1,"","","","","","","","","","","","","","","","","","","","","","","","","","","","","","","","","","","","","","","","","","","","","","","","","","","","","","","","","","","","","","","","","",""
"54405001","NANCY-OCHEY",48.581,5.959833,336,1982051818,"","","","",3.,1,260,1,"","","","","","","","","","","","","","","","","","","","","","","","","","","","",14.4,1,12.1,1,"","","","","","","","","","","","","","","","","","","","","","","","","","",88,1,"","","","","","","","","","","","",14.5,1,1016.6,1,"","","","","","",7,1,5,1,4,1,6,1,"","","","","","","","","","","","","","","","","","","","","","","","","","",14000,1,"","",29,1,9,1,"","","","","","","","","","","","","","","","","","","","","","","","","","","","","","","","","","","","","","","","","","","","","","","","","","","","","","","","","","","","","","","","","",""
"54405001","NANCY-OCHEY",48.581,5.959833,336,1982051821,"","","","",3.,1,260,1,"","","","","","","","","","","","","","","","","","","","","","","","","","","","",14.1,1,13.3,1,"","","","","","","","","","","","","","","","","","","","","","","","","","",98,1,"","","","","","","","","","","","",15.7,1,1018.,1,"","","","","","","","","","","","","","","","","","","","","","","","","","","","","","","","","","","","","","","","","","","","","","","","","","","","","","","","","","","","","","","","","","","","","","","","","","","","","","","","","","","","","","","","","","","","","","","","","","","","","","","","","","","","","","","","","",""
"54405001","NANCY-OCHEY",48.581,5.959833,336,1982051900,"","","","",0.,1,0,1,"","","","","","","","","","","","","","","","","","","","","","","","","","","","",13.,1,13.,1,"","","","","","","","","","","","","","","","","","","","","","","","","","",100,1,"","","","","","","","","","","","",14.9,1,1019.1,1,"","","","","","","","","","","","","","","","","","","","","","","","","","","","","","","","","","","","","","","","","","","","","","","","","","","","","","","","","","","","","","","","","","","","","","","","","","","","","","","","","","","","","","","","","","","","","","","","","","","","","","","","","","","","","","","","","",""
"54405001","NANCY-OCHEY",48.581,5.959833,336,1982051903,"","","","",2.,1,320,1,"","","","","","","","","","","","","","","","","","","","","","","","","","","","",12.2,1,12.2,1,"","","","","","","","","","","","","","","","","","","","","","","","","","",100,1,"","","","","","","","","","","","",14.2,1,1019.7,1,"","","","","","","","","","","","","","","","","","","","","","","","","","","","","","","","","","","","","","","","","","","","","","","","","","","","","","","","","","","","","","","","","","","","","","","","","","","","","","","","","","","","","","","","","","","","","","","","","","","","","","","","","","","","","","","","","",""
"54405001","NANCY-OCHEY",48.581,5.959833,336,1982051906,"","","","",1.,1,340,1,"","","","","","","","","","","","","","","","","","","","","","","","","","","","",10.8,1,10.8,1,"","","","","","","","","","","","","","","","","","","","","","","","","","",100,1,"","","","","","","","","","","","",12.9,1,1021.7,1,"","","","","","",8,1,8,1,6,1,"","","","","","","","","","","","","","","","","","","","","","","","","","","","",700,1,"","",46,1,4,1,"","",0,1,"","","","","","","","","","","","","","","","","","","","","","","","","","","","","","","","","","","","","","","","","","","","","","","","","","","","","","","","","","","","","",""
"54405001","NANCY-OCHEY",48.581,5.959833,336,1982051909,"","","","",0.,1,0,1,"","","","","","","","","","","","","","","","","","","","","","","","","","","","",15.3,1,10.9,1,"","","","","","","","","","","","","","","","","","","","","","","","","","",77,1,"","","","","","","","","","","","",13.4,1,1022.3,1,"","","","","","",4,1,0,1,1,1,0,1,1,1,"","","","","","","","","","","","","","","","","","","","","","","","",6000,1,"","",1,1,4,1,"","","","","","","","","","","","","","","","","","","","","","","","","","","","","","","","","","","","","","","","","","","","","","","","","","","","","","","","","","","","","","","","","",""
"54405001","NANCY-OCHEY",48.581,5.959833,336,1982051912,"","","","",2.,1,320,1,"","","","","","","","","","","","","","","","","","","","","","","","","","","","",19.5,1,10.9,1,"","","","","","","","","","","","","","","","","","","","","","","","","","",59,1,"","","","","","","","","","","","",13.4,1,1021.5,1,"","","","","","",4,1,0,1,2,1,0,1,1,1,"","","","","","","","","","","","","","","","","","","","","","","","",12000,1,"","",3,1,4,1,"","","","","","","","","","","","","","","","","","","","","","","","","","","","","","","","","","","","","","","","","","","","","","","","","","","","","","","","","","","","","","","","","",""
"54405001","NANCY-OCHEY",48.581,5.959833,336,1982051915,"","","","",2.,1,300,1,"","","","","","","","","","","","","","","","","","","","","","","","","","","","",21.,1,9.6,1,"","","","","","","","","","","","","","","","","","","","","","","","","","",49,1,"","","","","","","","","","","","",12.2,1,1020.4,1,"","","","","","",3,1,0,1,2,1,0,1,1,1,"","","","","","","","","","","","","","","","","","","","","","","","",15000,1,"","",1,1,0,1,"","","","","","","","","","","","","","","","","","","","","","","","","","","","","","","","","","","","","","","","","","","","","","","","","","","","","","","","","","","","","","","","","",""
"54405001","NANCY-OCHEY",48.581,5.959833,336,1982051918,"","","","",1.,1,80,1,"","","","","","","","","","","","","","","","","","","","","","","","","","","","",20.,1,10.5,1,"","","","","","","","","","","","","","","","","","","","","","","","","","",55,1,"","","","","","","","","","","","",13.,1,1019.9,1,"","","","","","",6,1,6,1,4,1,0,1,2,1,"","","","","","","","","","","","","","","","","","","","","","","","",15000,1,"","",3,1,1,1,"","","","","","","","","","","","","","","","","","","","","","","","","","","","","","","","","","","","","","","","","","","","","","","","","","","","","","","","","","","","","","","","","",""
"54405001","NANCY-OCHEY",48.581,5.959833,336,1982051921,"","","","",2.,1,120,1,"","","","","","","","","","","","","","","","","","","","","","","","","","","","",14.4,1,8.9,1,"","","","","","","","","","","","","","","","","","","","","","","","","","",71,1,"","","","","","","","","","","","",11.6,1,1021.2,1,"","","","","","","","","","","","","","","","","","","","","","","","","","","","","","","","","","","","","","","","","","","","","","","","","","","","","","","","","","","","","","","","","","","","","","","","","","","","","","","","","","","","","","","","","","","","","","","","","","","","","","","","","","","","","","","","","",""
"54405001","NANCY-OCHEY",48.581,5.959833,336,1982052000,"","","","",1.,1,160,1,"","","","","","","","","","","","","","","","","","","","","","","","","","","","",11.9,1,9.1,1,"","","","","","","","","","","","","","","","","","","","","","","","","","",85,1,"","","","","","","","","","","","",11.8,1,1021.4,1,"","","","","","","","","","","","","","","","","","","","","","","","","","","","","","","","","","","","","","","","","","","","","","","","","","","","","","","","","","","","","","","","","","","","","","","","","","","","","","","","","","","","","","","","","","","","","","","","","","","","","","","","","","","","","","","","","",""
"54405001","NANCY-OCHEY",48.581,5.959833,336,1982052003,"","","","",0.,1,0,1,"","","","","","","","","","","","","","","","","","","","","","","","","","","","",9.8,1,7.4,1,"","","","","","","","","","","","","","","","","","","","","","","","","","",87,1,"","","","","","","","","","","","",10.5,1,1021.5,1,"","","","","","","","","","","","","","","","","","","","","","","","","","","","","","","","","","","","","","","","","","","","","","","","","","","","","","","","","","","","","","","","","","","","","","","","","","","","","","","","","","","","","","","","","","","","","","","","","","","","","","","","","","","","","","","","","",""
"54405001","NANCY-OCHEY",48.581,5.959833,336,1982052006,"","","","",2.,1,160,1,"","","","","","","","","","","","","","","","","","","","","","","","","","","","",12.,1,9.7,1,"","","","","","","","","","","","","","","","","","","","","","","","","","",87,1,"","","","","","","","","","","","",12.3,1,1021.1,1,"","","","","","",6,1,0,1,8,1,0,1,4,1,"","","","","","","","","","","","","","","","","","","","","","","","",13000,1,"","",3,1,2,1,"","",0,1,"","","","","","","","","","","","","","","","","","","","","","","","","","","","","","","","","","","","","","","","","","","","","","","","","","","","","","","","","","","","","",""
"54405001","NANCY-OCHEY",48.581,5.959833,336,1982052009,"","","","",3.,1,240,1,"","","","","","","","","","","","","","","","","","","","","","","","","","","","",19.3,1,13.1,1,"","","","","","","","","","","","","","","","","","","","","","","","","","",69,1,"","","","","","","","","","","","",15.5,1,1021.,1,"","","","","","",6,1,5,1,2,1,0,1,1,1,"","","","","","","","","","","","","","","","","","","","","","","","",15000,1,"","",1,1,2,1,"","","","","","","","","","","","","","","","","","","","","","","","","","","","","","","","","","","","","","","","","","","","","","","","","","","","","","","","","","","","","","","","","",""
"54405001","NANCY-OCHEY",48.581,5.959833,336,1982052012,"","","","",5.,1,280,1,"","","","","","","","","","","","","","","","","","","","","","","","","","","","",17.5,1,11.3,1,"","","","","","","","","","","","","","","","","","","","","","","","","","",68,1,"","","","","","","","","","","","",13.7,1,1021.5,1,"","","","","","",6,1,6,1,2,1,0,1,1,1,"","","","","","","","","","","","","","","","","","","","","","","","",15000,1,"","",3,1,2,1,"","","","","","","","","","","","","","","","","","","","","","","","","","","","","","","","","","","","","","","","","","","","","","","","","","","","","","","","","","","","","","","","","",""
"54405001","NANCY-OCHEY",48.581,5.959833,336,1982052015,"","","","",6.,1,300,1,"","","","","","","","","","","","","","","","","","","","","","","","","","","","",20.1,1,11.7,1,"","","","","","","","","","","","","","","","","","","","","","","","","","",60,1,"","","","","","","","","","","","",14.1,1,1020.6,1,"","","","","","","","","","","","","","","","","","","","","","","","","","","","","","","","","","","","","","","","","","","","","","","","","","","","","","","","","","","","","","","","","","","","","","","","","","","","","","","","","","","","","","","","","","","","","","","","","","","","","","","","","","","","","","","","","",""
"54405001","NANCY-OCHEY",48.581,5.959833,336,1982052018,"","","","",4.,1,280,1,"","","","","","","","","","","","","","","","","","","","","","","","","","","","",16.6,1,12.8,1,"","","","","","","","","","","","","","","","","","","","","","","","","","",81,1,"","","","","","","","","","","","",15.2,1,1021.6,1,"","","","","","","","","","","","","","","","","","","","","","","","","","","","","","","","","","","","","","","","","","","","","","","","","","","","","","","","","","","","","","","","","","","","","","","","","","","","","","","","","","","","","","","","","","","","","","","","","","","","","","","","","","","","","","","","","",""
"54405001","NANCY-OCHEY",48.581,5.959833,336,1982052021,"","","","",2.,1,280,1,"","","","","","","","","","","","","","","","","","","","","","","","","","","","",13.9,1,12.8,1,"","","","","","","","","","","","","","","","","","","","","","","","","","",96,1,"","","","","","","","","","","","",15.2,1,1023.8,1,"","","","","","","","","","","","","","","","","","","","","","","","","","","","","","","","","","","","","","","","","","","","","","","","","","","","","","","","","","","","","","","","","","","","","","","","","","","","","","","","","","","","","","","","","","","","","","","","","","","","","","","","","","","","","","","","","",""
"54405001","NANCY-OCHEY",48.581,5.959833,336,1982052100,"","","","",2.,1,200,1,"","","","","","","","","","","","","","","","","","","","","","","","","","","","",13.8,1,12.7,1,"","","","","","","","","","","","","","","","","","","","","","","","","","",96,1,"","","","","","","","","","","","",15.1,1,1024.,1,"","","","","","","","","","","","","","","","","","","","","","","","","","","","","","","","","","","","","","","","","","","","","","","","","","","","","","","","","","","","","","","","","","","","","","","","","","","","","","","","","","","","","","","","","","","","","","","","","","","","","","","","","","","","","","","","","",""
"54405001","NANCY-OCHEY",48.581,5.959833,336,1982052103,"","","","",2.,1,240,1,"","","","","","","","","","","","","","","","","","","","","","","","","","","","",13.9,1,12.9,1,"","","","","","","","","","","","","","","","","","","","","","","","","","",97,1,"","","","","","","","","","","","",15.3,1,1023.8,1,"","","","","","","","","","","","","","","","","","","","","","","","","","","","","","","","","","","","","","","","","","","","","","","","","","","","","","","","","","","","","","","","","","","","","","","","","","","","","","","","","","","","","","","","","","","","","","","","","","","","","","","","","","","","","","","","","",""
"54405001","NANCY-OCHEY",48.581,5.959833,336,1982052106,"","","","",2.,1,220,1,"","","","","","","","","","","","","","","","","","","","","","","","","","","","",13.2,1,12.2,1,"","","","","","","","","","","","","","","","","","","","","","","","","","",96,1,"","","","","","","","","","","","",14.6,1,1024.1,1,"","","","","","",3,1,0,1,8,1,0,1,0,1,"","","","","","","","","","","","","","","","","","","","","","","","",6000,1,"","",3,1,0,1,"","",0,1,"","","","","","","","","","","","","","","","","","","","","","","","","","","","","","","","","","","","","","","","","","","","","","","","","","","","","","","","","","","","","",""
"54405001","NANCY-OCHEY",48.581,5.959833,336,1982052109,"","","","",3.,1,300,1,"","","","","","","","","","","","","","","","","","","","","","","","","","","","",16.3,1,12.2,1,"","","","","","","","","","","","","","","","","","","","","","","","","","",79,1,"","","","","","","","","","","","",14.6,1,1024.1,1,"","","","","","",5,1,0,1,8,1,0,1,0,1,"","","","","","","","","","","","","","","","","","","","","","","","",18000,1,"","",1,1,1,1,"","","","","","","","","","","","","","","","","","","","","","","","","","","","","","","","","","","","","","","","","","","","","","","","","","","","","","","","","","","","","","","","","",""
"54405001","NANCY-OCHEY",48.581,5.959833,336,1982052112,"","","","",3.,1,300,1,"","","","","","","","","","","","","","","","","","","","","","","","","","","","",18.9,1,11.1,1,"","","","","","","","","","","","","","","","","","","","","","","","","","",61,1,"","","","","","","","","","","","",13.5,1,1023.5,1,"","","","","","",6,1,5,1,8,1,0,1,0,1,"","","","","","","","","","","","","","","","","","","","","","","","",20000,1,"","",3,1,1,1,"","","","","","","","","","","","","","","","","","","","","","","","","","","","","","","","","","","","","","","","","","","","","","","","","","","","","","","","","","","","","","","","","",""
"54405001","NANCY-OCHEY",48.581,5.959833,336,1982052115,"","","","",2.,1,240,1,"","","","","","","","","","","","","","","","","","","","","","","","","","","","",19.8,1,11.1,1,"","","","","","","","","","","","","","","","","","","","","","","","","","",58,1,"","","","","","","","","","","","",13.5,1,1022.1,1,"","","","","","",7,1,6,1,8,1,"","","","","","","","","","","","","","","","","","","","","","","","","","","","",25000,1,"","",1,1,2,1,"","","","","","","","","","","","","","","","","","","","","","","","","","","","","","","","","","","","","","","","","","","","","","","","","","","","","","","","","","","","","","","","","",""
"54405001","NANCY-OCHEY",48.581,5.959833,336,1982052118,"","","","",4.,1,300,1,"","","","","","","","","","","","","","","","","","","","","","","","","","","","",18.9,1,11.1,1,"","","","","","","","","","","","","","","","","","","","","","","","","","",61,1,"","","","","","","","","","","","",13.5,1,1021.8,1,"","","","","","",6,1,0,1,8,1,0,1,0,1,"","","","","","","","","","","","","","","","","","","","","","","","",25000,1,"","",1,1,1,1,"","","","","","","","","","","","","","","","","","","","","","","","","","","","","","","","","","","","","","","","","","","","","","","","","","","","","","","","","","","","","","","","","",""
"54405001","NANCY-OCHEY",48.581,5.959833,336,1982052121,"","","","",2.,1,300,1,"","","","","","","","","","","","","","","","","","","","","","","","","","","","",14.1,1,10.6,1,"","","","","","","","","","","","","","","","","","","","","","","","","","",82,1,"","","","","","","","","","","","",13.1,1,1022.7,1,"","","","","","","","","","","","","","","","","","","","","","","","","","","","","","","","","","","","","","","","","","","","","","","","","","","","","","","","","","","","","","","","","","","","","","","","","","","","","","","","","","","","","","","","","","","","","","","","","","","","","","","","","","","","","","","","","",""
"54405001","NANCY-OCHEY",48.581,5.959833,336,1982052200,"","","","",2.,1,240,1,"","","","","","","","","","","","","","","","","","","","","","","","","","","","",12.1,1,10.1,1,"","","","","","","","","","","","","","","","","","","","","","","","","","",90,1,"","","","","","","","","","","","",12.6,1,1022.2,1,"","","","","","","","","","","","","","","","","","","","","","","","","","","","","","","","","","","","","","","","","","","","","","","","","","","","","","","","","","","","","","","","","","","","","","","","","","","","","","","","","","","","","","","","","","","","","","","","","","","","","","","","","","","","","","","","","",""
"54405001","NANCY-OCHEY",48.581,5.959833,336,1982052203,"","","","",3.,1,220,1,"","","","","","","","","","","","","","","","","","","","","","","","","","","","",11.4,1,10.1,1,"","","","","","","","","","","","","","","","","","","","","","","","","","",94,1,"","","","","","","","","","","","",12.6,1,1020.9,1,"","","","","","","","","","","","","","","","","","","","","","","","","","","","","","","","","","","","","","","","","","","","","","","","","","","","","","","","","","","","","","","","","","","","","","","","","","","","","","","","","","","","","","","","","","","","","","","","","","","","","","","","","","","","","","","","","",""
"54405001","NANCY-OCHEY",48.581,5.959833,336,1982052206,"","","","",4.,1,220,1,"","","","","","","","","","","","","","","","","","","","","","","","","","","","",11.7,1,9.9,1,"","","","","","","","","","","","","","","","","","","","","","","","","","",91,1,"","","","","","","","","","","","",12.5,1,1020.5,1,"","","","","","",7,1,7,1,0,1,3,1,8,1,"","","","","","","","","","","","","","","","","","","","","","","","",16000,1,"","",2,1,2,1,"","",0,1,"","","","","","","","","","","","","","","","","","","","","","","","","","","","","","","","","","","","","","","","","","","","","","","","","","","","","","","","","","","","","",""
"54405001","NANCY-OCHEY",48.581,5.959833,336,1982052209,"","","","",6.,1,220,1,"","","","","","","","","","","","","","","","","","","","","","","","","","","","",13.1,1,11.4,1,"","","","","","","","","","","","","","","","","","","","","","","","","","",91,1,"","","","","","","","","","","","",13.8,1,1020.,1,"","","","","","",8,1,8,1,5,1,7,1,"","","","","","","","","","","","","","","","","","","","","","","","","","",13000,1,"","",60,1,6,1,"","","","","","","","","","","","","","","","","","","","","","","","","","","","","","","","","","","","","","","","","","","","","","","","","","","","","","","","","","","","","","","","","",""
"54405001","NANCY-OCHEY",48.581,5.959833,336,1982052212,"","","","",8.,1,220,1,"","","","","","","","","","","","","","","","","","","","","","","","","","","","",14.1,1,12.2,1,"","","","","","","","","","","","","","","","","","","","","","","","","","",90,1,"","","","","","","","","","","","",14.6,1,1019.1,1,"","","","","","",8,1,7,1,2,1,"","","","","","","","","","","","","","","","","","","","","","","","","","","","",7000,1,"","",60,1,6,1,"","","","","","","","","","","","","","","","","","","","","","","","","","","","","","","","","","","","","","","","","","","","","","","","","","","","","","","","","","","","","","","","","",""
"54405001","NANCY-OCHEY",48.581,5.959833,336,1982052215,"","","","",6.,1,240,1,"","","","","","","","","","","","","","","","","","","","","","","","","","","","",15.,1,11.9,1,"","","","","","","","","","","","","","","","","","","","","","","","","","",84,1,"","","","","","","","","","","","",14.3,1,1017.6,1,"","","","","","","","","","","","","","","","","","","","","","","","","","","","","","","","","","","","","","","","","","","","","","","","","","","","","","","","","","","","","","","","","","","","","","","","","","","","","","","","","","","","","","","","","","","","","","","","","","","","","","","","","","","","","","","","","",""
"54405001","NANCY-OCHEY",48.581,5.959833,336,1982052218,"","","","",4.,1,220,1,"","","","","","","","","","","","","","","","","","","","","","","","","","","","",14.8,1,12.7,1,"","","","","","","","","","","","","","","","","","","","","","","","","","",90,1,"","","","","","","","","","","","",15.1,1,1016.,1,"","","","","","","","","","","","","","","","","","","","","","","","","","","","","","","","","","","","","","","","","","","","","","","","","","","","","","","","","","","","","","","","","","","","","","","","","","","","","","","","","","","","","","","","","","","","","","","","","","","","","","","","","","","","","","","","","",""
"54405001","NANCY-OCHEY",48.581,5.959833,336,1982052221,"","","","",6.,1,200,1,"","","","","","","","","","","","","","","","","","","","","","","","","","","","",13.8,1,12.4,1,"","","","","","","","","","","","","","","","","","","","","","","","","","",94,1,"","","","","","","","","","","","",14.8,1,1015.6,1,"","","","","","","","","","","","","","","","","","","","","","","","","","","","","","","","","","","","","","","","","","","","","","","","","","","","","","","","","","","","","","","","","","","","","","","","","","","","","","","","","","","","","","","","","","","","","","","","","","","","","","","","","","","","","","","","","",""
"54405001","NANCY-OCHEY",48.581,5.959833,336,1982052300,"","","","",5.,1,200,1,"","","","","","","","","","","","","","","","","","","","","","","","","","","","",12.5,1,11.3,1,"","","","","","","","","","","","","","","","","","","","","","","","","","",95,1,"","","","","","","","","","","","",13.7,1,1014.2,1,"","","","","","","","","","","","","","","","","","","","","","","","","","","","","","","","","","","","","","","","","","","","","","","","","","","","","","","","","","","","","","","","","","","","","","","","","","","","","","","","","","","","","","","","","","","","","","","","","","","","","","","","","","","","","","","","","",""
"54405001","NANCY-OCHEY",48.581,5.959833,336,1982052303,"","","","",5.,1,200,1,"","","","","","","","","","","","","","","","","","","","","","","","","","","","",12.5,1,11.3,1,"","","","","","","","","","","","","","","","","","","","","","","","","","",95,1,"","","","","","","","","","","","",13.7,1,1012.3,1,"","","","","","","","","","","","","","","","","","","","","","","","","","","","","","","","","","","","","","","","","","","","","","","","","","","","","","","","","","","","","","","","","","","","","","","","","","","","","","","","","","","","","","","","","","","","","","","","","","","","","","","","","","","","","","","","","",""
"54405001","NANCY-OCHEY",48.581,5.959833,336,1982052306,"","","","",6.,1,200,1,"","","","","","","","","","","","","","","","","","","","","","","","","","","","",13.,1,11.6,1,"","","","","","","","","","","","","","","","","","","","","","","","","","",94,1,"","","","","","","","","","","","",14.,1,1010.4,1,"","","","","","",7,1,6,1,8,1,"","","","","","","","","","","","","","","","","","","","","","","","","","","","",11000,1,"","",3,1,8,1,"","",0,1,"","","","","","","","","","","","","","","","","","","","","","","","","","","","","","","","","","","","","","","","","","","","","","","","","","","","","","","","","","","","","",""
"54405001","NANCY-OCHEY",48.581,5.959833,336,1982052309,"","","","",6.,1,240,1,"","","","","","","","","","","","","","","","","","","","","","","","","","","","",11.8,1,9.8,1,"","","","","","","","","","","","","","","","","","","","","","","","","","",90,1,"","","","","","","","","","","","",12.4,1,1010.7,1,"","","","","","",8,1,7,1,8,1,7,1,"","","","","","","","","","","","","","","","","","","","","","","","","","",13000,1,"","",21,1,6,1,"","","","","","","","","","","","","","","","","","","","","","","","","","","","","","","","","","","","","","","","","","","","","","","","","","","","","","","","","","","","","","","","","",""
"54405001","NANCY-OCHEY",48.581,5.959833,336,1982052312,"","","","",8.,1,240,1,"","","","","","","","","","","","","","","","","","","","","","","","","","","","",14.,1,7.7,1,"","","","","","","","","","","","","","","","","","","","","","","","","","",67,1,"","","","","","","","","","","","",10.7,1,1009.8,1,"","","","","","",7,1,6,1,8,1,3,1,1,1,"","","","","","","","","","","","","","","","","","","","","","","","",20000,1,"","",3,1,6,1,"","","","","","","","","","","","","","","","","","","","","","","","","","","","","","","","","","","","","","","","","","","","","","","","","","","","","","","","","","","","","","","","","",""
"54405001","NANCY-OCHEY",48.581,5.959833,336,1982052315,"","","","",5.,1,240,1,"","","","","","","","","","","","","","","","","","","","","","","","","","","","",12.6,1,10.6,1,"","","","","","","","","","","","","","","","","","","","","","","","","","",90,1,"","","","","","","","","","","","",13.1,1,1009.7,1,"","","","","","","","","","","","","","","","","","","","","","","","","","","","","","","","","","","","","","","","","","","","","","","","","","","","","","","","","","","","","","","","","","","","","","","","","","","","","","","","","","","","","","","","","","","","","","","","","","","","","","","","","","","","","","","","","",""
"54405001","NANCY-OCHEY",48.581,5.959833,336,1982052318,"","","","",5.,1,200,1,"","","","","","","","","","","","","","","","","","","","","","","","","","","","",12.,1,10.6,1,"","","","","","","","","","","","","","","","","","","","","","","","","","",94,1,"","","","","","","","","","","","",13.1,1,1008.2,1,"","","","","","","","","","","","","","","","","","","","","","","","","","","","","","","","","","","","","","","","","","","","","","","","","","","","","","","","","","","","","","","","","","","","","","","","","","","","","","","","","","","","","","","","","","","","","","","","","","","","","","","","","","","","","","","","","",""
"54405001","NANCY-OCHEY",48.581,5.959833,336,1982052321,"","","","",6.,1,240,1,"","","","","","","","","","","","","","","","","","","","","","","","","","","","",9.5,1,8.5,1,"","","","","","","","","","","","","","","","","","","","","","","","","","",96,1,"","","","","","","","","","","","",11.3,1,1009.2,1,"","","","","","","","","","","","","","","","","","","","","","","","","","","","","","","","","","","","","","","","","","","","","","","","","","","","","","","","","","","","","","","","","","","","","","","","","","","","","","","","","","","","","","","","","","","","","","","","","","","","","","","","","","","","","","","","","",""
"54405001","NANCY-OCHEY",48.581,5.959833,336,1982052400,"","","","",6.,1,260,1,"","","","","","","","","","","","","","","","","","","","","","","","","","","","",9.,1,7.8,1,"","","","","","","","","","","","","","","","","","","","","","","","","","",95,1,"","","","","","","","","","","","",10.8,1,1010.8,1,"","","","","","","","","","","","","","","","","","","","","","","","","","","","","","","","","","","","","","","","","","","","","","","","","","","","","","","","","","","","","","","","","","","","","","","","","","","","","","","","","","","","","","","","","","","","","","","","","","","","","","","","","","","","","","","","","",""
"54405001","NANCY-OCHEY",48.581,5.959833,336,1982052403,"","","","",6.,1,240,1,"","","","","","","","","","","","","","","","","","","","","","","","","","","","",9.2,1,8.1,1,"","","","","","","","","","","","","","","","","","","","","","","","","","",95,1,"","","","","","","","","","","","",11.,1,1011.6,1,"","","","","","","","","","","","","","","","","","","","","","","","","","","","","","","","","","","","","","","","","","","","","","","","","","","","","","","","","","","","","","","","","","","","","","","","","","","","","","","","","","","","","","","","","","","","","","","","","","","","","","","","","","","","","","","","","",""
"54405001","NANCY-OCHEY",48.581,5.959833,336,1982052406,"","","","",6.,1,260,1,"","","","","","","","","","","","","","","","","","","","","","","","","","","","",9.,1,8.1,1,"","","","","","","","","","","","","","","","","","","","","","","","","","",95,1,"","","","","","","","","","","","",11.,1,1014.,1,"","","","","","",8,1,5,1,2,1,"","","","","","","","","","","","","","","","","","","","","","","","","","","","",10000,1,"","",80,1,8,1,"","",0,1,"","","","","","","","","","","","","","","","","","","","","","","","","","","","","","","","","","","","","","","","","","","","","","","","","","","","","","","","","","","","","",""
"54405001","NANCY-OCHEY",48.581,5.959833,336,1982052409,"","","","",7.,1,280,1,"","","","","","","","","","","","","","","","","","","","","","","","","","","","",10.4,1,8.2,1,"","","","","","","","","","","","","","","","","","","","","","","","","","",88,1,"","","","","","","","","","","","",11.1,1,1015.7,1,"","","","","","",7,1,7,1,2,1,"","","","","","","","","","","","","","","","","","","","","","","","","","","","",14000,1,"","",1,1,8,1,"","","","","","","","","","","","","","","","","","","","","","","","","","","","","","","","","","","","","","","","","","","","","","","","","","","","","","","","","","","","","","","","","",""
"54405001","NANCY-OCHEY",48.581,5.959833,336,1982052412,"","","","",7.,1,280,1,"","","","","","","","","","","","","","","","","","","","","","","","","","","","",13.1,1,7.,1,"","","","","","","","","","","","","","","","","","","","","","","","","","",68,1,"","","","","","","","","","","","",10.2,1,1016.7,1,"","","","","","",7,1,5,1,8,1,"","","","","","","","","","","","","","","","","","","","","","","","","","","","",15000,1,"","",1,1,8,1,"","","","","","","","","","","","","","","","","","","","","","","","","","","","","","","","","","","","","","","","","","","","","","","","","","","","","","","","","","","","","","","","","",""
"54405001","NANCY-OCHEY",48.581,5.959833,336,1982052415,"","","","",2.,1,260,1,"","","","","","","","","","","","","","","","","","","","","","","","","","","","",12.8,1,8.1,1,"","","","","","","","","","","","","","","","","","","","","","","","","","",74,1,"","","","","","","","","","","","",11.,1,1018.1,1,"","","","","","",7,1,6,1,8,1,3,1,"","","","","","","","","","","","","","","","","","","","","","","","","","",15000,1,"","",3,1,2,1,"","","","","","","","","","","","","","","","","","","","","","","","","","","","","","","","","","","","","","","","","","","","","","","","","","","","","","","","","","","","","","","","","",""
"54405001","NANCY-OCHEY",48.581,5.959833,336,1982052418,"","","","",2.,1,280,1,"","","","","","","","","","","","","","","","","","","","","","","","","","","","",13.2,1,8.2,1,"","","","","","","","","","","","","","","","","","","","","","","","","","",73,1,"","","","","","","","","","","","",11.1,1,1019.2,1,"","","","","","",6,1,0,1,8,1,3,1,0,1,"","","","","","","","","","","","","","","","","","","","","","","","",15000,1,"","",1,1,2,1,"","","","","","","","","","","","","","","","","","","","","","","","","","","","","","","","","","","","","","","","","","","","","","","","","","","","","","","","","","","","","","","","","",""
"54405001","NANCY-OCHEY",48.581,5.959833,336,1982052421,"","","","",2.,1,240,1,"","","","","","","","","","","","","","","","","","","","","","","","","","","","",9.9,1,7.8,1,"","","","","","","","","","","","","","","","","","","","","","","","","","",89,1,"","","","","","","","","","","","",10.8,1,1021.3,1,"","","","","","","","","","","","","","","","","","","","","","","","","","","","","","","","","","","","","","","","","","","","","","","","","","","","","","","","","","","","","","","","","","","","","","","","","","","","","","","","","","","","","","","","","","","","","","","","","","","","","","","","","","","","","","","","","",""
"54405001","NANCY-OCHEY",48.581,5.959833,336,1982052500,"","","","",3.,1,180,1,"","","","","","","","","","","","","","","","","","","","","","","","","","","","",7.9,1,6.3,1,"","","","","","","","","","","","","","","","","","","","","","","","","","",92,1,"","","","","","","","","","","","",9.7,1,1021.9,1,"","","","","","","","","","","","","","","","","","","","","","","","","","","","","","","","","","","","","","","","","","","","","","","","","","","","","","","","","","","","","","","","","","","","","","","","","","","","","","","","","","","","","","","","","","","","","","","","","","","","","","","","","","","","","","","","","",""
"54405001","NANCY-OCHEY",48.581,5.959833,336,1982052503,"","","","",1.,1,200,1,"","","","","","","","","","","","","","","","","","","","","","","","","","","","",6.8,1,5.3,1,"","","","","","","","","","","","","","","","","","","","","","","","","","",92,1,"","","","","","","","","","","","",9.,1,1022.4,1,"","","","","","","","","","","","","","","","","","","","","","","","","","","","","","","","","","","","","","","","","","","","","","","","","","","","","","","","","","","","","","","","","","","","","","","","","","","","","","","","","","","","","","","","","","","","","","","","","","","","","","","","","","","","","","","","","",""
"54405001","NANCY-OCHEY",48.581,5.959833,336,1982052506,"","","","",3.,1,140,1,"","","","","","","","","","","","","","","","","","","","","","","","","","","","",8.9,1,7.6,1,"","","","","","","","","","","","","","","","","","","","","","","","","","",93,1,"","","","","","","","","","","","",10.6,1,1023.4,1,"","","","","","",2,1,0,1,0,1,0,1,1,1,"","","","","","","","","","","","","","","","","","","","","","","","",13000,1,"","",2,1,0,1,"","",0,1,"","","","","","","","","","","","","","","","","","","","","","","","","","","","","","","","","","","","","","","","","","","","","","","","","","","","","","","","","","","","","",""
"54405001","NANCY-OCHEY",48.581,5.959833,336,1982052509,"","","","",2.,1,140,1,"","","","","","","","","","","","","","","","","","","","","","","","","","","","",15.5,1,9.,1,"","","","","","","","","","","","","","","","","","","","","","","","","","",66,1,"","","","","","","","","","","","",11.7,1,1023.,1,"","","","","","",4,1,0,1,2,1,0,1,0,1,"","","","","","","","","","","","","","","","","","","","","","","","",20000,1,"","",3,1,0,1,"","","","","","","","","","","","","","","","","","","","","","","","","","","","","","","","","","","","","","","","","","","","","","","","","","","","","","","","","","","","","","","","","",""
"54405001","NANCY-OCHEY",48.581,5.959833,336,1982052512,"","","","",3.,1,200,1,"","","","","","","","","","","","","","","","","","","","","","","","","","","","",18.8,1,8.2,1,"","","","","","","","","","","","","","","","","","","","","","","","","","",51,1,"","","","","","","","","","","","",11.1,1,1022.1,1,"","","","","","",3,1,0,1,2,1,0,1,1,1,"","","","","","","","","","","","","","","","","","","","","","","","",20000,1,"","",1,1,0,1,"","","","","","","","","","","","","","","","","","","","","","","","","","","","","","","","","","","","","","","","","","","","","","","","","","","","","","","","","","","","","","","","","",""
"54405001","NANCY-OCHEY",48.581,5.959833,336,1982052515,"","","","",3.,1,140,1,"","","","","","","","","","","","","","","","","","","","","","","","","","","","",20.5,1,8.3,1,"","","","","","","","","","","","","","","","","","","","","","","","","","",46,1,"","","","","","","","","","","","",11.2,1,1020.6,1,"","","","","","",2,1,0,1,0,1,0,1,1,1,"","","","","","","","","","","","","","","","","","","","","","","","",20000,1,"","",2,1,0,1,"","","","","","","","","","","","","","","","","","","","","","","","","","","","","","","","","","","","","","","","","","","","","","","","","","","","","","","","","","","","","","","","","",""
"54405001","NANCY-OCHEY",48.581,5.959833,336,1982052518,"","","","",3.,1,80,1,"","","","","","","","","","","","","","","","","","","","","","","","","","","","",20.2,1,10.1,1,"","","","","","","","","","","","","","","","","","","","","","","","","","",53,1,"","","","","","","","","","","","",12.6,1,1019.8,1,"","","","","","",1,1,0,1,0,1,0,1,1,1,"","","","","","","","","","","","","","","","","","","","","","","","",20000,1,"","",2,1,0,1,"","","","","","","","","","","","","","","","","","","","","","","","","","","","","","","","","","","","","","","","","","","","","","","","","","","","","","","","","","","","","","","","","",""
"54405001","NANCY-OCHEY",48.581,5.959833,336,1982052521,"","","","",1.,1,100,1,"","","","","","","","","","","","","","","","","","","","","","","","","","","","",14.7,1,8.2,1,"","","","","","","","","","","","","","","","","","","","","","","","","","",67,1,"","","","","","","","","","","","",11.1,1,1020.7,1,"","","","","","","","","","","","","","","","","","","","","","","","","","","","","","","","","","","","","","","","","","","","","","","","","","","","","","","","","","","","","","","","","","","","","","","","","","","","","","","","","","","","","","","","","","","","","","","","","","","","","","","","","","","","","","","","","",""
"54405001","NANCY-OCHEY",48.581,5.959833,336,1982052600,"","","","",3.,1,120,1,"","","","","","","","","","","","","","","","","","","","","","","","","","","","",12.7,1,9.1,1,"","","","","","","","","","","","","","","","","","","","","","","","","","",81,1,"","","","","","","","","","","","",11.8,1,1020.9,1,"","","","","","","","","","","","","","","","","","","","","","","","","","","","","","","","","","","","","","","","","","","","","","","","","","","","","","","","","","","","","","","","","","","","","","","","","","","","","","","","","","","","","","","","","","","","","","","","","","","","","","","","","","","","","","","","","",""
"54405001","NANCY-OCHEY",48.581,5.959833,336,1982052603,"","","","",2.,1,140,1,"","","","","","","","","","","","","","","","","","","","","","","","","","","","",9.1,1,6.9,1,"","","","","","","","","","","","","","","","","","","","","","","","","","",88,1,"","","","","","","","","","","","",10.1,1,1021.4,1,"","","","","","","","","","","","","","","","","","","","","","","","","","","","","","","","","","","","","","","","","","","","","","","","","","","","","","","","","","","","","","","","","","","","","","","","","","","","","","","","","","","","","","","","","","","","","","","","","","","","","","","","","","","","","","","","","",""
"54405001","NANCY-OCHEY",48.581,5.959833,336,1982052606,"","","","",2.,1,160,1,"","","","","","","","","","","","","","","","","","","","","","","","","","","","",11.2,1,9.,1,"","","","","","","","","","","","","","","","","","","","","","","","","","",88,1,"","","","","","","","","","","","",11.7,1,1021.3,1,"","","","","","",1,1,0,1,0,1,0,1,1,1,"","","","","","","","","","","","","","","","","","","","","","","","",8000,1,"","",2,1,0,1,"","",0,1,"","","","","","","","","","","","","","","","","","","","","","","","","","","","","","","","","","","","","","","","","","","","","","","","","","","","","","","","","","","","","",""
"54405001","NANCY-OCHEY",48.581,5.959833,336,1982052609,"","","","",3.,1,180,1,"","","","","","","","","","","","","","","","","","","","","","","","","","","","",20.4,1,7.8,1,"","","","","","","","","","","","","","","","","","","","","","","","","","",45,1,"","","","","","","","","","","","",10.8,1,1019.8,1,"","","","","","",1,1,0,1,0,1,0,1,1,1,"","","","","","","","","","","","","","","","","","","","","","","","",25000,1,"","",2,1,0,1,"","","","","","","","","","","","","","","","","","","","","","","","","","","","","","","","","","","","","","","","","","","","","","","","","","","","","","","","","","","","","","","","","",""
"54405001","NANCY-OCHEY",48.581,5.959833,336,1982052612,"","","","",6.,1,200,1,"","","","","","","","","","","","","","","","","","","","","","","","","","","","",24.,1,8.5,1,"","","","","","","","","","","","","","","","","","","","","","","","","","",38,1,"","","","","","","","","","","","",11.3,1,1018.3,1,"","","","","","",2,1,0,1,0,1,0,1,1,1,"","","","","","","","","","","","","","","","","","","","","","","","",25000,1,"","",3,1,0,1,"","","","","","","","","","","","","","","","","","","","","","","","","","","","","","","","","","","","","","","","","","","","","","","","","","","","","","","","","","","","","","","","","",""
"54405001","NANCY-OCHEY",48.581,5.959833,336,1982052615,"","","","",5.,1,180,1,"","","","","","","","","","","","","","","","","","","","","","","","","","","","",25.3,1,7.7,1,"","","","","","","","","","","","","","","","","","","","","","","","","","",33,1,"","","","","","","","","","","","",10.7,1,1016.8,1,"","","","","","",2,1,0,1,0,1,0,1,1,1,"","","","","","","","","","","","","","","","","","","","","","","","",25000,1,"","",2,1,0,1,"","","","","","","","","","","","","","","","","","","","","","","","","","","","","","","","","","","","","","","","","","","","","","","","","","","","","","","","","","","","","","","","","",""
"54405001","NANCY-OCHEY",48.581,5.959833,336,1982052618,"","","","",3.,1,180,1,"","","","","","","","","","","","","","","","","","","","","","","","","","","","",24.2,1,10.4,1,"","","","","","","","","","","","","","","","","","","","","","","","","","",42,1,"","","","","","","","","","","","",12.9,1,1016.3,1,"","","","","","",2,1,0,1,0,1,0,1,1,1,"","","","","","","","","","","","","","","","","","","","","","","","",25000,1,"","",2,1,0,1,"","","","","","","","","","","","","","","","","","","","","","","","","","","","","","","","","","","","","","","","","","","","","","","","","","","","","","","","","","","","","","","","","",""
"54405001","NANCY-OCHEY",48.581,5.959833,336,1982052621,"","","","",2.,1,160,1,"","","","","","","","","","","","","","","","","","","","","","","","","","","","",18.5,1,10.6,1,"","","","","","","","","","","","","","","","","","","","","","","","","","",62,1,"","","","","","","","","","","","",13.1,1,1017.6,1,"","","","","","","","","","","","","","","","","","","","","","","","","","","","","","","","","","","","","","","","","","","","","","","","","","","","","","","","","","","","","","","","","","","","","","","","","","","","","","","","","","","","","","","","","","","","","","","","","","","","","","","","","","","","","","","","","",""
"54405001","NANCY-OCHEY",48.581,5.959833,336,1982052700,"","","","",3.,1,180,1,"","","","","","","","","","","","","","","","","","","","","","","","","","","","",15.5,1,8.1,1,"","","","","","","","","","","","","","","","","","","","","","","","","","",63,1,"","","","","","","","","","","","",11.,1,1018.1,1,"","","","","","","","","","","","","","","","","","","","","","","","","","","","","","","","","","","","","","","","","","","","","","","","","","","","","","","","","","","","","","","","","","","","","","","","","","","","","","","","","","","","","","","","","","","","","","","","","","","","","","","","","","","","","","","","","",""
"54405001","NANCY-OCHEY",48.581,5.959833,336,1982052703,"","","","",4.,1,160,1,"","","","","","","","","","","","","","","","","","","","","","","","","","","","",14.5,1,7.2,1,"","","","","","","","","","","","","","","","","","","","","","","","","","",63,1,"","","","","","","","","","","","",10.3,1,1017.6,1,"","","","","","","","","","","","","","","","","","","","","","","","","","","","","","","","","","","","","","","","","","","","","","","","","","","","","","","","","","","","","","","","","","","","","","","","","","","","","","","","","","","","","","","","","","","","","","","","","","","","","","","","","","","","","","","","","",""
"54405001","NANCY-OCHEY",48.581,5.959833,336,1982052706,"","","","",3.,1,180,1,"","","","","","","","","","","","","","","","","","","","","","","","","","","","",15.6,1,8.3,1,"","","","","","","","","","","","","","","","","","","","","","","","","","",63,1,"","","","","","","","","","","","",11.2,1,1017.9,1,"","","","","","",0,1,"","",0,1,0,1,0,1,"","","","","","","","","","","","","","","","","","","","","","","","",20000,1,"","",2,1,0,1,"","",0,1,"","","","","","","","","","","","","","","","","","","","","","","","","","","","","","","","","","","","","","","","","","","","","","","","","","","","","","","","","","","","","",""
"54405001","NANCY-OCHEY",48.581,5.959833,336,1982052709,"","","","",6.,1,240,1,"","","","","","","","","","","","","","","","","","","","","","","","","","","","",21.3,1,9.2,1,"","","","","","","","","","","","","","","","","","","","","","","","","","",47,1,"","","","","","","","","","","","",11.9,1,1017.6,1,"","","","","","",1,1,0,1,0,1,8,1,0,1,"","","","","","","","","","","","","","","","","","","","","","","","",25000,1,"","",2,1,0,1,"","","","","","","","","","","","","","","","","","","","","","","","","","","","","","","","","","","","","","","","","","","","","","","","","","","","","","","","","","","","","","","","","",""
"54405001","NANCY-OCHEY",48.581,5.959833,336,1982052712,"","","","",8.,1,180,1,"","","","","","","","","","","","","","","","","","","","","","","","","","","","",24.,1,8.,1,"","","","","","","","","","","","","","","","","","","","","","","","","","",36,1,"","","","","","","","","","","","",10.9,1,1016.9,1,"","","","","","",4,1,0,1,2,1,8,1,0,1,"","","","","","","","","","","","","","","","","","","","","","","","",25000,1,"","",3,1,0,1,"","","","","","","","","","","","","","","","","","","","","","","","","","","","","","","","","","","","","","","","","","","","","","","","","","","","","","","","","","","","","","","","","",""
"54405001","NANCY-OCHEY",48.581,5.959833,336,1982052715,"","","","",6.,1,220,1,"","","","","","","","","","","","","","","","","","","","","","","","","","","","",22.2,1,9.6,1,"","","","","","","","","","","","","","","","","","","","","","","","","","",45,1,"","","","","","","","","","","","",12.2,1,1017.5,1,"","","","","","",5,1,0,1,8,1,3,1,0,1,"","","","","","","","","","","","","","","","","","","","","","","","",25000,1,"","",3,1,2,1,"","","","","","","","","","","","","","","","","","","","","","","","","","","","","","","","","","","","","","","","","","","","","","","","","","","","","","","","","","","","","","","","","",""
"54405001","NANCY-OCHEY",48.581,5.959833,336,1982052718,"","","","",7.,1,260,1,"","","","","","","","","","","","","","","","","","","","","","","","","","","","",18.6,1,12.1,1,"","","","","","","","","","","","","","","","","","","","","","","","","","",67,1,"","","","","","","","","","","","",14.5,1,1018.5,1,"","","","","","",6,1,5,1,3,1,3,1,0,1,"","","","","","","","","","","","","","","","","","","","","","","","",18000,1,"","",3,1,2,1,"","","","","","","","","","","","","","","","","","","","","","","","","","","","","","","","","","","","","","","","","","","","","","","","","","","","","","","","","","","","","","","","","",""
"54405001","NANCY-OCHEY",48.581,5.959833,336,1982052721,"","","","",5.,1,280,1,"","","","","","","","","","","","","","","","","","","","","","","","","","","","",16.,1,13.2,1,"","","","","","","","","","","","","","","","","","","","","","","","","","",86,1,"","","","","","","","","","","","",15.6,1,1021.1,1,"","","","","","","","","","","","","","","","","","","","","","","","","","","","","","","","","","","","","","","","","","","","","","","","","","","","","","","","","","","","","","","","","","","","","","","","","","","","","","","","","","","","","","","","","","","","","","","","","","","","","","","","","","","","","","","","","",""
"54405001","NANCY-OCHEY",48.581,5.959833,336,1982052800,"","","","",3.,1,320,1,"","","","","","","","","","","","","","","","","","","","","","","","","","","","",14.1,1,12.1,1,"","","","","","","","","","","","","","","","","","","","","","","","","","",90,1,"","","","","","","","","","","","",14.4,1,1021.9,1,"","","","","","","","","","","","","","","","","","","","","","","","","","","","","","","","","","","","","","","","","","","","","","","","","","","","","","","","","","","","","","","","","","","","","","","","","","","","","","","","","","","","","","","","","","","","","","","","","","","","","","","","","","","","","","","","","",""
"54405001","NANCY-OCHEY",48.581,5.959833,336,1982052803,"","","","",4.,1,320,1,"","","","","","","","","","","","","","","","","","","","","","","","","","","","",12.9,1,10.4,1,"","","","","","","","","","","","","","","","","","","","","","","","","","",87,1,"","","","","","","","","","","","",12.9,1,1022.7,1,"","","","","","","","","","","","","","","","","","","","","","","","","","","","","","","","","","","","","","","","","","","","","","","","","","","","","","","","","","","","","","","","","","","","","","","","","","","","","","","","","","","","","","","","","","","","","","","","","","","","","","","","","","","","","","","","","",""
"54405001","NANCY-OCHEY",48.581,5.959833,336,1982052806,"","","","",4.,1,360,1,"","","","","","","","","","","","","","","","","","","","","","","","","","","","",11.9,1,9.4,1,"","","","","","","","","","","","","","","","","","","","","","","","","","",86,1,"","","","","","","","","","","","",12.,1,1024.2,1,"","","","","","",8,1,6,1,5,1,3,1,"","","","","","","","","","","","","","","","","","","","","","","","","","",6000,1,"","",3,1,2,1,"","",0,1,"","","","","","","","","","","","","","","","","","","","","","","","","","","","","","","","","","","","","","","","","","","","","","","","","","","","","","","","","","","","","",""
"54405001","NANCY-OCHEY",48.581,5.959833,336,1982052809,"","","","",2.,1,360,1,"","","","","","","","","","","","","","","","","","","","","","","","","","","","",12.6,1,9.2,1,"","","","","","","","","","","","","","","","","","","","","","","","","","",81,1,"","","","","","","","","","","","",11.8,1,1025.5,1,"","","","","","",8,1,7,1,5,1,"","","","","","","","","","","","","","","","","","","","","","","","","","","","",8000,1,"","",1,1,2,1,"","","","","","","","","","","","","","","","","","","","","","","","","","","","","","","","","","","","","","","","","","","","","","","","","","","","","","","","","","","","","","","","","",""
"54405001","NANCY-OCHEY",48.581,5.959833,336,1982052812,"","","","",4.,1,360,1,"","","","","","","","","","","","","","","","","","","","","","","","","","","","",14.6,1,9.9,1,"","","","","","","","","","","","","","","","","","","","","","","","","","",74,1,"","","","","","","","","","","","",12.4,1,1025.7,1,"","","","","","",8,1,7,1,2,1,"","","","","","","","","","","","","","","","","","","","","","","","","","","","",8000,1,"","",1,1,2,1,"","","","","","","","","","","","","","","","","","","","","","","","","","","","","","","","","","","","","","","","","","","","","","","","","","","","","","","","","","","","","","","","","",""
"54405001","NANCY-OCHEY",48.581,5.959833,336,1982052815,"","","","",3.,1,20,1,"","","","","","","","","","","","","","","","","","","","","","","","","","","","",16.2,1,10.,1,"","","","","","","","","","","","","","","","","","","","","","","","","","",68,1,"","","","","","","","","","","","",12.5,1,1025.3,1,"","","","","","",7,1,5,1,2,1,3,1,"","","","","","","","","","","","","","","","","","","","","","","","","","",9000,1,"","",1,1,2,1,"","","","","","","","","","","","","","","","","","","","","","","","","","","","","","","","","","","","","","","","","","","","","","","","","","","","","","","","","","","","","","","","","",""
"54405001","NANCY-OCHEY",48.581,5.959833,336,1982052818,"","","","",3.,1,60,1,"","","","","","","","","","","","","","","","","","","","","","","","","","","","",16.8,1,10.3,1,"","","","","","","","","","","","","","","","","","","","","","","","","","",67,1,"","","","","","","","","","","","",12.8,1,1025.1,1,"","","","","","",5,1,5,1,2,1,3,1,0,1,"","","","","","","","","","","","","","","","","","","","","","","","",8000,1,"","",1,1,2,1,"","","","","","","","","","","","","","","","","","","","","","","","","","","","","","","","","","","","","","","","","","","","","","","","","","","","","","","","","","","","","","","","","",""
"54405001","NANCY-OCHEY",48.581,5.959833,336,1982052821,"","","","",1.,1,60,1,"","","","","","","","","","","","","","","","","","","","","","","","","","","","",12.9,1,10.2,1,"","","","","","","","","","","","","","","","","","","","","","","","","","",86,1,"","","","","","","","","","","","",12.7,1,1026.9,1,"","","","","","","","","","","","","","","","","","","","","","","","","","","","","","","","","","","","","","","","","","","","","","","","","","","","","","","","","","","","","","","","","","","","","","","","","","","","","","","","","","","","","","","","","","","","","","","","","","","","","","","","","","","","","","","","","",""
"54405001","NANCY-OCHEY",48.581,5.959833,336,1982052900,"","","","",2.,1,60,1,"","","","","","","","","","","","","","","","","","","","","","","","","","","","",9.2,1,7.4,1,"","","","","","","","","","","","","","","","","","","","","","","","","","",91,1,"","","","","","","","","","","","",10.5,1,1027.9,1,"","","","","","","","","","","","","","","","","","","","","","","","","","","","","","","","","","","","","","","","","","","","","","","","","","","","","","","","","","","","","","","","","","","","","","","","","","","","","","","","","","","","","","","","","","","","","","","","","","","","","","","","","","","","","","","","","",""
"54405001","NANCY-OCHEY",48.581,5.959833,336,1982052903,"","","","",1.,1,60,1,"","","","","","","","","","","","","","","","","","","","","","","","","","","","",7.9,1,6.7,1,"","","","","","","","","","","","","","","","","","","","","","","","","","",94,1,"","","","","","","","","","","","",10.,1,1028.1,1,"","","","","","","","","","","","","","","","","","","","","","","","","","","","","","","","","","","","","","","","","","","","","","","","","","","","","","","","","","","","","","","","","","","","","","","","","","","","","","","","","","","","","","","","","","","","","","","","","","","","","","","","","","","","","","","","","",""
"54405001","NANCY-OCHEY",48.581,5.959833,336,1982052906,"","","","",2.,1,20,1,"","","","","","","","","","","","","","","","","","","","","","","","","","","","",10.2,1,8.9,1,"","","","","","","","","","","","","","","","","","","","","","","","","","",93,1,"","","","","","","","","","","","",11.6,1,1029.3,1,"","","","","","",0,1,"","",0,1,0,1,0,1,"","","","","","","","","","","","","","","","","","","","","","","","",5000,1,"","",2,1,0,1,"","",0,1,"","","","","","","","","","","","","","","","","","","","","","","","","","","","","","","","","","","","","","","","","","","","","","","","","","","","","","","","","","","","","",""
"54405001","NANCY-OCHEY",48.581,5.959833,336,1982052909,"","","","",7.,1,80,1,"","","","","","","","","","","","","","","","","","","","","","","","","","","","",16.3,1,9.,1,"","","","","","","","","","","","","","","","","","","","","","","","","","",63,1,"","","","","","","","","","","","",11.7,1,1028.,1,"","","","","","",2,1,0,1,2,1,0,1,0,1,"","","","","","","","","","","","","","","","","","","","","","","","",8000,1,"","",3,1,0,1,"","","","","","","","","","","","","","","","","","","","","","","","","","","","","","","","","","","","","","","","","","","","","","","","","","","","","","","","","","","","","","","","","",""
"54405001","NANCY-OCHEY",48.581,5.959833,336,1982052912,"","","","",7.,1,60,1,"","","","","","","","","","","","","","","","","","","","","","","","","","","","",19.1,1,8.,1,"","","","","","","","","","","","","","","","","","","","","","","","","","",49,1,"","","","","","","","","","","","",10.9,1,1026.4,1,"","","","","","",3,1,0,1,2,1,0,1,0,1,"","","","","","","","","","","","","","","","","","","","","","","","",10000,1,"","",3,1,0,1,"","","","","","","","","","","","","","","","","","","","","","","","","","","","","","","","","","","","","","","","","","","","","","","","","","","","","","","","","","","","","","","","","",""
"54405001","NANCY-OCHEY",48.581,5.959833,336,1982052915,"","","","",8.,1,60,1,"","","","","","","","","","","","","","","","","","","","","","","","","","","","",20.7,1,8.3,1,"","","","","","","","","","","","","","","","","","","","","","","","","","",46,1,"","","","","","","","","","","","",11.2,1,1025.,1,"","","","","","","","","","","","","","","","","","","","","","","","","","","","","","","","","","","","","","","","","","","","","","","","","","","","","","","","","","","","","","","","","","","","","","","","","","","","","","","","","","","","","","","","","","","","","","","","","","","","","","","","","","","","","","","","","",""
"54405001","NANCY-OCHEY",48.581,5.959833,336,1982052918,"","","","",6.,1,60,1,"","","","","","","","","","","","","","","","","","","","","","","","","","","","",19.3,1,6.7,1,"","","","","","","","","","","","","","","","","","","","","","","","","","",45,1,"","","","","","","","","","","","",10.,1,1024.4,1,"","","","","","","","","","","","","","","","","","","","","","","","","","","","","","","","","","","","","","","","","","","","","","","","","","","","","","","","","","","","","","","","","","","","","","","","","","","","","","","","","","","","","","","","","","","","","","","","","","","","","","","","","","","","","","","","","",""
"54405001","NANCY-OCHEY",48.581,5.959833,336,1982052921,"","","","",5.,1,60,1,"","","","","","","","","","","","","","","","","","","","","","","","","","","","",15.6,1,6.,1,"","","","","","","","","","","","","","","","","","","","","","","","","","",54,1,"","","","","","","","","","","","",9.5,1,1025.4,1,"","","","","","","","","","","","","","","","","","","","","","","","","","","","","","","","","","","","","","","","","","","","","","","","","","","","","","","","","","","","","","","","","","","","","","","","","","","","","","","","","","","","","","","","","","","","","","","","","","","","","","","","","","","","","","","","","",""
"54405001","NANCY-OCHEY",48.581,5.959833,336,1982053000,"","","","",5.,1,60,1,"","","","","","","","","","","","","","","","","","","","","","","","","","","","",13.6,1,6.2,1,"","","","","","","","","","","","","","","","","","","","","","","","","","",62,1,"","","","","","","","","","","","",9.6,1,1025.1,1,"","","","","","","","","","","","","","","","","","","","","","","","","","","","","","","","","","","","","","","","","","","","","","","","","","","","","","","","","","","","","","","","","","","","","","","","","","","","","","","","","","","","","","","","","","","","","","","","","","","","","","","","","","","","","","","","","",""
"54405001","NANCY-OCHEY",48.581,5.959833,336,1982053003,"","","","",5.,1,60,1,"","","","","","","","","","","","","","","","","","","","","","","","","","","","",12.,1,6.2,1,"","","","","","","","","","","","","","","","","","","","","","","","","","",69,1,"","","","","","","","","","","","",9.6,1,1024.5,1,"","","","","","","","","","","","","","","","","","","","","","","","","","","","","","","","","","","","","","","","","","","","","","","","","","","","","","","","","","","","","","","","","","","","","","","","","","","","","","","","","","","","","","","","","","","","","","","","","","","","","","","","","","","","","","","","","",""
"54405001","NANCY-OCHEY",48.581,5.959833,336,1982053006,"","","","",5.,1,80,1,"","","","","","","","","","","","","","","","","","","","","","","","","","","","",12.6,1,7.3,1,"","","","","","","","","","","","","","","","","","","","","","","","","","",71,1,"","","","","","","","","","","","",10.4,1,1024.1,1,"","","","","","",2,1,0,1,0,1,0,1,1,1,"","","","","","","","","","","","","","","","","","","","","","","","",8000,1,"","",2,1,0,1,"","",0,1,"","","","","","","","","","","","","","","","","","","","","","","","","","","","","","","","","","","","","","","","","","","","","","","","","","","","","","","","","","","","","",""
"54405001","NANCY-OCHEY",48.581,5.959833,336,1982053009,"","","","",8.,1,80,1,"","","","","","","","","","","","","","","","","","","","","","","","","","","","",17.4,1,7.8,1,"","","","","","","","","","","","","","","","","","","","","","","","","","",54,1,"","","","","","","","","","","","",10.8,1,1023.,1,"","","","","","",1,1,0,1,0,1,0,1,1,1,"","","","","","","","","","","","","","","","","","","","","","","","",9000,1,"","",2,1,0,1,"","","","","","","","","","","","","","","","","","","","","","","","","","","","","","","","","","","","","","","","","","","","","","","","","","","","","","","","","","","","","","","","","",""
"54405001","NANCY-OCHEY",48.581,5.959833,336,1982053012,"","","","",7.,1,60,1,"","","","","","","","","","","","","","","","","","","","","","","","","","","","",22.,1,8.5,1,"","","","","","","","","","","","","","","","","","","","","","","","","","",43,1,"","","","","","","","","","","","",11.3,1,1021.5,1,"","","","","","",1,1,0,1,0,1,0,1,1,1,"","","","","","","","","","","","","","","","","","","","","","","","",14000,1,"","",2,1,0,1,"","","","","","","","","","","","","","","","","","","","","","","","","","","","","","","","","","","","","","","","","","","","","","","","","","","","","","","","","","","","","","","","","",""
"54405001","NANCY-OCHEY",48.581,5.959833,336,1982053015,"","","","",6.,1,80,1,"","","","","","","","","","","","","","","","","","","","","","","","","","","","",23.5,1,8.,1,"","","","","","","","","","","","","","","","","","","","","","","","","","",38,1,"","","","","","","","","","","","",10.9,1,1020.4,1,"","","","","","","","","","","","","","","","","","","","","","","","","","","","","","","","","","","","","","","","","","","","","","","","","","","","","","","","","","","","","","","","","","","","","","","","","","","","","","","","","","","","","","","","","","","","","","","","","","","","","","","","","","","","","","","","","",""
"54405001","NANCY-OCHEY",48.581,5.959833,336,1982053018,"","","","",7.,1,60,1,"","","","","","","","","","","","","","","","","","","","","","","","","","","","",21.9,1,7.7,1,"","","","","","","","","","","","","","","","","","","","","","","","","","",41,1,"","","","","","","","","","","","",10.7,1,1020.2,1,"","","","","","","","","","","","","","","","","","","","","","","","","","","","","","","","","","","","","","","","","","","","","","","","","","","","","","","","","","","","","","","","","","","","","","","","","","","","","","","","","","","","","","","","","","","","","","","","","","","","","","","","","","","","","","","","","",""
"54405001","NANCY-OCHEY",48.581,5.959833,336,1982053021,"","","","",5.,1,80,1,"","","","","","","","","","","","","","","","","","","","","","","","","","","","",18.4,1,6.3,1,"","","","","","","","","","","","","","","","","","","","","","","","","","",46,1,"","","","","","","","","","","","",9.7,1,1021.1,1,"","","","","","","","","","","","","","","","","","","","","","","","","","","","","","","","","","","","","","","","","","","","","","","","","","","","","","","","","","","","","","","","","","","","","","","","","","","","","","","","","","","","","","","","","","","","","","","","","","","","","","","","","","","","","","","","","",""
"54405001","NANCY-OCHEY",48.581,5.959833,336,1982053100,"","","","",4.,1,100,1,"","","","","","","","","","","","","","","","","","","","","","","","","","","","",14.9,1,8.1,1,"","","","","","","","","","","","","","","","","","","","","","","","","","",65,1,"","","","","","","","","","","","",11.,1,1021.7,1,"","","","","","","","","","","","","","","","","","","","","","","","","","","","","","","","","","","","","","","","","","","","","","","","","","","","","","","","","","","","","","","","","","","","","","","","","","","","","","","","","","","","","","","","","","","","","","","","","","","","","","","","","","","","","","","","","",""
"54405001","NANCY-OCHEY",48.581,5.959833,336,1982053103,"","","","",3.,1,140,1,"","","","","","","","","","","","","","","","","","","","","","","","","","","","",11.8,1,7.,1,"","","","","","","","","","","","","","","","","","","","","","","","","","",74,1,"","","","","","","","","","","","",10.2,1,1022.2,1,"","","","","","","","","","","","","","","","","","","","","","","","","","","","","","","","","","","","","","","","","","","","","","","","","","","","","","","","","","","","","","","","","","","","","","","","","","","","","","","","","","","","","","","","","","","","","","","","","","","","","","","","","","","","","","","","","",""
"54405001","NANCY-OCHEY",48.581,5.959833,336,1982053106,"","","","",2.,1,160,1,"","","","","","","","","","","","","","","","","","","","","","","","","","","","",12.8,1,9.3,1,"","","","","","","","","","","","","","","","","","","","","","","","","","",81,1,"","","","","","","","","","","","",12.,1,1022.6,1,"","","","","","",0,1,"","",0,1,0,1,0,1,"","","","","","","","","","","","","","","","","","","","","","","","",11000,1,"","",2,1,0,1,"","",0,1,"","","","","","","","","","","","","","","","","","","","","","","","","","","","","","","","","","","","","","","","","","","","","","","","","","","","","","","","","","","","","",""
"54405001","NANCY-OCHEY",48.581,5.959833,336,1982053109,"","","","",5.,1,240,1,"","","","","","","","","","","","","","","","","","","","","","","","","","","","",22.2,1,14.5,1,"","","","","","","","","","","","","","","","","","","","","","","","","","",63,1,"","","","","","","","","","","","",17.,1,1021.8,1,"","","","","","",0,1,"","",0,1,0,1,0,1,"","","","","","","","","","","","","","","","","","","","","","","","",11000,1,"","",2,1,0,1,"","","","","","","","","","","","","","","","","","","","","","","","","","","","","","","","","","","","","","","","","","","","","","","","","","","","","","","","","","","","","","","","","",""
"54405001","NANCY-OCHEY",48.581,5.959833,336,1982053112,"","","","",4.,1,160,1,"","","","","","","","","","","","","","","","","","","","","","","","","","","","",24.8,1,14.5,1,"","","","","","","","","","","","","","","","","","","","","","","","","","",54,1,"","","","","","","","","","","","",17.,1,1021.2,1,"","","","","","",3,1,0,1,2,1,0,1,0,1,"","","","","","","","","","","","","","","","","","","","","","","","",14000,1,"","",3,1,0,1,"","","","","","","","","","","","","","","","","","","","","","","","","","","","","","","","","","","","","","","","","","","","","","","","","","","","","","","","","","","","","","","","","",""
"54405001","NANCY-OCHEY",48.581,5.959833,336,1982053115,"","","","",4.,1,240,1,"","","","","","","","","","","","","","","","","","","","","","","","","","","","",26.,1,14.6,1,"","","","","","","","","","","","","","","","","","","","","","","","","","",51,1,"","","","","","","","","","","","",17.1,1,1020.6,1,"","","","","","","","","","","","","","","","","","","","","","","","","","","","","","","","","","","","","","","","","","","","","","","","","","","","","","","","","","","","","","","","","","","","","","","","","","","","","","","","","","","","","","","","","","","","","","","","","","","","","","","","","","","","","","","","","",""
"54405001","NANCY-OCHEY",48.581,5.959833,336,1982053118,"","","","",6.,1,200,1,"","","","","","","","","","","","","","","","","","","","","","","","","","","","",23.1,1,12.5,1,"","","","","","","","","","","","","","","","","","","","","","","","","","",53,1,"","","","","","","","","","","","",14.9,1,1021.,1,"","","","","","","","","","","","","","","","","","","","","","","","","","","","","","","","","","","","","","","","","","","","","","","","","","","","","","","","","","","","","","","","","","","","","","","","","","","","","","","","","","","","","","","","","","","","","","","","","","","","","","","","","","","","","","","","","",""
"54405001","NANCY-OCHEY",48.581,5.959833,336,1982053121,"","","","",2.,1,80,1,"","","","","","","","","","","","","","","","","","","","","","","","","","","","",18.7,1,13.9,1,"","","","","","","","","","","","","","","","","","","","","","","","","","",76,1,"","","","","","","","","","","","",16.3,1,1023.4,1,"","","","","","","","","","","","","","","","","","","","","","","","","","","","","","","","","","","","","","","","","","","","","","","","","","","","","","","","","","","","","","","","","","","","","","","","","","","","","","","","","","","","","","","","","","","","","","","","","","","","","","","","","","","","","","","","","",""
"54405001","NANCY-OCHEY",48.581,5.959833,336,1982060100,"","","","",3.,1,160,1,"","","","","","","","","","","","","","","","","","","","","","","","","","","","",16.5,1,13.7,1,"","","","","","","","","","","","","","","","","","","","","","","","","","",86,1,"","","","","","","","","","","","",16.1,1,1024.4,1,"","","","","","","","","","","","","","","","","","","","","","","","","","","","","","","","","","","","","","","","","","","","","","","","","","","","","","","","","","","","","","","","","","","","","","","","","","","","","","","","","","","","","","","","","","","","","","","","","","","","","","","","","","","","","","","","","",""
"54405001","NANCY-OCHEY",48.581,5.959833,336,1982060103,"","","","",3.,1,160,1,"","","","","","","","","","","","","","","","","","","","","","","","","","","","",15.1,1,11.8,1,"","","","","","","","","","","","","","","","","","","","","","","","","","",83,1,"","","","","","","","","","","","",14.2,1,1024.6,1,"","","","","","","","","","","","","","","","","","","","","","","","","","","","","","","","","","","","","","","","","","","","","","","","","","","","","","","","","","","","","","","","","","","","","","","","","","","","","","","","","","","","","","","","","","","","","","","","","","","","","","","","","","","","","","","","","",""
"54405001","NANCY-OCHEY",48.581,5.959833,336,1982060106,"","","","",3.,1,160,1,"","","","","","","","","","","","","","","","","","","","","","","","","","","","",15.1,1,12.5,1,"","","","","","","","","","","","","","","","","","","","","","","","","","",86,1,"","","","","","","","","","","","",14.9,1,1025.2,1,"","","","","","",2,1,0,1,0,1,3,1,1,1,"","","","","","","","","","","","","","","","","","","","","","","","",14000,1,"","",1,1,0,1,"","",0,1,"","","","","","","","","","","","","","","","","","","","","","","","","","","","","","","","","","","","","","","","","","","","","","","","","","","","","","","","","","","","","",""
"54405001","NANCY-OCHEY",48.581,5.959833,336,1982060109,"","","","",1.,1,200,1,"","","","","","","","","","","","","","","","","","","","","","","","","","","","",22.3,1,13.4,1,"","","","","","","","","","","","","","","","","","","","","","","","","","",59,1,"","","","","","","","","","","","",15.8,1,1024.6,1,"","","","","","",3,1,0,1,0,1,3,1,0,1,"","","","","","","","","","","","","","","","","","","","","","","","",15000,1,"","",1,1,0,1,"","","","","","","","","","","","","","","","","","","","","","","","","","","","","","","","","","","","","","","","","","","","","","","","","","","","","","","","","","","","","","","","","",""
"54405001","NANCY-OCHEY",48.581,5.959833,336,1982060112,"","","","",4.,1,120,1,"","","","","","","","","","","","","","","","","","","","","","","","","","","","",26.4,1,13.1,1,"","","","","","","","","","","","","","","","","","","","","","","","","","",45,1,"","","","","","","","","","","","",15.5,1,1023.3,1,"","","","","","",3,1,0,1,2,1,3,1,0,1,"","","","","","","","","","","","","","","","","","","","","","","","",18000,1,"","",2,1,0,1,"","","","","","","","","","","","","","","","","","","","","","","","","","","","","","","","","","","","","","","","","","","","","","","","","","","","","","","","","","","","","","","","","",""
"54405001","NANCY-OCHEY",48.581,5.959833,336,1982060115,"","","","",2.,1,160,1,"","","","","","","","","","","","","","","","","","","","","","","","","","","","",28.,1,12.3,1,"","","","","","","","","","","","","","","","","","","","","","","","","","",38,1,"","","","","","","","","","","","",14.7,1,1021.5,1,"","","","","","",5,1,0,1,2,1,0,1,1,1,"","","","","","","","","","","","","","","","","","","","","","","","",15000,1,"","",3,1,1,1,"","","","","","","","","","","","","","","","","","","","","","","","","","","","","","","","","","","","","","","","","","","","","","","","","","","","","","","","","","","","","","","","","",""
"54405001","NANCY-OCHEY",48.581,5.959833,336,1982060118,"","","","",2.,1,60,1,"","","","","","","","","","","","","","","","","","","","","","","","","","","","",26.3,1,14.6,1,"","","","","","","","","","","","","","","","","","","","","","","","","","",50,1,"","","","","","","","","","","","",17.1,1,1020.8,1,"","","","","","",6,1,5,1,4,1,0,1,0,1,"","","","","","","","","","","","","","","","","","","","","","","","",15000,1,"","",3,1,1,1,"","","","","","","","","","","","","","","","","","","","","","","","","","","","","","","","","","","","","","","","","","","","","","","","","","","","","","","","","","","","","","","","","",""
"54405001","NANCY-OCHEY",48.581,5.959833,336,1982060121,"","","","",2.,1,320,1,"","","","","","","","","","","","","","","","","","","","","","","","","","","","",19.2,1,14.1,1,"","","","","","","","","","","","","","","","","","","","","","","","","","",75,1,"","","","","","","","","","","","",16.6,1,1021.8,1,"","","","","","","","","","","","","","","","","","","","","","","","","","","","","","","","","","","","","","","","","","","","","","","","","","","","","","","","","","","","","","","","","","","","","","","","","","","","","","","","","","","","","","","","","","","","","","","","","","","","","","","","","","","","","","","","","",""
"54405001","NANCY-OCHEY",48.581,5.959833,336,1982060200,"","","","",5.,1,220,1,"","","","","","","","","","","","","","","","","","","","","","","","","","","","",16.,1,13.5,1,"","","","","","","","","","","","","","","","","","","","","","","","","","",88,1,"","","","","","","","","","","","",15.9,1,1022.3,1,"","","","","","","","","","","","","","","","","","","","","","","","","","","","","","","","","","","","","","","","","","","","","","","","","","","","","","","","","","","","","","","","","","","","","","","","","","","","","","","","","","","","","","","","","","","","","","","","","","","","","","","","","","","","","","","","","",""
"54405001","NANCY-OCHEY",48.581,5.959833,336,1982060203,"","","","",3.,1,280,1,"","","","","","","","","","","","","","","","","","","","","","","","","","","","",15.3,1,13.5,1,"","","","","","","","","","","","","","","","","","","","","","","","","","",92,1,"","","","","","","","","","","","",15.9,1,1022.,1,"","","","","","","","","","","","","","","","","","","","","","","","","","","","","","","","","","","","","","","","","","","","","","","","","","","","","","","","","","","","","","","","","","","","","","","","","","","","","","","","","","","","","","","","","","","","","","","","","","","","","","","","","","","","","","","","","",""
"54405001","NANCY-OCHEY",48.581,5.959833,336,1982060206,"","","","",3.,1,240,1,"","","","","","","","","","","","","","","","","","","","","","","","","","","","",16.3,1,14.,1,"","","","","","","","","","","","","","","","","","","","","","","","","","",89,1,"","","","","","","","","","","","",16.5,1,1022.1,1,"","","","","","",4,1,0,1,2,1,8,1,2,1,"","","","","","","","","","","","","","","","","","","","","","","","",10000,1,"","",3,1,0,1,"","",0,1,"","","","","","","","","","","","","","","","","","","","","","","","","","","","","","","","","","","","","","","","","","","","","","","","","","","","","","","","","","","","","",""
"54405001","NANCY-OCHEY",48.581,5.959833,336,1982060209,"","","","",3.,1,340,1,"","","","","","","","","","","","","","","","","","","","","","","","","","","","",20.3,1,15.1,1,"","","","","","","","","","","","","","","","","","","","","","","","","","",74,1,"","","","","","","","","","","","",17.7,1,1021.5,1,"","","","","","",5,1,0,1,2,1,8,1,2,1,"","","","","","","","","","","","","","","","","","","","","","","","",11000,1,"","",3,1,1,1,"","","","","","","","","","","","","","","","","","","","","","","","","","","","","","","","","","","","","","","","","","","","","","","","","","","","","","","","","","","","","","","","","",""
"54405001","NANCY-OCHEY",48.581,5.959833,336,1982060212,"","","","",5.,1,340,1,"","","","","","","","","","","","","","","","","","","","","","","","","","","","",25.3,1,14.6,1,"","","","","","","","","","","","","","","","","","","","","","","","","","",53,1,"","","","","","","","","","","","",17.1,1,1019.2,1,"","","","","","",5,1,0,1,2,1,8,1,2,1,"","","","","","","","","","","","","","","","","","","","","","","","",13000,1,"","",3,1,2,1,"","","","","","","","","","","","","","","","","","","","","","","","","","","","","","","","","","","","","","","","","","","","","","","","","","","","","","","","","","","","","","","","","",""
"54405001","NANCY-OCHEY",48.581,5.959833,336,1982060215,"","","","",5.,1,340,1,"","","","","","","","","","","","","","","","","","","","","","","","","","","","",24.9,1,15.2,1,"","","","","","","","","","","","","","","","","","","","","","","","","","",56,1,"","","","","","","","","","","","",17.8,1,1016.9,1,"","","","","","",6,1,6,1,3,1,3,1,2,1,"","","","","","","","","","","","","","","","","","","","","","","","",12000,1,"","",3,1,2,1,"","","","","","","","","","","","","","","","","","","","","","","","","","","","","","","","","","","","","","","","","","","","","","","","","","","","","","","","","","","","","","","","","",""
"54405001","NANCY-OCHEY",48.581,5.959833,336,1982060218,"","","","",2.,1,140,1,"","","","","","","","","","","","","","","","","","","","","","","","","","","","",16.5,1,13.8,1,"","","","","","","","","","","","","","","","","","","","","","","","","","",86,1,"","","","","","","","","","","","",16.2,1,1018.,1,"","","","","","",8,1,7,1,9,1,"","","","","","","","","","","","","","","","","","","","","","","","","","","","",12000,1,"","",29,1,9,1,"","","","","","","","","","","","","","","","","","","","","","","","","","","","","","","","","","","","","","","","","","","","","","","","","","","","","","","","","","","","","","","","","",""
"54405001","NANCY-OCHEY",48.581,5.959833,336,1982060221,"","","","",2.,1,200,1,"","","","","","","","","","","","","","","","","","","","","","","","","","","","",15.1,1,13.2,1,"","","","","","","","","","","","","","","","","","","","","","","","","","",91,1,"","","","","","","","","","","","",15.6,1,1020.3,1,"","","","","","","","","","","","","","","","","","","","","","","","","","","","","","","","","","","","","","","","","","","","","","","","","","","","","","","","","","","","","","","","","","","","","","","","","","","","","","","","","","","","","","","","","","","","","","","","","","","","","","","","","","","","","","","","","",""
"54405001","NANCY-OCHEY",48.581,5.959833,336,1982060300,"","","","",2.,1,180,1,"","","","","","","","","","","","","","","","","","","","","","","","","","","","",13.1,1,10.7,1,"","","","","","","","","","","","","","","","","","","","","","","","","","",88,1,"","","","","","","","","","","","",13.2,1,1020.5,1,"","","","","","","","","","","","","","","","","","","","","","","","","","","","","","","","","","","","","","","","","","","","","","","","","","","","","","","","","","","","","","","","","","","","","","","","","","","","","","","","","","","","","","","","","","","","","","","","","","","","","","","","","","","","","","","","","",""
"54405001","NANCY-OCHEY",48.581,5.959833,336,1982060303,"","","","",3.,1,140,1,"","","","","","","","","","","","","","","","","","","","","","","","","","","","",13.9,1,12.3,1,"","","","","","","","","","","","","","","","","","","","","","","","","","",93,1,"","","","","","","","","","","","",14.7,1,1020.,1,"","","","","","","","","","","","","","","","","","","","","","","","","","","","","","","","","","","","","","","","","","","","","","","","","","","","","","","","","","","","","","","","","","","","","","","","","","","","","","","","","","","","","","","","","","","","","","","","","","","","","","","","","","","","","","","","","",""
"54405001","NANCY-OCHEY",48.581,5.959833,336,1982060306,"","","","",2.,1,200,1,"","","","","","","","","","","","","","","","","","","","","","","","","","","","",15.9,1,14.6,1,"","","","","","","","","","","","","","","","","","","","","","","","","","",94,1,"","","","","","","","","","","","",17.1,1,1020.,1,"","","","","","",3,1,0,1,0,1,3,1,1,1,"","","","","","","","","","","","","","","","","","","","","","","","",7000,1,"","",1,1,2,1,"","",0,1,"","","","","","","","","","","","","","","","","","","","","","","","","","","","","","","","","","","","","","","","","","","","","","","","","","","","","","","","","","","","","",""
"54405001","NANCY-OCHEY",48.581,5.959833,336,1982060309,"","","","",5.,1,220,1,"","","","","","","","","","","","","","","","","","","","","","","","","","","","",22.8,1,13.9,1,"","","","","","","","","","","","","","","","","","","","","","","","","","",58,1,"","","","","","","","","","","","",16.3,1,1019.2,1,"","","","","","",2,1,0,1,0,1,0,1,2,1,"","","","","","","","","","","","","","","","","","","","","","","","",14000,1,"","",2,1,0,1,"","","","","","","","","","","","","","","","","","","","","","","","","","","","","","","","","","","","","","","","","","","","","","","","","","","","","","","","","","","","","","","","","",""
"54405001","NANCY-OCHEY",48.581,5.959833,336,1982060312,"","","","",3.,1,220,1,"","","","","","","","","","","","","","","","","","","","","","","","","","","","",25.6,1,12.9,1,"","","","","","","","","","","","","","","","","","","","","","","","","","",46,1,"","","","","","","","","","","","",15.3,1,1018.7,1,"","","","","","",1,1,0,1,1,1,0,1,1,1,"","","","","","","","","","","","","","","","","","","","","","","","",15000,1,"","",1,1,0,1,"","","","","","","","","","","","","","","","","","","","","","","","","","","","","","","","","","","","","","","","","","","","","","","","","","","","","","","","","","","","","","","","","",""
"54405001","NANCY-OCHEY",48.581,5.959833,336,1982060315,"","","","",2.,1,140,1,"","","","","","","","","","","","","","","","","","","","","","","","","","","","",26.8,1,14.,1,"","","","","","","","","","","","","","","","","","","","","","","","","","",47,1,"","","","","","","","","","","","",16.5,1,1017.6,1,"","","","","","",4,1,0,1,2,1,3,1,0,1,"","","","","","","","","","","","","","","","","","","","","","","","",15000,1,"","",2,1,0,1,"","","","","","","","","","","","","","","","","","","","","","","","","","","","","","","","","","","","","","","","","","","","","","","","","","","","","","","","","","","","","","","","","",""
"54405001","NANCY-OCHEY",48.581,5.959833,336,1982060318,"","","","",3.,1,100,1,"","","","","","","","","","","","","","","","","","","","","","","","","","","","",25.7,1,15.3,1,"","","","","","","","","","","","","","","","","","","","","","","","","","",54,1,"","","","","","","","","","","","",17.9,1,1016.8,1,"","","","","","",4,1,0,1,0,1,3,1,0,1,"","","","","","","","","","","","","","","","","","","","","","","","",13000,1,"","",3,1,0,1,"","","","","","","","","","","","","","","","","","","","","","","","","","","","","","","","","","","","","","","","","","","","","","","","","","","","","","","","","","","","","","","","","",""
"54405001","NANCY-OCHEY",48.581,5.959833,336,1982060321,"","","","",1.,1,300,1,"","","","","","","","","","","","","","","","","","","","","","","","","","","","",21.1,1,16.7,1,"","","","","","","","","","","","","","","","","","","","","","","","","","",79,1,"","","","","","","","","","","","",19.7,1,1018.6,1,"","","","","","","","","","","","","","","","","","","","","","","","","","","","","","","","","","","","","","","","","","","","","","","","","","","","","","","","","","","","","","","","","","","","","","","","","","","","","","","","","","","","","","","","","","","","","","","","","","","","","","","","","","","","","","","","","",""
"54405001","NANCY-OCHEY",48.581,5.959833,336,1982060400,"","","","",5.,1,260,1,"","","","","","","","","","","","","","","","","","","","","","","","","","","","",18.7,1,16.6,1,"","","","","","","","","","","","","","","","","","","","","","","","","","",91,1,"","","","","","","","","","","","",19.6,1,1019.9,1,"","","","","","","","","","","","","","","","","","","","","","","","","","","","","","","","","","","","","","","","","","","","","","","","","","","","","","","","","","","","","","","","","","","","","","","","","","","","","","","","","","","","","","","","","","","","","","","","","","","","","","","","","","","","","","","","","",""
"54405001","NANCY-OCHEY",48.581,5.959833,336,1982060403,"","","","",1.,1,60,1,"","","","","","","","","","","","","","","","","","","","","","","","","","","","",16.8,1,15.1,1,"","","","","","","","","","","","","","","","","","","","","","","","","","",93,1,"","","","","","","","","","","","",17.7,1,1019.6,1,"","","","","","","","","","","","","","","","","","","","","","","","","","","","","","","","","","","","","","","","","","","","","","","","","","","","","","","","","","","","","","","","","","","","","","","","","","","","","","","","","","","","","","","","","","","","","","","","","","","","","","","","","","","","","","","","","",""
"54405001","NANCY-OCHEY",48.581,5.959833,336,1982060406,"","","","",3.,1,160,1,"","","","","","","","","","","","","","","","","","","","","","","","","","","","",17.7,1,15.4,1,"","","","","","","","","","","","","","","","","","","","","","","","","","",89,1,"","","","","","","","","","","","",18.1,1,1020.2,1,"","","","","","",5,1,0,1,0,1,3,1,2,1,"","","","","","","","","","","","","","","","","","","","","","","","",8000,1,"","",2,1,2,1,"","",0,1,"","","","","","","","","","","","","","","","","","","","","","","","","","","","","","","","","","","","","","","","","","","","","","","","","","","","","","","","","","","","","",""
"54405001","NANCY-OCHEY",48.581,5.959833,336,1982060409,"","","","",2.,1,40,1,"","","","","","","","","","","","","","","","","","","","","","","","","","","","",24.,1,15.3,1,"","","","","","","","","","","","","","","","","","","","","","","","","","",60,1,"","","","","","","","","","","","",17.9,1,1019.4,1,"","","","","","",4,1,0,1,0,1,8,1,2,1,"","","","","","","","","","","","","","","","","","","","","","","","",13000,1,"","",1,1,2,1,"","","","","","","","","","","","","","","","","","","","","","","","","","","","","","","","","","","","","","","","","","","","","","","","","","","","","","","","","","","","","","","","","",""
"54405001","NANCY-OCHEY",48.581,5.959833,336,1982060412,"","","","",3.,1,360,1,"","","","","","","","","","","","","","","","","","","","","","","","","","","","",27.,1,15.3,1,"","","","","","","","","","","","","","","","","","","","","","","","","","",50,1,"","","","","","","","","","","","",17.9,1,1018.3,1,"","","","","","",4,1,0,1,2,1,8,1,1,1,"","","","","","","","","","","","","","","","","","","","","","","","",16000,1,"","",3,1,1,1,"","","","","","","","","","","","","","","","","","","","","","","","","","","","","","","","","","","","","","","","","","","","","","","","","","","","","","","","","","","","","","","","","",""
"54405001","NANCY-OCHEY",48.581,5.959833,336,1982060415,"","","","",4.,1,20,1,"","","","","","","","","","","","","","","","","","","","","","","","","","","","",27.6,1,15.8,1,"","","","","","","","","","","","","","","","","","","","","","","","","","",50,1,"","","","","","","","","","","","",18.6,1,1017.2,1,"","","","","","",3,1,0,1,2,1,0,1,1,1,"","","","","","","","","","","","","","","","","","","","","","","","",16000,1,"","",1,1,1,1,"","","","","","","","","","","","","","","","","","","","","","","","","","","","","","","","","","","","","","","","","","","","","","","","","","","","","","","","","","","","","","","","","",""
"54405001","NANCY-OCHEY",48.581,5.959833,336,1982060418,"","","","",10.,1,240,1,"","","","","","","","","","","","","","","","","","","","","","","","","","","","",19.4,1,14.3,1,"","","","","","","","","","","","","","","","","","","","","","","","","","",74,1,"","","","","","","","","","","","",16.8,1,1018.7,1,"","","","","","",7,1,6,1,9,1,0,1,3,1,"","","","","","","","","","","","","","","","","","","","","","","","",12000,1,"","",17,1,9,1,"","","","","","","","","","","","","","","","","","","","","","","","","","","","","","","","","","","","","","","","","","","","","","","","","","","","","","","","","","","","","","","","","",""
"54405001","NANCY-OCHEY",48.581,5.959833,336,1982060421,"","","","",2.,1,320,1,"","","","","","","","","","","","","","","","","","","","","","","","","","","","",16.7,1,15.4,1,"","","","","","","","","","","","","","","","","","","","","","","","","","",95,1,"","","","","","","","","","","","",18.,1,1021.4,1,"","","","","","","","","","","","","","","","","","","","","","","","","","","","","","","","","","","","","","","","","","","","","","","","","","","","","","","","","","","","","","","","","","","","","","","","","","","","","","","","","","","","","","","","","","","","","","","","","","","","","","","","","","","","","","","","","",""
"54405001","NANCY-OCHEY",48.581,5.959833,336,1982060500,"","","","",2.,1,140,1,"","","","","","","","","","","","","","","","","","","","","","","","","","","","",15.5,1,14.,1,"","","","","","","","","","","","","","","","","","","","","","","","","","",94,1,"","","","","","","","","","","","",16.5,1,1020.6,1,"","","","","","","","","","","","","","","","","","","","","","","","","","","","","","","","","","","","","","","","","","","","","","","","","","","","","","","","","","","","","","","","","","","","","","","","","","","","","","","","","","","","","","","","","","","","","","","","","","","","","","","","","","","","","","","","","",""
"54405001","NANCY-OCHEY",48.581,5.959833,336,1982060503,"","","","",5.,1,140,1,"","","","","","","","","","","","","","","","","","","","","","","","","","","","",15.6,1,14.1,1,"","","","","","","","","","","","","","","","","","","","","","","","","","",94,1,"","","","","","","","","","","","",16.6,1,1021.9,1,"","","","","","","","","","","","","","","","","","","","","","","","","","","","","","","","","","","","","","","","","","","","","","","","","","","","","","","","","","","","","","","","","","","","","","","","","","","","","","","","","","","","","","","","","","","","","","","","","","","","","","","","","","","","","","","","","",""
"54405001","NANCY-OCHEY",48.581,5.959833,336,1982060506,"","","","",3.,1,240,1,"","","","","","","","","","","","","","","","","","","","","","","","","","","","",16.,1,14.6,1,"","","","","","","","","","","","","","","","","","","","","","","","","","",94,1,"","","","","","","","","","","","",17.1,1,1020.6,1,"","","","","","",5,1,5,1,0,1,3,1,0,1,"","","","","","","","","","","","","","","","","","","","","","","","",8000,1,"","",1,1,6,1,"","",0,1,"","","","","","","","","","","","","","","","","","","","","","","","","","","","","","","","","","","","","","","","","","","","","","","","","","","","","","","","","","","","","",""
"54405001","NANCY-OCHEY",48.581,5.959833,336,1982060509,"","","","",2.,1,220,1,"","","","","","","","","","","","","","","","","","","","","","","","","","","","",19.2,1,16.3,1,"","","","","","","","","","","","","","","","","","","","","","","","","","",86,1,"","","","","","","","","","","","",19.2,1,1020.7,1,"","","","","","",6,1,6,1,0,1,3,1,0,1,"","","","","","","","","","","","","","","","","","","","","","","","",13000,1,"","",3,1,2,1,"","","","","","","","","","","","","","","","","","","","","","","","","","","","","","","","","","","","","","","","","","","","","","","","","","","","","","","","","","","","","","","","","",""
"54405001","NANCY-OCHEY",48.581,5.959833,336,1982060512,"","","","",3.,1,260,1,"","","","","","","","","","","","","","","","","","","","","","","","","","","","",23.1,1,15.7,1,"","","","","","","","","","","","","","","","","","","","","","","","","","",65,1,"","","","","","","","","","","","",18.4,1,1020.,1,"","","","","","",6,1,6,1,2,1,3,1,0,1,"","","","","","","","","","","","","","","","","","","","","","","","",17000,1,"","",1,1,2,1,"","","","","","","","","","","","","","","","","","","","","","","","","","","","","","","","","","","","","","","","","","","","","","","","","","","","","","","","","","","","","","","","","",""
"54405001","NANCY-OCHEY",48.581,5.959833,336,1982060515,"","","","",3.,1,300,1,"","","","","","","","","","","","","","","","","","","","","","","","","","","","",23.2,1,14.5,1,"","","","","","","","","","","","","","","","","","","","","","","","","","",60,1,"","","","","","","","","","","","",17.,1,1018.8,1,"","","","","","","","","","","","","","","","","","","","","","","","","","","","","","","","","","","","","","","","","","","","","","","","","","","","","","","","","","","","","","","","","","","","","","","","","","","","","","","","","","","","","","","","","","","","","","","","","","","","","","","","","","","","","","","","","",""
"54405001","NANCY-OCHEY",48.581,5.959833,336,1982060518,"","","","",2.,1,280,1,"","","","","","","","","","","","","","","","","","","","","","","","","","","","",23.8,1,17.4,1,"","","","","","","","","","","","","","","","","","","","","","","","","","",70,1,"","","","","","","","","","","","",20.6,1,1017.7,1,"","","","","","","","","","","","","","","","","","","","","","","","","","","","","","","","","","","","","","","","","","","","","","","","","","","","","","","","","","","","","","","","","","","","","","","","","","","","","","","","","","","","","","","","","","","","","","","","","","","","","","","","","","","","","","","","","",""
"54405001","NANCY-OCHEY",48.581,5.959833,336,1982060521,"","","","",1.,1,180,1,"","","","","","","","","","","","","","","","","","","","","","","","","","","","",19.1,1,17.2,1,"","","","","","","","","","","","","","","","","","","","","","","","","","",92,1,"","","","","","","","","","","","",20.3,1,1018.3,1,"","","","","","","","","","","","","","","","","","","","","","","","","","","","","","","","","","","","","","","","","","","","","","","","","","","","","","","","","","","","","","","","","","","","","","","","","","","","","","","","","","","","","","","","","","","","","","","","","","","","","","","","","","","","","","","","","",""
"54405001","NANCY-OCHEY",48.581,5.959833,336,1982060600,"","","","",1.,1,160,1,"","","","","","","","","","","","","","","","","","","","","","","","","","","","",16.7,1,15.2,1,"","","","","","","","","","","","","","","","","","","","","","","","","","",94,1,"","","","","","","","","","","","",17.8,1,1018.5,1,"","","","","","","","","","","","","","","","","","","","","","","","","","","","","","","","","","","","","","","","","","","","","","","","","","","","","","","","","","","","","","","","","","","","","","","","","","","","","","","","","","","","","","","","","","","","","","","","","","","","","","","","","","","","","","","","","",""
"54405001","NANCY-OCHEY",48.581,5.959833,336,1982060603,"","","","",3.,1,220,1,"","","","","","","","","","","","","","","","","","","","","","","","","","","","",15.,1,13.9,1,"","","","","","","","","","","","","","","","","","","","","","","","","","",96,1,"","","","","","","","","","","","",16.3,1,1018.3,1,"","","","","","","","","","","","","","","","","","","","","","","","","","","","","","","","","","","","","","","","","","","","","","","","","","","","","","","","","","","","","","","","","","","","","","","","","","","","","","","","","","","","","","","","","","","","","","","","","","","","","","","","","","","","","","","","","",""
"54405001","NANCY-OCHEY",48.581,5.959833,336,1982060606,"","","","",2.,1,220,1,"","","","","","","","","","","","","","","","","","","","","","","","","","","","",16.4,1,15.2,1,"","","","","","","","","","","","","","","","","","","","","","","","","","",95,1,"","","","","","","","","","","","",17.8,1,1018.,1,"","","","","","",4,1,0,1,0,1,0,1,2,1,"","","","","","","","","","","","","","","","","","","","","","","","",12000,1,"","",1,1,1,1,"","",0,1,"","","","","","","","","","","","","","","","","","","","","","","","","","","","","","","","","","","","","","","","","","","","","","","","","","","","","","","","","","","","","",""
"54405001","NANCY-OCHEY",48.581,5.959833,336,1982060609,"","","","",1.,1,300,1,"","","","","","","","","","","","","","","","","","","","","","","","","","","","",22.1,1,11.4,1,"","","","","","","","","","","","","","","","","","","","","","","","","","",52,1,"","","","","","","","","","","","",13.8,1,1017.2,1,"","","","","","",4,1,0,1,2,1,0,1,2,1,"","","","","","","","","","","","","","","","","","","","","","","","",20000,1,"","",3,1,0,1,"","","","","","","","","","","","","","","","","","","","","","","","","","","","","","","","","","","","","","","","","","","","","","","","","","","","","","","","","","","","","","","","","",""
"54405001","NANCY-OCHEY",48.581,5.959833,336,1982060612,"","","","",2.,1,300,1,"","","","","","","","","","","","","","","","","","","","","","","","","","","","",24.9,1,15.8,1,"","","","","","","","","","","","","","","","","","","","","","","","","","",58,1,"","","","","","","","","","","","",18.5,1,1016.5,1,"","","","","","",5,1,0,1,2,1,0,1,1,1,"","","","","","","","","","","","","","","","","","","","","","","","",20000,1,"","",2,1,2,1,"","","","","","","","","","","","","","","","","","","","","","","","","","","","","","","","","","","","","","","","","","","","","","","","","","","","","","","","","","","","","","","","","",""
"54405001","NANCY-OCHEY",48.581,5.959833,336,1982060615,"","","","",3.,1,200,1,"","","","","","","","","","","","","","","","","","","","","","","","","","","","",24.,1,13.9,1,"","","","","","","","","","","","","","","","","","","","","","","","","","",55,1,"","","","","","","","","","","","",16.4,1,1015.8,1,"","","","","","","","","","","","","","","","","","","","","","","","","","","","","","","","","","","","","","","","","","","","","","","","","","","","","","","","","","","","","","","","","","","","","","","","","","","","","","","","","","","","","","","","","","","","","","","","","","","","","","","","","","","","","","","","","",""
"54405001","NANCY-OCHEY",48.581,5.959833,336,1982060618,"","","","",5.,1,240,1,"","","","","","","","","","","","","","","","","","","","","","","","","","","","",25.,1,18.1,1,"","","","","","","","","","","","","","","","","","","","","","","","","","",68,1,"","","","","","","","","","","","",21.5,1,1015.2,1,"","","","","","","","","","","","","","","","","","","","","","","","","","","","","","","","","","","","","","","","","","","","","","","","","","","","","","","","","","","","","","","","","","","","","","","","","","","","","","","","","","","","","","","","","","","","","","","","","","","","","","","","","","","","","","","","","",""
"54405001","NANCY-OCHEY",48.581,5.959833,336,1982060621,"","","","",5.,1,180,1,"","","","","","","","","","","","","","","","","","","","","","","","","","","","",19.1,1,13.7,1,"","","","","","","","","","","","","","","","","","","","","","","","","","",73,1,"","","","","","","","","","","","",16.1,1,1015.2,1,"","","","","","","","","","","","","","","","","","","","","","","","","","","","","","","","","","","","","","","","","","","","","","","","","","","","","","","","","","","","","","","","","","","","","","","","","","","","","","","","","","","","","","","","","","","","","","","","","","","","","","","","","","","","","","","","","",""
"54405001","NANCY-OCHEY",48.581,5.959833,336,1982060700,"","","","",6.,1,140,1,"","","","","","","","","","","","","","","","","","","","","","","","","","","","",16.4,1,14.9,1,"","","","","","","","","","","","","","","","","","","","","","","","","","",94,1,"","","","","","","","","","","","",17.5,1,1018.2,1,"","","","","","","","","","","","","","","","","","","","","","","","","","","","","","","","","","","","","","","","","","","","","","","","","","","","","","","","","","","","","","","","","","","","","","","","","","","","","","","","","","","","","","","","","","","","","","","","","","","","","","","","","","","","","","","","","",""
"54405001","NANCY-OCHEY",48.581,5.959833,336,1982060703,"","","","",3.,1,140,1,"","","","","","","","","","","","","","","","","","","","","","","","","","","","",15.2,1,13.9,1,"","","","","","","","","","","","","","","","","","","","","","","","","","",95,1,"","","","","","","","","","","","",16.3,1,1018.8,1,"","","","","","","","","","","","","","","","","","","","","","","","","","","","","","","","","","","","","","","","","","","","","","","","","","","","","","","","","","","","","","","","","","","","","","","","","","","","","","","","","","","","","","","","","","","","","","","","","","","","","","","","","","","","","","","","","",""
"54405001","NANCY-OCHEY",48.581,5.959833,336,1982060706,"","","","",2.,1,240,1,"","","","","","","","","","","","","","","","","","","","","","","","","","","","",16.1,1,14.9,1,"","","","","","","","","","","","","","","","","","","","","","","","","","",95,1,"","","","","","","","","","","","",17.5,1,1019.7,1,"","","","","","",6,1,6,1,0,1,7,1,0,1,"","","","","","","","","","","","","","","","","","","","","","","","",12000,1,"","",2,1,2,1,"","",0,1,"","","","","","","","","","","","","","","","","","","","","","","","","","","","","","","","","","","","","","","","","","","","","","","","","","","","","","","","","","","","","",""
"54405001","NANCY-OCHEY",48.581,5.959833,336,1982060709,"","","","",2.,1,340,1,"","","","","","","","","","","","","","","","","","","","","","","","","","","","",20.1,1,15.2,1,"","","","","","","","","","","","","","","","","","","","","","","","","","",76,1,"","","","","","","","","","","","",17.8,1,1020.6,1,"","","","","","",5,1,0,1,2,1,3,1,2,1,"","","","","","","","","","","","","","","","","","","","","","","","",13000,1,"","",3,1,2,1,"","","","","","","","","","","","","","","","","","","","","","","","","","","","","","","","","","","","","","","","","","","","","","","","","","","","","","","","","","","","","","","","","",""
"54405001","NANCY-OCHEY",48.581,5.959833,336,1982060712,"","","","",2.,1,320,1,"","","","","","","","","","","","","","","","","","","","","","","","","","","","",23.6,1,16.4,1,"","","","","","","","","","","","","","","","","","","","","","","","","","",66,1,"","","","","","","","","","","","",19.3,1,1019.3,1,"","","","","","",6,1,0,1,3,1,0,1,2,1,"","","","","","","","","","","","","","","","","","","","","","","","",11000,1,"","",3,1,2,1,"","","","","","","","","","","","","","","","","","","","","","","","","","","","","","","","","","","","","","","","","","","","","","","","","","","","","","","","","","","","","","","","","",""
"54405001","NANCY-OCHEY",48.581,5.959833,336,1982060715,"","","","",3.,1,100,1,"","","","","","","","","","","","","","","","","","","","","","","","","","","","",19.5,1,16.,1,"","","","","","","","","","","","","","","","","","","","","","","","","","",83,1,"","","","","","","","","","","","",18.8,1,1019.2,1,"","","","","","","","","","","","","","","","","","","","","","","","","","","","","","","","","","","","","","","","","","","","","","","","","","","","","","","","","","","","","","","","","","","","","","","","","","","","","","","","","","","","","","","","","","","","","","","","","","","","","","","","","","","","","","","","","",""
"54405001","NANCY-OCHEY",48.581,5.959833,336,1982060718,"","","","",1.,1,100,1,"","","","","","","","","","","","","","","","","","","","","","","","","","","","",18.5,1,17.1,1,"","","","","","","","","","","","","","","","","","","","","","","","","","",95,1,"","","","","","","","","","","","",20.2,1,1019.8,1,"","","","","","","","","","","","","","","","","","","","","","","","","","","","","","","","","","","","","","","","","","","","","","","","","","","","","","","","","","","","","","","","","","","","","","","","","","","","","","","","","","","","","","","","","","","","","","","","","","","","","","","","","","","","","","","","","",""
"54405001","NANCY-OCHEY",48.581,5.959833,336,1982060721,"","","","",1.,1,40,1,"","","","","","","","","","","","","","","","","","","","","","","","","","","","",16.,1,16.,1,"","","","","","","","","","","","","","","","","","","","","","","","","","",99,1,"","","","","","","","","","","","",17.9,1,1020.4,1,"","","","","","","","","","","","","","","","","","","","","","","","","","","","","","","","","","","","","","","","","","","","","","","","","","","","","","","","","","","","","","","","","","","","","","","","","","","","","","","","","","","","","","","","","","","","","","","","","","","","","","","","","","","","","","","","","",""
"54405001","NANCY-OCHEY",48.581,5.959833,336,1982060800,"","","","",0.,1,0,1,"","","","","","","","","","","","","","","","","","","","","","","","","","","","",14.3,1,14.3,1,"","","","","","","","","","","","","","","","","","","","","","","","","","",99,1,"","","","","","","","","","","","",16.1,1,1020.7,1,"","","","","","","","","","","","","","","","","","","","","","","","","","","","","","","","","","","","","","","","","","","","","","","","","","","","","","","","","","","","","","","","","","","","","","","","","","","","","","","","","","","","","","","","","","","","","","","","","","","","","","","","","","","","","","","","","",""
"54405001","NANCY-OCHEY",48.581,5.959833,336,1982060803,"","","","",0.,1,0,1,"","","","","","","","","","","","","","","","","","","","","","","","","","","","",14.2,1,14.2,1,"","","","","","","","","","","","","","","","","","","","","","","","","","",100,1,"","","","","","","","","","","","",16.1,1,1020.6,1,"","","","","","","","","","","","","","","","","","","","","","","","","","","","","","","","","","","","","","","","","","","","","","","","","","","","","","","","","","","","","","","","","","","","","","","","","","","","","","","","","","","","","","","","","","","","","","","","","","","","","","","","","","","","","","","","","",""
"54405001","NANCY-OCHEY",48.581,5.959833,336,1982060806,"","","","",2.,1,20,1,"","","","","","","","","","","","","","","","","","","","","","","","","","","","",14.3,1,14.3,1,"","","","","","","","","","","","","","","","","","","","","","","","","","",100,1,"","","","","","","","","","","","",16.2,1,1020.7,1,"","","","","","",8,1,8,1,6,1,"","","","","","","","","","","","","","","","","","","","","","","","","","","","",100,1,"","",44,1,4,1,"","",0,1,"","","","","","","","","","","","","","","","","","","","","","","","","","","","","","","","","","","","","","","","","","","","","","","","","","","","","","","","","","","","","",""
"54405001","NANCY-OCHEY",48.581,5.959833,336,1982060809,"","","","",1.,1,300,1,"","","","","","","","","","","","","","","","","","","","","","","","","","","","",18.8,1,16.9,1,"","","","","","","","","","","","","","","","","","","","","","","","","","",92,1,"","","","","","","","","","","","",19.9,1,1020.1,1,"","","","","","",7,1,7,1,6,1,"","","","","","","","","","","","","","","","","","","","","","","","","","","","",1500,1,"","",10,1,4,1,"","","","","","","","","","","","","","","","","","","","","","","","","","","","","","","","","","","","","","","","","","","","","","","","","","","","","","","","","","","","","","","","","",""
"54405001","NANCY-OCHEY",48.581,5.959833,336,1982060812,"","","","",2.,1,20,1,"","","","","","","","","","","","","","","","","","","","","","","","","","","","",23.,1,17.1,1,"","","","","","","","","","","","","","","","","","","","","","","","","","",72,1,"","","","","","","","","","","","",20.2,1,1019.3,1,"","","","","","",4,1,0,1,2,1,0,1,0,1,"","","","","","","","","","","","","","","","","","","","","","","","",4500,1,"","",10,1,4,1,"","","","","","","","","","","","","","","","","","","","","","","","","","","","","","","","","","","","","","","","","","","","","","","","","","","","","","","","","","","","","","","","","",""
"54405001","NANCY-OCHEY",48.581,5.959833,336,1982060815,"","","","",3.,1,60,1,"","","","","","","","","","","","","","","","","","","","","","","","","","","","",24.9,1,16.5,1,"","","","","","","","","","","","","","","","","","","","","","","","","","",61,1,"","","","","","","","","","","","",19.4,1,1017.5,1,"","","","","","",4,1,0,1,2,1,0,1,0,1,"","","","","","","","","","","","","","","","","","","","","","","","",8000,1,"","",3,1,0,1,"","","","","","","","","","","","","","","","","","","","","","","","","","","","","","","","","","","","","","","","","","","","","","","","","","","","","","","","","","","","","","","","","",""
"54405001","NANCY-OCHEY",48.581,5.959833,336,1982060818,"","","","",2.,1,20,1,"","","","","","","","","","","","","","","","","","","","","","","","","","","","",23.8,1,16.6,1,"","","","","","","","","","","","","","","","","","","","","","","","","","",66,1,"","","","","","","","","","","","",19.6,1,1017.1,1,"","","","","","",2,1,0,1,2,1,0,1,1,1,"","","","","","","","","","","","","","","","","","","","","","","","",8000,1,"","",1,1,0,1,"","","","","","","","","","","","","","","","","","","","","","","","","","","","","","","","","","","","","","","","","","","","","","","","","","","","","","","","","","","","","","","","","",""
"54405001","NANCY-OCHEY",48.581,5.959833,336,1982060821,"","","","",1.,1,80,1,"","","","","","","","","","","","","","","","","","","","","","","","","","","","",19.2,1,15.4,1,"","","","","","","","","","","","","","","","","","","","","","","","","","",81,1,"","","","","","","","","","","","",18.,1,1018.1,1,"","","","","","","","","","","","","","","","","","","","","","","","","","","","","","","","","","","","","","","","","","","","","","","","","","","","","","","","","","","","","","","","","","","","","","","","","","","","","","","","","","","","","","","","","","","","","","","","","","","","","","","","","","","","","","","","","",""
"54405001","NANCY-OCHEY",48.581,5.959833,336,1982060900,"","","","",2.,1,360,1,"","","","","","","","","","","","","","","","","","","","","","","","","","","","",16.8,1,15.8,1,"","","","","","","","","","","","","","","","","","","","","","","","","","",97,1,"","","","","","","","","","","","",18.5,1,1018.6,1,"","","","","","","","","","","","","","","","","","","","","","","","","","","","","","","","","","","","","","","","","","","","","","","","","","","","","","","","","","","","","","","","","","","","","","","","","","","","","","","","","","","","","","","","","","","","","","","","","","","","","","","","","","","","","","","","","",""
"54405001","NANCY-OCHEY",48.581,5.959833,336,1982060903,"","","","",1.,1,340,1,"","","","","","","","","","","","","","","","","","","","","","","","","","","","",15.,1,15.,1,"","","","","","","","","","","","","","","","","","","","","","","","","","",99,1,"","","","","","","","","","","","",16.8,1,1018.4,1,"","","","","","","","","","","","","","","","","","","","","","","","","","","","","","","","","","","","","","","","","","","","","","","","","","","","","","","","","","","","","","","","","","","","","","","","","","","","","","","","","","","","","","","","","","","","","","","","","","","","","","","","","","","","","","","","","",""
"54405001","NANCY-OCHEY",48.581,5.959833,336,1982060906,"","","","",1.,1,340,1,"","","","","","","","","","","","","","","","","","","","","","","","","","","","",15.3,1,15.3,1,"","","","","","","","","","","","","","","","","","","","","","","","","","",100,1,"","","","","","","","","","","","",17.3,1,1018.6,1,"","","","","","",2,1,0,1,6,1,0,1,1,1,"","","","","","","","","","","","","","","","","","","","","","","","",600,1,"","",46,1,4,1,"","",0,1,"","","","","","","","","","","","","","","","","","","","","","","","","","","","","","","","","","","","","","","","","","","","","","","","","","","","","","","","","","","","","",""
"54405001","NANCY-OCHEY",48.581,5.959833,336,1982060909,"","","","",3.,1,80,1,"","","","","","","","","","","","","","","","","","","","","","","","","","","","",22.1,1,15.3,1,"","","","","","","","","","","","","","","","","","","","","","","","","","",67,1,"","","","","","","","","","","","",17.9,1,1017.6,1,"","","","","","",0,1,"","",0,1,0,1,0,1,"","","","","","","","","","","","","","","","","","","","","","","","",4500,1,"","",10,1,4,1,"","","","","","","","","","","","","","","","","","","","","","","","","","","","","","","","","","","","","","","","","","","","","","","","","","","","","","","","","","","","","","","","","",""
"54405001","NANCY-OCHEY",48.581,5.959833,336,1982060912,"","","","",4.,1,40,1,"","","","","","","","","","","","","","","","","","","","","","","","","","","","",24.6,1,15.4,1,"","","","","","","","","","","","","","","","","","","","","","","","","","",58,1,"","","","","","","","","","","","",18.1,1,1016.8,1,"","","","","","",2,1,0,1,2,1,0,1,0,1,"","","","","","","","","","","","","","","","","","","","","","","","",7000,1,"","",2,1,4,1,"","","","","","","","","","","","","","","","","","","","","","","","","","","","","","","","","","","","","","","","","","","","","","","","","","","","","","","","","","","","","","","","","",""
"54405001","NANCY-OCHEY",48.581,5.959833,336,1982060915,"","","","",5.,1,20,1,"","","","","","","","","","","","","","","","","","","","","","","","","","","","",25.2,1,15.4,1,"","","","","","","","","","","","","","","","","","","","","","","","","","",56,1,"","","","","","","","","","","","",18.,1,1015.8,1,"","","","","","",2,1,0,1,2,1,0,1,0,1,"","","","","","","","","","","","","","","","","","","","","","","","",7000,1,"","",1,1,0,1,"","","","","","","","","","","","","","","","","","","","","","","","","","","","","","","","","","","","","","","","","","","","","","","","","","","","","","","","","","","","","","","","","",""
"54405001","NANCY-OCHEY",48.581,5.959833,336,1982060918,"","","","",4.,1,40,1,"","","","","","","","","","","","","","","","","","","","","","","","","","","","",23.2,1,14.9,1,"","","","","","","","","","","","","","","","","","","","","","","","","","",61,1,"","","","","","","","","","","","",17.5,1,1015.5,1,"","","","","","",0,1,"","",0,1,0,1,0,1,"","","","","","","","","","","","","","","","","","","","","","","","",6000,1,"","",2,1,0,1,"","","","","","","","","","","","","","","","","","","","","","","","","","","","","","","","","","","","","","","","","","","","","","","","","","","","","","","","","","","","","","","","","",""
"54405001","NANCY-OCHEY",48.581,5.959833,336,1982060921,"","","","",2.,1,40,1,"","","","","","","","","","","","","","","","","","","","","","","","","","","","",17.1,1,10.7,1,"","","","","","","","","","","","","","","","","","","","","","","","","","",68,1,"","","","","","","","","","","","",13.2,1,1017.,1,"","","","","","","","","","","","","","","","","","","","","","","","","","","","","","","","","","","","","","","","","","","","","","","","","","","","","","","","","","","","","","","","","","","","","","","","","","","","","","","","","","","","","","","","","","","","","","","","","","","","","","","","","","","","","","","","","",""
"54405001","NANCY-OCHEY",48.581,5.959833,336,1982061000,"","","","",2.,1,40,1,"","","","","","","","","","","","","","","","","","","","","","","","","","","","",15.9,1,10.1,1,"","","","","","","","","","","","","","","","","","","","","","","","","","",70,1,"","","","","","","","","","","","",12.6,1,1017.1,1,"","","","","","","","","","","","","","","","","","","","","","","","","","","","","","","","","","","","","","","","","","","","","","","","","","","","","","","","","","","","","","","","","","","","","","","","","","","","","","","","","","","","","","","","","","","","","","","","","","","","","","","","","","","","","","","","","",""
"54405001","NANCY-OCHEY",48.581,5.959833,336,1982061003,"","","","",1.,1,360,1,"","","","","","","","","","","","","","","","","","","","","","","","","","","","",13.9,1,10.5,1,"","","","","","","","","","","","","","","","","","","","","","","","","","",82,1,"","","","","","","","","","","","",13.,1,1016.6,1,"","","","","","","","","","","","","","","","","","","","","","","","","","","","","","","","","","","","","","","","","","","","","","","","","","","","","","","","","","","","","","","","","","","","","","","","","","","","","","","","","","","","","","","","","","","","","","","","","","","","","","","","","","","","","","","","","",""
"54405001","NANCY-OCHEY",48.581,5.959833,336,1982061006,"","","","",1.,1,20,1,"","","","","","","","","","","","","","","","","","","","","","","","","","","","",15.,1,11.8,1,"","","","","","","","","","","","","","","","","","","","","","","","","","",83,1,"","","","","","","","","","","","",14.2,1,1016.2,1,"","","","","","",0,1,"","",0,1,0,1,0,1,"","","","","","","","","","","","","","","","","","","","","","","","",7000,1,"","",2,1,0,1,"","",0,1,"","","","","","","","","","","","","","","","","","","","","","","","","","","","","","","","","","","","","","","","","","","","","","","","","","","","","","","","","","","","","",""
"54405001","NANCY-OCHEY",48.581,5.959833,336,1982061009,"","","","",2.,1,80,1,"","","","","","","","","","","","","","","","","","","","","","","","","","","","",21.,1,13.7,1,"","","","","","","","","","","","","","","","","","","","","","","","","","",65,1,"","","","","","","","","","","","",16.1,1,1014.9,1,"","","","","","",0,1,"","",0,1,0,1,0,1,"","","","","","","","","","","","","","","","","","","","","","","","",7000,1,"","",2,1,0,1,"","","","","","","","","","","","","","","","","","","","","","","","","","","","","","","","","","","","","","","","","","","","","","","","","","","","","","","","","","","","","","","","","",""
"54405001","NANCY-OCHEY",48.581,5.959833,336,1982061012,"","","","",3.,1,80,1,"","","","","","","","","","","","","","","","","","","","","","","","","","","","",24.5,1,15.5,1,"","","","","","","","","","","","","","","","","","","","","","","","","","",59,1,"","","","","","","","","","","","",18.2,1,1013.4,1,"","","","","","",1,1,0,1,1,1,0,1,0,1,"","","","","","","","","","","","","","","","","","","","","","","","",8000,1,"","",3,1,0,1,"","","","","","","","","","","","","","","","","","","","","","","","","","","","","","","","","","","","","","","","","","","","","","","","","","","","","","","","","","","","","","","","","",""
"54405001","NANCY-OCHEY",48.581,5.959833,336,1982061015,"","","","",2.,1,40,1,"","","","","","","","","","","","","","","","","","","","","","","","","","","","",25.8,1,15.2,1,"","","","","","","","","","","","","","","","","","","","","","","","","","",53,1,"","","","","","","","","","","","",17.8,1,1011.3,1,"","","","","","",1,1,0,1,1,1,0,1,0,1,"","","","","","","","","","","","","","","","","","","","","","","","",8000,1,"","",2,1,0,1,"","","","","","","","","","","","","","","","","","","","","","","","","","","","","","","","","","","","","","","","","","","","","","","","","","","","","","","","","","","","","","","","","",""
"54405001","NANCY-OCHEY",48.581,5.959833,336,1982061018,"","","","",2.,1,80,1,"","","","","","","","","","","","","","","","","","","","","","","","","","","","",24.1,1,14.8,1,"","","","","","","","","","","","","","","","","","","","","","","","","","",58,1,"","","","","","","","","","","","",17.4,1,1010.,1,"","","","","","",6,1,5,1,0,1,5,1,2,1,"","","","","","","","","","","","","","","","","","","","","","","","",9000,1,"","",3,1,1,1,"","","","","","","","","","","","","","","","","","","","","","","","","","","","","","","","","","","","","","","","","","","","","","","","","","","","","","","","","","","","","","","","","",""
"54405001","NANCY-OCHEY",48.581,5.959833,336,1982061021,"","","","",1.,1,120,1,"","","","","","","","","","","","","","","","","","","","","","","","","","","","",20.8,1,17.9,1,"","","","","","","","","","","","","","","","","","","","","","","","","","",87,1,"","","","","","","","","","","","",21.3,1,1010.2,1,"","","","","","","","","","","","","","","","","","","","","","","","","","","","","","","","","","","","","","","","","","","","","","","","","","","","","","","","","","","","","","","","","","","","","","","","","","","","","","","","","","","","","","","","","","","","","","","","","","","","","","","","","","","","","","","","","",""
"54405001","NANCY-OCHEY",48.581,5.959833,336,1982061100,"","","","",3.,1,160,1,"","","","","","","","","","","","","","","","","","","","","","","","","","","","",15.9,1,14.6,1,"","","","","","","","","","","","","","","","","","","","","","","","","","",95,1,"","","","","","","","","","","","",17.1,1,1011.3,1,"","","","","","","","","","","","","","","","","","","","","","","","","","","","","","","","","","","","","","","","","","","","","","","","","","","","","","","","","","","","","","","","","","","","","","","","","","","","","","","","","","","","","","","","","","","","","","","","","","","","","","","","","","","","","","","","","",""
"54405001","NANCY-OCHEY",48.581,5.959833,336,1982061103,"","","","",4.,1,200,1,"","","","","","","","","","","","","","","","","","","","","","","","","","","","",15.6,1,14.3,1,"","","","","","","","","","","","","","","","","","","","","","","","","","",95,1,"","","","","","","","","","","","",16.8,1,1010.,1,"","","","","","","","","","","","","","","","","","","","","","","","","","","","","","","","","","","","","","","","","","","","","","","","","","","","","","","","","","","","","","","","","","","","","","","","","","","","","","","","","","","","","","","","","","","","","","","","","","","","","","","","","","","","","","","","","",""
"54405001","NANCY-OCHEY",48.581,5.959833,336,1982061106,"","","","",4.,1,220,1,"","","","","","","","","","","","","","","","","","","","","","","","","","","","",16.,1,14.8,1,"","","","","","","","","","","","","","","","","","","","","","","","","","",95,1,"","","","","","","","","","","","",17.3,1,1010.,1,"","","","","","",8,1,5,1,8,1,7,1,"","","","","","","","","","","","","","","","","","","","","","","","","","",8000,1,"","",60,1,6,1,"","",0,1,"","","","","","","","","","","","","","","","","","","","","","","","","","","","","","","","","","","","","","","","","","","","","","","","","","","","","","","","","","","","","",""
"54405001","NANCY-OCHEY",48.581,5.959833,336,1982061109,"","","","",4.,1,220,1,"","","","","","","","","","","","","","","","","","","","","","","","","","","","",17.4,1,16.2,1,"","","","","","","","","","","","","","","","","","","","","","","","","","",95,1,"","","","","","","","","","","","",19.,1,1009.8,1,"","","","","","",8,1,5,1,8,1,7,1,"","","","","","","","","","","","","","","","","","","","","","","","","","",5000,1,"","",61,1,6,1,"","","","","","","","","","","","","","","","","","","","","","","","","","","","","","","","","","","","","","","","","","","","","","","","","","","","","","","","","","","","","","","","","",""
"54405001","NANCY-OCHEY",48.581,5.959833,336,1982061112,"","","","",6.,1,280,1,"","","","","","","","","","","","","","","","","","","","","","","","","","","","",17.6,1,15.4,1,"","","","","","","","","","","","","","","","","","","","","","","","","","",89,1,"","","","","","","","","","","","",18.,1,1009.9,1,"","","","","","",8,1,8,1,8,1,7,1,"","","","","","","","","","","","","","","","","","","","","","","","","","",7000,1,"","",1,1,6,1,"","","","","","","","","","","","","","","","","","","","","","","","","","","","","","","","","","","","","","","","","","","","","","","","","","","","","","","","","","","","","","","","","",""
"54405001","NANCY-OCHEY",48.581,5.959833,336,1982061115,"","","","",7.,1,220,1,"","","","","","","","","","","","","","","","","","","","","","","","","","","","",17.8,1,13.5,1,"","","","","","","","","","","","","","","","","","","","","","","","","","",78,1,"","","","","","","","","","","","",15.9,1,1009.7,1,"","","","","","",6,1,6,1,8,1,3,1,0,1,"","","","","","","","","","","","","","","","","","","","","","","","",15000,1,"","",1,1,2,1,"","","","","","","","","","","","","","","","","","","","","","","","","","","","","","","","","","","","","","","","","","","","","","","","","","","","","","","","","","","","","","","","","",""
"54405001","NANCY-OCHEY",48.581,5.959833,336,1982061118,"","","","",6.,1,240,1,"","","","","","","","","","","","","","","","","","","","","","","","","","","","",18.2,1,11.7,1,"","","","","","","","","","","","","","","","","","","","","","","","","","",67,1,"","","","","","","","","","","","",14.1,1,1009.2,1,"","","","","","",3,1,0,1,2,1,0,1,0,1,"","","","","","","","","","","","","","","","","","","","","","","","",20000,1,"","",1,1,2,1,"","","","","","","","","","","","","","","","","","","","","","","","","","","","","","","","","","","","","","","","","","","","","","","","","","","","","","","","","","","","","","","","","",""
"54405001","NANCY-OCHEY",48.581,5.959833,336,1982061121,"","","","",2.,1,280,1,"","","","","","","","","","","","","","","","","","","","","","","","","","","","",15.,1,11.7,1,"","","","","","","","","","","","","","","","","","","","","","","","","","",83,1,"","","","","","","","","","","","",14.1,1,1010.,1,"","","","","","","","","","","","","","","","","","","","","","","","","","","","","","","","","","","","","","","","","","","","","","","","","","","","","","","","","","","","","","","","","","","","","","","","","","","","","","","","","","","","","","","","","","","","","","","","","","","","","","","","","","","","","","","","","",""
"54405001","NANCY-OCHEY",48.581,5.959833,336,1982061200,"","","","",3.,1,200,1,"","","","","","","","","","","","","","","","","","","","","","","","","","","","",13.9,1,11.5,1,"","","","","","","","","","","","","","","","","","","","","","","","","","",88,1,"","","","","","","","","","","","",13.9,1,1009.3,1,"","","","","","","","","","","","","","","","","","","","","","","","","","","","","","","","","","","","","","","","","","","","","","","","","","","","","","","","","","","","","","","","","","","","","","","","","","","","","","","","","","","","","","","","","","","","","","","","","","","","","","","","","","","","","","","","","",""
"54405001","NANCY-OCHEY",48.581,5.959833,336,1982061203,"","","","",5.,1,220,1,"","","","","","","","","","","","","","","","","","","","","","","","","","","","",13.2,1,10.9,1,"","","","","","","","","","","","","","","","","","","","","","","","","","",89,1,"","","","","","","","","","","","",13.4,1,1008.,1,"","","","","","","","","","","","","","","","","","","","","","","","","","","","","","","","","","","","","","","","","","","","","","","","","","","","","","","","","","","","","","","","","","","","","","","","","","","","","","","","","","","","","","","","","","","","","","","","","","","","","","","","","","","","","","","","","",""
"54405001","NANCY-OCHEY",48.581,5.959833,336,1982061206,"","","","",7.,1,260,1,"","","","","","","","","","","","","","","","","","","","","","","","","","","","",12.3,1,9.3,1,"","","","","","","","","","","","","","","","","","","","","","","","","","",84,1,"","","","","","","","","","","","",12.,1,1008.7,1,"","","","","","",2,1,0,1,8,1,0,1,1,1,"","","","","","","","","","","","","","","","","","","","","","","","",20000,1,"","",1,1,1,1,"","",0,1,"","","","","","","","","","","","","","","","","","","","","","","","","","","","","","","","","","","","","","","","","","","","","","","","","","","","","","","","","","","","","",""
"54405001","NANCY-OCHEY",48.581,5.959833,336,1982061209,"","","","",8.,1,260,1,"","","","","","","","","","","","","","","","","","","","","","","","","","","","",14.,1,8.5,1,"","","","","","","","","","","","","","","","","","","","","","","","","","",71,1,"","","","","","","","","","","","",11.3,1,1008.9,1,"","","","","","",6,1,6,1,2,1,0,1,0,1,"","","","","","","","","","","","","","","","","","","","","","","","",25000,1,"","",3,1,1,1,"","","","","","","","","","","","","","","","","","","","","","","","","","","","","","","","","","","","","","","","","","","","","","","","","","","","","","","","","","","","","","","","","",""
"54405001","NANCY-OCHEY",48.581,5.959833,336,1982061212,"","","","",11.,1,240,1,"","","","","","","","","","","","","","","","","","","","","","","","","","","","",14.7,1,6.9,1,"","","","","","","","","","","","","","","","","","","","","","","","","","",60,1,"","","","","","","","","","","","",10.1,1,1008.5,1,"","","","","","",5,1,0,1,9,1,0,1,3,1,"","","","","","","","","","","","","","","","","","","","","","","","",20000,1,"","",3,1,8,1,"","","","","","","","","","","","","","","","","","","","","","","","","","","","","","","","","","","","","","","","","","","","","","","","","","","","","","","","","","","","","","","","","",""
"54405001","NANCY-OCHEY",48.581,5.959833,336,1982061215,"","","","",10.,1,260,1,"","","","","","","","","","","","","","","","","","","","","","","","","","","","",16.8,1,6.3,1,"","","","","","","","","","","","","","","","","","","","","","","","","","",51,1,"","","","","","","","","","","","",9.7,1,1007.5,1,"","","","","","","","","","","","","","","","","","","","","","","","","","","","","","","","","","","","","","","","","","","","","","","","","","","","","","","","","","","","","","","","","","","","","","","","","","","","","","","","","","","","","","","","","","","","","","","","","","","","","","","","","","","","","","","","","",""
"54405001","NANCY-OCHEY",48.581,5.959833,336,1982061218,"","","","",7.,1,260,1,"","","","","","","","","","","","","","","","","","","","","","","","","","","","",16.2,1,6.,1,"","","","","","","","","","","","","","","","","","","","","","","","","","",52,1,"","","","","","","","","","","","",9.5,1,1007.6,1,"","","","","","","","","","","","","","","","","","","","","","","","","","","","","","","","","","","","","","","","","","","","","","","","","","","","","","","","","","","","","","","","","","","","","","","","","","","","","","","","","","","","","","","","","","","","","","","","","","","","","","","","","","","","","","","","","",""
"54405001","NANCY-OCHEY",48.581,5.959833,336,1982061221,"","","","",6.,1,240,1,"","","","","","","","","","","","","","","","","","","","","","","","","","","","",12.8,1,8.7,1,"","","","","","","","","","","","","","","","","","","","","","","","","","",78,1,"","","","","","","","","","","","",11.5,1,1008.,1,"","","","","","","","","","","","","","","","","","","","","","","","","","","","","","","","","","","","","","","","","","","","","","","","","","","","","","","","","","","","","","","","","","","","","","","","","","","","","","","","","","","","","","","","","","","","","","","","","","","","","","","","","","","","","","","","","",""
"54405001","NANCY-OCHEY",48.581,5.959833,336,1982061300,"","","","",5.,1,220,1,"","","","","","","","","","","","","","","","","","","","","","","","","","","","",9.9,1,8.5,1,"","","","","","","","","","","","","","","","","","","","","","","","","","",93,1,"","","","","","","","","","","","",11.3,1,1008.1,1,"","","","","","","","","","","","","","","","","","","","","","","","","","","","","","","","","","","","","","","","","","","","","","","","","","","","","","","","","","","","","","","","","","","","","","","","","","","","","","","","","","","","","","","","","","","","","","","","","","","","","","","","","","","","","","","","","",""
"54405001","NANCY-OCHEY",48.581,5.959833,336,1982061303,"","","","",5.,1,240,1,"","","","","","","","","","","","","","","","","","","","","","","","","","","","",9.1,1,8.1,1,"","","","","","","","","","","","","","","","","","","","","","","","","","",96,1,"","","","","","","","","","","","",11.,1,1007.3,1,"","","","","","","","","","","","","","","","","","","","","","","","","","","","","","","","","","","","","","","","","","","","","","","","","","","","","","","","","","","","","","","","","","","","","","","","","","","","","","","","","","","","","","","","","","","","","","","","","","","","","","","","","","","","","","","","","",""
"54405001","NANCY-OCHEY",48.581,5.959833,336,1982061306,"","","","",4.,1,240,1,"","","","","","","","","","","","","","","","","","","","","","","","","","","","",10.1,1,9.1,1,"","","","","","","","","","","","","","","","","","","","","","","","","","",96,1,"","","","","","","","","","","","",11.8,1,1006.7,1,"","","","","","",7,1,7,1,2,1,"","","","","","","","","","","","","","","","","","","","","","","","","","","","",14000,1,"","",60,1,2,1,"","",0,1,"","","","","","","","","","","","","","","","","","","","","","","","","","","","","","","","","","","","","","","","","","","","","","","","","","","","","","","","","","","","","",""
"54405001","NANCY-OCHEY",48.581,5.959833,336,1982061309,"","","","",4.,1,260,1,"","","","","","","","","","","","","","","","","","","","","","","","","","","","",11.5,1,9.,1,"","","","","","","","","","","","","","","","","","","","","","","","","","",86,1,"","","","","","","","","","","","",11.7,1,1006.8,1,"","","","","","",7,1,7,1,8,1,"","","","","","","","","","","","","","","","","","","","","","","","","","","","",25000,1,"","",3,1,6,1,"","","","","","","","","","","","","","","","","","","","","","","","","","","","","","","","","","","","","","","","","","","","","","","","","","","","","","","","","","","","","","","","","",""
"54405001","NANCY-OCHEY",48.581,5.959833,336,1982061312,"","","","",5.,1,280,1,"","","","","","","","","","","","","","","","","","","","","","","","","","","","",14.4,1,10.1,1,"","","","","","","","","","","","","","","","","","","","","","","","","","",77,1,"","","","","","","","","","","","",12.6,1,1006.8,1,"","","","","","",5,1,0,1,8,1,0,1,1,1,"","","","","","","","","","","","","","","","","","","","","","","","",20000,1,"","",3,1,8,1,"","","","","","","","","","","","","","","","","","","","","","","","","","","","","","","","","","","","","","","","","","","","","","","","","","","","","","","","","","","","","","","","","",""
"54405001","NANCY-OCHEY",48.581,5.959833,336,1982061315,"","","","",6.,1,260,1,"","","","","","","","","","","","","","","","","","","","","","","","","","","","",11.3,1,8.9,1,"","","","","","","","","","","","","","","","","","","","","","","","","","",87,1,"","","","","","","","","","","","",11.6,1,1008.8,1,"","","","","","","","","","","","","","","","","","","","","","","","","","","","","","","","","","","","","","","","","","","","","","","","","","","","","","","","","","","","","","","","","","","","","","","","","","","","","","","","","","","","","","","","","","","","","","","","","","","","","","","","","","","","","","","","","",""
"54405001","NANCY-OCHEY",48.581,5.959833,336,1982061318,"","","","",7.,1,300,1,"","","","","","","","","","","","","","","","","","","","","","","","","","","","",13.4,1,7.6,1,"","","","","","","","","","","","","","","","","","","","","","","","","","",69,1,"","","","","","","","","","","","",10.6,1,1009.4,1,"","","","","","","","","","","","","","","","","","","","","","","","","","","","","","","","","","","","","","","","","","","","","","","","","","","","","","","","","","","","","","","","","","","","","","","","","","","","","","","","","","","","","","","","","","","","","","","","","","","","","","","","","","","","","","","","","",""
"54405001","NANCY-OCHEY",48.581,5.959833,336,1982061321,"","","","",3.,1,300,1,"","","","","","","","","","","","","","","","","","","","","","","","","","","","",10.,1,7.6,1,"","","","","","","","","","","","","","","","","","","","","","","","","","",87,1,"","","","","","","","","","","","",10.6,1,1012.5,1,"","","","","","","","","","","","","","","","","","","","","","","","","","","","","","","","","","","","","","","","","","","","","","","","","","","","","","","","","","","","","","","","","","","","","","","","","","","","","","","","","","","","","","","","","","","","","","","","","","","","","","","","","","","","","","","","","",""
"54405001","NANCY-OCHEY",48.581,5.959833,336,1982061400,"","","","",3.,1,280,1,"","","","","","","","","","","","","","","","","","","","","","","","","","","","",9.9,1,7.7,1,"","","","","","","","","","","","","","","","","","","","","","","","","","",88,1,"","","","","","","","","","","","",10.7,1,1014.1,1,"","","","","","","","","","","","","","","","","","","","","","","","","","","","","","","","","","","","","","","","","","","","","","","","","","","","","","","","","","","","","","","","","","","","","","","","","","","","","","","","","","","","","","","","","","","","","","","","","","","","","","","","","","","","","","","","","",""
"54405001","NANCY-OCHEY",48.581,5.959833,336,1982061403,"","","","",3.,1,220,1,"","","","","","","","","","","","","","","","","","","","","","","","","","","","",9.9,1,8.7,1,"","","","","","","","","","","","","","","","","","","","","","","","","","",95,1,"","","","","","","","","","","","",11.5,1,1014.1,1,"","","","","","","","","","","","","","","","","","","","","","","","","","","","","","","","","","","","","","","","","","","","","","","","","","","","","","","","","","","","","","","","","","","","","","","","","","","","","","","","","","","","","","","","","","","","","","","","","","","","","","","","","","","","","","","","","",""
"54405001","NANCY-OCHEY",48.581,5.959833,336,1982061406,"","","","",2.,1,260,1,"","","","","","","","","","","","","","","","","","","","","","","","","","","","",10.,1,9.,1,"","","","","","","","","","","","","","","","","","","","","","","","","","",96,1,"","","","","","","","","","","","",11.7,1,1014.5,1,"","","","","","",5,1,5,1,8,1,0,1,0,1,"","","","","","","","","","","","","","","","","","","","","","","","",5000,1,"","",1,1,6,1,"","",0,1,"","","","","","","","","","","","","","","","","","","","","","","","","","","","","","","","","","","","","","","","","","","","","","","","","","","","","","","","","","","","","",""
"54405001","NANCY-OCHEY",48.581,5.959833,336,1982061409,"","","","",4.,1,320,1,"","","","","","","","","","","","","","","","","","","","","","","","","","","","",12.3,1,8.1,1,"","","","","","","","","","","","","","","","","","","","","","","","","","",77,1,"","","","","","","","","","","","",11.,1,1014.7,1,"","","","","","",7,1,6,1,8,1,"","","","","","","","","","","","","","","","","","","","","","","","","","","","",10000,1,"","",1,1,2,1,"","","","","","","","","","","","","","","","","","","","","","","","","","","","","","","","","","","","","","","","","","","","","","","","","","","","","","","","","","","","","","","","","",""
"54405001","NANCY-OCHEY",48.581,5.959833,336,1982061412,"","","","",3.,1,360,1,"","","","","","","","","","","","","","","","","","","","","","","","","","","","",11.3,1,9.,1,"","","","","","","","","","","","","","","","","","","","","","","","","","",87,1,"","","","","","","","","","","","",11.7,1,1015.9,1,"","","","","","",7,1,7,1,8,1,"","","","","","","","","","","","","","","","","","","","","","","","","","","","",10000,1,"","",25,1,8,1,"","","","","","","","","","","","","","","","","","","","","","","","","","","","","","","","","","","","","","","","","","","","","","","","","","","","","","","","","","","","","","","","","",""
"54405001","NANCY-OCHEY",48.581,5.959833,336,1982061415,"","","","",5.,1,300,1,"","","","","","","","","","","","","","","","","","","","","","","","","","","","",14.1,1,5.4,1,"","","","","","","","","","","","","","","","","","","","","","","","","","",56,1,"","","","","","","","","","","","",9.1,1,1015.8,1,"","","","","","",7,1,7,1,8,1,"","","","","","","","","","","","","","","","","","","","","","","","","","","","",12000,1,"","",1,1,2,1,"","","","","","","","","","","","","","","","","","","","","","","","","","","","","","","","","","","","","","","","","","","","","","","","","","","","","","","","","","","","","","","","","",""
"54405001","NANCY-OCHEY",48.581,5.959833,336,1982061418,"","","","",2.,1,300,1,"","","","","","","","","","","","","","","","","","","","","","","","","","","","",13.6,1,6.4,1,"","","","","","","","","","","","","","","","","","","","","","","","","","",63,1,"","","","","","","","","","","","",9.8,1,1015.4,1,"","","","","","",6,1,0,1,8,1,0,1,1,1,"","","","","","","","","","","","","","","","","","","","","","","","",13000,1,"","",1,1,2,1,"","","","","","","","","","","","","","","","","","","","","","","","","","","","","","","","","","","","","","","","","","","","","","","","","","","","","","","","","","","","","","","","","",""
"54405001","NANCY-OCHEY",48.581,5.959833,336,1982061421,"","","","",1.,1,220,1,"","","","","","","","","","","","","","","","","","","","","","","","","","","","",11.2,1,8.3,1,"","","","","","","","","","","","","","","","","","","","","","","","","","",85,1,"","","","","","","","","","","","",11.2,1,1016.3,1,"","","","","","","","","","","","","","","","","","","","","","","","","","","","","","","","","","","","","","","","","","","","","","","","","","","","","","","","","","","","","","","","","","","","","","","","","","","","","","","","","","","","","","","","","","","","","","","","","","","","","","","","","","","","","","","","","",""
"54405001","NANCY-OCHEY",48.581,5.959833,336,1982061500,"","","","",0.,1,0,1,"","","","","","","","","","","","","","","","","","","","","","","","","","","","",10.3,1,8.1,1,"","","","","","","","","","","","","","","","","","","","","","","","","","",88,1,"","","","","","","","","","","","",11.,1,1016.,1,"","","","","","","","","","","","","","","","","","","","","","","","","","","","","","","","","","","","","","","","","","","","","","","","","","","","","","","","","","","","","","","","","","","","","","","","","","","","","","","","","","","","","","","","","","","","","","","","","","","","","","","","","","","","","","","","","",""
"54405001","NANCY-OCHEY",48.581,5.959833,336,1982061503,"","","","",0.,1,0,1,"","","","","","","","","","","","","","","","","","","","","","","","","","","","",9.,1,7.3,1,"","","","","","","","","","","","","","","","","","","","","","","","","","",91,1,"","","","","","","","","","","","",10.4,1,1016.,1,"","","","","","","","","","","","","","","","","","","","","","","","","","","","","","","","","","","","","","","","","","","","","","","","","","","","","","","","","","","","","","","","","","","","","","","","","","","","","","","","","","","","","","","","","","","","","","","","","","","","","","","","","","","","","","","","","",""
"54405001","NANCY-OCHEY",48.581,5.959833,336,1982061506,"","","","",0.,1,0,1,"","","","","","","","","","","","","","","","","","","","","","","","","","","","",10.4,1,8.9,1,"","","","","","","","","","","","","","","","","","","","","","","","","","",92,1,"","","","","","","","","","","","",11.6,1,1016.8,1,"","","","","","",7,1,6,1,5,1,3,1,"","","","","","","","","","","","","","","","","","","","","","","","","","",5000,1,"","",28,1,4,1,"","",0,1,"","","","","","","","","","","","","","","","","","","","","","","","","","","","","","","","","","","","","","","","","","","","","","","","","","","","","","","","","","","","","",""
"54405001","NANCY-OCHEY",48.581,5.959833,336,1982061509,"","","","",2.,1,360,1,"","","","","","","","","","","","","","","","","","","","","","","","","","","","",14.6,1,6.,1,"","","","","","","","","","","","","","","","","","","","","","","","","","",57,1,"","","","","","","","","","","","",9.5,1,1017.4,1,"","","","","","",5,1,0,1,8,1,0,1,0,1,"","","","","","","","","","","","","","","","","","","","","","","","",15000,1,"","",3,1,2,1,"","","","","","","","","","","","","","","","","","","","","","","","","","","","","","","","","","","","","","","","","","","","","","","","","","","","","","","","","","","","","","","","","",""
"54405001","NANCY-OCHEY",48.581,5.959833,336,1982061512,"","","","",2.,1,80,1,"","","","","","","","","","","","","","","","","","","","","","","","","","","","",16.9,1,7.,1,"","","","","","","","","","","","","","","","","","","","","","","","","","",53,1,"","","","","","","","","","","","",10.2,1,1017.5,1,"","","","","","",5,1,5,1,8,1,0,1,0,1,"","","","","","","","","","","","","","","","","","","","","","","","",16000,1,"","",3,1,2,1,"","","","","","","","","","","","","","","","","","","","","","","","","","","","","","","","","","","","","","","","","","","","","","","","","","","","","","","","","","","","","","","","","",""
"54405001","NANCY-OCHEY",48.581,5.959833,336,1982061515,"","","","",3.,1,320,1,"","","","","","","","","","","","","","","","","","","","","","","","","","","","",18.2,1,7.3,1,"","","","","","","","","","","","","","","","","","","","","","","","","","",49,1,"","","","","","","","","","","","",10.4,1,1017.4,1,"","","","","","",5,1,5,1,4,1,0,1,0,1,"","","","","","","","","","","","","","","","","","","","","","","","",16000,1,"","",3,1,2,1,"","","","","","","","","","","","","","","","","","","","","","","","","","","","","","","","","","","","","","","","","","","","","","","","","","","","","","","","","","","","","","","","","",""
"54405001","NANCY-OCHEY",48.581,5.959833,336,1982061518,"","","","",3.,1,360,1,"","","","","","","","","","","","","","","","","","","","","","","","","","","","",17.1,1,8.9,1,"","","","","","","","","","","","","","","","","","","","","","","","","","",59,1,"","","","","","","","","","","","",11.6,1,1017.4,1,"","","","","","",6,1,5,1,4,1,0,1,2,1,"","","","","","","","","","","","","","","","","","","","","","","","",15000,1,"","",3,1,2,1,"","","","","","","","","","","","","","","","","","","","","","","","","","","","","","","","","","","","","","","","","","","","","","","","","","","","","","","","","","","","","","","","","",""
"54405001","NANCY-OCHEY",48.581,5.959833,336,1982061521,"","","","",1.,1,160,1,"","","","","","","","","","","","","","","","","","","","","","","","","","","","",13.6,1,9.8,1,"","","","","","","","","","","","","","","","","","","","","","","","","","",80,1,"","","","","","","","","","","","",12.4,1,1018.1,1,"","","","","","","","","","","","","","","","","","","","","","","","","","","","","","","","","","","","","","","","","","","","","","","","","","","","","","","","","","","","","","","","","","","","","","","","","","","","","","","","","","","","","","","","","","","","","","","","","","","","","","","","","","","","","","","","","",""
"54405001","NANCY-OCHEY",48.581,5.959833,336,1982061600,"","","","",2.,1,200,1,"","","","","","","","","","","","","","","","","","","","","","","","","","","","",12.3,1,9.1,1,"","","","","","","","","","","","","","","","","","","","","","","","","","",83,1,"","","","","","","","","","","","",11.8,1,1017.8,1,"","","","","","","","","","","","","","","","","","","","","","","","","","","","","","","","","","","","","","","","","","","","","","","","","","","","","","","","","","","","","","","","","","","","","","","","","","","","","","","","","","","","","","","","","","","","","","","","","","","","","","","","","","","","","","","","","",""
"54405001","NANCY-OCHEY",48.581,5.959833,336,1982061603,"","","","",4.,1,200,1,"","","","","","","","","","","","","","","","","","","","","","","","","","","","",13.4,1,10.5,1,"","","","","","","","","","","","","","","","","","","","","","","","","","",85,1,"","","","","","","","","","","","",13.,1,1016.5,1,"","","","","","","","","","","","","","","","","","","","","","","","","","","","","","","","","","","","","","","","","","","","","","","","","","","","","","","","","","","","","","","","","","","","","","","","","","","","","","","","","","","","","","","","","","","","","","","","","","","","","","","","","","","","","","","","","",""
"54405001","NANCY-OCHEY",48.581,5.959833,336,1982061606,"","","","",7.,1,220,1,"","","","","","","","","","","","","","","","","","","","","","","","","","","","",13.4,1,11.7,1,"","","","","","","","","","","","","","","","","","","","","","","","","","",91,1,"","","","","","","","","","","","",14.1,1,1016.,1,"","","","","","",8,1,5,1,5,1,7,1,"","","","","","","","","","","","","","","","","","","","","","","","","","",12000,1,"","",60,1,6,1,"","",0,1,"","","","","","","","","","","","","","","","","","","","","","","","","","","","","","","","","","","","","","","","","","","","","","","","","","","","","","","","","","","","","",""
"54405001","NANCY-OCHEY",48.581,5.959833,336,1982061609,"","","","",8.,1,260,1,"","","","","","","","","","","","","","","","","","","","","","","","","","","","",14.,1,12.8,1,"","","","","","","","","","","","","","","","","","","","","","","","","","",95,1,"","","","","","","","","","","","",15.2,1,1015.6,1,"","","","","","",8,1,5,1,5,1,"","","","","","","","","","","","","","","","","","","","","","","","","","","","",5000,1,"","",60,1,6,1,"","","","","","","","","","","","","","","","","","","","","","","","","","","","","","","","","","","","","","","","","","","","","","","","","","","","","","","","","","","","","","","","","",""
"54405001","NANCY-OCHEY",48.581,5.959833,336,1982061612,"","","","",8.,1,240,1,"","","","","","","","","","","","","","","","","","","","","","","","","","","","",15.,1,14.1,1,"","","","","","","","","","","","","","","","","","","","","","","","","","",97,1,"","","","","","","","","","","","",16.6,1,1015.4,1,"","","","","","",8,1,8,1,7,1,"","","","","","","","","","","","","","","","","","","","","","","","","","","","",3000,1,"","",58,1,6,1,"","","","","","","","","","","","","","","","","","","","","","","","","","","","","","","","","","","","","","","","","","","","","","","","","","","","","","","","","","","","","","","","","",""
"54405001","NANCY-OCHEY",48.581,5.959833,336,1982061615,"","","","",7.,1,260,1,"","","","","","","","","","","","","","","","","","","","","","","","","","","","",16.1,1,14.6,1,"","","","","","","","","","","","","","","","","","","","","","","","","","",93,1,"","","","","","","","","","","","",17.1,1,1015.9,1,"","","","","","",8,1,5,1,5,1,"","","","","","","","","","","","","","","","","","","","","","","","","","","","",6000,1,"","",60,1,6,1,"","","","","","","","","","","","","","","","","","","","","","","","","","","","","","","","","","","","","","","","","","","","","","","","","","","","","","","","","","","","","","","","","",""
"54405001","NANCY-OCHEY",48.581,5.959833,336,1982061618,"","","","",5.,1,280,1,"","","","","","","","","","","","","","","","","","","","","","","","","","","","",16.2,1,13.6,1,"","","","","","","","","","","","","","","","","","","","","","","","","","",87,1,"","","","","","","","","","","","",16.,1,1016.3,1,"","","","","","",4,1,0,1,2,1,3,1,0,1,"","","","","","","","","","","","","","","","","","","","","","","","",15000,1,"","",1,1,6,1,"","","","","","","","","","","","","","","","","","","","","","","","","","","","","","","","","","","","","","","","","","","","","","","","","","","","","","","","","","","","","","","","","",""
"54405001","NANCY-OCHEY",48.581,5.959833,336,1982061621,"","","","",4.,1,240,1,"","","","","","","","","","","","","","","","","","","","","","","","","","","","",13.9,1,12.6,1,"","","","","","","","","","","","","","","","","","","","","","","","","","",95,1,"","","","","","","","","","","","",15.,1,1018.2,1,"","","","","","","","","","","","","","","","","","","","","","","","","","","","","","","","","","","","","","","","","","","","","","","","","","","","","","","","","","","","","","","","","","","","","","","","","","","","","","","","","","","","","","","","","","","","","","","","","","","","","","","","","","","","","","","","","",""
"54405001","NANCY-OCHEY",48.581,5.959833,336,1982061700,"","","","",2.,1,300,1,"","","","","","","","","","","","","","","","","","","","","","","","","","","","",12.,1,10.3,1,"","","","","","","","","","","","","","","","","","","","","","","","","","",92,1,"","","","","","","","","","","","",12.8,1,1019.2,1,"","","","","","","","","","","","","","","","","","","","","","","","","","","","","","","","","","","","","","","","","","","","","","","","","","","","","","","","","","","","","","","","","","","","","","","","","","","","","","","","","","","","","","","","","","","","","","","","","","","","","","","","","","","","","","","","","",""
"54405001","NANCY-OCHEY",48.581,5.959833,336,1982061703,"","","","",2.,1,240,1,"","","","","","","","","","","","","","","","","","","","","","","","","","","","",10.,1,8.7,1,"","","","","","","","","","","","","","","","","","","","","","","","","","",94,1,"","","","","","","","","","","","",11.5,1,1019.4,1,"","","","","","","","","","","","","","","","","","","","","","","","","","","","","","","","","","","","","","","","","","","","","","","","","","","","","","","","","","","","","","","","","","","","","","","","","","","","","","","","","","","","","","","","","","","","","","","","","","","","","","","","","","","","","","","","","",""
"54405001","NANCY-OCHEY",48.581,5.959833,336,1982061706,"","","","",2.,1,20,1,"","","","","","","","","","","","","","","","","","","","","","","","","","","","",11.5,1,10.2,1,"","","","","","","","","","","","","","","","","","","","","","","","","","",93,1,"","","","","","","","","","","","",12.7,1,1020.4,1,"","","","","","",2,1,0,1,6,1,0,1,1,1,"","","","","","","","","","","","","","","","","","","","","","","","",5000,1,"","",3,1,0,1,"","",0,1,"","","","","","","","","","","","","","","","","","","","","","","","","","","","","","","","","","","","","","","","","","","","","","","","","","","","","","","","","","","","","",""
"54405001","NANCY-OCHEY",48.581,5.959833,336,1982061709,"","","","",2.,1,20,1,"","","","","","","","","","","","","","","","","","","","","","","","","","","","",16.8,1,10.6,1,"","","","","","","","","","","","","","","","","","","","","","","","","","",68,1,"","","","","","","","","","","","",13.1,1,1019.6,1,"","","","","","",3,1,0,1,2,1,0,1,0,1,"","","","","","","","","","","","","","","","","","","","","","","","",10000,1,"","",3,1,0,1,"","","","","","","","","","","","","","","","","","","","","","","","","","","","","","","","","","","","","","","","","","","","","","","","","","","","","","","","","","","","","","","","","",""
"54405001","NANCY-OCHEY",48.581,5.959833,336,1982061712,"","","","",3.,1,100,1,"","","","","","","","","","","","","","","","","","","","","","","","","","","","",19.,1,9.9,1,"","","","","","","","","","","","","","","","","","","","","","","","","","",56,1,"","","","","","","","","","","","",12.5,1,1018.2,1,"","","","","","",4,1,0,1,2,1,0,1,0,1,"","","","","","","","","","","","","","","","","","","","","","","","",13000,1,"","",1,1,0,1,"","","","","","","","","","","","","","","","","","","","","","","","","","","","","","","","","","","","","","","","","","","","","","","","","","","","","","","","","","","","","","","","","",""
"54405001","NANCY-OCHEY",48.581,5.959833,336,1982061715,"","","","",1.,1,180,1,"","","","","","","","","","","","","","","","","","","","","","","","","","","","",20.,1,9.6,1,"","","","","","","","","","","","","","","","","","","","","","","","","","",52,1,"","","","","","","","","","","","",12.2,1,1017.,1,"","","","","","",3,1,0,1,4,1,0,1,0,1,"","","","","","","","","","","","","","","","","","","","","","","","",13000,1,"","",1,1,0,1,"","","","","","","","","","","","","","","","","","","","","","","","","","","","","","","","","","","","","","","","","","","","","","","","","","","","","","","","","","","","","","","","","",""
"54405001","NANCY-OCHEY",48.581,5.959833,336,1982061718,"","","","",3.,1,80,1,"","","","","","","","","","","","","","","","","","","","","","","","","","","","",19.8,1,10.6,1,"","","","","","","","","","","","","","","","","","","","","","","","","","",57,1,"","","","","","","","","","","","",13.1,1,1014.3,1,"","","","","","",2,1,0,1,0,1,0,1,1,1,"","","","","","","","","","","","","","","","","","","","","","","","",15000,1,"","",3,1,0,1,"","","","","","","","","","","","","","","","","","","","","","","","","","","","","","","","","","","","","","","","","","","","","","","","","","","","","","","","","","","","","","","","","",""
"54405001","NANCY-OCHEY",48.581,5.959833,336,1982061721,"","","","",5.,1,80,1,"","","","","","","","","","","","","","","","","","","","","","","","","","","","",16.1,1,11.3,1,"","","","","","","","","","","","","","","","","","","","","","","","","","",75,1,"","","","","","","","","","","","",13.7,1,1013.9,1,"","","","","","","","","","","","","","","","","","","","","","","","","","","","","","","","","","","","","","","","","","","","","","","","","","","","","","","","","","","","","","","","","","","","","","","","","","","","","","","","","","","","","","","","","","","","","","","","","","","","","","","","","","","","","","","","","",""
"54405001","NANCY-OCHEY",48.581,5.959833,336,1982061800,"","","","",4.,1,100,1,"","","","","","","","","","","","","","","","","","","","","","","","","","","","",13.9,1,10.6,1,"","","","","","","","","","","","","","","","","","","","","","","","","","",83,1,"","","","","","","","","","","","",13.1,1,1012.5,1,"","","","","","","","","","","","","","","","","","","","","","","","","","","","","","","","","","","","","","","","","","","","","","","","","","","","","","","","","","","","","","","","","","","","","","","","","","","","","","","","","","","","","","","","","","","","","","","","","","","","","","","","","","","","","","","","","",""
"54405001","NANCY-OCHEY",48.581,5.959833,336,1982061803,"","","","",2.,1,120,1,"","","","","","","","","","","","","","","","","","","","","","","","","","","","",12.2,1,9.8,1,"","","","","","","","","","","","","","","","","","","","","","","","","","",88,1,"","","","","","","","","","","","",12.4,1,1011.1,1,"","","","","","","","","","","","","","","","","","","","","","","","","","","","","","","","","","","","","","","","","","","","","","","","","","","","","","","","","","","","","","","","","","","","","","","","","","","","","","","","","","","","","","","","","","","","","","","","","","","","","","","","","","","","","","","","","",""
"54405001","NANCY-OCHEY",48.581,5.959833,336,1982061806,"","","","",3.,1,160,1,"","","","","","","","","","","","","","","","","","","","","","","","","","","","",12.,1,10.4,1,"","","","","","","","","","","","","","","","","","","","","","","","","","",92,1,"","","","","","","","","","","","",12.9,1,1011.5,1,"","","","","","",7,1,6,1,5,1,8,1,1,1,"","","","","","","","","","","","","","","","","","","","","","","","",3000,1,"","",21,1,6,1,"","",0,1,"","","","","","","","","","","","","","","","","","","","","","","","","","","","","","","","","","","","","","","","","","","","","","","","","","","","","","","","","","","","","",""
"54405001","NANCY-OCHEY",48.581,5.959833,336,1982061809,"","","","",11.,1,280,1,"","","","","","","","","","","","","","","","","","","","","","","","","","","","",17.4,1,11.9,1,"","","","","","","","","","","","","","","","","","","","","","","","","","",72,1,"","","","","","","","","","","","",14.3,1,1012.4,1,"","","","","","",7,1,6,1,2,1,3,1,"","","","","","","","","","","","","","","","","","","","","","","","","","",20000,1,"","",25,1,2,1,"","","","","","","","","","","","","","","","","","","","","","","","","","","","","","","","","","","","","","","","","","","","","","","","","","","","","","","","","","","","","","","","","",""
"54405001","NANCY-OCHEY",48.581,5.959833,336,1982061812,"","","","",10.,1,280,1,"","","","","","","","","","","","","","","","","","","","","","","","","","","","",18.7,1,9.9,1,"","","","","","","","","","","","","","","","","","","","","","","","","","",58,1,"","","","","","","","","","","","",12.5,1,1014.5,1,"","","","","","",4,1,0,1,2,1,0,1,0,1,"","","","","","","","","","","","","","","","","","","","","","","","",25000,1,"","",1,1,8,1,"","","","","","","","","","","","","","","","","","","","","","","","","","","","","","","","","","","","","","","","","","","","","","","","","","","","","","","","","","","","","","","","","",""
"54405001","NANCY-OCHEY",48.581,5.959833,336,1982061815,"","","","",9.,1,260,1,"","","","","","","","","","","","","","","","","","","","","","","","","","","","",20.4,1,7.6,1,"","","","","","","","","","","","","","","","","","","","","","","","","","",44,1,"","","","","","","","","","","","",10.6,1,1014.6,1,"","","","","","",4,1,0,1,4,1,0,1,0,1,"","","","","","","","","","","","","","","","","","","","","","","","",30000,1,"","",1,1,1,1,"","","","","","","","","","","","","","","","","","","","","","","","","","","","","","","","","","","","","","","","","","","","","","","","","","","","","","","","","","","","","","","","","",""
"54405001","NANCY-OCHEY",48.581,5.959833,336,1982061818,"","","","",6.,1,260,1,"","","","","","","","","","","","","","","","","","","","","","","","","","","","",19.,1,8.1,1,"","","","","","","","","","","","","","","","","","","","","","","","","","",50,1,"","","","","","","","","","","","",11.,1,1014.6,1,"","","","","","",2,1,0,1,4,1,0,1,0,1,"","","","","","","","","","","","","","","","","","","","","","","","",25000,1,"","",1,1,1,1,"","","","","","","","","","","","","","","","","","","","","","","","","","","","","","","","","","","","","","","","","","","","","","","","","","","","","","","","","","","","","","","","","",""
"54405001","NANCY-OCHEY",48.581,5.959833,336,1982061821,"","","","",4.,1,260,1,"","","","","","","","","","","","","","","","","","","","","","","","","","","","",14.7,1,9.7,1,"","","","","","","","","","","","","","","","","","","","","","","","","","",74,1,"","","","","","","","","","","","",12.3,1,1016.9,1,"","","","","","","","","","","","","","","","","","","","","","","","","","","","","","","","","","","","","","","","","","","","","","","","","","","","","","","","","","","","","","","","","","","","","","","","","","","","","","","","","","","","","","","","","","","","","","","","","","","","","","","","","","","","","","","","","",""
"54405001","NANCY-OCHEY",48.581,5.959833,336,1982061900,"","","","",4.,1,220,1,"","","","","","","","","","","","","","","","","","","","","","","","","","","","",13.1,1,9.,1,"","","","","","","","","","","","","","","","","","","","","","","","","","",78,1,"","","","","","","","","","","","",11.7,1,1016.9,1,"","","","","","","","","","","","","","","","","","","","","","","","","","","","","","","","","","","","","","","","","","","","","","","","","","","","","","","","","","","","","","","","","","","","","","","","","","","","","","","","","","","","","","","","","","","","","","","","","","","","","","","","","","","","","","","","","",""
"54405001","NANCY-OCHEY",48.581,5.959833,336,1982061903,"","","","",4.,1,240,1,"","","","","","","","","","","","","","","","","","","","","","","","","","","","",11.2,1,8.3,1,"","","","","","","","","","","","","","","","","","","","","","","","","","",85,1,"","","","","","","","","","","","",11.2,1,1017.1,1,"","","","","","","","","","","","","","","","","","","","","","","","","","","","","","","","","","","","","","","","","","","","","","","","","","","","","","","","","","","","","","","","","","","","","","","","","","","","","","","","","","","","","","","","","","","","","","","","","","","","","","","","","","","","","","","","","",""
"54405001","NANCY-OCHEY",48.581,5.959833,336,1982061906,"","","","",8.,1,240,1,"","","","","","","","","","","","","","","","","","","","","","","","","","","","",11.5,1,9.,1,"","","","","","","","","","","","","","","","","","","","","","","","","","",86,1,"","","","","","","","","","","","",11.7,1,1017.3,1,"","","","","","",7,1,7,1,5,1,"","","","","","","","","","","","","","","","","","","","","","","","","","","","",20000,1,"","",3,1,1,1,"","",0,1,"","","","","","","","","","","","","","","","","","","","","","","","","","","","","","","","","","","","","","","","","","","","","","","","","","","","","","","","","","","","","",""
"54405001","NANCY-OCHEY",48.581,5.959833,336,1982061909,"","","","",8.,1,260,1,"","","","","","","","","","","","","","","","","","","","","","","","","","","","",14.2,1,7.8,1,"","","","","","","","","","","","","","","","","","","","","","","","","","",67,1,"","","","","","","","","","","","",10.8,1,1017.4,1,"","","","","","",6,1,6,1,2,1,0,1,0,1,"","","","","","","","","","","","","","","","","","","","","","","","",20000,1,"","",3,1,2,1,"","","","","","","","","","","","","","","","","","","","","","","","","","","","","","","","","","","","","","","","","","","","","","","","","","","","","","","","","","","","","","","","","",""
"54405001","NANCY-OCHEY",48.581,5.959833,336,1982061912,"","","","",8.,1,240,1,"","","","","","","","","","","","","","","","","","","","","","","","","","","","",15.9,1,7.7,1,"","","","","","","","","","","","","","","","","","","","","","","","","","",59,1,"","","","","","","","","","","","",10.7,1,1017.2,1,"","","","","","",6,1,5,1,8,1,0,1,0,1,"","","","","","","","","","","","","","","","","","","","","","","","",20000,1,"","",1,1,2,1,"","","","","","","","","","","","","","","","","","","","","","","","","","","","","","","","","","","","","","","","","","","","","","","","","","","","","","","","","","","","","","","","","",""
"54405001","NANCY-OCHEY",48.581,5.959833,336,1982061915,"","","","",9.,1,260,1,"","","","","","","","","","","","","","","","","","","","","","","","","","","","",17.5,1,6.6,1,"","","","","","","","","","","","","","","","","","","","","","","","","","",50,1,"","","","","","","","","","","","",9.9,1,1016.5,1,"","","","","","","","","","","","","","","","","","","","","","","","","","","","","","","","","","","","","","","","","","","","","","","","","","","","","","","","","","","","","","","","","","","","","","","","","","","","","","","","","","","","","","","","","","","","","","","","","","","","","","","","","","","","","","","","","",""
"54405001","NANCY-OCHEY",48.581,5.959833,336,1982061918,"","","","",7.,1,280,1,"","","","","","","","","","","","","","","","","","","","","","","","","","","","",17.2,1,5.6,1,"","","","","","","","","","","","","","","","","","","","","","","","","","",47,1,"","","","","","","","","","","","",9.2,1,1016.4,1,"","","","","","","","","","","","","","","","","","","","","","","","","","","","","","","","","","","","","","","","","","","","","","","","","","","","","","","","","","","","","","","","","","","","","","","","","","","","","","","","","","","","","","","","","","","","","","","","","","","","","","","","","","","","","","","","","",""
"54405001","NANCY-OCHEY",48.581,5.959833,336,1982061921,"","","","",4.,1,220,1,"","","","","","","","","","","","","","","","","","","","","","","","","","","","",12.4,1,7.,1,"","","","","","","","","","","","","","","","","","","","","","","","","","",71,1,"","","","","","","","","","","","",10.2,1,1018.,1,"","","","","","","","","","","","","","","","","","","","","","","","","","","","","","","","","","","","","","","","","","","","","","","","","","","","","","","","","","","","","","","","","","","","","","","","","","","","","","","","","","","","","","","","","","","","","","","","","","","","","","","","","","","","","","","","","",""
"54405001","NANCY-OCHEY",48.581,5.959833,336,1982062000,"","","","",3.,1,240,1,"","","","","","","","","","","","","","","","","","","","","","","","","","","","",9.9,1,6.6,1,"","","","","","","","","","","","","","","","","","","","","","","","","","",82,1,"","","","","","","","","","","","",9.9,1,1018.5,1,"","","","","","","","","","","","","","","","","","","","","","","","","","","","","","","","","","","","","","","","","","","","","","","","","","","","","","","","","","","","","","","","","","","","","","","","","","","","","","","","","","","","","","","","","","","","","","","","","","","","","","","","","","","","","","","","","",""
"54405001","NANCY-OCHEY",48.581,5.959833,336,1982062003,"","","","",2.,1,160,1,"","","","","","","","","","","","","","","","","","","","","","","","","","","","",8.2,1,6.2,1,"","","","","","","","","","","","","","","","","","","","","","","","","","",89,1,"","","","","","","","","","","","",9.6,1,1018.7,1,"","","","","","","","","","","","","","","","","","","","","","","","","","","","","","","","","","","","","","","","","","","","","","","","","","","","","","","","","","","","","","","","","","","","","","","","","","","","","","","","","","","","","","","","","","","","","","","","","","","","","","","","","","","","","","","","","",""
"54405001","NANCY-OCHEY",48.581,5.959833,336,1982062006,"","","","",1.,1,140,1,"","","","","","","","","","","","","","","","","","","","","","","","","","","","",11.8,1,8.5,1,"","","","","","","","","","","","","","","","","","","","","","","","","","",81,1,"","","","","","","","","","","","",11.3,1,1018.8,1,"","","","","","",2,1,0,1,0,1,0,1,1,1,"","","","","","","","","","","","","","","","","","","","","","","","",20000,1,"","",2,1,0,1,"","",0,1,"","","","","","","","","","","","","","","","","","","","","","","","","","","","","","","","","","","","","","","","","","","","","","","","","","","","","","","","","","","","","",""
"54405001","NANCY-OCHEY",48.581,5.959833,336,1982062009,"","","","",2.,1,120,1,"","","","","","","","","","","","","","","","","","","","","","","","","","","","",17.4,1,8.3,1,"","","","","","","","","","","","","","","","","","","","","","","","","","",56,1,"","","","","","","","","","","","",11.2,1,1018.5,1,"","","","","","",4,1,0,1,2,1,0,1,0,1,"","","","","","","","","","","","","","","","","","","","","","","","",30000,1,"","",3,1,0,1,"","","","","","","","","","","","","","","","","","","","","","","","","","","","","","","","","","","","","","","","","","","","","","","","","","","","","","","","","","","","","","","","","",""
"54405001","NANCY-OCHEY",48.581,5.959833,336,1982062012,"","","","",2.,1,180,1,"","","","","","","","","","","","","","","","","","","","","","","","","","","","",20.1,1,8.9,1,"","","","","","","","","","","","","","","","","","","","","","","","","","",49,1,"","","","","","","","","","","","",11.6,1,1017.7,1,"","","","","","",4,1,0,1,2,1,0,1,0,1,"","","","","","","","","","","","","","","","","","","","","","","","",30000,1,"","",1,1,0,1,"","","","","","","","","","","","","","","","","","","","","","","","","","","","","","","","","","","","","","","","","","","","","","","","","","","","","","","","","","","","","","","","","",""
"54405001","NANCY-OCHEY",48.581,5.959833,336,1982062015,"","","","",1.,1,320,1,"","","","","","","","","","","","","","","","","","","","","","","","","","","","",20.6,1,9.1,1,"","","","","","","","","","","","","","","","","","","","","","","","","","",49,1,"","","","","","","","","","","","",11.8,1,1016.6,1,"","","","","","","","","","","","","","","","","","","","","","","","","","","","","","","","","","","","","","","","","","","","","","","","","","","","","","","","","","","","","","","","","","","","","","","","","","","","","","","","","","","","","","","","","","","","","","","","","","","","","","","","","","","","","","","","","",""
"54405001","NANCY-OCHEY",48.581,5.959833,336,1982062018,"","","","",2.,1,60,1,"","","","","","","","","","","","","","","","","","","","","","","","","","","","",19.5,1,8.2,1,"","","","","","","","","","","","","","","","","","","","","","","","","","",49,1,"","","","","","","","","","","","",11.1,1,1016.,1,"","","","","","","","","","","","","","","","","","","","","","","","","","","","","","","","","","","","","","","","","","","","","","","","","","","","","","","","","","","","","","","","","","","","","","","","","","","","","","","","","","","","","","","","","","","","","","","","","","","","","","","","","","","","","","","","","",""
"54405001","NANCY-OCHEY",48.581,5.959833,336,1982062021,"","","","",2.,1,80,1,"","","","","","","","","","","","","","","","","","","","","","","","","","","","",14.8,1,8.6,1,"","","","","","","","","","","","","","","","","","","","","","","","","","",68,1,"","","","","","","","","","","","",11.4,1,1017.,1,"","","","","","","","","","","","","","","","","","","","","","","","","","","","","","","","","","","","","","","","","","","","","","","","","","","","","","","","","","","","","","","","","","","","","","","","","","","","","","","","","","","","","","","","","","","","","","","","","","","","","","","","","","","","","","","","","",""
"54405001","NANCY-OCHEY",48.581,5.959833,336,1982062100,"","","","",1.,1,360,1,"","","","","","","","","","","","","","","","","","","","","","","","","","","","",11.3,1,5.3,1,"","","","","","","","","","","","","","","","","","","","","","","","","","",68,1,"","","","","","","","","","","","",9.,1,1017.3,1,"","","","","","","","","","","","","","","","","","","","","","","","","","","","","","","","","","","","","","","","","","","","","","","","","","","","","","","","","","","","","","","","","","","","","","","","","","","","","","","","","","","","","","","","","","","","","","","","","","","","","","","","","","","","","","","","","",""
"54405001","NANCY-OCHEY",48.581,5.959833,336,1982062103,"","","","",1.,1,200,1,"","","","","","","","","","","","","","","","","","","","","","","","","","","","",11.5,1,7.3,1,"","","","","","","","","","","","","","","","","","","","","","","","","","",77,1,"","","","","","","","","","","","",10.4,1,1016.6,1,"","","","","","","","","","","","","","","","","","","","","","","","","","","","","","","","","","","","","","","","","","","","","","","","","","","","","","","","","","","","","","","","","","","","","","","","","","","","","","","","","","","","","","","","","","","","","","","","","","","","","","","","","","","","","","","","","",""
"54405001","NANCY-OCHEY",48.581,5.959833,336,1982062106,"","","","",3.,1,140,1,"","","","","","","","","","","","","","","","","","","","","","","","","","","","",13.1,1,8.6,1,"","","","","","","","","","","","","","","","","","","","","","","","","","",75,1,"","","","","","","","","","","","",11.4,1,1015.6,1,"","","","","","",7,1,7,1,0,1,7,1,"","","","","","","","","","","","","","","","","","","","","","","","","","",12000,1,"","",2,1,2,1,"","",0,1,"","","","","","","","","","","","","","","","","","","","","","","","","","","","","","","","","","","","","","","","","","","","","","","","","","","","","","","","","","","","","",""
"54405001","NANCY-OCHEY",48.581,5.959833,336,1982062109,"","","","",2.,1,60,1,"","","","","","","","","","","","","","","","","","","","","","","","","","","","",19.1,1,12.1,1,"","","","","","","","","","","","","","","","","","","","","","","","","","",65,1,"","","","","","","","","","","","",14.5,1,1014.5,1,"","","","","","",7,1,7,1,0,1,7,1,"","","","","","","","","","","","","","","","","","","","","","","","","","",12000,1,"","",2,1,2,1,"","","","","","","","","","","","","","","","","","","","","","","","","","","","","","","","","","","","","","","","","","","","","","","","","","","","","","","","","","","","","","","","","",""
"54405001","NANCY-OCHEY",48.581,5.959833,336,1982062112,"","","","",3.,1,140,1,"","","","","","","","","","","","","","","","","","","","","","","","","","","","",21.5,1,13.3,1,"","","","","","","","","","","","","","","","","","","","","","","","","","",61,1,"","","","","","","","","","","","",15.7,1,1014.,1,"","","","","","",7,1,6,1,2,1,7,1,"","","","","","","","","","","","","","","","","","","","","","","","","","",15000,1,"","",3,1,2,1,"","","","","","","","","","","","","","","","","","","","","","","","","","","","","","","","","","","","","","","","","","","","","","","","","","","","","","","","","","","","","","","","","",""
"54405001","NANCY-OCHEY",48.581,5.959833,336,1982062115,"","","","",3.,1,260,1,"","","","","","","","","","","","","","","","","","","","","","","","","","","","",23.,1,14.1,1,"","","","","","","","","","","","","","","","","","","","","","","","","","",59,1,"","","","","","","","","","","","",16.6,1,1013.8,1,"","","","","","",7,1,6,1,2,1,7,1,"","","","","","","","","","","","","","","","","","","","","","","","","","",20000,1,"","",2,1,2,1,"","","","","","","","","","","","","","","","","","","","","","","","","","","","","","","","","","","","","","","","","","","","","","","","","","","","","","","","","","","","","","","","","",""
"54405001","NANCY-OCHEY",48.581,5.959833,336,1982062118,"","","","",6.,1,240,1,"","","","","","","","","","","","","","","","","","","","","","","","","","","","",16.2,1,13.8,1,"","","","","","","","","","","","","","","","","","","","","","","","","","",88,1,"","","","","","","","","","","","",16.2,1,1015.,1,"","","","","","",7,1,6,1,9,1,7,1,"","","","","","","","","","","","","","","","","","","","","","","","","","",9000,1,"","",95,1,9,1,"","","","","","","","","","","","","","","","","","","","","","","","","","","","","","","","","","","","","","","","","","","","","","","","","","","","","","","","","","","","","","","","","",""
"54405001","NANCY-OCHEY",48.581,5.959833,336,1982062121,"","","","",2.,1,220,1,"","","","","","","","","","","","","","","","","","","","","","","","","","","","",15.9,1,14.6,1,"","","","","","","","","","","","","","","","","","","","","","","","","","",95,1,"","","","","","","","","","","","",17.1,1,1015.2,1,"","","","","","","","","","","","","","","","","","","","","","","","","","","","","","","","","","","","","","","","","","","","","","","","","","","","","","","","","","","","","","","","","","","","","","","","","","","","","","","","","","","","","","","","","","","","","","","","","","","","","","","","","","","","","","","","","",""
"54405001","NANCY-OCHEY",48.581,5.959833,336,1982062200,"","","","",4.,1,220,1,"","","","","","","","","","","","","","","","","","","","","","","","","","","","",15.9,1,14.6,1,"","","","","","","","","","","","","","","","","","","","","","","","","","",95,1,"","","","","","","","","","","","",17.1,1,1015.2,1,"","","","","","","","","","","","","","","","","","","","","","","","","","","","","","","","","","","","","","","","","","","","","","","","","","","","","","","","","","","","","","","","","","","","","","","","","","","","","","","","","","","","","","","","","","","","","","","","","","","","","","","","","","","","","","","","","",""
"54405001","NANCY-OCHEY",48.581,5.959833,336,1982062203,"","","","",4.,1,220,1,"","","","","","","","","","","","","","","","","","","","","","","","","","","","",16.,1,14.7,1,"","","","","","","","","","","","","","","","","","","","","","","","","","",95,1,"","","","","","","","","","","","",17.2,1,1014.8,1,"","","","","","","","","","","","","","","","","","","","","","","","","","","","","","","","","","","","","","","","","","","","","","","","","","","","","","","","","","","","","","","","","","","","","","","","","","","","","","","","","","","","","","","","","","","","","","","","","","","","","","","","","","","","","","","","","",""
"54405001","NANCY-OCHEY",48.581,5.959833,336,1982062206,"","","","",4.,1,180,1,"","","","","","","","","","","","","","","","","","","","","","","","","","","","",16.7,1,15.4,1,"","","","","","","","","","","","","","","","","","","","","","","","","","",94,1,"","","","","","","","","","","","",18.,1,1013.6,1,"","","","","","",7,1,6,1,8,1,0,1,8,1,"","","","","","","","","","","","","","","","","","","","","","","","",8000,1,"","",1,1,2,1,"","",0,1,"","","","","","","","","","","","","","","","","","","","","","","","","","","","","","","","","","","","","","","","","","","","","","","","","","","","","","","","","","","","","",""
"54405001","NANCY-OCHEY",48.581,5.959833,336,1982062209,"","","","",4.,1,160,1,"","","","","","","","","","","","","","","","","","","","","","","","","","","","",19.7,1,16.2,1,"","","","","","","","","","","","","","","","","","","","","","","","","","",83,1,"","","","","","","","","","","","",19.,1,1011.6,1,"","","","","","",7,1,7,1,2,1,0,1,8,1,"","","","","","","","","","","","","","","","","","","","","","","","",16000,1,"","",3,1,2,1,"","","","","","","","","","","","","","","","","","","","","","","","","","","","","","","","","","","","","","","","","","","","","","","","","","","","","","","","","","","","","","","","","",""
"54405001","NANCY-OCHEY",48.581,5.959833,336,1982062212,"","","","",4.,1,180,1,"","","","","","","","","","","","","","","","","","","","","","","","","","","","",21.9,1,16.3,1,"","","","","","","","","","","","","","","","","","","","","","","","","","",73,1,"","","","","","","","","","","","",19.2,1,1009.5,1,"","","","","","",8,1,5,1,2,1,8,1,7,1,"","","","","","","","","","","","","","","","","","","","","","","","",20000,1,"","",3,1,2,1,"","","","","","","","","","","","","","","","","","","","","","","","","","","","","","","","","","","","","","","","","","","","","","","","","","","","","","","","","","","","","","","","","",""
"54405001","NANCY-OCHEY",48.581,5.959833,336,1982062215,"","","","",3.,1,180,1,"","","","","","","","","","","","","","","","","","","","","","","","","","","","",21.1,1,17.8,1,"","","","","","","","","","","","","","","","","","","","","","","","","","",84,1,"","","","","","","","","","","","",21.1,1,1008.2,1,"","","","","","",8,1,5,1,2,1,8,1,7,1,"","","","","","","","","","","","","","","","","","","","","","","","",15000,1,"","",80,1,8,1,"","","","","","","","","","","","","","","","","","","","","","","","","","","","","","","","","","","","","","","","","","","","","","","","","","","","","","","","","","","","","","","","","",""
"54405001","NANCY-OCHEY",48.581,5.959833,336,1982062218,"","","","",8.,1,220,1,"","","","","","","","","","","","","","","","","","","","","","","","","","","","",18.2,1,15.8,1,"","","","","","","","","","","","","","","","","","","","","","","","","","",89,1,"","","","","","","","","","","","",18.6,1,1007.6,1,"","","","","","",3,1,0,1,9,1,6,1,3,1,"","","","","","","","","","","","","","","","","","","","","","","","",20000,1,"","",29,1,9,1,"","","","","","","","","","","","","","","","","","","","","","","","","","","","","","","","","","","","","","","","","","","","","","","","","","","","","","","","","","","","","","","","","",""
"54405001","NANCY-OCHEY",48.581,5.959833,336,1982062221,"","","","",4.,1,200,1,"","","","","","","","","","","","","","","","","","","","","","","","","","","","",17.6,1,15.9,1,"","","","","","","","","","","","","","","","","","","","","","","","","","",93,1,"","","","","","","","","","","","",18.7,1,1009.3,1,"","","","","","","","","","","","","","","","","","","","","","","","","","","","","","","","","","","","","","","","","","","","","","","","","","","","","","","","","","","","","","","","","","","","","","","","","","","","","","","","","","","","","","","","","","","","","","","","","","","","","","","","","","","","","","","","","",""
"54405001","NANCY-OCHEY",48.581,5.959833,336,1982062300,"","","","",2.,1,220,1,"","","","","","","","","","","","","","","","","","","","","","","","","","","","",16.1,1,14.5,1,"","","","","","","","","","","","","","","","","","","","","","","","","","",93,1,"","","","","","","","","","","","",17.,1,1009.9,1,"","","","","","","","","","","","","","","","","","","","","","","","","","","","","","","","","","","","","","","","","","","","","","","","","","","","","","","","","","","","","","","","","","","","","","","","","","","","","","","","","","","","","","","","","","","","","","","","","","","","","","","","","","","","","","","","","",""
"54405001","NANCY-OCHEY",48.581,5.959833,336,1982062303,"","","","",3.,1,200,1,"","","","","","","","","","","","","","","","","","","","","","","","","","","","",14.5,1,12.7,1,"","","","","","","","","","","","","","","","","","","","","","","","","","",92,1,"","","","","","","","","","","","",15.1,1,1010.1,1,"","","","","","","","","","","","","","","","","","","","","","","","","","","","","","","","","","","","","","","","","","","","","","","","","","","","","","","","","","","","","","","","","","","","","","","","","","","","","","","","","","","","","","","","","","","","","","","","","","","","","","","","","","","","","","","","","",""
"54405001","NANCY-OCHEY",48.581,5.959833,336,1982062306,"","","","",6.,1,240,1,"","","","","","","","","","","","","","","","","","","","","","","","","","","","",14.,1,11.9,1,"","","","","","","","","","","","","","","","","","","","","","","","","","",89,1,"","","","","","","","","","","","",14.3,1,1011.5,1,"","","","","","",6,1,5,1,8,1,0,1,0,1,"","","","","","","","","","","","","","","","","","","","","","","","",15000,1,"","",3,1,2,1,"","",0,1,"","","","","","","","","","","","","","","","","","","","","","","","","","","","","","","","","","","","","","","","","","","","","","","","","","","","","","","","","","","","","",""
"54405001","NANCY-OCHEY",48.581,5.959833,336,1982062309,"","","","",9.,1,260,1,"","","","","","","","","","","","","","","","","","","","","","","","","","","","",16.4,1,10.2,1,"","","","","","","","","","","","","","","","","","","","","","","","","","",68,1,"","","","","","","","","","","","",12.7,1,1011.5,1,"","","","","","",6,1,0,1,2,1,3,1,0,1,"","","","","","","","","","","","","","","","","","","","","","","","",15000,1,"","",1,1,2,1,"","","","","","","","","","","","","","","","","","","","","","","","","","","","","","","","","","","","","","","","","","","","","","","","","","","","","","","","","","","","","","","","","",""
"54405001","NANCY-OCHEY",48.581,5.959833,336,1982062312,"","","","",10.,1,240,1,"","","","","","","","","","","","","","","","","","","","","","","","","","","","",17.4,1,13.2,1,"","","","","","","","","","","","","","","","","","","","","","","","","","",79,1,"","","","","","","","","","","","",15.6,1,1011.3,1,"","","","","","",6,1,0,1,3,1,3,1,0,1,"","","","","","","","","","","","","","","","","","","","","","","","",20000,1,"","",25,1,8,1,"","","","","","","","","","","","","","","","","","","","","","","","","","","","","","","","","","","","","","","","","","","","","","","","","","","","","","","","","","","","","","","","","",""
"54405001","NANCY-OCHEY",48.581,5.959833,336,1982062315,"","","","",11.,1,240,1,"","","","","","","","","","","","","","","","","","","","","","","","","","","","",19.3,1,11.2,1,"","","","","","","","","","","","","","","","","","","","","","","","","","",60,1,"","","","","","","","","","","","",13.6,1,1010.8,1,"","","","","","",5,1,0,1,2,1,3,1,0,1,"","","","","","","","","","","","","","","","","","","","","","","","",20000,1,"","",3,1,8,1,"","","","","","","","","","","","","","","","","","","","","","","","","","","","","","","","","","","","","","","","","","","","","","","","","","","","","","","","","","","","","","","","","",""
"54405001","NANCY-OCHEY",48.581,5.959833,336,1982062318,"","","","",8.,1,240,1,"","","","","","","","","","","","","","","","","","","","","","","","","","","","",16.9,1,12.5,1,"","","","","","","","","","","","","","","","","","","","","","","","","","",77,1,"","","","","","","","","","","","",14.9,1,1011.4,1,"","","","","","",5,1,5,1,2,1,0,1,0,1,"","","","","","","","","","","","","","","","","","","","","","","","",20000,1,"","",2,1,8,1,"","","","","","","","","","","","","","","","","","","","","","","","","","","","","","","","","","","","","","","","","","","","","","","","","","","","","","","","","","","","","","","","","",""
"54405001","NANCY-OCHEY",48.581,5.959833,336,1982062321,"","","","",6.,1,200,1,"","","","","","","","","","","","","","","","","","","","","","","","","","","","",14.2,1,11.3,1,"","","","","","","","","","","","","","","","","","","","","","","","","","",85,1,"","","","","","","","","","","","",13.7,1,1013.3,1,"","","","","","","","","","","","","","","","","","","","","","","","","","","","","","","","","","","","","","","","","","","","","","","","","","","","","","","","","","","","","","","","","","","","","","","","","","","","","","","","","","","","","","","","","","","","","","","","","","","","","","","","","","","","","","","","","",""
"54405001","NANCY-OCHEY",48.581,5.959833,336,1982062400,"","","","",5.,1,240,1,"","","","","","","","","","","","","","","","","","","","","","","","","","","","",13.8,1,11.3,1,"","","","","","","","","","","","","","","","","","","","","","","","","","",87,1,"","","","","","","","","","","","",13.7,1,1013.6,1,"","","","","","","","","","","","","","","","","","","","","","","","","","","","","","","","","","","","","","","","","","","","","","","","","","","","","","","","","","","","","","","","","","","","","","","","","","","","","","","","","","","","","","","","","","","","","","","","","","","","","","","","","","","","","","","","","",""
"54405001","NANCY-OCHEY",48.581,5.959833,336,1982062403,"","","","",5.,1,200,1,"","","","","","","","","","","","","","","","","","","","","","","","","","","","",12.,1,10.1,1,"","","","","","","","","","","","","","","","","","","","","","","","","","",90,1,"","","","","","","","","","","","",12.6,1,1014.1,1,"","","","","","","","","","","","","","","","","","","","","","","","","","","","","","","","","","","","","","","","","","","","","","","","","","","","","","","","","","","","","","","","","","","","","","","","","","","","","","","","","","","","","","","","","","","","","","","","","","","","","","","","","","","","","","","","","",""
"54405001","NANCY-OCHEY",48.581,5.959833,336,1982062406,"","","","",8.,1,240,1,"","","","","","","","","","","","","","","","","","","","","","","","","","","","",12.8,1,10.1,1,"","","","","","","","","","","","","","","","","","","","","","","","","","",85,1,"","","","","","","","","","","","",12.6,1,1015.5,1,"","","","","","",6,1,5,1,5,1,3,1,2,1,"","","","","","","","","","","","","","","","","","","","","","","","",20000,1,"","",3,1,1,1,"","",0,1,"","","","","","","","","","","","","","","","","","","","","","","","","","","","","","","","","","","","","","","","","","","","","","","","","","","","","","","","","","","","","",""
"54405001","NANCY-OCHEY",48.581,5.959833,336,1982062409,"","","","",8.,1,260,1,"","","","","","","","","","","","","","","","","","","","","","","","","","","","",15.5,1,10.2,1,"","","","","","","","","","","","","","","","","","","","","","","","","","",72,1,"","","","","","","","","","","","",12.7,1,1016.2,1,"","","","","","",7,1,5,1,8,1,"","","","","","","","","","","","","","","","","","","","","","","","","","","","",25000,1,"","",3,1,2,1,"","","","","","","","","","","","","","","","","","","","","","","","","","","","","","","","","","","","","","","","","","","","","","","","","","","","","","","","","","","","","","","","","",""
"54405001","NANCY-OCHEY",48.581,5.959833,336,1982062412,"","","","",5.,1,240,1,"","","","","","","","","","","","","","","","","","","","","","","","","","","","",16.8,1,10.1,1,"","","","","","","","","","","","","","","","","","","","","","","","","","",66,1,"","","","","","","","","","","","",12.6,1,1015.9,1,"","","","","","",6,1,0,1,8,1,0,1,0,1,"","","","","","","","","","","","","","","","","","","","","","","","",30000,1,"","",1,1,2,1,"","","","","","","","","","","","","","","","","","","","","","","","","","","","","","","","","","","","","","","","","","","","","","","","","","","","","","","","","","","","","","","","","",""
"54405001","NANCY-OCHEY",48.581,5.959833,336,1982062415,"","","","",2.,1,300,1,"","","","","","","","","","","","","","","","","","","","","","","","","","","","",19.1,1,10.3,1,"","","","","","","","","","","","","","","","","","","","","","","","","","",57,1,"","","","","","","","","","","","",12.8,1,1015.1,1,"","","","","","",4,1,0,1,8,1,0,1,1,1,"","","","","","","","","","","","","","","","","","","","","","","","",30000,1,"","",1,1,2,1,"","","","","","","","","","","","","","","","","","","","","","","","","","","","","","","","","","","","","","","","","","","","","","","","","","","","","","","","","","","","","","","","","",""
"54405001","NANCY-OCHEY",48.581,5.959833,336,1982062418,"","","","",1.,1,360,1,"","","","","","","","","","","","","","","","","","","","","","","","","","","","",19.7,1,10.5,1,"","","","","","","","","","","","","","","","","","","","","","","","","","",57,1,"","","","","","","","","","","","",13.,1,1014.2,1,"","","","","","",4,1,0,1,4,1,0,1,1,1,"","","","","","","","","","","","","","","","","","","","","","","","",30000,1,"","",1,1,2,1,"","","","","","","","","","","","","","","","","","","","","","","","","","","","","","","","","","","","","","","","","","","","","","","","","","","","","","","","","","","","","","","","","",""
"54405001","NANCY-OCHEY",48.581,5.959833,336,1982062421,"","","","",2.,1,80,1,"","","","","","","","","","","","","","","","","","","","","","","","","","","","",14.9,1,11.3,1,"","","","","","","","","","","","","","","","","","","","","","","","","","",81,1,"","","","","","","","","","","","",13.7,1,1014.3,1,"","","","","","","","","","","","","","","","","","","","","","","","","","","","","","","","","","","","","","","","","","","","","","","","","","","","","","","","","","","","","","","","","","","","","","","","","","","","","","","","","","","","","","","","","","","","","","","","","","","","","","","","","","","","","","","","","",""
"54405001","NANCY-OCHEY",48.581,5.959833,336,1982062500,"","","","",2.,1,100,1,"","","","","","","","","","","","","","","","","","","","","","","","","","","","",12.8,1,9.5,1,"","","","","","","","","","","","","","","","","","","","","","","","","","",82,1,"","","","","","","","","","","","",12.1,1,1013.5,1,"","","","","","","","","","","","","","","","","","","","","","","","","","","","","","","","","","","","","","","","","","","","","","","","","","","","","","","","","","","","","","","","","","","","","","","","","","","","","","","","","","","","","","","","","","","","","","","","","","","","","","","","","","","","","","","","","",""
"54405001","NANCY-OCHEY",48.581,5.959833,336,1982062503,"","","","",3.,1,80,1,"","","","","","","","","","","","","","","","","","","","","","","","","","","","",12.2,1,9.2,1,"","","","","","","","","","","","","","","","","","","","","","","","","","",84,1,"","","","","","","","","","","","",11.9,1,1012.3,1,"","","","","","","","","","","","","","","","","","","","","","","","","","","","","","","","","","","","","","","","","","","","","","","","","","","","","","","","","","","","","","","","","","","","","","","","","","","","","","","","","","","","","","","","","","","","","","","","","","","","","","","","","","","","","","","","","",""
"54405001","NANCY-OCHEY",48.581,5.959833,336,1982062506,"","","","",3.,1,120,1,"","","","","","","","","","","","","","","","","","","","","","","","","","","","",13.8,1,10.2,1,"","","","","","","","","","","","","","","","","","","","","","","","","","",80,1,"","","","","","","","","","","","",12.7,1,1010.6,1,"","","","","","",3,1,0,1,0,1,4,1,1,1,"","","","","","","","","","","","","","","","","","","","","","","","",16000,1,"","",1,1,0,1,"","",0,1,"","","","","","","","","","","","","","","","","","","","","","","","","","","","","","","","","","","","","","","","","","","","","","","","","","","","","","","","","","","","","",""
"54405001","NANCY-OCHEY",48.581,5.959833,336,1982062509,"","","","",3.,1,160,1,"","","","","","","","","","","","","","","","","","","","","","","","","","","","",18.9,1,13.,1,"","","","","","","","","","","","","","","","","","","","","","","","","","",70,1,"","","","","","","","","","","","",15.4,1,1009.,1,"","","","","","",7,1,6,1,0,1,8,1,1,1,"","","","","","","","","","","","","","","","","","","","","","","","",18000,1,"","",3,1,1,1,"","","","","","","","","","","","","","","","","","","","","","","","","","","","","","","","","","","","","","","","","","","","","","","","","","","","","","","","","","","","","","","","","",""
"54405001","NANCY-OCHEY",48.581,5.959833,336,1982062512,"","","","",5.,1,160,1,"","","","","","","","","","","","","","","","","","","","","","","","","","","","",21.6,1,14.,1,"","","","","","","","","","","","","","","","","","","","","","","","","","",64,1,"","","","","","","","","","","","",16.5,1,1007.8,1,"","","","","","",7,1,5,1,5,1,7,1,8,1,"","","","","","","","","","","","","","","","","","","","","","","","",20000,1,"","",3,1,1,1,"","","","","","","","","","","","","","","","","","","","","","","","","","","","","","","","","","","","","","","","","","","","","","","","","","","","","","","","","","","","","","","","","",""
"54405001","NANCY-OCHEY",48.581,5.959833,336,1982062515,"","","","",4.,1,240,1,"","","","","","","","","","","","","","","","","","","","","","","","","","","","",22.3,1,14.4,1,"","","","","","","","","","","","","","","","","","","","","","","","","","",63,1,"","","","","","","","","","","","",16.9,1,1007.7,1,"","","","","","",7,1,7,1,0,1,7,1,"","","","","","","","","","","","","","","","","","","","","","","","","","",20000,1,"","",3,1,2,1,"","","","","","","","","","","","","","","","","","","","","","","","","","","","","","","","","","","","","","","","","","","","","","","","","","","","","","","","","","","","","","","","","",""
"54405001","NANCY-OCHEY",48.581,5.959833,336,1982062518,"","","","",4.,1,280,1,"","","","","","","","","","","","","","","","","","","","","","","","","","","","",18.4,1,15.5,1,"","","","","","","","","","","","","","","","","","","","","","","","","","",86,1,"","","","","","","","","","","","",18.2,1,1010.1,1,"","","","","","",8,1,8,1,5,1,7,1,"","","","","","","","","","","","","","","","","","","","","","","","","","",9000,1,"","",61,1,6,1,"","","","","","","","","","","","","","","","","","","","","","","","","","","","","","","","","","","","","","","","","","","","","","","","","","","","","","","","","","","","","","","","","",""
"54405001","NANCY-OCHEY",48.581,5.959833,336,1982062521,"","","","",4.,1,160,1,"","","","","","","","","","","","","","","","","","","","","","","","","","","","",15.3,1,14.,1,"","","","","","","","","","","","","","","","","","","","","","","","","","",95,1,"","","","","","","","","","","","",16.5,1,1010.3,1,"","","","","","","","","","","","","","","","","","","","","","","","","","","","","","","","","","","","","","","","","","","","","","","","","","","","","","","","","","","","","","","","","","","","","","","","","","","","","","","","","","","","","","","","","","","","","","","","","","","","","","","","","","","","","","","","","",""
"54405001","NANCY-OCHEY",48.581,5.959833,336,1982062600,"","","","",6.,1,200,1,"","","","","","","","","","","","","","","","","","","","","","","","","","","","",14.7,1,13.6,1,"","","","","","","","","","","","","","","","","","","","","","","","","","",96,1,"","","","","","","","","","","","",16.,1,1011.1,1,"","","","","","","","","","","","","","","","","","","","","","","","","","","","","","","","","","","","","","","","","","","","","","","","","","","","","","","","","","","","","","","","","","","","","","","","","","","","","","","","","","","","","","","","","","","","","","","","","","","","","","","","","","","","","","","","","",""
"54405001","NANCY-OCHEY",48.581,5.959833,336,1982062603,"","","","",4.,1,220,1,"","","","","","","","","","","","","","","","","","","","","","","","","","","","",14.6,1,13.3,1,"","","","","","","","","","","","","","","","","","","","","","","","","","",95,1,"","","","","","","","","","","","",15.7,1,1011.3,1,"","","","","","","","","","","","","","","","","","","","","","","","","","","","","","","","","","","","","","","","","","","","","","","","","","","","","","","","","","","","","","","","","","","","","","","","","","","","","","","","","","","","","","","","","","","","","","","","","","","","","","","","","","","","","","","","","",""
"54405001","NANCY-OCHEY",48.581,5.959833,336,1982062606,"","","","",4.,1,260,1,"","","","","","","","","","","","","","","","","","","","","","","","","","","","",15.,1,13.5,1,"","","","","","","","","","","","","","","","","","","","","","","","","","",93,1,"","","","","","","","","","","","",15.9,1,1011.5,1,"","","","","","",4,1,0,1,1,1,3,1,1,1,"","","","","","","","","","","","","","","","","","","","","","","","",20000,1,"","",1,1,1,1,"","",0,1,"","","","","","","","","","","","","","","","","","","","","","","","","","","","","","","","","","","","","","","","","","","","","","","","","","","","","","","","","","","","","",""
"54405001","NANCY-OCHEY",48.581,5.959833,336,1982062609,"","","","",3.,1,260,1,"","","","","","","","","","","","","","","","","","","","","","","","","","","","",17.,1,12.4,1,"","","","","","","","","","","","","","","","","","","","","","","","","","",76,1,"","","","","","","","","","","","",14.8,1,1011.1,1,"","","","","","",5,1,0,1,2,1,3,1,1,1,"","","","","","","","","","","","","","","","","","","","","","","","",25000,1,"","",1,1,2,1,"","","","","","","","","","","","","","","","","","","","","","","","","","","","","","","","","","","","","","","","","","","","","","","","","","","","","","","","","","","","","","","","","",""
"54405001","NANCY-OCHEY",48.581,5.959833,336,1982062612,"","","","",4.,1,240,1,"","","","","","","","","","","","","","","","","","","","","","","","","","","","",20.1,1,11.3,1,"","","","","","","","","","","","","","","","","","","","","","","","","","",58,1,"","","","","","","","","","","","",13.7,1,1010.9,1,"","","","","","",6,1,5,1,2,1,3,1,1,1,"","","","","","","","","","","","","","","","","","","","","","","","",30000,1,"","",1,1,2,1,"","","","","","","","","","","","","","","","","","","","","","","","","","","","","","","","","","","","","","","","","","","","","","","","","","","","","","","","","","","","","","","","","",""
"54405001","NANCY-OCHEY",48.581,5.959833,336,1982062615,"","","","",4.,1,240,1,"","","","","","","","","","","","","","","","","","","","","","","","","","","","",21.,1,8.9,1,"","","","","","","","","","","","","","","","","","","","","","","","","","",47,1,"","","","","","","","","","","","",11.6,1,1009.6,1,"","","","","","","","","","","","","","","","","","","","","","","","","","","","","","","","","","","","","","","","","","","","","","","","","","","","","","","","","","","","","","","","","","","","","","","","","","","","","","","","","","","","","","","","","","","","","","","","","","","","","","","","","","","","","","","","","",""
"54405001","NANCY-OCHEY",48.581,5.959833,336,1982062618,"","","","",3.,1,220,1,"","","","","","","","","","","","","","","","","","","","","","","","","","","","",14.8,1,12.9,1,"","","","","","","","","","","","","","","","","","","","","","","","","","",91,1,"","","","","","","","","","","","",15.3,1,1011.,1,"","","","","","","","","","","","","","","","","","","","","","","","","","","","","","","","","","","","","","","","","","","","","","","","","","","","","","","","","","","","","","","","","","","","","","","","","","","","","","","","","","","","","","","","","","","","","","","","","","","","","","","","","","","","","","","","","",""
"54405001","NANCY-OCHEY",48.581,5.959833,336,1982062621,"","","","",4.,1,180,1,"","","","","","","","","","","","","","","","","","","","","","","","","","","","",13.2,1,11.5,1,"","","","","","","","","","","","","","","","","","","","","","","","","","",92,1,"","","","","","","","","","","","",13.9,1,1012.3,1,"","","","","","","","","","","","","","","","","","","","","","","","","","","","","","","","","","","","","","","","","","","","","","","","","","","","","","","","","","","","","","","","","","","","","","","","","","","","","","","","","","","","","","","","","","","","","","","","","","","","","","","","","","","","","","","","","",""
"54405001","NANCY-OCHEY",48.581,5.959833,336,1982062700,"","","","",4.,1,220,1,"","","","","","","","","","","","","","","","","","","","","","","","","","","","",12.,1,10.6,1,"","","","","","","","","","","","","","","","","","","","","","","","","","",94,1,"","","","","","","","","","","","",13.1,1,1013.4,1,"","","","","","","","","","","","","","","","","","","","","","","","","","","","","","","","","","","","","","","","","","","","","","","","","","","","","","","","","","","","","","","","","","","","","","","","","","","","","","","","","","","","","","","","","","","","","","","","","","","","","","","","","","","","","","","","","",""
"54405001","NANCY-OCHEY",48.581,5.959833,336,1982062703,"","","","",6.,1,220,1,"","","","","","","","","","","","","","","","","","","","","","","","","","","","",11.8,1,10.5,1,"","","","","","","","","","","","","","","","","","","","","","","","","","",94,1,"","","","","","","","","","","","",13.,1,1013.6,1,"","","","","","","","","","","","","","","","","","","","","","","","","","","","","","","","","","","","","","","","","","","","","","","","","","","","","","","","","","","","","","","","","","","","","","","","","","","","","","","","","","","","","","","","","","","","","","","","","","","","","","","","","","","","","","","","","",""
"54405001","NANCY-OCHEY",48.581,5.959833,336,1982062706,"","","","",7.,1,220,1,"","","","","","","","","","","","","","","","","","","","","","","","","","","","",12.3,1,10.9,1,"","","","","","","","","","","","","","","","","","","","","","","","","","",93,1,"","","","","","","","","","","","",13.4,1,1013.8,1,"","","","","","",6,1,5,1,8,1,0,1,0,1,"","","","","","","","","","","","","","","","","","","","","","","","",15000,1,"","",1,1,6,1,"","",0,1,"","","","","","","","","","","","","","","","","","","","","","","","","","","","","","","","","","","","","","","","","","","","","","","","","","","","","","","","","","","","","",""
"54405001","NANCY-OCHEY",48.581,5.959833,336,1982062709,"","","","",8.,1,240,1,"","","","","","","","","","","","","","","","","","","","","","","","","","","","",12.6,1,11.1,1,"","","","","","","","","","","","","","","","","","","","","","","","","","",92,1,"","","","","","","","","","","","",13.5,1,1014.6,1,"","","","","","",8,1,8,1,2,1,"","","","","","","","","","","","","","","","","","","","","","","","","","","","",6000,1,"","",60,1,6,1,"","","","","","","","","","","","","","","","","","","","","","","","","","","","","","","","","","","","","","","","","","","","","","","","","","","","","","","","","","","","","","","","","",""
"54405001","NANCY-OCHEY",48.581,5.959833,336,1982062712,"","","","",8.,1,260,1,"","","","","","","","","","","","","","","","","","","","","","","","","","","","",14.8,1,12.5,1,"","","","","","","","","","","","","","","","","","","","","","","","","","",88,1,"","","","","","","","","","","","",14.9,1,1014.8,1,"","","","","","",5,1,0,1,2,1,3,1,0,1,"","","","","","","","","","","","","","","","","","","","","","","","",20000,1,"","",25,1,8,1,"","","","","","","","","","","","","","","","","","","","","","","","","","","","","","","","","","","","","","","","","","","","","","","","","","","","","","","","","","","","","","","","","",""
"54405001","NANCY-OCHEY",48.581,5.959833,336,1982062715,"","","","",8.,1,260,1,"","","","","","","","","","","","","","","","","","","","","","","","","","","","",17.8,1,10.5,1,"","","","","","","","","","","","","","","","","","","","","","","","","","",64,1,"","","","","","","","","","","","",13.,1,1014.2,1,"","","","","","","","","","","","","","","","","","","","","","","","","","","","","","","","","","","","","","","","","","","","","","","","","","","","","","","","","","","","","","","","","","","","","","","","","","","","","","","","","","","","","","","","","","","","","","","","","","","","","","","","","","","","","","","","","",""
"54405001","NANCY-OCHEY",48.581,5.959833,336,1982062718,"","","","",5.,1,280,1,"","","","","","","","","","","","","","","","","","","","","","","","","","","","",15.2,1,10.2,1,"","","","","","","","","","","","","","","","","","","","","","","","","","",74,1,"","","","","","","","","","","","",12.7,1,1015.2,1,"","","","","","","","","","","","","","","","","","","","","","","","","","","","","","","","","","","","","","","","","","","","","","","","","","","","","","","","","","","","","","","","","","","","","","","","","","","","","","","","","","","","","","","","","","","","","","","","","","","","","","","","","","","","","","","","","",""
"54405001","NANCY-OCHEY",48.581,5.959833,336,1982062721,"","","","",4.,1,240,1,"","","","","","","","","","","","","","","","","","","","","","","","","","","","",13.6,1,11.4,1,"","","","","","","","","","","","","","","","","","","","","","","","","","",89,1,"","","","","","","","","","","","",13.8,1,1016.4,1,"","","","","","","","","","","","","","","","","","","","","","","","","","","","","","","","","","","","","","","","","","","","","","","","","","","","","","","","","","","","","","","","","","","","","","","","","","","","","","","","","","","","","","","","","","","","","","","","","","","","","","","","","","","","","","","","","",""
"54405001","NANCY-OCHEY",48.581,5.959833,336,1982062800,"","","","",5.,1,220,1,"","","","","","","","","","","","","","","","","","","","","","","","","","","","",12.3,1,10.5,1,"","","","","","","","","","","","","","","","","","","","","","","","","","",91,1,"","","","","","","","","","","","",13.,1,1016.9,1,"","","","","","","","","","","","","","","","","","","","","","","","","","","","","","","","","","","","","","","","","","","","","","","","","","","","","","","","","","","","","","","","","","","","","","","","","","","","","","","","","","","","","","","","","","","","","","","","","","","","","","","","","","","","","","","","","",""
"54405001","NANCY-OCHEY",48.581,5.959833,336,1982062803,"","","","",5.,1,220,1,"","","","","","","","","","","","","","","","","","","","","","","","","","","","",11.9,1,10.4,1,"","","","","","","","","","","","","","","","","","","","","","","","","","",93,1,"","","","","","","","","","","","",12.9,1,1017.,1,"","","","","","","","","","","","","","","","","","","","","","","","","","","","","","","","","","","","","","","","","","","","","","","","","","","","","","","","","","","","","","","","","","","","","","","","","","","","","","","","","","","","","","","","","","","","","","","","","","","","","","","","","","","","","","","","","",""
"54405001","NANCY-OCHEY",48.581,5.959833,336,1982062806,"","","","",4.,1,200,1,"","","","","","","","","","","","","","","","","","","","","","","","","","","","",12.9,1,11.2,1,"","","","","","","","","","","","","","","","","","","","","","","","","","",91,1,"","","","","","","","","","","","",13.6,1,1016.7,1,"","","","","","",7,1,6,1,8,1,"","","","","","","","","","","","","","","","","","","","","","","","","","","","",13000,1,"","",3,1,2,1,"","",0,1,"","","","","","","","","","","","","","","","","","","","","","","","","","","","","","","","","","","","","","","","","","","","","","","","","","","","","","","","","","","","","",""
"54405001","NANCY-OCHEY",48.581,5.959833,336,1982062809,"","","","",7.,1,220,1,"","","","","","","","","","","","","","","","","","","","","","","","","","","","",13.3,1,11.9,1,"","","","","","","","","","","","","","","","","","","","","","","","","","",94,1,"","","","","","","","","","","","",14.3,1,1016.1,1,"","","","","","",8,1,7,1,8,1,"","","","","","","","","","","","","","","","","","","","","","","","","","","","",20000,1,"","",21,1,6,1,"","","","","","","","","","","","","","","","","","","","","","","","","","","","","","","","","","","","","","","","","","","","","","","","","","","","","","","","","","","","","","","","","",""
"54405001","NANCY-OCHEY",48.581,5.959833,336,1982062812,"","","","",8.,1,220,1,"","","","","","","","","","","","","","","","","","","","","","","","","","","","",14.,1,13.,1,"","","","","","","","","","","","","","","","","","","","","","","","","","",96,1,"","","","","","","","","","","","",15.4,1,1015.5,1,"","","","","","",8,1,7,1,5,1,"","","","","","","","","","","","","","","","","","","","","","","","","","","","",2500,1,"","",61,1,6,1,"","","","","","","","","","","","","","","","","","","","","","","","","","","","","","","","","","","","","","","","","","","","","","","","","","","","","","","","","","","","","","","","","",""
"54405001","NANCY-OCHEY",48.581,5.959833,336,1982062815,"","","","",12.,1,240,1,"","","","","","","","","","","","","","","","","","","","","","","","","","","","",15.4,1,13.3,1,"","","","","","","","","","","","","","","","","","","","","","","","","","",90,1,"","","","","","","","","","","","",15.7,1,1014.2,1,"","","","","","",7,1,7,1,2,1,"","","","","","","","","","","","","","","","","","","","","","","","","","","","",20000,1,"","",21,1,6,1,"","","","","","","","","","","","","","","","","","","","","","","","","","","","","","","","","","","","","","","","","","","","","","","","","","","","","","","","","","","","","","","","","",""
"54405001","NANCY-OCHEY",48.581,5.959833,336,1982062818,"","","","",5.,1,180,1,"","","","","","","","","","","","","","","","","","","","","","","","","","","","",15.6,1,13.9,1,"","","","","","","","","","","","","","","","","","","","","","","","","","",92,1,"","","","","","","","","","","","",16.3,1,1013.9,1,"","","","","","",7,1,6,1,2,1,0,1,1,1,"","","","","","","","","","","","","","","","","","","","","","","","",20000,1,"","",25,1,8,1,"","","","","","","","","","","","","","","","","","","","","","","","","","","","","","","","","","","","","","","","","","","","","","","","","","","","","","","","","","","","","","","","","",""
"54405001","NANCY-OCHEY",48.581,5.959833,336,1982062821,"","","","",6.,1,220,1,"","","","","","","","","","","","","","","","","","","","","","","","","","","","",13.6,1,12.3,1,"","","","","","","","","","","","","","","","","","","","","","","","","","",95,1,"","","","","","","","","","","","",14.7,1,1015.2,1,"","","","","","","","","","","","","","","","","","","","","","","","","","","","","","","","","","","","","","","","","","","","","","","","","","","","","","","","","","","","","","","","","","","","","","","","","","","","","","","","","","","","","","","","","","","","","","","","","","","","","","","","","","","","","","","","","",""
"54405001","NANCY-OCHEY",48.581,5.959833,336,1982062900,"","","","",6.,1,240,1,"","","","","","","","","","","","","","","","","","","","","","","","","","","","",13.2,1,12.1,1,"","","","","","","","","","","","","","","","","","","","","","","","","","",96,1,"","","","","","","","","","","","",14.5,1,1015.3,1,"","","","","","","","","","","","","","","","","","","","","","","","","","","","","","","","","","","","","","","","","","","","","","","","","","","","","","","","","","","","","","","","","","","","","","","","","","","","","","","","","","","","","","","","","","","","","","","","","","","","","","","","","","","","","","","","","",""
"54405001","NANCY-OCHEY",48.581,5.959833,336,1982062903,"","","","",2.,1,280,1,"","","","","","","","","","","","","","","","","","","","","","","","","","","","",12.6,1,11.5,1,"","","","","","","","","","","","","","","","","","","","","","","","","","",96,1,"","","","","","","","","","","","",13.9,1,1015.6,1,"","","","","","","","","","","","","","","","","","","","","","","","","","","","","","","","","","","","","","","","","","","","","","","","","","","","","","","","","","","","","","","","","","","","","","","","","","","","","","","","","","","","","","","","","","","","","","","","","","","","","","","","","","","","","","","","","",""
"54405001","NANCY-OCHEY",48.581,5.959833,336,1982062906,"","","","",5.,1,240,1,"","","","","","","","","","","","","","","","","","","","","","","","","","","","",12.7,1,10.9,1,"","","","","","","","","","","","","","","","","","","","","","","","","","",91,1,"","","","","","","","","","","","",13.4,1,1017.4,1,"","","","","","",6,1,5,1,8,1,0,1,0,1,"","","","","","","","","","","","","","","","","","","","","","","","",15000,1,"","",1,1,2,1,"","",0,1,"","","","","","","","","","","","","","","","","","","","","","","","","","","","","","","","","","","","","","","","","","","","","","","","","","","","","","","","","","","","","",""
"54405001","NANCY-OCHEY",48.581,5.959833,336,1982062909,"","","","",7.,1,280,1,"","","","","","","","","","","","","","","","","","","","","","","","","","","","",14.5,1,10.7,1,"","","","","","","","","","","","","","","","","","","","","","","","","","",80,1,"","","","","","","","","","","","",13.2,1,1018.,1,"","","","","","",7,1,6,1,8,1,"","","","","","","","","","","","","","","","","","","","","","","","","","","","",20000,1,"","",3,1,2,1,"","","","","","","","","","","","","","","","","","","","","","","","","","","","","","","","","","","","","","","","","","","","","","","","","","","","","","","","","","","","","","","","","",""
"54405001","NANCY-OCHEY",48.581,5.959833,336,1982062912,"","","","",9.,1,240,1,"","","","","","","","","","","","","","","","","","","","","","","","","","","","",16.8,1,10.1,1,"","","","","","","","","","","","","","","","","","","","","","","","","","",66,1,"","","","","","","","","","","","",12.6,1,1018.2,1,"","","","","","",7,1,5,1,8,1,"","","","","","","","","","","","","","","","","","","","","","","","","","","","",20000,1,"","",2,1,8,1,"","","","","","","","","","","","","","","","","","","","","","","","","","","","","","","","","","","","","","","","","","","","","","","","","","","","","","","","","","","","","","","","","",""
"54405001","NANCY-OCHEY",48.581,5.959833,336,1982062915,"","","","",9.,1,260,1,"","","","","","","","","","","","","","","","","","","","","","","","","","","","",17.5,1,8.7,1,"","","","","","","","","","","","","","","","","","","","","","","","","","",57,1,"","","","","","","","","","","","",11.5,1,1018.1,1,"","","","","","",5,1,0,1,4,1,0,1,2,1,"","","","","","","","","","","","","","","","","","","","","","","","",25000,1,"","",1,1,2,1,"","","","","","","","","","","","","","","","","","","","","","","","","","","","","","","","","","","","","","","","","","","","","","","","","","","","","","","","","","","","","","","","","",""
"54405001","NANCY-OCHEY",48.581,5.959833,336,1982062918,"","","","",5.,1,280,1,"","","","","","","","","","","","","","","","","","","","","","","","","","","","",12.5,1,10.4,1,"","","","","","","","","","","","","","","","","","","","","","","","","","",89,1,"","","","","","","","","","","","",12.9,1,1020.4,1,"","","","","","",7,1,6,1,3,1,"","","","","","","","","","","","","","","","","","","","","","","","","","","","",15000,1,"","",80,1,8,1,"","","","","","","","","","","","","","","","","","","","","","","","","","","","","","","","","","","","","","","","","","","","","","","","","","","","","","","","","","","","","","","","","",""
"54405001","NANCY-OCHEY",48.581,5.959833,336,1982062921,"","","","",6.,1,240,1,"","","","","","","","","","","","","","","","","","","","","","","","","","","","",11.8,1,10.3,1,"","","","","","","","","","","","","","","","","","","","","","","","","","",93,1,"","","","","","","","","","","","",12.8,1,1021.7,1,"","","","","","","","","","","","","","","","","","","","","","","","","","","","","","","","","","","","","","","","","","","","","","","","","","","","","","","","","","","","","","","","","","","","","","","","","","","","","","","","","","","","","","","","","","","","","","","","","","","","","","","","","","","","","","","","","",""
"54405001","NANCY-OCHEY",48.581,5.959833,336,1982063000,"","","","",4.,1,240,1,"","","","","","","","","","","","","","","","","","","","","","","","","","","","",11.7,1,10.2,1,"","","","","","","","","","","","","","","","","","","","","","","","","","",93,1,"","","","","","","","","","","","",12.7,1,1022.8,1,"","","","","","","","","","","","","","","","","","","","","","","","","","","","","","","","","","","","","","","","","","","","","","","","","","","","","","","","","","","","","","","","","","","","","","","","","","","","","","","","","","","","","","","","","","","","","","","","","","","","","","","","","","","","","","","","","",""
"54405001","NANCY-OCHEY",48.581,5.959833,336,1982063003,"","","","",2.,1,240,1,"","","","","","","","","","","","","","","","","","","","","","","","","","","","",9.8,1,8.5,1,"","","","","","","","","","","","","","","","","","","","","","","","","","",94,1,"","","","","","","","","","","","",11.3,1,1023.9,1,"","","","","","","","","","","","","","","","","","","","","","","","","","","","","","","","","","","","","","","","","","","","","","","","","","","","","","","","","","","","","","","","","","","","","","","","","","","","","","","","","","","","","","","","","","","","","","","","","","","","","","","","","","","","","","","","","",""
"54405001","NANCY-OCHEY",48.581,5.959833,336,1982063006,"","","","",3.,1,260,1,"","","","","","","","","","","","","","","","","","","","","","","","","","","","",11.6,1,9.8,1,"","","","","","","","","","","","","","","","","","","","","","","","","","",91,1,"","","","","","","","","","","","",12.4,1,1024.5,1,"","","","","","",3,1,0,1,0,1,0,1,4,1,"","","","","","","","","","","","","","","","","","","","","","","","",15000,1,"","",3,1,0,1,"","",0,1,"","","","","","","","","","","","","","","","","","","","","","","","","","","","","","","","","","","","","","","","","","","","","","","","","","","","","","","","","","","","","",""
"54405001","NANCY-OCHEY",48.581,5.959833,336,1982063009,"","","","",4.,1,260,1,"","","","","","","","","","","","","","","","","","","","","","","","","","","","",15.5,1,8.1,1,"","","","","","","","","","","","","","","","","","","","","","","","","","",62,1,"","","","","","","","","","","","",11.,1,1025.5,1,"","","","","","",6,1,0,1,2,1,0,1,1,1,"","","","","","","","","","","","","","","","","","","","","","","","",20000,1,"","",3,1,2,1,"","","","","","","","","","","","","","","","","","","","","","","","","","","","","","","","","","","","","","","","","","","","","","","","","","","","","","","","","","","","","","","","","",""
"54405001","NANCY-OCHEY",48.581,5.959833,336,1982063012,"","","","",4.,1,300,1,"","","","","","","","","","","","","","","","","","","","","","","","","","","","",18.,1,6.7,1,"","","","","","","","","","","","","","","","","","","","","","","","","","",48,1,"","","","","","","","","","","","",10.,1,1025.8,1,"","","","","","",6,1,5,1,2,1,0,1,1,1,"","","","","","","","","","","","","","","","","","","","","","","","",20000,1,"","",3,1,2,1,"","","","","","","","","","","","","","","","","","","","","","","","","","","","","","","","","","","","","","","","","","","","","","","","","","","","","","","","","","","","","","","","","",""
"54405001","NANCY-OCHEY",48.581,5.959833,336,1982063015,"","","","",4.,1,300,1,"","","","","","","","","","","","","","","","","","","","","","","","","","","","",18.,1,7.,1,"","","","","","","","","","","","","","","","","","","","","","","","","","",49,1,"","","","","","","","","","","","",10.2,1,1025.4,1,"","","","","","",5,1,0,1,2,1,3,1,0,1,"","","","","","","","","","","","","","","","","","","","","","","","",25000,1,"","",3,1,2,1,"","","","","","","","","","","","","","","","","","","","","","","","","","","","","","","","","","","","","","","","","","","","","","","","","","","","","","","","","","","","","","","","","",""
"54405001","NANCY-OCHEY",48.581,5.959833,336,1982063018,"","","","",2.,1,300,1,"","","","","","","","","","","","","","","","","","","","","","","","","","","","",17.8,1,7.7,1,"","","","","","","","","","","","","","","","","","","","","","","","","","",52,1,"","","","","","","","","","","","",10.7,1,1025.8,1,"","","","","","",3,1,0,1,2,1,0,1,1,1,"","","","","","","","","","","","","","","","","","","","","","","","",25000,1,"","",3,1,1,1,"","","","","","","","","","","","","","","","","","","","","","","","","","","","","","","","","","","","","","","","","","","","","","","","","","","","","","","","","","","","","","","","","",""
"54405001","NANCY-OCHEY",48.581,5.959833,336,1982063021,"","","","",1.,1,240,1,"","","","","","","","","","","","","","","","","","","","","","","","","","","","",13.7,1,9.6,1,"","","","","","","","","","","","","","","","","","","","","","","","","","",78,1,"","","","","","","","","","","","",12.2,1,1026.2,1,"","","","","","","","","","","","","","","","","","","","","","","","","","","","","","","","","","","","","","","","","","","","","","","","","","","","","","","","","","","","","","","","","","","","","","","","","","","","","","","","","","","","","","","","","","","","","","","","","","","","","","","","","","","","","","","","","",""
"54405001","NANCY-OCHEY",48.581,5.959833,336,1982070100,"","","","",2.,1,220,1,"","","","","","","","","","","","","","","","","","","","","","","","","","","","",10.9,1,7.3,1,"","","","","","","","","","","","","","","","","","","","","","","","","","",80,1,"","","","","","","","","","","","",10.4,1,1026.7,1,"","","","","","","","","","","","","","","","","","","","","","","","","","","","","","","","","","","","","","","","","","","","","","","","","","","","","","","","","","","","","","","","","","","","","","","","","","","","","","","","","","","","","","","","","","","","","","","","","","","","","","","","","","","","","","","","","",""
"54405001","NANCY-OCHEY",48.581,5.959833,336,1982070103,"","","","",2.,1,200,1,"","","","","","","","","","","","","","","","","","","","","","","","","","","","",10.3,1,7.6,1,"","","","","","","","","","","","","","","","","","","","","","","","","","",85,1,"","","","","","","","","","","","",10.6,1,1026.8,1,"","","","","","","","","","","","","","","","","","","","","","","","","","","","","","","","","","","","","","","","","","","","","","","","","","","","","","","","","","","","","","","","","","","","","","","","","","","","","","","","","","","","","","","","","","","","","","","","","","","","","","","","","","","","","","","","","",""
"54405001","NANCY-OCHEY",48.581,5.959833,336,1982070106,"","","","",1.,1,180,1,"","","","","","","","","","","","","","","","","","","","","","","","","","","","",12.,1,8.2,1,"","","","","","","","","","","","","","","","","","","","","","","","","","",79,1,"","","","","","","","","","","","",11.1,1,1026.6,1,"","","","","","",4,1,0,1,5,1,3,1,1,1,"","","","","","","","","","","","","","","","","","","","","","","","",15000,1,"","",3,1,0,1,"","",0,1,"","","","","","","","","","","","","","","","","","","","","","","","","","","","","","","","","","","","","","","","","","","","","","","","","","","","","","","","","","","","","",""
"54405001","NANCY-OCHEY",48.581,5.959833,336,1982070109,"","","","",0.,1,0,1,"","","","","","","","","","","","","","","","","","","","","","","","","","","","",18.5,1,9.2,1,"","","","","","","","","","","","","","","","","","","","","","","","","","",56,1,"","","","","","","","","","","","",11.9,1,1025.,1,"","","","","","",3,1,0,1,1,1,3,1,1,1,"","","","","","","","","","","","","","","","","","","","","","","","",20000,1,"","",3,1,0,1,"","","","","","","","","","","","","","","","","","","","","","","","","","","","","","","","","","","","","","","","","","","","","","","","","","","","","","","","","","","","","","","","","",""
"54405001","NANCY-OCHEY",48.581,5.959833,336,1982070112,"","","","",2.,1,280,1,"","","","","","","","","","","","","","","","","","","","","","","","","","","","",20.8,1,9.7,1,"","","","","","","","","","","","","","","","","","","","","","","","","","",50,1,"","","","","","","","","","","","",12.3,1,1023.3,1,"","","","","","",3,1,0,1,1,1,3,1,0,1,"","","","","","","","","","","","","","","","","","","","","","","","",25000,1,"","",3,1,0,1,"","","","","","","","","","","","","","","","","","","","","","","","","","","","","","","","","","","","","","","","","","","","","","","","","","","","","","","","","","","","","","","","","",""
"54405001","NANCY-OCHEY",48.581,5.959833,336,1982070115,"","","","",2.,1,260,1,"","","","","","","","","","","","","","","","","","","","","","","","","","","","",22.7,1,11.1,1,"","","","","","","","","","","","","","","","","","","","","","","","","","",49,1,"","","","","","","","","","","","",13.5,1,1021.8,1,"","","","","","",2,1,0,1,1,1,3,1,0,1,"","","","","","","","","","","","","","","","","","","","","","","","",30000,1,"","",2,1,0,1,"","","","","","","","","","","","","","","","","","","","","","","","","","","","","","","","","","","","","","","","","","","","","","","","","","","","","","","","","","","","","","","","","",""
"54405001","NANCY-OCHEY",48.581,5.959833,336,1982070118,"","","","",2.,1,180,1,"","","","","","","","","","","","","","","","","","","","","","","","","","","","",22.2,1,12.3,1,"","","","","","","","","","","","","","","","","","","","","","","","","","",55,1,"","","","","","","","","","","","",14.7,1,1020.4,1,"","","","","","",1,1,0,1,0,1,0,1,1,1,"","","","","","","","","","","","","","","","","","","","","","","","",30000,1,"","",1,1,0,1,"","","","","","","","","","","","","","","","","","","","","","","","","","","","","","","","","","","","","","","","","","","","","","","","","","","","","","","","","","","","","","","","","",""
"54405001","NANCY-OCHEY",48.581,5.959833,336,1982070121,"","","","",2.,1,140,1,"","","","","","","","","","","","","","","","","","","","","","","","","","","","",17.2,1,12.7,1,"","","","","","","","","","","","","","","","","","","","","","","","","","",77,1,"","","","","","","","","","","","",15.1,1,1020.3,1,"","","","","","","","","","","","","","","","","","","","","","","","","","","","","","","","","","","","","","","","","","","","","","","","","","","","","","","","","","","","","","","","","","","","","","","","","","","","","","","","","","","","","","","","","","","","","","","","","","","","","","","","","","","","","","","","","",""
"54405001","NANCY-OCHEY",48.581,5.959833,336,1982070200,"","","","",3.,1,140,1,"","","","","","","","","","","","","","","","","","","","","","","","","","","","",14.9,1,12.1,1,"","","","","","","","","","","","","","","","","","","","","","","","","","",86,1,"","","","","","","","","","","","",14.5,1,1019.,1,"","","","","","","","","","","","","","","","","","","","","","","","","","","","","","","","","","","","","","","","","","","","","","","","","","","","","","","","","","","","","","","","","","","","","","","","","","","","","","","","","","","","","","","","","","","","","","","","","","","","","","","","","","","","","","","","","",""
"54405001","NANCY-OCHEY",48.581,5.959833,336,1982070203,"","","","",2.,1,140,1,"","","","","","","","","","","","","","","","","","","","","","","","","","","","",13.8,1,11.9,1,"","","","","","","","","","","","","","","","","","","","","","","","","","",91,1,"","","","","","","","","","","","",14.3,1,1018.,1,"","","","","","","","","","","","","","","","","","","","","","","","","","","","","","","","","","","","","","","","","","","","","","","","","","","","","","","","","","","","","","","","","","","","","","","","","","","","","","","","","","","","","","","","","","","","","","","","","","","","","","","","","","","","","","","","","",""
"54405001","NANCY-OCHEY",48.581,5.959833,336,1982070206,"","","","",3.,1,140,1,"","","","","","","","","","","","","","","","","","","","","","","","","","","","",14.2,1,12.1,1,"","","","","","","","","","","","","","","","","","","","","","","","","","",89,1,"","","","","","","","","","","","",14.5,1,1017.4,1,"","","","","","",6,1,6,1,0,1,8,1,0,1,"","","","","","","","","","","","","","","","","","","","","","","","",11000,1,"","",3,1,1,1,"","",0,1,"","","","","","","","","","","","","","","","","","","","","","","","","","","","","","","","","","","","","","","","","","","","","","","","","","","","","","","","","","","","","",""
"54405001","NANCY-OCHEY",48.581,5.959833,336,1982070209,"","","","",4.,1,140,1,"","","","","","","","","","","","","","","","","","","","","","","","","","","","",19.2,1,13.2,1,"","","","","","","","","","","","","","","","","","","","","","","","","","",70,1,"","","","","","","","","","","","",15.6,1,1014.6,1,"","","","","","",5,1,0,1,0,1,8,1,2,1,"","","","","","","","","","","","","","","","","","","","","","","","",18000,1,"","",3,1,2,1,"","","","","","","","","","","","","","","","","","","","","","","","","","","","","","","","","","","","","","","","","","","","","","","","","","","","","","","","","","","","","","","","","",""
"54405001","NANCY-OCHEY",48.581,5.959833,336,1982070212,"","","","",4.,1,160,1,"","","","","","","","","","","","","","","","","","","","","","","","","","","","",22.8,1,15.4,1,"","","","","","","","","","","","","","","","","","","","","","","","","","",65,1,"","","","","","","","","","","","",18.,1,1012.1,1,"","","","","","",6,1,6,1,0,1,8,1,0,1,"","","","","","","","","","","","","","","","","","","","","","","","",20000,1,"","",1,1,8,1,"","","","","","","","","","","","","","","","","","","","","","","","","","","","","","","","","","","","","","","","","","","","","","","","","","","","","","","","","","","","","","","","","",""
"54405001","NANCY-OCHEY",48.581,5.959833,336,1982070215,"","","","",4.,1,160,1,"","","","","","","","","","","","","","","","","","","","","","","","","","","","",27.6,1,16.1,1,"","","","","","","","","","","","","","","","","","","","","","","","","","",51,1,"","","","","","","","","","","","",18.9,1,1009.4,1,"","","","","","",3,1,0,1,0,1,8,1,0,1,"","","","","","","","","","","","","","","","","","","","","","","","",25000,1,"","",1,1,1,1,"","","","","","","","","","","","","","","","","","","","","","","","","","","","","","","","","","","","","","","","","","","","","","","","","","","","","","","","","","","","","","","","","",""
"54405001","NANCY-OCHEY",48.581,5.959833,336,1982070218,"","","","",5.,1,180,1,"","","","","","","","","","","","","","","","","","","","","","","","","","","","",26.7,1,17.5,1,"","","","","","","","","","","","","","","","","","","","","","","","","","",59,1,"","","","","","","","","","","","",20.7,1,1008.2,1,"","","","","","",6,1,6,1,0,1,8,1,1,1,"","","","","","","","","","","","","","","","","","","","","","","","",20000,1,"","",3,1,1,1,"","","","","","","","","","","","","","","","","","","","","","","","","","","","","","","","","","","","","","","","","","","","","","","","","","","","","","","","","","","","","","","","","",""
"54405001","NANCY-OCHEY",48.581,5.959833,336,1982070221,"","","","",6.,1,200,1,"","","","","","","","","","","","","","","","","","","","","","","","","","","","",23.9,1,15.1,1,"","","","","","","","","","","","","","","","","","","","","","","","","","",60,1,"","","","","","","","","","","","",17.7,1,1007.9,1,"","","","","","","","","","","","","","","","","","","","","","","","","","","","","","","","","","","","","","","","","","","","","","","","","","","","","","","","","","","","","","","","","","","","","","","","","","","","","","","","","","","","","","","","","","","","","","","","","","","","","","","","","","","","","","","","","",""
"54405001","NANCY-OCHEY",48.581,5.959833,336,1982070300,"","","","",5.,1,200,1,"","","","","","","","","","","","","","","","","","","","","","","","","","","","",21.4,1,15.4,1,"","","","","","","","","","","","","","","","","","","","","","","","","","",71,1,"","","","","","","","","","","","",18.,1,1008.5,1,"","","","","","","","","","","","","","","","","","","","","","","","","","","","","","","","","","","","","","","","","","","","","","","","","","","","","","","","","","","","","","","","","","","","","","","","","","","","","","","","","","","","","","","","","","","","","","","","","","","","","","","","","","","","","","","","","",""
"54405001","NANCY-OCHEY",48.581,5.959833,336,1982070303,"","","","",8.,1,220,1,"","","","","","","","","","","","","","","","","","","","","","","","","","","","",19.9,1,13.8,1,"","","","","","","","","","","","","","","","","","","","","","","","","","",70,1,"","","","","","","","","","","","",16.2,1,1008.4,1,"","","","","","","","","","","","","","","","","","","","","","","","","","","","","","","","","","","","","","","","","","","","","","","","","","","","","","","","","","","","","","","","","","","","","","","","","","","","","","","","","","","","","","","","","","","","","","","","","","","","","","","","","","","","","","","","","",""
"54405001","NANCY-OCHEY",48.581,5.959833,336,1982070306,"","","","",7.,1,200,1,"","","","","","","","","","","","","","","","","","","","","","","","","","","","",20.1,1,13.4,1,"","","","","","","","","","","","","","","","","","","","","","","","","","",67,1,"","","","","","","","","","","","",15.8,1,1008.6,1,"","","","","","",6,1,0,1,0,1,3,1,2,1,"","","","","","","","","","","","","","","","","","","","","","","","",20000,1,"","",1,1,2,1,"","",0,1,"","","","","","","","","","","","","","","","","","","","","","","","","","","","","","","","","","","","","","","","","","","","","","","","","","","","","","","","","","","","","",""
"54405001","NANCY-OCHEY",48.581,5.959833,336,1982070309,"","","","",7.,1,200,1,"","","","","","","","","","","","","","","","","","","","","","","","","","","","",22.8,1,15.8,1,"","","","","","","","","","","","","","","","","","","","","","","","","","",66,1,"","","","","","","","","","","","",18.5,1,1009.,1,"","","","","","",8,1,8,1,0,1,3,1,7,1,"","","","","","","","","","","","","","","","","","","","","","","","",20000,1,"","",3,1,1,1,"","","","","","","","","","","","","","","","","","","","","","","","","","","","","","","","","","","","","","","","","","","","","","","","","","","","","","","","","","","","","","","","","",""
"54405001","NANCY-OCHEY",48.581,5.959833,336,1982070312,"","","","",9.,1,220,1,"","","","","","","","","","","","","","","","","","","","","","","","","","","","",20.4,1,16.4,1,"","","","","","","","","","","","","","","","","","","","","","","","","","",80,1,"","","","","","","","","","","","",19.3,1,1011.4,1,"","","","","","",8,1,8,1,5,1,7,1,"","","","","","","","","","","","","","","","","","","","","","","","","","",15000,1,"","",61,1,6,1,"","","","","","","","","","","","","","","","","","","","","","","","","","","","","","","","","","","","","","","","","","","","","","","","","","","","","","","","","","","","","","","","","",""
"54405001","NANCY-OCHEY",48.581,5.959833,336,1982070315,"","","","",4.,1,160,1,"","","","","","","","","","","","","","","","","","","","","","","","","","","","",19.2,1,17.3,1,"","","","","","","","","","","","","","","","","","","","","","","","","","",92,1,"","","","","","","","","","","","",20.4,1,1011.9,1,"","","","","","","","","","","","","","","","","","","","","","","","","","","","","","","","","","","","","","","","","","","","","","","","","","","","","","","","","","","","","","","","","","","","","","","","","","","","","","","","","","","","","","","","","","","","","","","","","","","","","","","","","","","","","","","","","",""
"54405001","NANCY-OCHEY",48.581,5.959833,336,1982070318,"","","","",0.,1,0,1,"","","","","","","","","","","","","","","","","","","","","","","","","","","","",20.,1,19.1,1,"","","","","","","","","","","","","","","","","","","","","","","","","","",98,1,"","","","","","","","","","","","",22.9,1,1011.3,1,"","","","","","","","","","","","","","","","","","","","","","","","","","","","","","","","","","","","","","","","","","","","","","","","","","","","","","","","","","","","","","","","","","","","","","","","","","","","","","","","","","","","","","","","","","","","","","","","","","","","","","","","","","","","","","","","","",""
"54405001","NANCY-OCHEY",48.581,5.959833,336,1982070321,"","","","",4.,1,240,1,"","","","","","","","","","","","","","","","","","","","","","","","","","","","",16.1,1,15.3,1,"","","","","","","","","","","","","","","","","","","","","","","","","","",98,1,"","","","","","","","","","","","",17.9,1,1013.9,1,"","","","","","","","","","","","","","","","","","","","","","","","","","","","","","","","","","","","","","","","","","","","","","","","","","","","","","","","","","","","","","","","","","","","","","","","","","","","","","","","","","","","","","","","","","","","","","","","","","","","","","","","","","","","","","","","","",""
"54405001","NANCY-OCHEY",48.581,5.959833,336,1982070400,"","","","",5.,1,300,1,"","","","","","","","","","","","","","","","","","","","","","","","","","","","",15.5,1,14.3,1,"","","","","","","","","","","","","","","","","","","","","","","","","","",96,1,"","","","","","","","","","","","",16.8,1,1014.5,1,"","","","","","","","","","","","","","","","","","","","","","","","","","","","","","","","","","","","","","","","","","","","","","","","","","","","","","","","","","","","","","","","","","","","","","","","","","","","","","","","","","","","","","","","","","","","","","","","","","","","","","","","","","","","","","","","","",""
"54405001","NANCY-OCHEY",48.581,5.959833,336,1982070403,"","","","",3.,1,300,1,"","","","","","","","","","","","","","","","","","","","","","","","","","","","",13.,1,11.9,1,"","","","","","","","","","","","","","","","","","","","","","","","","","",96,1,"","","","","","","","","","","","",14.3,1,1017.,1,"","","","","","","","","","","","","","","","","","","","","","","","","","","","","","","","","","","","","","","","","","","","","","","","","","","","","","","","","","","","","","","","","","","","","","","","","","","","","","","","","","","","","","","","","","","","","","","","","","","","","","","","","","","","","","","","","",""
"54405001","NANCY-OCHEY",48.581,5.959833,336,1982070406,"","","","",5.,1,260,1,"","","","","","","","","","","","","","","","","","","","","","","","","","","","",12.,1,10.6,1,"","","","","","","","","","","","","","","","","","","","","","","","","","",93,1,"","","","","","","","","","","","",13.1,1,1021.,1,"","","","","","",2,1,0,1,2,1,0,1,0,1,"","","","","","","","","","","","","","","","","","","","","","","","",12000,1,"","",1,1,1,1,"","",0,1,"","","","","","","","","","","","","","","","","","","","","","","","","","","","","","","","","","","","","","","","","","","","","","","","","","","","","","","","","","","","","",""
"54405001","NANCY-OCHEY",48.581,5.959833,336,1982070409,"","","","",4.,1,260,1,"","","","","","","","","","","","","","","","","","","","","","","","","","","","",15.7,1,10.6,1,"","","","","","","","","","","","","","","","","","","","","","","","","","",73,1,"","","","","","","","","","","","",13.1,1,1023.1,1,"","","","","","",5,1,0,1,2,1,0,1,1,1,"","","","","","","","","","","","","","","","","","","","","","","","",20000,1,"","",3,1,1,1,"","","","","","","","","","","","","","","","","","","","","","","","","","","","","","","","","","","","","","","","","","","","","","","","","","","","","","","","","","","","","","","","","",""
"54405001","NANCY-OCHEY",48.581,5.959833,336,1982070412,"","","","",5.,1,260,1,"","","","","","","","","","","","","","","","","","","","","","","","","","","","",18.8,1,10.5,1,"","","","","","","","","","","","","","","","","","","","","","","","","","",60,1,"","","","","","","","","","","","",13.,1,1022.5,1,"","","","","","",5,1,5,1,2,1,0,1,0,1,"","","","","","","","","","","","","","","","","","","","","","","","",25000,1,"","",1,1,2,1,"","","","","","","","","","","","","","","","","","","","","","","","","","","","","","","","","","","","","","","","","","","","","","","","","","","","","","","","","","","","","","","","","",""
"54405001","NANCY-OCHEY",48.581,5.959833,336,1982070415,"","","","",4.,1,280,1,"","","","","","","","","","","","","","","","","","","","","","","","","","","","",19.8,1,10.1,1,"","","","","","","","","","","","","","","","","","","","","","","","","","",55,1,"","","","","","","","","","","","",12.6,1,1021.8,1,"","","","","","","","","","","","","","","","","","","","","","","","","","","","","","","","","","","","","","","","","","","","","","","","","","","","","","","","","","","","","","","","","","","","","","","","","","","","","","","","","","","","","","","","","","","","","","","","","","","","","","","","","","","","","","","","","",""
"54405001","NANCY-OCHEY",48.581,5.959833,336,1982070418,"","","","",4.,1,300,1,"","","","","","","","","","","","","","","","","","","","","","","","","","","","",18.5,1,10.2,1,"","","","","","","","","","","","","","","","","","","","","","","","","","",60,1,"","","","","","","","","","","","",12.7,1,1021.8,1,"","","","","","","","","","","","","","","","","","","","","","","","","","","","","","","","","","","","","","","","","","","","","","","","","","","","","","","","","","","","","","","","","","","","","","","","","","","","","","","","","","","","","","","","","","","","","","","","","","","","","","","","","","","","","","","","","",""
"54405001","NANCY-OCHEY",48.581,5.959833,336,1982070421,"","","","",1.,1,200,1,"","","","","","","","","","","","","","","","","","","","","","","","","","","","",16.2,1,11.4,1,"","","","","","","","","","","","","","","","","","","","","","","","","","",75,1,"","","","","","","","","","","","",13.8,1,1022.8,1,"","","","","","","","","","","","","","","","","","","","","","","","","","","","","","","","","","","","","","","","","","","","","","","","","","","","","","","","","","","","","","","","","","","","","","","","","","","","","","","","","","","","","","","","","","","","","","","","","","","","","","","","","","","","","","","","","",""
"54405001","NANCY-OCHEY",48.581,5.959833,336,1982070500,"","","","",2.,1,180,1,"","","","","","","","","","","","","","","","","","","","","","","","","","","","",14.1,1,11.1,1,"","","","","","","","","","","","","","","","","","","","","","","","","","",84,1,"","","","","","","","","","","","",13.5,1,1023.2,1,"","","","","","","","","","","","","","","","","","","","","","","","","","","","","","","","","","","","","","","","","","","","","","","","","","","","","","","","","","","","","","","","","","","","","","","","","","","","","","","","","","","","","","","","","","","","","","","","","","","","","","","","","","","","","","","","","",""
"54405001","NANCY-OCHEY",48.581,5.959833,336,1982070503,"","","","",2.,1,320,1,"","","","","","","","","","","","","","","","","","","","","","","","","","","","",10.8,1,8.5,1,"","","","","","","","","","","","","","","","","","","","","","","","","","",88,1,"","","","","","","","","","","","",11.3,1,1023.8,1,"","","","","","","","","","","","","","","","","","","","","","","","","","","","","","","","","","","","","","","","","","","","","","","","","","","","","","","","","","","","","","","","","","","","","","","","","","","","","","","","","","","","","","","","","","","","","","","","","","","","","","","","","","","","","","","","","",""
"54405001","NANCY-OCHEY",48.581,5.959833,336,1982070506,"","","","",1.,1,200,1,"","","","","","","","","","","","","","","","","","","","","","","","","","","","",12.5,1,9.8,1,"","","","","","","","","","","","","","","","","","","","","","","","","","",85,1,"","","","","","","","","","","","",12.4,1,1023.8,1,"","","","","","",3,1,0,1,0,1,3,1,1,1,"","","","","","","","","","","","","","","","","","","","","","","","",18000,1,"","",3,1,0,1,"","",0,1,"","","","","","","","","","","","","","","","","","","","","","","","","","","","","","","","","","","","","","","","","","","","","","","","","","","","","","","","","","","","","",""
"54405001","NANCY-OCHEY",48.581,5.959833,336,1982070509,"","","","",1.,1,100,1,"","","","","","","","","","","","","","","","","","","","","","","","","","","","",17.,1,10.6,1,"","","","","","","","","","","","","","","","","","","","","","","","","","",68,1,"","","","","","","","","","","","",13.1,1,1023.5,1,"","","","","","",5,1,0,1,2,1,5,1,1,1,"","","","","","","","","","","","","","","","","","","","","","","","",24000,1,"","",3,1,2,1,"","","","","","","","","","","","","","","","","","","","","","","","","","","","","","","","","","","","","","","","","","","","","","","","","","","","","","","","","","","","","","","","","",""
"54405001","NANCY-OCHEY",48.581,5.959833,336,1982070512,"","","","",1.,1,240,1,"","","","","","","","","","","","","","","","","","","","","","","","","","","","",20.,1,9.3,1,"","","","","","","","","","","","","","","","","","","","","","","","","","",51,1,"","","","","","","","","","","","",12.,1,1023.,1,"","","","","","",6,1,5,1,2,1,3,1,0,1,"","","","","","","","","","","","","","","","","","","","","","","","",24000,1,"","",2,1,2,1,"","","","","","","","","","","","","","","","","","","","","","","","","","","","","","","","","","","","","","","","","","","","","","","","","","","","","","","","","","","","","","","","","",""
"54405001","NANCY-OCHEY",48.581,5.959833,336,1982070515,"","","","",1.,1,280,1,"","","","","","","","","","","","","","","","","","","","","","","","","","","","",22.,1,11.5,1,"","","","","","","","","","","","","","","","","","","","","","","","","","",52,1,"","","","","","","","","","","","",13.9,1,1021.8,1,"","","","","","",3,1,0,1,2,1,0,1,1,1,"","","","","","","","","","","","","","","","","","","","","","","","",24000,1,"","",3,1,0,1,"","","","","","","","","","","","","","","","","","","","","","","","","","","","","","","","","","","","","","","","","","","","","","","","","","","","","","","","","","","","","","","","","",""
"54405001","NANCY-OCHEY",48.581,5.959833,336,1982070518,"","","","",3.,1,340,1,"","","","","","","","","","","","","","","","","","","","","","","","","","","","",21.5,1,11.3,1,"","","","","","","","","","","","","","","","","","","","","","","","","","",53,1,"","","","","","","","","","","","",13.7,1,1020.5,1,"","","","","","",2,1,0,1,0,1,0,1,1,1,"","","","","","","","","","","","","","","","","","","","","","","","",24000,1,"","",1,1,0,1,"","","","","","","","","","","","","","","","","","","","","","","","","","","","","","","","","","","","","","","","","","","","","","","","","","","","","","","","","","","","","","","","","",""
"54405001","NANCY-OCHEY",48.581,5.959833,336,1982070521,"","","","",1.,1,40,1,"","","","","","","","","","","","","","","","","","","","","","","","","","","","",16.5,1,11.4,1,"","","","","","","","","","","","","","","","","","","","","","","","","","",74,1,"","","","","","","","","","","","",13.8,1,1021.5,1,"","","","","","","","","","","","","","","","","","","","","","","","","","","","","","","","","","","","","","","","","","","","","","","","","","","","","","","","","","","","","","","","","","","","","","","","","","","","","","","","","","","","","","","","","","","","","","","","","","","","","","","","","","","","","","","","","",""
"54405001","NANCY-OCHEY",48.581,5.959833,336,1982070600,"","","","",2.,1,140,1,"","","","","","","","","","","","","","","","","","","","","","","","","","","","",13.5,1,9.7,1,"","","","","","","","","","","","","","","","","","","","","","","","","","",80,1,"","","","","","","","","","","","",12.3,1,1022.,1,"","","","","","","","","","","","","","","","","","","","","","","","","","","","","","","","","","","","","","","","","","","","","","","","","","","","","","","","","","","","","","","","","","","","","","","","","","","","","","","","","","","","","","","","","","","","","","","","","","","","","","","","","","","","","","","","","",""
"54405001","NANCY-OCHEY",48.581,5.959833,336,1982070603,"","","","",2.,1,160,1,"","","","","","","","","","","","","","","","","","","","","","","","","","","","",13.,1,9.9,1,"","","","","","","","","","","","","","","","","","","","","","","","","","",84,1,"","","","","","","","","","","","",12.5,1,1021.7,1,"","","","","","","","","","","","","","","","","","","","","","","","","","","","","","","","","","","","","","","","","","","","","","","","","","","","","","","","","","","","","","","","","","","","","","","","","","","","","","","","","","","","","","","","","","","","","","","","","","","","","","","","","","","","","","","","","",""
"54405001","NANCY-OCHEY",48.581,5.959833,336,1982070606,"","","","",3.,1,160,1,"","","","","","","","","","","","","","","","","","","","","","","","","","","","",14.2,1,10.9,1,"","","","","","","","","","","","","","","","","","","","","","","","","","",83,1,"","","","","","","","","","","","",13.4,1,1020.9,1,"","","","","","",6,1,6,1,0,1,0,1,1,1,"","","","","","","","","","","","","","","","","","","","","","","","",20000,1,"","",3,1,1,1,"","",0,1,"","","","","","","","","","","","","","","","","","","","","","","","","","","","","","","","","","","","","","","","","","","","","","","","","","","","","","","","","","","","","",""
"54405001","NANCY-OCHEY",48.581,5.959833,336,1982070609,"","","","",3.,1,240,1,"","","","","","","","","","","","","","","","","","","","","","","","","","","","",21.3,1,13.7,1,"","","","","","","","","","","","","","","","","","","","","","","","","","",63,1,"","","","","","","","","","","","",16.1,1,1019.9,1,"","","","","","",5,1,5,1,0,1,0,1,2,1,"","","","","","","","","","","","","","","","","","","","","","","","",20000,1,"","",2,1,2,1,"","","","","","","","","","","","","","","","","","","","","","","","","","","","","","","","","","","","","","","","","","","","","","","","","","","","","","","","","","","","","","","","","",""
"54405001","NANCY-OCHEY",48.581,5.959833,336,1982070612,"","","","",4.,1,260,1,"","","","","","","","","","","","","","","","","","","","","","","","","","","","",23.7,1,11.9,1,"","","","","","","","","","","","","","","","","","","","","","","","","","",49,1,"","","","","","","","","","","","",14.3,1,1018.8,1,"","","","","","",7,1,6,1,0,1,3,1,2,1,"","","","","","","","","","","","","","","","","","","","","","","","",25000,1,"","",1,1,2,1,"","","","","","","","","","","","","","","","","","","","","","","","","","","","","","","","","","","","","","","","","","","","","","","","","","","","","","","","","","","","","","","","","",""
"54405001","NANCY-OCHEY",48.581,5.959833,336,1982070615,"","","","",5.,1,280,1,"","","","","","","","","","","","","","","","","","","","","","","","","","","","",23.8,1,11.2,1,"","","","","","","","","","","","","","","","","","","","","","","","","","",46,1,"","","","","","","","","","","","",13.6,1,1018.4,1,"","","","","","",7,1,7,1,0,1,3,1,8,1,"","","","","","","","","","","","","","","","","","","","","","","","",25000,1,"","",2,1,2,1,"","","","","","","","","","","","","","","","","","","","","","","","","","","","","","","","","","","","","","","","","","","","","","","","","","","","","","","","","","","","","","","","","",""
"54405001","NANCY-OCHEY",48.581,5.959833,336,1982070618,"","","","",3.,1,280,1,"","","","","","","","","","","","","","","","","","","","","","","","","","","","",21.8,1,14.,1,"","","","","","","","","","","","","","","","","","","","","","","","","","",63,1,"","","","","","","","","","","","",16.5,1,1018.6,1,"","","","","","",7,1,5,1,0,1,3,1,2,1,"","","","","","","","","","","","","","","","","","","","","","","","",25000,1,"","",3,1,2,1,"","","","","","","","","","","","","","","","","","","","","","","","","","","","","","","","","","","","","","","","","","","","","","","","","","","","","","","","","","","","","","","","","",""
"54405001","NANCY-OCHEY",48.581,5.959833,336,1982070621,"","","","",2.,1,300,1,"","","","","","","","","","","","","","","","","","","","","","","","","","","","",18.2,1,14.4,1,"","","","","","","","","","","","","","","","","","","","","","","","","","",81,1,"","","","","","","","","","","","",16.9,1,1020.1,1,"","","","","","","","","","","","","","","","","","","","","","","","","","","","","","","","","","","","","","","","","","","","","","","","","","","","","","","","","","","","","","","","","","","","","","","","","","","","","","","","","","","","","","","","","","","","","","","","","","","","","","","","","","","","","","","","","",""
"54405001","NANCY-OCHEY",48.581,5.959833,336,1982070700,"","","","",3.,1,320,1,"","","","","","","","","","","","","","","","","","","","","","","","","","","","",14.6,1,12.2,1,"","","","","","","","","","","","","","","","","","","","","","","","","","",88,1,"","","","","","","","","","","","",14.6,1,1020.9,1,"","","","","","","","","","","","","","","","","","","","","","","","","","","","","","","","","","","","","","","","","","","","","","","","","","","","","","","","","","","","","","","","","","","","","","","","","","","","","","","","","","","","","","","","","","","","","","","","","","","","","","","","","","","","","","","","","",""
"54405001","NANCY-OCHEY",48.581,5.959833,336,1982070703,"","","","",3.,1,220,1,"","","","","","","","","","","","","","","","","","","","","","","","","","","","",12.1,1,10.3,1,"","","","","","","","","","","","","","","","","","","","","","","","","","",91,1,"","","","","","","","","","","","",12.8,1,1021.5,1,"","","","","","","","","","","","","","","","","","","","","","","","","","","","","","","","","","","","","","","","","","","","","","","","","","","","","","","","","","","","","","","","","","","","","","","","","","","","","","","","","","","","","","","","","","","","","","","","","","","","","","","","","","","","","","","","","",""
"54405001","NANCY-OCHEY",48.581,5.959833,336,1982070706,"","","","",1.,1,300,1,"","","","","","","","","","","","","","","","","","","","","","","","","","","","",15.,1,12.7,1,"","","","","","","","","","","","","","","","","","","","","","","","","","",89,1,"","","","","","","","","","","","",15.1,1,1022.1,1,"","","","","","",4,1,0,1,8,1,0,1,1,1,"","","","","","","","","","","","","","","","","","","","","","","","",18000,1,"","",1,1,1,1,"","",0,1,"","","","","","","","","","","","","","","","","","","","","","","","","","","","","","","","","","","","","","","","","","","","","","","","","","","","","","","","","","","","","",""
"54405001","NANCY-OCHEY",48.581,5.959833,336,1982070709,"","","","",2.,1,360,1,"","","","","","","","","","","","","","","","","","","","","","","","","","","","",19.3,1,13.1,1,"","","","","","","","","","","","","","","","","","","","","","","","","","",69,1,"","","","","","","","","","","","",15.5,1,1021.6,1,"","","","","","",5,1,5,1,2,1,0,1,0,1,"","","","","","","","","","","","","","","","","","","","","","","","",25000,1,"","",3,1,1,1,"","","","","","","","","","","","","","","","","","","","","","","","","","","","","","","","","","","","","","","","","","","","","","","","","","","","","","","","","","","","","","","","","",""
"54405001","NANCY-OCHEY",48.581,5.959833,336,1982070712,"","","","",2.,1,20,1,"","","","","","","","","","","","","","","","","","","","","","","","","","","","",21.2,1,12.9,1,"","","","","","","","","","","","","","","","","","","","","","","","","","",61,1,"","","","","","","","","","","","",15.3,1,1021.8,1,"","","","","","",5,1,5,1,2,1,0,1,0,1,"","","","","","","","","","","","","","","","","","","","","","","","",25000,1,"","",1,1,2,1,"","","","","","","","","","","","","","","","","","","","","","","","","","","","","","","","","","","","","","","","","","","","","","","","","","","","","","","","","","","","","","","","","",""
"54405001","NANCY-OCHEY",48.581,5.959833,336,1982070715,"","","","",2.,1,340,1,"","","","","","","","","","","","","","","","","","","","","","","","","","","","",23.2,1,13.1,1,"","","","","","","","","","","","","","","","","","","","","","","","","","",54,1,"","","","","","","","","","","","",15.5,1,1021.6,1,"","","","","","",2,1,0,1,2,1,0,1,0,1,"","","","","","","","","","","","","","","","","","","","","","","","",25000,1,"","",1,1,0,1,"","","","","","","","","","","","","","","","","","","","","","","","","","","","","","","","","","","","","","","","","","","","","","","","","","","","","","","","","","","","","","","","","",""
"54405001","NANCY-OCHEY",48.581,5.959833,336,1982070718,"","","","",3.,1,20,1,"","","","","","","","","","","","","","","","","","","","","","","","","","","","",22.7,1,13.6,1,"","","","","","","","","","","","","","","","","","","","","","","","","","",58,1,"","","","","","","","","","","","",16.,1,1021.3,1,"","","","","","",1,1,0,1,1,1,0,1,0,1,"","","","","","","","","","","","","","","","","","","","","","","","",25000,1,"","",2,1,0,1,"","","","","","","","","","","","","","","","","","","","","","","","","","","","","","","","","","","","","","","","","","","","","","","","","","","","","","","","","","","","","","","","","",""
"54405001","NANCY-OCHEY",48.581,5.959833,336,1982070721,"","","","",3.,1,80,1,"","","","","","","","","","","","","","","","","","","","","","","","","","","","",18.3,1,14.3,1,"","","","","","","","","","","","","","","","","","","","","","","","","","",80,1,"","","","","","","","","","","","",16.8,1,1022.4,1,"","","","","","","","","","","","","","","","","","","","","","","","","","","","","","","","","","","","","","","","","","","","","","","","","","","","","","","","","","","","","","","","","","","","","","","","","","","","","","","","","","","","","","","","","","","","","","","","","","","","","","","","","","","","","","","","","",""
"54405001","NANCY-OCHEY",48.581,5.959833,336,1982070800,"","","","",1.,1,80,1,"","","","","","","","","","","","","","","","","","","","","","","","","","","","",16.2,1,12.6,1,"","","","","","","","","","","","","","","","","","","","","","","","","","",81,1,"","","","","","","","","","","","",14.9,1,1023.9,1,"","","","","","","","","","","","","","","","","","","","","","","","","","","","","","","","","","","","","","","","","","","","","","","","","","","","","","","","","","","","","","","","","","","","","","","","","","","","","","","","","","","","","","","","","","","","","","","","","","","","","","","","","","","","","","","","","",""
"54405001","NANCY-OCHEY",48.581,5.959833,336,1982070803,"","","","",2.,1,300,1,"","","","","","","","","","","","","","","","","","","","","","","","","","","","",12.2,1,11.,1,"","","","","","","","","","","","","","","","","","","","","","","","","","",95,1,"","","","","","","","","","","","",13.4,1,1023.6,1,"","","","","","","","","","","","","","","","","","","","","","","","","","","","","","","","","","","","","","","","","","","","","","","","","","","","","","","","","","","","","","","","","","","","","","","","","","","","","","","","","","","","","","","","","","","","","","","","","","","","","","","","","","","","","","","","","",""
"54405001","NANCY-OCHEY",48.581,5.959833,336,1982070806,"","","","",2.,1,60,1,"","","","","","","","","","","","","","","","","","","","","","","","","","","","",12.8,1,11.9,1,"","","","","","","","","","","","","","","","","","","","","","","","","","",96,1,"","","","","","","","","","","","",14.2,1,1023.9,1,"","","","","","",0,1,"","",0,1,0,1,0,1,"","","","","","","","","","","","","","","","","","","","","","","","",2500,1,"","",10,1,4,1,"","",0,1,"","","","","","","","","","","","","","","","","","","","","","","","","","","","","","","","","","","","","","","","","","","","","","","","","","","","","","","","","","","","","",""
"54405001","NANCY-OCHEY",48.581,5.959833,336,1982070809,"","","","",3.,1,60,1,"","","","","","","","","","","","","","","","","","","","","","","","","","","","",21.9,1,12.9,1,"","","","","","","","","","","","","","","","","","","","","","","","","","",57,1,"","","","","","","","","","","","",15.2,1,1022.7,1,"","","","","","",0,1,"","",0,1,0,1,0,1,"","","","","","","","","","","","","","","","","","","","","","","","",8000,1,"","",2,1,0,1,"","","","","","","","","","","","","","","","","","","","","","","","","","","","","","","","","","","","","","","","","","","","","","","","","","","","","","","","","","","","","","","","","",""
"54405001","NANCY-OCHEY",48.581,5.959833,336,1982070812,"","","","",6.,1,80,1,"","","","","","","","","","","","","","","","","","","","","","","","","","","","",24.8,1,12.8,1,"","","","","","","","","","","","","","","","","","","","","","","","","","",48,1,"","","","","","","","","","","","",15.1,1,1022.,1,"","","","","","",0,1,"","",0,1,0,1,0,1,"","","","","","","","","","","","","","","","","","","","","","","","",12000,1,"","",2,1,0,1,"","","","","","","","","","","","","","","","","","","","","","","","","","","","","","","","","","","","","","","","","","","","","","","","","","","","","","","","","","","","","","","","","",""
"54405001","NANCY-OCHEY",48.581,5.959833,336,1982070815,"","","","",5.,1,60,1,"","","","","","","","","","","","","","","","","","","","","","","","","","","","",26.8,1,12.9,1,"","","","","","","","","","","","","","","","","","","","","","","","","","",43,1,"","","","","","","","","","","","",15.2,1,1020.8,1,"","","","","","",0,1,"","",0,1,0,1,0,1,"","","","","","","","","","","","","","","","","","","","","","","","",13000,1,"","",2,1,0,1,"","","","","","","","","","","","","","","","","","","","","","","","","","","","","","","","","","","","","","","","","","","","","","","","","","","","","","","","","","","","","","","","","",""
"54405001","NANCY-OCHEY",48.581,5.959833,336,1982070818,"","","","",3.,1,60,1,"","","","","","","","","","","","","","","","","","","","","","","","","","","","",26.,1,12.,1,"","","","","","","","","","","","","","","","","","","","","","","","","","",43,1,"","","","","","","","","","","","",14.3,1,1019.7,1,"","","","","","",0,1,"","",0,1,0,1,0,1,"","","","","","","","","","","","","","","","","","","","","","","","",14000,1,"","",2,1,0,1,"","","","","","","","","","","","","","","","","","","","","","","","","","","","","","","","","","","","","","","","","","","","","","","","","","","","","","","","","","","","","","","","","",""
"54405001","NANCY-OCHEY",48.581,5.959833,336,1982070821,"","","","",6.,1,80,1,"","","","","","","","","","","","","","","","","","","","","","","","","","","","",21.7,1,10.8,1,"","","","","","","","","","","","","","","","","","","","","","","","","","",51,1,"","","","","","","","","","","","",13.2,1,1019.4,1,"","","","","","","","","","","","","","","","","","","","","","","","","","","","","","","","","","","","","","","","","","","","","","","","","","","","","","","","","","","","","","","","","","","","","","","","","","","","","","","","","","","","","","","","","","","","","","","","","","","","","","","","","","","","","","","","","",""
"54405001","NANCY-OCHEY",48.581,5.959833,336,1982070900,"","","","",2.,1,80,1,"","","","","","","","","","","","","","","","","","","","","","","","","","","","",18.3,1,10.1,1,"","","","","","","","","","","","","","","","","","","","","","","","","","",60,1,"","","","","","","","","","","","",12.6,1,1019.2,1,"","","","","","","","","","","","","","","","","","","","","","","","","","","","","","","","","","","","","","","","","","","","","","","","","","","","","","","","","","","","","","","","","","","","","","","","","","","","","","","","","","","","","","","","","","","","","","","","","","","","","","","","","","","","","","","","","",""
"54405001","NANCY-OCHEY",48.581,5.959833,336,1982070903,"","","","",1.,1,260,1,"","","","","","","","","","","","","","","","","","","","","","","","","","","","",14.6,1,9.6,1,"","","","","","","","","","","","","","","","","","","","","","","","","","",74,1,"","","","","","","","","","","","",12.2,1,1019.1,1,"","","","","","","","","","","","","","","","","","","","","","","","","","","","","","","","","","","","","","","","","","","","","","","","","","","","","","","","","","","","","","","","","","","","","","","","","","","","","","","","","","","","","","","","","","","","","","","","","","","","","","","","","","","","","","","","","",""
"54405001","NANCY-OCHEY",48.581,5.959833,336,1982070906,"","","","",3.,1,120,1,"","","","","","","","","","","","","","","","","","","","","","","","","","","","",17.3,1,12.2,1,"","","","","","","","","","","","","","","","","","","","","","","","","","",74,1,"","","","","","","","","","","","",14.6,1,1018.3,1,"","","","","","",0,1,"","",0,1,0,1,0,1,"","","","","","","","","","","","","","","","","","","","","","","","",10000,1,"","",2,1,0,1,"","",0,1,"","","","","","","","","","","","","","","","","","","","","","","","","","","","","","","","","","","","","","","","","","","","","","","","","","","","","","","","","","","","","",""
"54405001","NANCY-OCHEY",48.581,5.959833,336,1982070909,"","","","",3.,1,140,1,"","","","","","","","","","","","","","","","","","","","","","","","","","","","",24.,1,15.1,1,"","","","","","","","","","","","","","","","","","","","","","","","","","",59,1,"","","","","","","","","","","","",17.7,1,1017.2,1,"","","","","","",0,1,"","",0,1,0,1,0,1,"","","","","","","","","","","","","","","","","","","","","","","","",13000,1,"","",2,1,0,1,"","","","","","","","","","","","","","","","","","","","","","","","","","","","","","","","","","","","","","","","","","","","","","","","","","","","","","","","","","","","","","","","","",""
"54405001","NANCY-OCHEY",48.581,5.959833,336,1982070912,"","","","",5.,1,160,1,"","","","","","","","","","","","","","","","","","","","","","","","","","","","",28.5,1,17.3,1,"","","","","","","","","","","","","","","","","","","","","","","","","","",52,1,"","","","","","","","","","","","",20.4,1,1016.,1,"","","","","","",0,1,"","",0,1,0,1,0,1,"","","","","","","","","","","","","","","","","","","","","","","","",15000,1,"","",2,1,0,1,"","","","","","","","","","","","","","","","","","","","","","","","","","","","","","","","","","","","","","","","","","","","","","","","","","","","","","","","","","","","","","","","","",""
"54405001","NANCY-OCHEY",48.581,5.959833,336,1982070915,"","","","",5.,1,180,1,"","","","","","","","","","","","","","","","","","","","","","","","","","","","",30.5,1,16.6,1,"","","","","","","","","","","","","","","","","","","","","","","","","","",44,1,"","","","","","","","","","","","",19.6,1,1015.2,1,"","","","","","",0,1,"","",0,1,0,1,0,1,"","","","","","","","","","","","","","","","","","","","","","","","",15000,1,"","",2,1,0,1,"","","","","","","","","","","","","","","","","","","","","","","","","","","","","","","","","","","","","","","","","","","","","","","","","","","","","","","","","","","","","","","","","",""
"54405001","NANCY-OCHEY",48.581,5.959833,336,1982070918,"","","","",2.,1,180,1,"","","","","","","","","","","","","","","","","","","","","","","","","","","","",29.,1,19.3,1,"","","","","","","","","","","","","","","","","","","","","","","","","","",58,1,"","","","","","","","","","","","",23.2,1,1015.,1,"","","","","","",0,1,"","",0,1,0,1,0,1,"","","","","","","","","","","","","","","","","","","","","","","","",15000,1,"","",2,1,0,1,"","","","","","","","","","","","","","","","","","","","","","","","","","","","","","","","","","","","","","","","","","","","","","","","","","","","","","","","","","","","","","","","","",""
"54405001","NANCY-OCHEY",48.581,5.959833,336,1982070921,"","","","",5.,1,280,1,"","","","","","","","","","","","","","","","","","","","","","","","","","","","",24.5,1,19.7,1,"","","","","","","","","","","","","","","","","","","","","","","","","","",78,1,"","","","","","","","","","","","",23.9,1,1017.5,1,"","","","","","","","","","","","","","","","","","","","","","","","","","","","","","","","","","","","","","","","","","","","","","","","","","","","","","","","","","","","","","","","","","","","","","","","","","","","","","","","","","","","","","","","","","","","","","","","","","","","","","","","","","","","","","","","","",""
"54405001","NANCY-OCHEY",48.581,5.959833,336,1982071000,"","","","",4.,1,280,1,"","","","","","","","","","","","","","","","","","","","","","","","","","","","",22.6,1,19.5,1,"","","","","","","","","","","","","","","","","","","","","","","","","","",86,1,"","","","","","","","","","","","",23.5,1,1018.8,1,"","","","","","","","","","","","","","","","","","","","","","","","","","","","","","","","","","","","","","","","","","","","","","","","","","","","","","","","","","","","","","","","","","","","","","","","","","","","","","","","","","","","","","","","","","","","","","","","","","","","","","","","","","","","","","","","","",""
"54405001","NANCY-OCHEY",48.581,5.959833,336,1982071003,"","","","",0.,1,0,1,"","","","","","","","","","","","","","","","","","","","","","","","","","","","",18.9,1,16.1,1,"","","","","","","","","","","","","","","","","","","","","","","","","","",87,1,"","","","","","","","","","","","",18.9,1,1020.8,1,"","","","","","","","","","","","","","","","","","","","","","","","","","","","","","","","","","","","","","","","","","","","","","","","","","","","","","","","","","","","","","","","","","","","","","","","","","","","","","","","","","","","","","","","","","","","","","","","","","","","","","","","","","","","","","","","","",""
"54405001","NANCY-OCHEY",48.581,5.959833,336,1982071006,"","","","",1.,1,340,1,"","","","","","","","","","","","","","","","","","","","","","","","","","","","",18.,1,15.4,1,"","","","","","","","","","","","","","","","","","","","","","","","","","",87,1,"","","","","","","","","","","","",18.1,1,1022.3,1,"","","","","","",0,1,"","",0,1,0,1,0,1,"","","","","","","","","","","","","","","","","","","","","","","","",13000,1,"","",1,1,0,1,"","",0,1,"","","","","","","","","","","","","","","","","","","","","","","","","","","","","","","","","","","","","","","","","","","","","","","","","","","","","","","","","","","","","",""
"54405001","NANCY-OCHEY",48.581,5.959833,336,1982071009,"","","","",3.,1,40,1,"","","","","","","","","","","","","","","","","","","","","","","","","","","","",21.5,1,14.4,1,"","","","","","","","","","","","","","","","","","","","","","","","","","",66,1,"","","","","","","","","","","","",16.9,1,1021.5,1,"","","","","","",0,1,"","",0,1,0,1,0,1,"","","","","","","","","","","","","","","","","","","","","","","","",15000,1,"","",2,1,0,1,"","","","","","","","","","","","","","","","","","","","","","","","","","","","","","","","","","","","","","","","","","","","","","","","","","","","","","","","","","","","","","","","","",""
"54405001","NANCY-OCHEY",48.581,5.959833,336,1982071012,"","","","",3.,1,20,1,"","","","","","","","","","","","","","","","","","","","","","","","","","","","",25.2,1,15.8,1,"","","","","","","","","","","","","","","","","","","","","","","","","","",57,1,"","","","","","","","","","","","",18.5,1,1020.4,1,"","","","","","",2,1,0,1,2,1,0,1,0,1,"","","","","","","","","","","","","","","","","","","","","","","","",20000,1,"","",3,1,0,1,"","","","","","","","","","","","","","","","","","","","","","","","","","","","","","","","","","","","","","","","","","","","","","","","","","","","","","","","","","","","","","","","","",""
"54405001","NANCY-OCHEY",48.581,5.959833,336,1982071015,"","","","",3.,1,20,1,"","","","","","","","","","","","","","","","","","","","","","","","","","","","",26.,1,15.4,1,"","","","","","","","","","","","","","","","","","","","","","","","","","",54,1,"","","","","","","","","","","","",18.1,1,1019.3,1,"","","","","","","","","","","","","","","","","","","","","","","","","","","","","","","","","","","","","","","","","","","","","","","","","","","","","","","","","","","","","","","","","","","","","","","","","","","","","","","","","","","","","","","","","","","","","","","","","","","","","","","","","","","","","","","","","",""
"54405001","NANCY-OCHEY",48.581,5.959833,336,1982071018,"","","","",3.,1,40,1,"","","","","","","","","","","","","","","","","","","","","","","","","","","","",25.7,1,15.4,1,"","","","","","","","","","","","","","","","","","","","","","","","","","",55,1,"","","","","","","","","","","","",18.1,1,1018.1,1,"","","","","","","","","","","","","","","","","","","","","","","","","","","","","","","","","","","","","","","","","","","","","","","","","","","","","","","","","","","","","","","","","","","","","","","","","","","","","","","","","","","","","","","","","","","","","","","","","","","","","","","","","","","","","","","","","",""
"54405001","NANCY-OCHEY",48.581,5.959833,336,1982071021,"","","","",2.,1,40,1,"","","","","","","","","","","","","","","","","","","","","","","","","","","","",21.9,1,15.8,1,"","","","","","","","","","","","","","","","","","","","","","","","","","",71,1,"","","","","","","","","","","","",18.6,1,1018.6,1,"","","","","","","","","","","","","","","","","","","","","","","","","","","","","","","","","","","","","","","","","","","","","","","","","","","","","","","","","","","","","","","","","","","","","","","","","","","","","","","","","","","","","","","","","","","","","","","","","","","","","","","","","","","","","","","","","",""
"54405001","NANCY-OCHEY",48.581,5.959833,336,1982071100,"","","","",2.,1,300,1,"","","","","","","","","","","","","","","","","","","","","","","","","","","","",19.5,1,15.8,1,"","","","","","","","","","","","","","","","","","","","","","","","","","",82,1,"","","","","","","","","","","","",18.5,1,1018.9,1,"","","","","","","","","","","","","","","","","","","","","","","","","","","","","","","","","","","","","","","","","","","","","","","","","","","","","","","","","","","","","","","","","","","","","","","","","","","","","","","","","","","","","","","","","","","","","","","","","","","","","","","","","","","","","","","","","",""
"54405001","NANCY-OCHEY",48.581,5.959833,336,1982071103,"","","","",2.,1,360,1,"","","","","","","","","","","","","","","","","","","","","","","","","","","","",17.2,1,14.8,1,"","","","","","","","","","","","","","","","","","","","","","","","","","",89,1,"","","","","","","","","","","","",17.4,1,1018.8,1,"","","","","","","","","","","","","","","","","","","","","","","","","","","","","","","","","","","","","","","","","","","","","","","","","","","","","","","","","","","","","","","","","","","","","","","","","","","","","","","","","","","","","","","","","","","","","","","","","","","","","","","","","","","","","","","","","",""
"54405001","NANCY-OCHEY",48.581,5.959833,336,1982071106,"","","","",2.,1,320,1,"","","","","","","","","","","","","","","","","","","","","","","","","","","","",17.2,1,15.3,1,"","","","","","","","","","","","","","","","","","","","","","","","","","",91,1,"","","","","","","","","","","","",17.9,1,1018.2,1,"","","","","","",2,1,0,1,0,1,0,1,1,1,"","","","","","","","","","","","","","","","","","","","","","","","",8000,1,"","",2,1,0,1,"","",0,1,"","","","","","","","","","","","","","","","","","","","","","","","","","","","","","","","","","","","","","","","","","","","","","","","","","","","","","","","","","","","","",""
"54405001","NANCY-OCHEY",48.581,5.959833,336,1982071109,"","","","",3.,1,60,1,"","","","","","","","","","","","","","","","","","","","","","","","","","","","",23.9,1,18.3,1,"","","","","","","","","","","","","","","","","","","","","","","","","","",73,1,"","","","","","","","","","","","",21.8,1,1017.,1,"","","","","","",2,1,0,1,0,1,0,1,1,1,"","","","","","","","","","","","","","","","","","","","","","","","",7000,1,"","",2,1,0,1,"","","","","","","","","","","","","","","","","","","","","","","","","","","","","","","","","","","","","","","","","","","","","","","","","","","","","","","","","","","","","","","","","",""
"54405001","NANCY-OCHEY",48.581,5.959833,336,1982071112,"","","","",4.,1,60,1,"","","","","","","","","","","","","","","","","","","","","","","","","","","","",27.8,1,19.6,1,"","","","","","","","","","","","","","","","","","","","","","","","","","",63,1,"","","","","","","","","","","","",23.7,1,1015.7,1,"","","","","","",3,1,0,1,0,1,0,1,1,1,"","","","","","","","","","","","","","","","","","","","","","","","",7000,1,"","",2,1,0,1,"","","","","","","","","","","","","","","","","","","","","","","","","","","","","","","","","","","","","","","","","","","","","","","","","","","","","","","","","","","","","","","","","",""
"54405001","NANCY-OCHEY",48.581,5.959833,336,1982071115,"","","","",6.,1,60,1,"","","","","","","","","","","","","","","","","","","","","","","","","","","","",28.8,1,17.9,1,"","","","","","","","","","","","","","","","","","","","","","","","","","",54,1,"","","","","","","","","","","","",21.3,1,1014.2,1,"","","","","","","","","","","","","","","","","","","","","","","","","","","","","","","","","","","","","","","","","","","","","","","","","","","","","","","","","","","","","","","","","","","","","","","","","","","","","","","","","","","","","","","","","","","","","","","","","","","","","","","","","","","","","","","","","",""
"54405001","NANCY-OCHEY",48.581,5.959833,336,1982071118,"","","","",6.,1,80,1,"","","","","","","","","","","","","","","","","","","","","","","","","","","","",26.9,1,15.4,1,"","","","","","","","","","","","","","","","","","","","","","","","","","",51,1,"","","","","","","","","","","","",18.,1,1013.8,1,"","","","","","","","","","","","","","","","","","","","","","","","","","","","","","","","","","","","","","","","","","","","","","","","","","","","","","","","","","","","","","","","","","","","","","","","","","","","","","","","","","","","","","","","","","","","","","","","","","","","","","","","","","","","","","","","","",""
"54405001","NANCY-OCHEY",48.581,5.959833,336,1982071121,"","","","",5.,1,80,1,"","","","","","","","","","","","","","","","","","","","","","","","","","","","",23.7,1,12.2,1,"","","","","","","","","","","","","","","","","","","","","","","","","","",50,1,"","","","","","","","","","","","",14.6,1,1014.4,1,"","","","","","","","","","","","","","","","","","","","","","","","","","","","","","","","","","","","","","","","","","","","","","","","","","","","","","","","","","","","","","","","","","","","","","","","","","","","","","","","","","","","","","","","","","","","","","","","","","","","","","","","","","","","","","","","","",""
"54405001","NANCY-OCHEY",48.581,5.959833,336,1982071200,"","","","",1.,1,300,1,"","","","","","","","","","","","","","","","","","","","","","","","","","","","",20.5,1,10.7,1,"","","","","","","","","","","","","","","","","","","","","","","","","","",55,1,"","","","","","","","","","","","",13.2,1,1014.6,1,"","","","","","","","","","","","","","","","","","","","","","","","","","","","","","","","","","","","","","","","","","","","","","","","","","","","","","","","","","","","","","","","","","","","","","","","","","","","","","","","","","","","","","","","","","","","","","","","","","","","","","","","","","","","","","","","","",""
"54405001","NANCY-OCHEY",48.581,5.959833,336,1982071203,"","","","",2.,1,320,1,"","","","","","","","","","","","","","","","","","","","","","","","","","","","",18.2,1,11.8,1,"","","","","","","","","","","","","","","","","","","","","","","","","","",68,1,"","","","","","","","","","","","",14.2,1,1014.9,1,"","","","","","","","","","","","","","","","","","","","","","","","","","","","","","","","","","","","","","","","","","","","","","","","","","","","","","","","","","","","","","","","","","","","","","","","","","","","","","","","","","","","","","","","","","","","","","","","","","","","","","","","","","","","","","","","","",""
"54405001","NANCY-OCHEY",48.581,5.959833,336,1982071206,"","","","",0.,1,0,1,"","","","","","","","","","","","","","","","","","","","","","","","","","","","",17.4,1,13.4,1,"","","","","","","","","","","","","","","","","","","","","","","","","","",79,1,"","","","","","","","","","","","",15.8,1,1015.,1,"","","","","","",2,1,0,1,0,1,0,1,1,1,"","","","","","","","","","","","","","","","","","","","","","","","",13000,1,"","",2,1,0,1,"","",0,1,"","","","","","","","","","","","","","","","","","","","","","","","","","","","","","","","","","","","","","","","","","","","","","","","","","","","","","","","","","","","","",""
"54405001","NANCY-OCHEY",48.581,5.959833,336,1982071209,"","","","",3.,1,80,1,"","","","","","","","","","","","","","","","","","","","","","","","","","","","",24.5,1,15.7,1,"","","","","","","","","","","","","","","","","","","","","","","","","","",59,1,"","","","","","","","","","","","",18.4,1,1013.8,1,"","","","","","",2,1,0,1,0,1,0,1,1,1,"","","","","","","","","","","","","","","","","","","","","","","","",12000,1,"","",2,1,0,1,"","","","","","","","","","","","","","","","","","","","","","","","","","","","","","","","","","","","","","","","","","","","","","","","","","","","","","","","","","","","","","","","","",""
"54405001","NANCY-OCHEY",48.581,5.959833,336,1982071212,"","","","",5.,1,80,1,"","","","","","","","","","","","","","","","","","","","","","","","","","","","",28.2,1,15.8,1,"","","","","","","","","","","","","","","","","","","","","","","","","","",48,1,"","","","","","","","","","","","",18.6,1,1012.6,1,"","","","","","",1,1,0,1,0,1,0,1,1,1,"","","","","","","","","","","","","","","","","","","","","","","","",18000,1,"","",1,1,0,1,"","","","","","","","","","","","","","","","","","","","","","","","","","","","","","","","","","","","","","","","","","","","","","","","","","","","","","","","","","","","","","","","","",""
"54405001","NANCY-OCHEY",48.581,5.959833,336,1982071215,"","","","",5.,1,60,1,"","","","","","","","","","","","","","","","","","","","","","","","","","","","",29.8,1,15.8,1,"","","","","","","","","","","","","","","","","","","","","","","","","","",44,1,"","","","","","","","","","","","",18.5,1,1011.8,1,"","","","","","",0,1,"","",0,1,0,1,0,1,"","","","","","","","","","","","","","","","","","","","","","","","",18000,1,"","",2,1,0,1,"","","","","","","","","","","","","","","","","","","","","","","","","","","","","","","","","","","","","","","","","","","","","","","","","","","","","","","","","","","","","","","","","",""
"54405001","NANCY-OCHEY",48.581,5.959833,336,1982071218,"","","","",3.,1,60,1,"","","","","","","","","","","","","","","","","","","","","","","","","","","","",28.5,1,17.,1,"","","","","","","","","","","","","","","","","","","","","","","","","","",51,1,"","","","","","","","","","","","",20.,1,1011.2,1,"","","","","","",0,1,"","",0,1,0,1,0,1,"","","","","","","","","","","","","","","","","","","","","","","","",16000,1,"","",2,1,0,1,"","","","","","","","","","","","","","","","","","","","","","","","","","","","","","","","","","","","","","","","","","","","","","","","","","","","","","","","","","","","","","","","","",""
"54405001","NANCY-OCHEY",48.581,5.959833,336,1982071221,"","","","",3.,1,60,1,"","","","","","","","","","","","","","","","","","","","","","","","","","","","",23.7,1,17.7,1,"","","","","","","","","","","","","","","","","","","","","","","","","","",72,1,"","","","","","","","","","","","",21.,1,1012.3,1,"","","","","","","","","","","","","","","","","","","","","","","","","","","","","","","","","","","","","","","","","","","","","","","","","","","","","","","","","","","","","","","","","","","","","","","","","","","","","","","","","","","","","","","","","","","","","","","","","","","","","","","","","","","","","","","","","",""
"54405001","NANCY-OCHEY",48.581,5.959833,336,1982071300,"","","","",3.,1,60,1,"","","","","","","","","","","","","","","","","","","","","","","","","","","","",22.,1,17.2,1,"","","","","","","","","","","","","","","","","","","","","","","","","","",77,1,"","","","","","","","","","","","",20.3,1,1012.,1,"","","","","","","","","","","","","","","","","","","","","","","","","","","","","","","","","","","","","","","","","","","","","","","","","","","","","","","","","","","","","","","","","","","","","","","","","","","","","","","","","","","","","","","","","","","","","","","","","","","","","","","","","","","","","","","","","",""
"54405001","NANCY-OCHEY",48.581,5.959833,336,1982071303,"","","","",3.,1,280,1,"","","","","","","","","","","","","","","","","","","","","","","","","","","","",20.4,1,15.8,1,"","","","","","","","","","","","","","","","","","","","","","","","","","",78,1,"","","","","","","","","","","","",18.6,1,1012.,1,"","","","","","","","","","","","","","","","","","","","","","","","","","","","","","","","","","","","","","","","","","","","","","","","","","","","","","","","","","","","","","","","","","","","","","","","","","","","","","","","","","","","","","","","","","","","","","","","","","","","","","","","","","","","","","","","","",""
"54405001","NANCY-OCHEY",48.581,5.959833,336,1982071306,"","","","",2.,1,60,1,"","","","","","","","","","","","","","","","","","","","","","","","","","","","",18.8,1,16.1,1,"","","","","","","","","","","","","","","","","","","","","","","","","","",87,1,"","","","","","","","","","","","",18.9,1,1011.7,1,"","","","","","",0,1,"","",0,1,0,1,0,1,"","","","","","","","","","","","","","","","","","","","","","","","",8000,1,"","",2,1,0,1,"","",0,1,"","","","","","","","","","","","","","","","","","","","","","","","","","","","","","","","","","","","","","","","","","","","","","","","","","","","","","","","","","","","","",""
"54405001","NANCY-OCHEY",48.581,5.959833,336,1982071309,"","","","",2.,1,40,1,"","","","","","","","","","","","","","","","","","","","","","","","","","","","",24.7,1,17.,1,"","","","","","","","","","","","","","","","","","","","","","","","","","",64,1,"","","","","","","","","","","","",20.,1,1011.1,1,"","","","","","",3,1,0,1,0,1,0,1,1,1,"","","","","","","","","","","","","","","","","","","","","","","","",9000,1,"","",3,1,0,1,"","","","","","","","","","","","","","","","","","","","","","","","","","","","","","","","","","","","","","","","","","","","","","","","","","","","","","","","","","","","","","","","","",""
"54405001","NANCY-OCHEY",48.581,5.959833,336,1982071312,"","","","",2.,1,60,1,"","","","","","","","","","","","","","","","","","","","","","","","","","","","",26.5,1,17.8,1,"","","","","","","","","","","","","","","","","","","","","","","","","","",61,1,"","","","","","","","","","","","",21.1,1,1010.1,1,"","","","","","",4,1,0,1,0,1,0,1,2,1,"","","","","","","","","","","","","","","","","","","","","","","","",13000,1,"","",3,1,0,1,"","","","","","","","","","","","","","","","","","","","","","","","","","","","","","","","","","","","","","","","","","","","","","","","","","","","","","","","","","","","","","","","","",""
"54405001","NANCY-OCHEY",48.581,5.959833,336,1982071315,"","","","",3.,1,60,1,"","","","","","","","","","","","","","","","","","","","","","","","","","","","",28.8,1,16.6,1,"","","","","","","","","","","","","","","","","","","","","","","","","","",49,1,"","","","","","","","","","","","",19.5,1,1008.8,1,"","","","","","",3,1,0,1,0,1,0,1,2,1,"","","","","","","","","","","","","","","","","","","","","","","","",13000,1,"","",1,1,0,1,"","","","","","","","","","","","","","","","","","","","","","","","","","","","","","","","","","","","","","","","","","","","","","","","","","","","","","","","","","","","","","","","","",""
"54405001","NANCY-OCHEY",48.581,5.959833,336,1982071318,"","","","",3.,1,60,1,"","","","","","","","","","","","","","","","","","","","","","","","","","","","",27.5,1,16.5,1,"","","","","","","","","","","","","","","","","","","","","","","","","","",52,1,"","","","","","","","","","","","",19.4,1,1008.1,1,"","","","","","",1,1,0,1,0,1,0,1,2,1,"","","","","","","","","","","","","","","","","","","","","","","","",13000,1,"","",1,1,0,1,"","","","","","","","","","","","","","","","","","","","","","","","","","","","","","","","","","","","","","","","","","","","","","","","","","","","","","","","","","","","","","","","","",""
"54405001","NANCY-OCHEY",48.581,5.959833,336,1982071321,"","","","",2.,1,80,1,"","","","","","","","","","","","","","","","","","","","","","","","","","","","",21.6,1,15.6,1,"","","","","","","","","","","","","","","","","","","","","","","","","","",71,1,"","","","","","","","","","","","",18.3,1,1009.2,1,"","","","","","","","","","","","","","","","","","","","","","","","","","","","","","","","","","","","","","","","","","","","","","","","","","","","","","","","","","","","","","","","","","","","","","","","","","","","","","","","","","","","","","","","","","","","","","","","","","","","","","","","","","","","","","","","","",""
"54405001","NANCY-OCHEY",48.581,5.959833,336,1982071400,"","","","",0.,1,0,1,"","","","","","","","","","","","","","","","","","","","","","","","","","","","",19.8,1,15.6,1,"","","","","","","","","","","","","","","","","","","","","","","","","","",79,1,"","","","","","","","","","","","",18.2,1,1008.4,1,"","","","","","","","","","","","","","","","","","","","","","","","","","","","","","","","","","","","","","","","","","","","","","","","","","","","","","","","","","","","","","","","","","","","","","","","","","","","","","","","","","","","","","","","","","","","","","","","","","","","","","","","","","","","","","","","","",""
"54405001","NANCY-OCHEY",48.581,5.959833,336,1982071403,"","","","",1.,1,140,1,"","","","","","","","","","","","","","","","","","","","","","","","","","","","",19.3,1,15.7,1,"","","","","","","","","","","","","","","","","","","","","","","","","","",82,1,"","","","","","","","","","","","",18.3,1,1007.5,1,"","","","","","","","","","","","","","","","","","","","","","","","","","","","","","","","","","","","","","","","","","","","","","","","","","","","","","","","","","","","","","","","","","","","","","","","","","","","","","","","","","","","","","","","","","","","","","","","","","","","","","","","","","","","","","","","","",""
"54405001","NANCY-OCHEY",48.581,5.959833,336,1982071406,"","","","",1.,1,160,1,"","","","","","","","","","","","","","","","","","","","","","","","","","","","",19.5,1,16.2,1,"","","","","","","","","","","","","","","","","","","","","","","","","","",83,1,"","","","","","","","","","","","",19.,1,1008.4,1,"","","","","","",1,1,0,1,0,1,0,1,2,1,"","","","","","","","","","","","","","","","","","","","","","","","",7000,1,"","",1,1,0,1,"","",0,1,"","","","","","","","","","","","","","","","","","","","","","","","","","","","","","","","","","","","","","","","","","","","","","","","","","","","","","","","","","","","","",""
"54405001","NANCY-OCHEY",48.581,5.959833,336,1982071409,"","","","",3.,1,120,1,"","","","","","","","","","","","","","","","","","","","","","","","","","","","",24.6,1,18.5,1,"","","","","","","","","","","","","","","","","","","","","","","","","","",71,1,"","","","","","","","","","","","",22.,1,1008.,1,"","","","","","",0,1,"","",0,1,0,1,0,1,"","","","","","","","","","","","","","","","","","","","","","","","",9000,1,"","",1,1,0,1,"","","","","","","","","","","","","","","","","","","","","","","","","","","","","","","","","","","","","","","","","","","","","","","","","","","","","","","","","","","","","","","","","",""
"54405001","NANCY-OCHEY",48.581,5.959833,336,1982071412,"","","","",5.,1,200,1,"","","","","","","","","","","","","","","","","","","","","","","","","","","","",28.5,1,17.,1,"","","","","","","","","","","","","","","","","","","","","","","","","","",51,1,"","","","","","","","","","","","",20.,1,1007.7,1,"","","","","","",3,1,0,1,2,1,0,1,1,1,"","","","","","","","","","","","","","","","","","","","","","","","",13000,1,"","",1,1,0,1,"","","","","","","","","","","","","","","","","","","","","","","","","","","","","","","","","","","","","","","","","","","","","","","","","","","","","","","","","","","","","","","","","",""
"54405001","NANCY-OCHEY",48.581,5.959833,336,1982071415,"","","","",4.,1,200,1,"","","","","","","","","","","","","","","","","","","","","","","","","","","","",28.6,1,16.3,1,"","","","","","","","","","","","","","","","","","","","","","","","","","",49,1,"","","","","","","","","","","","",19.1,1,1007.5,1,"","","","","","","","","","","","","","","","","","","","","","","","","","","","","","","","","","","","","","","","","","","","","","","","","","","","","","","","","","","","","","","","","","","","","","","","","","","","","","","","","","","","","","","","","","","","","","","","","","","","","","","","","","","","","","","","","",""
"54405001","NANCY-OCHEY",48.581,5.959833,336,1982071418,"","","","",2.,1,360,1,"","","","","","","","","","","","","","","","","","","","","","","","","","","","",25.3,1,18.2,1,"","","","","","","","","","","","","","","","","","","","","","","","","","",67,1,"","","","","","","","","","","","",21.6,1,1008.,1,"","","","","","","","","","","","","","","","","","","","","","","","","","","","","","","","","","","","","","","","","","","","","","","","","","","","","","","","","","","","","","","","","","","","","","","","","","","","","","","","","","","","","","","","","","","","","","","","","","","","","","","","","","","","","","","","","",""
"54405001","NANCY-OCHEY",48.581,5.959833,336,1982071421,"","","","",0.,1,0,1,"","","","","","","","","","","","","","","","","","","","","","","","","","","","",18.4,1,16.7,1,"","","","","","","","","","","","","","","","","","","","","","","","","","",93,1,"","","","","","","","","","","","",19.6,1,1010.6,1,"","","","","","","","","","","","","","","","","","","","","","","","","","","","","","","","","","","","","","","","","","","","","","","","","","","","","","","","","","","","","","","","","","","","","","","","","","","","","","","","","","","","","","","","","","","","","","","","","","","","","","","","","","","","","","","","","",""
"54405001","NANCY-OCHEY",48.581,5.959833,336,1982071500,"","","","",1.,1,160,1,"","","","","","","","","","","","","","","","","","","","","","","","","","","","",17.3,1,16.1,1,"","","","","","","","","","","","","","","","","","","","","","","","","","",96,1,"","","","","","","","","","","","",18.9,1,1011.7,1,"","","","","","","","","","","","","","","","","","","","","","","","","","","","","","","","","","","","","","","","","","","","","","","","","","","","","","","","","","","","","","","","","","","","","","","","","","","","","","","","","","","","","","","","","","","","","","","","","","","","","","","","","","","","","","","","","",""
"54405001","NANCY-OCHEY",48.581,5.959833,336,1982071503,"","","","",2.,1,240,1,"","","","","","","","","","","","","","","","","","","","","","","","","","","","",17.1,1,15.8,1,"","","","","","","","","","","","","","","","","","","","","","","","","","",95,1,"","","","","","","","","","","","",18.5,1,1011.8,1,"","","","","","","","","","","","","","","","","","","","","","","","","","","","","","","","","","","","","","","","","","","","","","","","","","","","","","","","","","","","","","","","","","","","","","","","","","","","","","","","","","","","","","","","","","","","","","","","","","","","","","","","","","","","","","","","","",""
"54405001","NANCY-OCHEY",48.581,5.959833,336,1982071506,"","","","",2.,1,240,1,"","","","","","","","","","","","","","","","","","","","","","","","","","","","",17.6,1,16.2,1,"","","","","","","","","","","","","","","","","","","","","","","","","","",94,1,"","","","","","","","","","","","",19.,1,1013.5,1,"","","","","","",7,1,5,1,9,1,0,1,3,1,"","","","","","","","","","","","","","","","","","","","","","","","",6000,1,"","",95,1,9,1,"","",0,1,"","","","","","","","","","","","","","","","","","","","","","","","","","","","","","","","","","","","","","","","","","","","","","","","","","","","","","","","","","","","","",""
"54405001","NANCY-OCHEY",48.581,5.959833,336,1982071509,"","","","",3.,1,200,1,"","","","","","","","","","","","","","","","","","","","","","","","","","","","",19.7,1,17.,1,"","","","","","","","","","","","","","","","","","","","","","","","","","",87,1,"","","","","","","","","","","","",20.1,1,1014.4,1,"","","","","","",5,1,5,1,5,1,0,1,0,1,"","","","","","","","","","","","","","","","","","","","","","","","",16000,1,"","",1,1,9,1,"","","","","","","","","","","","","","","","","","","","","","","","","","","","","","","","","","","","","","","","","","","","","","","","","","","","","","","","","","","","","","","","","",""
"54405001","NANCY-OCHEY",48.581,5.959833,336,1982071512,"","","","",7.,1,220,1,"","","","","","","","","","","","","","","","","","","","","","","","","","","","",24.7,1,14.6,1,"","","","","","","","","","","","","","","","","","","","","","","","","","",55,1,"","","","","","","","","","","","",17.1,1,1013.6,1,"","","","","","",2,1,0,1,2,1,0,1,0,1,"","","","","","","","","","","","","","","","","","","","","","","","",20000,1,"","",3,1,9,1,"","","","","","","","","","","","","","","","","","","","","","","","","","","","","","","","","","","","","","","","","","","","","","","","","","","","","","","","","","","","","","","","","",""
"54405001","NANCY-OCHEY",48.581,5.959833,336,1982071515,"","","","",8.,1,240,1,"","","","","","","","","","","","","","","","","","","","","","","","","","","","",25.2,1,15.6,1,"","","","","","","","","","","","","","","","","","","","","","","","","","",57,1,"","","","","","","","","","","","",18.3,1,1013.,1,"","","","","","",2,1,0,1,2,1,0,1,0,1,"","","","","","","","","","","","","","","","","","","","","","","","",20000,1,"","",1,1,0,1,"","","","","","","","","","","","","","","","","","","","","","","","","","","","","","","","","","","","","","","","","","","","","","","","","","","","","","","","","","","","","","","","","",""
"54405001","NANCY-OCHEY",48.581,5.959833,336,1982071518,"","","","",5.,1,240,1,"","","","","","","","","","","","","","","","","","","","","","","","","","","","",23.9,1,14.2,1,"","","","","","","","","","","","","","","","","","","","","","","","","","",56,1,"","","","","","","","","","","","",16.7,1,1013.7,1,"","","","","","",1,1,0,1,2,1,0,1,0,1,"","","","","","","","","","","","","","","","","","","","","","","","",20000,1,"","",1,1,0,1,"","","","","","","","","","","","","","","","","","","","","","","","","","","","","","","","","","","","","","","","","","","","","","","","","","","","","","","","","","","","","","","","","",""
"54405001","NANCY-OCHEY",48.581,5.959833,336,1982071521,"","","","",4.,1,260,1,"","","","","","","","","","","","","","","","","","","","","","","","","","","","",18.6,1,14.9,1,"","","","","","","","","","","","","","","","","","","","","","","","","","",82,1,"","","","","","","","","","","","",17.5,1,1015.9,1,"","","","","","","","","","","","","","","","","","","","","","","","","","","","","","","","","","","","","","","","","","","","","","","","","","","","","","","","","","","","","","","","","","","","","","","","","","","","","","","","","","","","","","","","","","","","","","","","","","","","","","","","","","","","","","","","","",""
"54405001","NANCY-OCHEY",48.581,5.959833,336,1982071600,"","","","",2.,1,180,1,"","","","","","","","","","","","","","","","","","","","","","","","","","","","",14.9,1,12.6,1,"","","","","","","","","","","","","","","","","","","","","","","","","","",88,1,"","","","","","","","","","","","",14.9,1,1017.5,1,"","","","","","","","","","","","","","","","","","","","","","","","","","","","","","","","","","","","","","","","","","","","","","","","","","","","","","","","","","","","","","","","","","","","","","","","","","","","","","","","","","","","","","","","","","","","","","","","","","","","","","","","","","","","","","","","","",""
"54405001","NANCY-OCHEY",48.581,5.959833,336,1982071603,"","","","",3.,1,160,1,"","","","","","","","","","","","","","","","","","","","","","","","","","","","",13.9,1,12.7,1,"","","","","","","","","","","","","","","","","","","","","","","","","","",95,1,"","","","","","","","","","","","",15.,1,1018.,1,"","","","","","","","","","","","","","","","","","","","","","","","","","","","","","","","","","","","","","","","","","","","","","","","","","","","","","","","","","","","","","","","","","","","","","","","","","","","","","","","","","","","","","","","","","","","","","","","","","","","","","","","","","","","","","","","","",""
"54405001","NANCY-OCHEY",48.581,5.959833,336,1982071606,"","","","",3.,1,220,1,"","","","","","","","","","","","","","","","","","","","","","","","","","","","",16.6,1,14.3,1,"","","","","","","","","","","","","","","","","","","","","","","","","","",88,1,"","","","","","","","","","","","",16.7,1,1018.1,1,"","","","","","",0,1,"","",0,1,0,1,0,1,"","","","","","","","","","","","","","","","","","","","","","","","",13000,1,"","",2,1,0,1,"","",0,1,"","","","","","","","","","","","","","","","","","","","","","","","","","","","","","","","","","","","","","","","","","","","","","","","","","","","","","","","","","","","","",""
"54405001","NANCY-OCHEY",48.581,5.959833,336,1982071609,"","","","",4.,1,240,1,"","","","","","","","","","","","","","","","","","","","","","","","","","","","",21.,1,15.1,1,"","","","","","","","","","","","","","","","","","","","","","","","","","",71,1,"","","","","","","","","","","","",17.7,1,1018.2,1,"","","","","","",1,1,0,1,2,1,0,1,0,1,"","","","","","","","","","","","","","","","","","","","","","","","",15000,1,"","",3,1,0,1,"","","","","","","","","","","","","","","","","","","","","","","","","","","","","","","","","","","","","","","","","","","","","","","","","","","","","","","","","","","","","","","","","",""
"54405001","NANCY-OCHEY",48.581,5.959833,336,1982071612,"","","","",4.,1,280,1,"","","","","","","","","","","","","","","","","","","","","","","","","","","","",24.,1,14.4,1,"","","","","","","","","","","","","","","","","","","","","","","","","","",56,1,"","","","","","","","","","","","",16.8,1,1017.7,1,"","","","","","",3,1,0,1,2,1,0,1,1,1,"","","","","","","","","","","","","","","","","","","","","","","","",15000,1,"","",1,1,1,1,"","","","","","","","","","","","","","","","","","","","","","","","","","","","","","","","","","","","","","","","","","","","","","","","","","","","","","","","","","","","","","","","","",""
"54405001","NANCY-OCHEY",48.581,5.959833,336,1982071615,"","","","",2.,1,280,1,"","","","","","","","","","","","","","","","","","","","","","","","","","","","",24.5,1,14.2,1,"","","","","","","","","","","","","","","","","","","","","","","","","","",54,1,"","","","","","","","","","","","",16.6,1,1017.1,1,"","","","","","",3,1,0,1,2,1,0,1,1,1,"","","","","","","","","","","","","","","","","","","","","","","","",20000,1,"","",1,1,0,1,"","","","","","","","","","","","","","","","","","","","","","","","","","","","","","","","","","","","","","","","","","","","","","","","","","","","","","","","","","","","","","","","","",""
"54405001","NANCY-OCHEY",48.581,5.959833,336,1982071618,"","","","",4.,1,360,1,"","","","","","","","","","","","","","","","","","","","","","","","","","","","",23.2,1,15.5,1,"","","","","","","","","","","","","","","","","","","","","","","","","","",63,1,"","","","","","","","","","","","",18.1,1,1017.,1,"","","","","","",1,1,0,1,0,1,0,1,1,1,"","","","","","","","","","","","","","","","","","","","","","","","",24000,1,"","",1,1,0,1,"","","","","","","","","","","","","","","","","","","","","","","","","","","","","","","","","","","","","","","","","","","","","","","","","","","","","","","","","","","","","","","","","",""
"54405001","NANCY-OCHEY",48.581,5.959833,336,1982071621,"","","","",3.,1,340,1,"","","","","","","","","","","","","","","","","","","","","","","","","","","","",19.3,1,16.4,1,"","","","","","","","","","","","","","","","","","","","","","","","","","",86,1,"","","","","","","","","","","","",19.2,1,1018.8,1,"","","","","","","","","","","","","","","","","","","","","","","","","","","","","","","","","","","","","","","","","","","","","","","","","","","","","","","","","","","","","","","","","","","","","","","","","","","","","","","","","","","","","","","","","","","","","","","","","","","","","","","","","","","","","","","","","",""
"54405001","NANCY-OCHEY",48.581,5.959833,336,1982071700,"","","","",2.,1,320,1,"","","","","","","","","","","","","","","","","","","","","","","","","","","","",16.6,1,14.8,1,"","","","","","","","","","","","","","","","","","","","","","","","","","",92,1,"","","","","","","","","","","","",17.3,1,1020.2,1,"","","","","","","","","","","","","","","","","","","","","","","","","","","","","","","","","","","","","","","","","","","","","","","","","","","","","","","","","","","","","","","","","","","","","","","","","","","","","","","","","","","","","","","","","","","","","","","","","","","","","","","","","","","","","","","","","",""
"54405001","NANCY-OCHEY",48.581,5.959833,336,1982071703,"","","","",1.,1,20,1,"","","","","","","","","","","","","","","","","","","","","","","","","","","","",14.9,1,13.3,1,"","","","","","","","","","","","","","","","","","","","","","","","","","",93,1,"","","","","","","","","","","","",15.7,1,1020.6,1,"","","","","","","","","","","","","","","","","","","","","","","","","","","","","","","","","","","","","","","","","","","","","","","","","","","","","","","","","","","","","","","","","","","","","","","","","","","","","","","","","","","","","","","","","","","","","","","","","","","","","","","","","","","","","","","","","",""
"54405001","NANCY-OCHEY",48.581,5.959833,336,1982071706,"","","","",3.,1,340,1,"","","","","","","","","","","","","","","","","","","","","","","","","","","","",14.7,1,13.3,1,"","","","","","","","","","","","","","","","","","","","","","","","","","",94,1,"","","","","","","","","","","","",15.7,1,1021.4,1,"","","","","","",2,1,0,1,2,1,0,1,0,1,"","","","","","","","","","","","","","","","","","","","","","","","",5000,1,"","",1,1,0,1,"","",0,1,"","","","","","","","","","","","","","","","","","","","","","","","","","","","","","","","","","","","","","","","","","","","","","","","","","","","","","","","","","","","","",""
"54405001","NANCY-OCHEY",48.581,5.959833,336,1982071709,"","","","",4.,1,340,1,"","","","","","","","","","","","","","","","","","","","","","","","","","","","",19.4,1,14.5,1,"","","","","","","","","","","","","","","","","","","","","","","","","","",75,1,"","","","","","","","","","","","",17.,1,1021.9,1,"","","","","","",3,1,0,1,8,1,0,1,1,1,"","","","","","","","","","","","","","","","","","","","","","","","",7000,1,"","",3,1,1,1,"","","","","","","","","","","","","","","","","","","","","","","","","","","","","","","","","","","","","","","","","","","","","","","","","","","","","","","","","","","","","","","","","",""
"54405001","NANCY-OCHEY",48.581,5.959833,336,1982071712,"","","","",6.,1,340,1,"","","","","","","","","","","","","","","","","","","","","","","","","","","","",21.8,1,13.,1,"","","","","","","","","","","","","","","","","","","","","","","","","","",59,1,"","","","","","","","","","","","",15.4,1,1021.8,1,"","","","","","",4,1,0,1,2,1,0,1,1,1,"","","","","","","","","","","","","","","","","","","","","","","","",10000,1,"","",1,1,1,1,"","","","","","","","","","","","","","","","","","","","","","","","","","","","","","","","","","","","","","","","","","","","","","","","","","","","","","","","","","","","","","","","","",""
"54405001","NANCY-OCHEY",48.581,5.959833,336,1982071715,"","","","",3.,1,360,1,"","","","","","","","","","","","","","","","","","","","","","","","","","","","",22.9,1,13.2,1,"","","","","","","","","","","","","","","","","","","","","","","","","","",56,1,"","","","","","","","","","","","",15.6,1,1021.5,1,"","","","","","","","","","","","","","","","","","","","","","","","","","","","","","","","","","","","","","","","","","","","","","","","","","","","","","","","","","","","","","","","","","","","","","","","","","","","","","","","","","","","","","","","","","","","","","","","","","","","","","","","","","","","","","","","","",""
"54405001","NANCY-OCHEY",48.581,5.959833,336,1982071718,"","","","",3.,1,320,1,"","","","","","","","","","","","","","","","","","","","","","","","","","","","",21.8,1,11.9,1,"","","","","","","","","","","","","","","","","","","","","","","","","","",55,1,"","","","","","","","","","","","",14.3,1,1021.7,1,"","","","","","","","","","","","","","","","","","","","","","","","","","","","","","","","","","","","","","","","","","","","","","","","","","","","","","","","","","","","","","","","","","","","","","","","","","","","","","","","","","","","","","","","","","","","","","","","","","","","","","","","","","","","","","","","","",""
"54405001","NANCY-OCHEY",48.581,5.959833,336,1982071721,"","","","",3.,1,360,1,"","","","","","","","","","","","","","","","","","","","","","","","","","","","",17.7,1,12.3,1,"","","","","","","","","","","","","","","","","","","","","","","","","","",73,1,"","","","","","","","","","","","",14.7,1,1022.7,1,"","","","","","","","","","","","","","","","","","","","","","","","","","","","","","","","","","","","","","","","","","","","","","","","","","","","","","","","","","","","","","","","","","","","","","","","","","","","","","","","","","","","","","","","","","","","","","","","","","","","","","","","","","","","","","","","","",""
"54405001","NANCY-OCHEY",48.581,5.959833,336,1982071800,"","","","",2.,1,340,1,"","","","","","","","","","","","","","","","","","","","","","","","","","","","",13.9,1,11.2,1,"","","","","","","","","","","","","","","","","","","","","","","","","","",86,1,"","","","","","","","","","","","",13.6,1,1023.5,1,"","","","","","","","","","","","","","","","","","","","","","","","","","","","","","","","","","","","","","","","","","","","","","","","","","","","","","","","","","","","","","","","","","","","","","","","","","","","","","","","","","","","","","","","","","","","","","","","","","","","","","","","","","","","","","","","","",""
"54405001","NANCY-OCHEY",48.581,5.959833,336,1982071803,"","","","",2.,1,360,1,"","","","","","","","","","","","","","","","","","","","","","","","","","","","",11.9,1,9.5,1,"","","","","","","","","","","","","","","","","","","","","","","","","","",87,1,"","","","","","","","","","","","",12.1,1,1023.5,1,"","","","","","","","","","","","","","","","","","","","","","","","","","","","","","","","","","","","","","","","","","","","","","","","","","","","","","","","","","","","","","","","","","","","","","","","","","","","","","","","","","","","","","","","","","","","","","","","","","","","","","","","","","","","","","","","","",""
"54405001","NANCY-OCHEY",48.581,5.959833,336,1982071806,"","","","",2.,1,340,1,"","","","","","","","","","","","","","","","","","","","","","","","","","","","",13.,1,10.7,1,"","","","","","","","","","","","","","","","","","","","","","","","","","",88,1,"","","","","","","","","","","","",13.2,1,1023.6,1,"","","","","","",1,1,0,1,0,1,8,1,0,1,"","","","","","","","","","","","","","","","","","","","","","","","",10000,1,"","",1,1,0,1,"","",0,1,"","","","","","","","","","","","","","","","","","","","","","","","","","","","","","","","","","","","","","","","","","","","","","","","","","","","","","","","","","","","","",""
"54405001","NANCY-OCHEY",48.581,5.959833,336,1982071809,"","","","",5.,1,80,1,"","","","","","","","","","","","","","","","","","","","","","","","","","","","",19.2,1,14.9,1,"","","","","","","","","","","","","","","","","","","","","","","","","","",79,1,"","","","","","","","","","","","",17.5,1,1022.9,1,"","","","","","",3,1,0,1,2,1,0,1,0,1,"","","","","","","","","","","","","","","","","","","","","","","","",9000,1,"","",1,1,0,1,"","","","","","","","","","","","","","","","","","","","","","","","","","","","","","","","","","","","","","","","","","","","","","","","","","","","","","","","","","","","","","","","","",""
"54405001","NANCY-OCHEY",48.581,5.959833,336,1982071812,"","","","",6.,1,20,1,"","","","","","","","","","","","","","","","","","","","","","","","","","","","",23.5,1,15.6,1,"","","","","","","","","","","","","","","","","","","","","","","","","","",63,1,"","","","","","","","","","","","",18.3,1,1021.5,1,"","","","","","",4,1,0,1,2,1,0,1,0,1,"","","","","","","","","","","","","","","","","","","","","","","","",9000,1,"","",1,1,0,1,"","","","","","","","","","","","","","","","","","","","","","","","","","","","","","","","","","","","","","","","","","","","","","","","","","","","","","","","","","","","","","","","","",""
"54405001","NANCY-OCHEY",48.581,5.959833,336,1982071815,"","","","",5.,1,40,1,"","","","","","","","","","","","","","","","","","","","","","","","","","","","",25.9,1,15.6,1,"","","","","","","","","","","","","","","","","","","","","","","","","","",55,1,"","","","","","","","","","","","",18.3,1,1020.5,1,"","","","","","","","","","","","","","","","","","","","","","","","","","","","","","","","","","","","","","","","","","","","","","","","","","","","","","","","","","","","","","","","","","","","","","","","","","","","","","","","","","","","","","","","","","","","","","","","","","","","","","","","","","","","","","","","","",""
"54405001","NANCY-OCHEY",48.581,5.959833,336,1982071818,"","","","",3.,1,20,1,"","","","","","","","","","","","","","","","","","","","","","","","","","","","",23.9,1,14.8,1,"","","","","","","","","","","","","","","","","","","","","","","","","","",59,1,"","","","","","","","","","","","",17.4,1,1020.4,1,"","","","","","","","","","","","","","","","","","","","","","","","","","","","","","","","","","","","","","","","","","","","","","","","","","","","","","","","","","","","","","","","","","","","","","","","","","","","","","","","","","","","","","","","","","","","","","","","","","","","","","","","","","","","","","","","","",""
"54405001","NANCY-OCHEY",48.581,5.959833,336,1982071821,"","","","",3.,1,60,1,"","","","","","","","","","","","","","","","","","","","","","","","","","","","",19.7,1,14.2,1,"","","","","","","","","","","","","","","","","","","","","","","","","","",73,1,"","","","","","","","","","","","",16.7,1,1021.7,1,"","","","","","","","","","","","","","","","","","","","","","","","","","","","","","","","","","","","","","","","","","","","","","","","","","","","","","","","","","","","","","","","","","","","","","","","","","","","","","","","","","","","","","","","","","","","","","","","","","","","","","","","","","","","","","","","","",""
"54405001","NANCY-OCHEY",48.581,5.959833,336,1982071900,"","","","",3.,1,60,1,"","","","","","","","","","","","","","","","","","","","","","","","","","","","",19.1,1,13.7,1,"","","","","","","","","","","","","","","","","","","","","","","","","","",73,1,"","","","","","","","","","","","",16.1,1,1022.1,1,"","","","","","","","","","","","","","","","","","","","","","","","","","","","","","","","","","","","","","","","","","","","","","","","","","","","","","","","","","","","","","","","","","","","","","","","","","","","","","","","","","","","","","","","","","","","","","","","","","","","","","","","","","","","","","","","","",""
"54405001","NANCY-OCHEY",48.581,5.959833,336,1982071903,"","","","",4.,1,60,1,"","","","","","","","","","","","","","","","","","","","","","","","","","","","",17.,1,11.7,1,"","","","","","","","","","","","","","","","","","","","","","","","","","",73,1,"","","","","","","","","","","","",14.1,1,1022.3,1,"","","","","","","","","","","","","","","","","","","","","","","","","","","","","","","","","","","","","","","","","","","","","","","","","","","","","","","","","","","","","","","","","","","","","","","","","","","","","","","","","","","","","","","","","","","","","","","","","","","","","","","","","","","","","","","","","",""
"54405001","NANCY-OCHEY",48.581,5.959833,336,1982071906,"","","","",5.,1,60,1,"","","","","","","","","","","","","","","","","","","","","","","","","","","","",16.8,1,11.6,1,"","","","","","","","","","","","","","","","","","","","","","","","","","",73,1,"","","","","","","","","","","","",14.,1,1022.7,1,"","","","","","",1,1,0,1,0,1,3,1,0,1,"","","","","","","","","","","","","","","","","","","","","","","","",10000,1,"","",2,1,0,1,"","",0,1,"","","","","","","","","","","","","","","","","","","","","","","","","","","","","","","","","","","","","","","","","","","","","","","","","","","","","","","","","","","","","",""
"54405001","NANCY-OCHEY",48.581,5.959833,336,1982071909,"","","","",5.,1,80,1,"","","","","","","","","","","","","","","","","","","","","","","","","","","","",20.5,1,11.3,1,"","","","","","","","","","","","","","","","","","","","","","","","","","",57,1,"","","","","","","","","","","","",13.7,1,1022.2,1,"","","","","","",1,1,0,1,0,1,0,1,1,1,"","","","","","","","","","","","","","","","","","","","","","","","",13000,1,"","",2,1,0,1,"","","","","","","","","","","","","","","","","","","","","","","","","","","","","","","","","","","","","","","","","","","","","","","","","","","","","","","","","","","","","","","","","",""
"54405001","NANCY-OCHEY",48.581,5.959833,336,1982071912,"","","","",8.,1,60,1,"","","","","","","","","","","","","","","","","","","","","","","","","","","","",23.,1,9.9,1,"","","","","","","","","","","","","","","","","","","","","","","","","","",44,1,"","","","","","","","","","","","",12.5,1,1021.2,1,"","","","","","",2,1,0,1,0,1,0,1,2,1,"","","","","","","","","","","","","","","","","","","","","","","","",17000,1,"","",2,1,0,1,"","","","","","","","","","","","","","","","","","","","","","","","","","","","","","","","","","","","","","","","","","","","","","","","","","","","","","","","","","","","","","","","","",""
"54405001","NANCY-OCHEY",48.581,5.959833,336,1982071915,"","","","",7.,1,60,1,"","","","","","","","","","","","","","","","","","","","","","","","","","","","",24.4,1,12.4,1,"","","","","","","","","","","","","","","","","","","","","","","","","","",48,1,"","","","","","","","","","","","",14.8,1,1019.8,1,"","","","","","",2,1,0,1,0,1,0,1,2,1,"","","","","","","","","","","","","","","","","","","","","","","","",17000,1,"","",3,1,0,1,"","","","","","","","","","","","","","","","","","","","","","","","","","","","","","","","","","","","","","","","","","","","","","","","","","","","","","","","","","","","","","","","","",""
"54405001","NANCY-OCHEY",48.581,5.959833,336,1982071918,"","","","",6.,1,80,1,"","","","","","","","","","","","","","","","","","","","","","","","","","","","",22.6,1,12.8,1,"","","","","","","","","","","","","","","","","","","","","","","","","","",55,1,"","","","","","","","","","","","",15.2,1,1019.4,1,"","","","","","",2,1,0,1,1,1,0,1,2,1,"","","","","","","","","","","","","","","","","","","","","","","","",17000,1,"","",3,1,0,1,"","","","","","","","","","","","","","","","","","","","","","","","","","","","","","","","","","","","","","","","","","","","","","","","","","","","","","","","","","","","","","","","","",""
"54405001","NANCY-OCHEY",48.581,5.959833,336,1982071921,"","","","",4.,1,80,1,"","","","","","","","","","","","","","","","","","","","","","","","","","","","",18.7,1,13.5,1,"","","","","","","","","","","","","","","","","","","","","","","","","","",74,1,"","","","","","","","","","","","",15.9,1,1020.9,1,"","","","","","","","","","","","","","","","","","","","","","","","","","","","","","","","","","","","","","","","","","","","","","","","","","","","","","","","","","","","","","","","","","","","","","","","","","","","","","","","","","","","","","","","","","","","","","","","","","","","","","","","","","","","","","","","","",""
"54405001","NANCY-OCHEY",48.581,5.959833,336,1982072000,"","","","",4.,1,80,1,"","","","","","","","","","","","","","","","","","","","","","","","","","","","",17.1,1,14.,1,"","","","","","","","","","","","","","","","","","","","","","","","","","",85,1,"","","","","","","","","","","","",16.5,1,1021.1,1,"","","","","","","","","","","","","","","","","","","","","","","","","","","","","","","","","","","","","","","","","","","","","","","","","","","","","","","","","","","","","","","","","","","","","","","","","","","","","","","","","","","","","","","","","","","","","","","","","","","","","","","","","","","","","","","","","",""
"54405001","NANCY-OCHEY",48.581,5.959833,336,1982072003,"","","","",1.,1,20,1,"","","","","","","","","","","","","","","","","","","","","","","","","","","","",15.7,1,13.6,1,"","","","","","","","","","","","","","","","","","","","","","","","","","",90,1,"","","","","","","","","","","","",16.,1,1020.7,1,"","","","","","","","","","","","","","","","","","","","","","","","","","","","","","","","","","","","","","","","","","","","","","","","","","","","","","","","","","","","","","","","","","","","","","","","","","","","","","","","","","","","","","","","","","","","","","","","","","","","","","","","","","","","","","","","","",""
"54405001","NANCY-OCHEY",48.581,5.959833,336,1982072006,"","","","",1.,1,340,1,"","","","","","","","","","","","","","","","","","","","","","","","","","","","",14.4,1,13.,1,"","","","","","","","","","","","","","","","","","","","","","","","","","",94,1,"","","","","","","","","","","","",15.4,1,1021.1,1,"","","","","","",0,1,"","",0,1,0,1,0,1,"","","","","","","","","","","","","","","","","","","","","","","","",5000,1,"","",2,1,0,1,"","",0,1,"","","","","","","","","","","","","","","","","","","","","","","","","","","","","","","","","","","","","","","","","","","","","","","","","","","","","","","","","","","","","",""
"54405001","NANCY-OCHEY",48.581,5.959833,336,1982072009,"","","","",2.,1,60,1,"","","","","","","","","","","","","","","","","","","","","","","","","","","","",21.,1,15.1,1,"","","","","","","","","","","","","","","","","","","","","","","","","","",71,1,"","","","","","","","","","","","",17.7,1,1020.3,1,"","","","","","",3,1,0,1,0,1,0,1,1,1,"","","","","","","","","","","","","","","","","","","","","","","","",5000,1,"","",2,1,0,1,"","","","","","","","","","","","","","","","","","","","","","","","","","","","","","","","","","","","","","","","","","","","","","","","","","","","","","","","","","","","","","","","","",""
"54405001","NANCY-OCHEY",48.581,5.959833,336,1982072012,"","","","",2.,1,120,1,"","","","","","","","","","","","","","","","","","","","","","","","","","","","",25.5,1,15.9,1,"","","","","","","","","","","","","","","","","","","","","","","","","","",57,1,"","","","","","","","","","","","",18.7,1,1019.3,1,"","","","","","",1,1,0,1,1,1,0,1,1,1,"","","","","","","","","","","","","","","","","","","","","","","","",8000,1,"","",3,1,0,1,"","","","","","","","","","","","","","","","","","","","","","","","","","","","","","","","","","","","","","","","","","","","","","","","","","","","","","","","","","","","","","","","","",""
"54405001","NANCY-OCHEY",48.581,5.959833,336,1982072015,"","","","",0.,1,0,1,"","","","","","","","","","","","","","","","","","","","","","","","","","","","",27.3,1,16.4,1,"","","","","","","","","","","","","","","","","","","","","","","","","","",53,1,"","","","","","","","","","","","",19.3,1,1018.8,1,"","","","","","",3,1,0,1,2,1,3,1,1,1,"","","","","","","","","","","","","","","","","","","","","","","","",8000,1,"","",1,1,1,1,"","","","","","","","","","","","","","","","","","","","","","","","","","","","","","","","","","","","","","","","","","","","","","","","","","","","","","","","","","","","","","","","","",""
"54405001","NANCY-OCHEY",48.581,5.959833,336,1982072018,"","","","",2.,1,60,1,"","","","","","","","","","","","","","","","","","","","","","","","","","","","",26.3,1,17.6,1,"","","","","","","","","","","","","","","","","","","","","","","","","","",60,1,"","","","","","","","","","","","",20.8,1,1018.,1,"","","","","","",2,1,0,1,2,1,3,1,0,1,"","","","","","","","","","","","","","","","","","","","","","","","",8000,1,"","",1,1,1,1,"","","","","","","","","","","","","","","","","","","","","","","","","","","","","","","","","","","","","","","","","","","","","","","","","","","","","","","","","","","","","","","","","",""
"54405001","NANCY-OCHEY",48.581,5.959833,336,1982072021,"","","","",2.,1,140,1,"","","","","","","","","","","","","","","","","","","","","","","","","","","","",22.6,1,17.6,1,"","","","","","","","","","","","","","","","","","","","","","","","","","",76,1,"","","","","","","","","","","","",20.8,1,1019.,1,"","","","","","","","","","","","","","","","","","","","","","","","","","","","","","","","","","","","","","","","","","","","","","","","","","","","","","","","","","","","","","","","","","","","","","","","","","","","","","","","","","","","","","","","","","","","","","","","","","","","","","","","","","","","","","","","","",""
"54405001","NANCY-OCHEY",48.581,5.959833,336,1982072100,"","","","","","","","","","","","","","","","","","","","","","","","","","","","","","","","","","","","",20.4,1,15.3,1,"","","","","","","","","","","","","","","","","","","","","","","","","","",75,1,"","","","","","","","","","","","",17.9,1,1019.7,1,"","","","","","","","","","","","","","","","","","","","","","","","","","","","","","","","","","","","","","","","","","","","","","","","","","","","","","","","","","","","","","","","","","","","","","","","","","","","","","","","","","","","","","","","","","","","","","","","","","","","","","","","","","","","","","","","","",""
"54405001","NANCY-OCHEY",48.581,5.959833,336,1982072103,"","","","","","","","","","","","","","","","","","","","","","","","","","","","","","","","","","","","",17.2,1,15.8,1,"","","","","","","","","","","","","","","","","","","","","","","","","","",95,1,"","","","","","","","","","","","",18.6,1,1020.4,1,"","","","","","","","","","","","","","","","","","","","","","","","","","","","","","","","","","","","","","","","","","","","","","","","","","","","","","","","","","","","","","","","","","","","","","","","","","","","","","","","","","","","","","","","","","","","","","","","","","","","","","","","","","","","","","","","","",""
"54405001","NANCY-OCHEY",48.581,5.959833,336,1982072106,"","","","",3.,1,220,1,"","","","","","","","","","","","","","","","","","","","","","","","","","","","",16.5,1,15.1,1,"","","","","","","","","","","","","","","","","","","","","","","","","","",94,1,"","","","","","","","","","","","",17.7,1,1020.3,1,"","","","","","",5,1,0,1,4,1,3,1,3,1,"","","","","","","","","","","","","","","","","","","","","","","","",17000,1,"","",3,1,1,1,"","",0,1,"","","","","","","","","","","","","","","","","","","","","","","","","","","","","","","","","","","","","","","","","","","","","","","","","","","","","","","","","","","","","",""
"54405001","NANCY-OCHEY",48.581,5.959833,336,1982072109,"","","","",3.,1,240,1,"","","","","","","","","","","","","","","","","","","","","","","","","","","","",22.,1,15.2,1,"","","","","","","","","","","","","","","","","","","","","","","","","","",67,1,"","","","","","","","","","","","",17.8,1,1019.7,1,"","","","","","",4,1,0,1,3,1,0,1,2,1,"","","","","","","","","","","","","","","","","","","","","","","","",25000,1,"","",3,1,1,1,"","","","","","","","","","","","","","","","","","","","","","","","","","","","","","","","","","","","","","","","","","","","","","","","","","","","","","","","","","","","","","","","","",""
"54405001","NANCY-OCHEY",48.581,5.959833,336,1982072112,"","","","",2.,1,300,1,"","","","","","","","","","","","","","","","","","","","","","","","","","","","",23.5,1,16.1,1,"","","","","","","","","","","","","","","","","","","","","","","","","","",65,1,"","","","","","","","","","","","",18.9,1,1019.2,1,"","","","","","",6,1,5,1,2,1,3,1,0,1,"","","","","","","","","","","","","","","","","","","","","","","","",20000,1,"","",1,1,1,1,"","","","","","","","","","","","","","","","","","","","","","","","","","","","","","","","","","","","","","","","","","","","","","","","","","","","","","","","","","","","","","","","","",""
"54405001","NANCY-OCHEY",48.581,5.959833,336,1982072115,"","","","",2.,1,340,1,"","","","","","","","","","","","","","","","","","","","","","","","","","","","",25.8,1,16.3,1,"","","","","","","","","","","","","","","","","","","","","","","","","","",57,1,"","","","","","","","","","","","",19.1,1,1017.5,1,"","","","","","",1,1,0,1,2,1,0,1,0,1,"","","","","","","","","","","","","","","","","","","","","","","","",20000,1,"","",1,1,0,1,"","","","","","","","","","","","","","","","","","","","","","","","","","","","","","","","","","","","","","","","","","","","","","","","","","","","","","","","","","","","","","","","","",""
"54405001","NANCY-OCHEY",48.581,5.959833,336,1982072118,"","","","",2.,1,360,1,"","","","","","","","","","","","","","","","","","","","","","","","","","","","",24.5,1,17.1,1,"","","","","","","","","","","","","","","","","","","","","","","","","","",65,1,"","","","","","","","","","","","",20.2,1,1017.2,1,"","","","","","",0,1,"","",0,1,0,1,0,1,"","","","","","","","","","","","","","","","","","","","","","","","",10000,1,"","",1,1,0,1,"","","","","","","","","","","","","","","","","","","","","","","","","","","","","","","","","","","","","","","","","","","","","","","","","","","","","","","","","","","","","","","","","",""
"54405001","NANCY-OCHEY",48.581,5.959833,336,1982072121,"","","","","","","","","","","","","","","","","","","","","","","","","","","","","","","","","","","","",18.4,1,15.8,1,"","","","","","","","","","","","","","","","","","","","","","","","","","",88,1,"","","","","","","","","","","","",18.6,1,1018.,1,"","","","","","","","","","","","","","","","","","","","","","","","","","","","","","","","","","","","","","","","","","","","","","","","","","","","","","","","","","","","","","","","","","","","","","","","","","","","","","","","","","","","","","","","","","","","","","","","","","","","","","","","","","","","","","","","","",""
"54405001","NANCY-OCHEY",48.581,5.959833,336,1982072200,"","","","","","","","","","","","","","","","","","","","","","","","","","","","","","","","","","","","",16.8,1,15.3,1,"","","","","","","","","","","","","","","","","","","","","","","","","","",94,1,"","","","","","","","","","","","",17.9,1,1018.5,1,"","","","","","","","","","","","","","","","","","","","","","","","","","","","","","","","","","","","","","","","","","","","","","","","","","","","","","","","","","","","","","","","","","","","","","","","","","","","","","","","","","","","","","","","","","","","","","","","","","","","","","","","","","","","","","","","","",""
"54405001","NANCY-OCHEY",48.581,5.959833,336,1982072203,"","","","","","","","","","","","","","","","","","","","","","","","","","","","","","","","","","","","",15.9,1,14.8,1,"","","","","","","","","","","","","","","","","","","","","","","","","","",96,1,"","","","","","","","","","","","",17.3,1,1019.2,1,"","","","","","","","","","","","","","","","","","","","","","","","","","","","","","","","","","","","","","","","","","","","","","","","","","","","","","","","","","","","","","","","","","","","","","","","","","","","","","","","","","","","","","","","","","","","","","","","","","","","","","","","","","","","","","","","","",""
"54405001","NANCY-OCHEY",48.581,5.959833,336,1982072206,"","","","",2.,1,280,1,"","","","","","","","","","","","","","","","","","","","","","","","","","","","",17.8,1,16.4,1,"","","","","","","","","","","","","","","","","","","","","","","","","","",94,1,"","","","","","","","","","","","",19.3,1,1018.4,1,"","","","","","",7,1,6,1,6,1,8,1,1,1,"","","","","","","","","","","","","","","","","","","","","","","","",1500,1,"","",10,1,2,1,"","",0,1,"","","","","","","","","","","","","","","","","","","","","","","","","","","","","","","","","","","","","","","","","","","","","","","","","","","","","","","","","","","","","",""
"54405001","NANCY-OCHEY",48.581,5.959833,336,1982072209,"","","","",3.,1,260,1,"","","","","","","","","","","","","","","","","","","","","","","","","","","","",19.7,1,16.8,1,"","","","","","","","","","","","","","","","","","","","","","","","","","",86,1,"","","","","","","","","","","","",19.8,1,1018.6,1,"","","","","","",7,1,7,1,6,1,7,1,"","","","","","","","","","","","","","","","","","","","","","","","","","",2500,1,"","",10,1,2,1,"","","","","","","","","","","","","","","","","","","","","","","","","","","","","","","","","","","","","","","","","","","","","","","","","","","","","","","","","","","","","","","","","",""
"54405001","NANCY-OCHEY",48.581,5.959833,336,1982072212,"","","","",3.,1,280,1,"","","","","","","","","","","","","","","","","","","","","","","","","","","","",21.5,1,16.6,1,"","","","","","","","","","","","","","","","","","","","","","","","","","",76,1,"","","","","","","","","","","","",19.5,1,1018.5,1,"","","","","","",7,1,7,1,8,1,3,1,"","","","","","","","","","","","","","","","","","","","","","","","","","",5000,1,"","",3,1,2,1,"","","","","","","","","","","","","","","","","","","","","","","","","","","","","","","","","","","","","","","","","","","","","","","","","","","","","","","","","","","","","","","","","",""
"54405001","NANCY-OCHEY",48.581,5.959833,336,1982072215,"","","","",2.,1,20,1,"","","","","","","","","","","","","","","","","","","","","","","","","","","","",23.9,1,14.9,1,"","","","","","","","","","","","","","","","","","","","","","","","","","",59,1,"","","","","","","","","","","","",17.5,1,1017.2,1,"","","","","","",7,1,6,1,2,1,3,1,8,1,"","","","","","","","","","","","","","","","","","","","","","","","",10000,1,"","",1,1,2,1,"","","","","","","","","","","","","","","","","","","","","","","","","","","","","","","","","","","","","","","","","","","","","","","","","","","","","","","","","","","","","","","","","",""
"54405001","NANCY-OCHEY",48.581,5.959833,336,1982072218,"","","","",4.,1,240,1,"","","","","","","","","","","","","","","","","","","","","","","","","","","","",18.7,1,13.7,1,"","","","","","","","","","","","","","","","","","","","","","","","","","",75,1,"","","","","","","","","","","","",16.1,1,1017.7,1,"","","","","","",7,1,6,1,9,1,6,1,"","","","","","","","","","","","","","","","","","","","","","","","","","",16000,1,"","",17,1,9,1,"","","","","","","","","","","","","","","","","","","","","","","","","","","","","","","","","","","","","","","","","","","","","","","","","","","","","","","","","","","","","","","","","",""
"54405001","NANCY-OCHEY",48.581,5.959833,336,1982072221,"","","","",1.,1,320,1,"","","","","","","","","","","","","","","","","","","","","","","","","","","","",16.7,1,15.2,1,"","","","","","","","","","","","","","","","","","","","","","","","","","",94,1,"","","","","","","","","","","","",17.8,1,1018.3,1,"","","","","","","","","","","","","","","","","","","","","","","","","","","","","","","","","","","","","","","","","","","","","","","","","","","","","","","","","","","","","","","","","","","","","","","","","","","","","","","","","","","","","","","","","","","","","","","","","","","","","","","","","","","","","","","","","",""
"54405001","NANCY-OCHEY",48.581,5.959833,336,1982072300,"","","","",1.,1,340,1,"","","","","","","","","","","","","","","","","","","","","","","","","","","","",15.8,1,15.8,1,"","","","","","","","","","","","","","","","","","","","","","","","","","",99,1,"","","","","","","","","","","","",17.7,1,1018.1,1,"","","","","","","","","","","","","","","","","","","","","","","","","","","","","","","","","","","","","","","","","","","","","","","","","","","","","","","","","","","","","","","","","","","","","","","","","","","","","","","","","","","","","","","","","","","","","","","","","","","","","","","","","","","","","","","","","",""
"54405001","NANCY-OCHEY",48.581,5.959833,336,1982072303,"","","","",2.,1,280,1,"","","","","","","","","","","","","","","","","","","","","","","","","","","","",15.5,1,15.5,1,"","","","","","","","","","","","","","","","","","","","","","","","","","",100,1,"","","","","","","","","","","","",17.5,1,1017.6,1,"","","","","","","","","","","","","","","","","","","","","","","","","","","","","","","","","","","","","","","","","","","","","","","","","","","","","","","","","","","","","","","","","","","","","","","","","","","","","","","","","","","","","","","","","","","","","","","","","","","","","","","","","","","","","","","","","",""
"54405001","NANCY-OCHEY",48.581,5.959833,336,1982072306,"","","","",2.,1,340,1,"","","","","","","","","","","","","","","","","","","","","","","","","","","","",15.4,1,15.4,1,"","","","","","","","","","","","","","","","","","","","","","","","","","",100,1,"","","","","","","","","","","","",17.4,1,1017.7,1,"","","","","","",8,1,8,1,7,1,"","","","","","","","","","","","","","","","","","","","","","","","","","","","",200,1,"","",46,1,4,1,"","",0,1,"","","","","","","","","","","","","","","","","","","","","","","","","","","","","","","","","","","","","","","","","","","","","","","","","","","","","","","","","","","","","",""
"54405001","NANCY-OCHEY",48.581,5.959833,336,1982072309,"","","","",0.,1,0,1,"","","","","","","","","","","","","","","","","","","","","","","","","","","","",16.3,1,15.3,1,"","","","","","","","","","","","","","","","","","","","","","","","","","",96,1,"","","","","","","","","","","","",17.9,1,1018.,1,"","","","","","",8,1,8,1,7,1,"","","","","","","","","","","","","","","","","","","","","","","","","","","","",2000,1,"","",10,1,4,1,"","","","","","","","","","","","","","","","","","","","","","","","","","","","","","","","","","","","","","","","","","","","","","","","","","","","","","","","","","","","","","","","","",""
"54405001","NANCY-OCHEY",48.581,5.959833,336,1982072312,"","","","",3.,1,340,1,"","","","","","","","","","","","","","","","","","","","","","","","","","","","",18.3,1,15.9,1,"","","","","","","","","","","","","","","","","","","","","","","","","","",89,1,"","","","","","","","","","","","",18.7,1,1017.4,1,"","","","","","",7,1,7,1,5,1,"","","","","","","","","","","","","","","","","","","","","","","","","","","","",5000,1,"","",2,1,4,1,"","","","","","","","","","","","","","","","","","","","","","","","","","","","","","","","","","","","","","","","","","","","","","","","","","","","","","","","","","","","","","","","","",""
"54405001","NANCY-OCHEY",48.581,5.959833,336,1982072315,"","","","",1.,1,60,1,"","","","","","","","","","","","","","","","","","","","","","","","","","","","",21.7,1,15.,1,"","","","","","","","","","","","","","","","","","","","","","","","","","",68,1,"","","","","","","","","","","","",17.6,1,1016.4,1,"","","","","","",6,1,6,1,8,1,0,1,0,1,"","","","","","","","","","","","","","","","","","","","","","","","",5000,1,"","",1,1,2,1,"","","","","","","","","","","","","","","","","","","","","","","","","","","","","","","","","","","","","","","","","","","","","","","","","","","","","","","","","","","","","","","","","",""
"54405001","NANCY-OCHEY",48.581,5.959833,336,1982072318,"","","","",0.,1,0,1,"","","","","","","","","","","","","","","","","","","","","","","","","","","","",18.1,1,15.4,1,"","","","","","","","","","","","","","","","","","","","","","","","","","",87,1,"","","","","","","","","","","","",18.,1,1016.5,1,"","","","","","",7,1,0,1,3,1,8,1,"","","","","","","","","","","","","","","","","","","","","","","","","","",6000,1,"","",29,1,9,1,"","","","","","","","","","","","","","","","","","","","","","","","","","","","","","","","","","","","","","","","","","","","","","","","","","","","","","","","","","","","","","","","","",""
"54405001","NANCY-OCHEY",48.581,5.959833,336,1982072321,"","","","","","","","","","","","","","","","","","","","","","","","","","","","","","","","","","","","",16.7,1,15.4,1,"","","","","","","","","","","","","","","","","","","","","","","","","","",95,1,"","","","","","","","","","","","",18.,1,1017.4,1,"","","","","","","","","","","","","","","","","","","","","","","","","","","","","","","","","","","","","","","","","","","","","","","","","","","","","","","","","","","","","","","","","","","","","","","","","","","","","","","","","","","","","","","","","","","","","","","","","","","","","","","","","","","","","","","","","",""
"54405001","NANCY-OCHEY",48.581,5.959833,336,1982072400,"","","","","","","","","","","","","","","","","","","","","","","","","","","","","","","","","","","","",15.2,1,13.9,1,"","","","","","","","","","","","","","","","","","","","","","","","","","",95,1,"","","","","","","","","","","","",16.3,1,1017.6,1,"","","","","","","","","","","","","","","","","","","","","","","","","","","","","","","","","","","","","","","","","","","","","","","","","","","","","","","","","","","","","","","","","","","","","","","","","","","","","","","","","","","","","","","","","","","","","","","","","","","","","","","","","","","","","","","","","",""
"54405001","NANCY-OCHEY",48.581,5.959833,336,1982072403,"","","","","","","","","","","","","","","","","","","","","","","","","","","","","","","","","","","","",14.1,1,13.,1,"","","","","","","","","","","","","","","","","","","","","","","","","","",96,1,"","","","","","","","","","","","",15.4,1,1016.5,1,"","","","","","","","","","","","","","","","","","","","","","","","","","","","","","","","","","","","","","","","","","","","","","","","","","","","","","","","","","","","","","","","","","","","","","","","","","","","","","","","","","","","","","","","","","","","","","","","","","","","","","","","","","","","","","","","","",""
"54405001","NANCY-OCHEY",48.581,5.959833,336,1982072406,"","","","",1.,1,360,1,"","","","","","","","","","","","","","","","","","","","","","","","","","","","",14.5,1,13.3,1,"","","","","","","","","","","","","","","","","","","","","","","","","","",95,1,"","","","","","","","","","","","",15.7,1,1016.5,1,"","","","","","",7,1,7,1,5,1,1,1,"","","","","","","","","","","","","","","","","","","","","","","","","","",1200,1,"","",10,1,2,1,"","",0,1,"","","","","","","","","","","","","","","","","","","","","","","","","","","","","","","","","","","","","","","","","","","","","","","","","","","","","","","","","","","","","",""
"54405001","NANCY-OCHEY",48.581,5.959833,336,1982072409,"","","","",2.,1,20,1,"","","","","","","","","","","","","","","","","","","","","","","","","","","","",16.6,1,14.8,1,"","","","","","","","","","","","","","","","","","","","","","","","","","",92,1,"","","","","","","","","","","","",17.4,1,1017.,1,"","","","","","",7,1,7,1,6,1,7,1,"","","","","","","","","","","","","","","","","","","","","","","","","","",3000,1,"","",10,1,2,1,"","","","","","","","","","","","","","","","","","","","","","","","","","","","","","","","","","","","","","","","","","","","","","","","","","","","","","","","","","","","","","","","","",""
"54405001","NANCY-OCHEY",48.581,5.959833,336,1982072412,"","","","",2.,1,340,1,"","","","","","","","","","","","","","","","","","","","","","","","","","","","",19.8,1,14.6,1,"","","","","","","","","","","","","","","","","","","","","","","","","","",74,1,"","","","","","","","","","","","",17.1,1,1016.7,1,"","","","","","",7,1,7,1,5,1,7,1,"","","","","","","","","","","","","","","","","","","","","","","","","","",8000,1,"","",3,1,2,1,"","","","","","","","","","","","","","","","","","","","","","","","","","","","","","","","","","","","","","","","","","","","","","","","","","","","","","","","","","","","","","","","","",""
"54405001","NANCY-OCHEY",48.581,5.959833,336,1982072415,"","","","","","","","","","","","","","","","","","","","","","","","","","","","","","","","","","","","",20.7,1,15.4,1,"","","","","","","","","","","","","","","","","","","","","","","","","","",74,1,"","","","","","","","","","","","",18.,1,1016.7,1,"","","","","","","","","","","","","","","","","","","","","","","","","","","","","","","","","","","","","","","","","","","","","","","","","","","","","","","","","","","","","","","","","","","","","","","","","","","","","","","","","","","","","","","","","","","","","","","","","","","","","","","","","","","","","","","","","",""
"54405001","NANCY-OCHEY",48.581,5.959833,336,1982072418,"","","","","","","","","","","","","","","","","","","","","","","","","","","","","","","","","","","","",19.2,1,15.1,1,"","","","","","","","","","","","","","","","","","","","","","","","","","",80,1,"","","","","","","","","","","","",17.7,1,1017.1,1,"","","","","","","","","","","","","","","","","","","","","","","","","","","","","","","","","","","","","","","","","","","","","","","","","","","","","","","","","","","","","","","","","","","","","","","","","","","","","","","","","","","","","","","","","","","","","","","","","","","","","","","","","","","","","","","","","",""
"54405001","NANCY-OCHEY",48.581,5.959833,336,1982072421,"","","","","","","","","","","","","","","","","","","","","","","","","","","","","","","","","","","","",16.8,1,15.1,1,"","","","","","","","","","","","","","","","","","","","","","","","","","",93,1,"","","","","","","","","","","","",17.7,1,1018.5,1,"","","","","","","","","","","","","","","","","","","","","","","","","","","","","","","","","","","","","","","","","","","","","","","","","","","","","","","","","","","","","","","","","","","","","","","","","","","","","","","","","","","","","","","","","","","","","","","","","","","","","","","","","","","","","","","","","",""
"54405001","NANCY-OCHEY",48.581,5.959833,336,1982072500,"","","","","","",340,1,"","","","","","","","","","","","","","","","","","","","","","","","","","","","",15.7,1,15.7,1,"","","","","","","","","","","","","","","","","","","","","","","","","","",99,1,"","","","","","","","","","","","",17.6,1,1019.3,1,"","","","","","","","","","","","","","","","","","","","","","","","","","","","","","","","","","","","","","","","","","","","","","","","","","","","","","","","","","","","","","","","","","","","","","","","","","","","","","","","","","","","","","","","","","","","","","","","","","","","","","","","","","","","","","","","","",""
"54405001","NANCY-OCHEY",48.581,5.959833,336,1982072503,"","","","","","",340,1,"","","","","","","","","","","","","","","","","","","","","","","","","","","","",14.9,1,14.9,1,"","","","","","","","","","","","","","","","","","","","","","","","","","",100,1,"","","","","","","","","","","","",16.9,1,1019.1,1,"","","","","","","","","","","","","","","","","","","","","","","","","","","","","","","","","","","","","","","","","","","","","","","","","","","","","","","","","","","","","","","","","","","","","","","","","","","","","","","","","","","","","","","","","","","","","","","","","","","","","","","","","","","","","","","","","",""
"54405001","NANCY-OCHEY",48.581,5.959833,336,1982072506,"","","","",3.,1,340,1,"","","","","","","","","","","","","","","","","","","","","","","","","","","","",14.4,1,14.4,1,"","","","","","","","","","","","","","","","","","","","","","","","","","",100,1,"","","","","","","","","","","","",16.3,1,1019.5,1,"","","","","","",8,1,7,1,7,1,"","","","","","","","","","","","","","","","","","","","","","","","","","","","",300,1,"","",61,1,6,1,"","",0,1,"","","","","","","","","","","","","","","","","","","","","","","","","","","","","","","","","","","","","","","","","","","","","","","","","","","","","","","","","","","","","",""
"54405001","NANCY-OCHEY",48.581,5.959833,336,1982072509,"","","","",2.,1,340,1,"","","","","","","","","","","","","","","","","","","","","","","","","","","","",14.3,1,14.3,1,"","","","","","","","","","","","","","","","","","","","","","","","","","",100,1,"","","","","","","","","","","","",16.2,1,1020.3,1,"","","","","","",8,1,7,1,7,1,"","","","","","","","","","","","","","","","","","","","","","","","","","","","",800,1,"","",61,1,6,1,"","","","","","","","","","","","","","","","","","","","","","","","","","","","","","","","","","","","","","","","","","","","","","","","","","","","","","","","","","","","","","","","","",""
"54405001","NANCY-OCHEY",48.581,5.959833,336,1982072512,"","","","",4.,1,320,1,"","","","","","","","","","","","","","","","","","","","","","","","","","","","",15.3,1,14.6,1,"","","","","","","","","","","","","","","","","","","","","","","","","","",98,1,"","","","","","","","","","","","",17.1,1,1020.7,1,"","","","","","",8,1,6,1,7,1,"","","","","","","","","","","","","","","","","","","","","","","","","","","","",3000,1,"","",10,1,6,1,"","","","","","","","","","","","","","","","","","","","","","","","","","","","","","","","","","","","","","","","","","","","","","","","","","","","","","","","","","","","","","","","","",""
"54405001","NANCY-OCHEY",48.581,5.959833,336,1982072515,"","","","","","",320,1,"","","","","","","","","","","","","","","","","","","","","","","","","","","","",15.8,1,14.1,1,"","","","","","","","","","","","","","","","","","","","","","","","","","",93,1,"","","","","","","","","","","","",16.6,1,1021.1,1,"","","","","","","","","","","","","","","","","","","","","","","","","","","","","","","","","","","","","","","","","","","","","","","","","","","","","","","","","","","","","","","","","","","","","","","","","","","","","","","","","","","","","","","","","","","","","","","","","","","","","","","","","","","","","","","","","",""
"54405001","NANCY-OCHEY",48.581,5.959833,336,1982072518,"","","","","","",340,1,"","","","","","","","","","","","","","","","","","","","","","","","","","","","",15.4,1,13.8,1,"","","","","","","","","","","","","","","","","","","","","","","","","","",93,1,"","","","","","","","","","","","",16.2,1,1021.4,1,"","","","","","","","","","","","","","","","","","","","","","","","","","","","","","","","","","","","","","","","","","","","","","","","","","","","","","","","","","","","","","","","","","","","","","","","","","","","","","","","","","","","","","","","","","","","","","","","","","","","","","","","","","","","","","","","","",""
"54405001","NANCY-OCHEY",48.581,5.959833,336,1982072521,"","","","","","",320,1,"","","","","","","","","","","","","","","","","","","","","","","","","","","","",14.2,1,12.6,1,"","","","","","","","","","","","","","","","","","","","","","","","","","",93,1,"","","","","","","","","","","","",15.,1,1022.6,1,"","","","","","","","","","","","","","","","","","","","","","","","","","","","","","","","","","","","","","","","","","","","","","","","","","","","","","","","","","","","","","","","","","","","","","","","","","","","","","","","","","","","","","","","","","","","","","","","","","","","","","","","","","","","","","","","","",""
"54405001","NANCY-OCHEY",48.581,5.959833,336,1982072600,"","","","","","","","","","","","","","","","","","","","","","","","","","","","","","","","","","","","",13.3,1,11.7,1,"","","","","","","","","","","","","","","","","","","","","","","","","","",93,1,"","","","","","","","","","","","",14.1,1,1022.9,1,"","","","","","","","","","","","","","","","","","","","","","","","","","","","","","","","","","","","","","","","","","","","","","","","","","","","","","","","","","","","","","","","","","","","","","","","","","","","","","","","","","","","","","","","","","","","","","","","","","","","","","","","","","","","","","","","","",""
"54405001","NANCY-OCHEY",48.581,5.959833,336,1982072603,"","","","","","","","","","","","","","","","","","","","","","","","","","","","","","","","","","","","",13.3,1,11.7,1,"","","","","","","","","","","","","","","","","","","","","","","","","","",93,1,"","","","","","","","","","","","",14.1,1,1022.1,1,"","","","","","","","","","","","","","","","","","","","","","","","","","","","","","","","","","","","","","","","","","","","","","","","","","","","","","","","","","","","","","","","","","","","","","","","","","","","","","","","","","","","","","","","","","","","","","","","","","","","","","","","","","","","","","","","","",""
"54405001","NANCY-OCHEY",48.581,5.959833,336,1982072606,"","","","",2.,1,360,1,"","","","","","","","","","","","","","","","","","","","","","","","","","","","",13.6,1,12.,1,"","","","","","","","","","","","","","","","","","","","","","","","","","",93,1,"","","","","","","","","","","","",14.4,1,1022.,1,"","","","","","",7,1,7,1,5,1,"","","","","","","","","","","","","","","","","","","","","","","","","","","","",3000,1,"","",10,1,2,1,"","",0,1,"","","","","","","","","","","","","","","","","","","","","","","","","","","","","","","","","","","","","","","","","","","","","","","","","","","","","","","","","","","","","",""
"54405001","NANCY-OCHEY",48.581,5.959833,336,1982072609,"","","","",2.,1,60,1,"","","","","","","","","","","","","","","","","","","","","","","","","","","","",16.6,1,11.1,1,"","","","","","","","","","","","","","","","","","","","","","","","","","",71,1,"","","","","","","","","","","","",13.5,1,1021.6,1,"","","","","","",5,1,0,1,8,1,0,1,4,1,"","","","","","","","","","","","","","","","","","","","","","","","",9000,1,"","",3,1,1,1,"","","","","","","","","","","","","","","","","","","","","","","","","","","","","","","","","","","","","","","","","","","","","","","","","","","","","","","","","","","","","","","","","",""
"54405001","NANCY-OCHEY",48.581,5.959833,336,1982072612,"","","","",3.,1,340,1,"","","","","","","","","","","","","","","","","","","","","","","","","","","","",18.2,1,9.3,1,"","","","","","","","","","","","","","","","","","","","","","","","","","",57,1,"","","","","","","","","","","","",12.,1,1021.1,1,"","","","","","",7,1,7,1,8,1,"","","","","","","","","","","","","","","","","","","","","","","","","","","","",10000,1,"","",1,1,1,1,"","","","","","","","","","","","","","","","","","","","","","","","","","","","","","","","","","","","","","","","","","","","","","","","","","","","","","","","","","","","","","","","","",""
"54405001","NANCY-OCHEY",48.581,5.959833,336,1982072615,"","","","",3.,1,40,1,"","","","","","","","","","","","","","","","","","","","","","","","","","","","",18.7,1,11.4,1,"","","","","","","","","","","","","","","","","","","","","","","","","","",64,1,"","","","","","","","","","","","",13.8,1,1020.2,1,"","","","","","",6,1,5,1,2,1,3,1,0,1,"","","","","","","","","","","","","","","","","","","","","","","","",9000,1,"","",1,1,1,1,"","","","","","","","","","","","","","","","","","","","","","","","","","","","","","","","","","","","","","","","","","","","","","","","","","","","","","","","","","","","","","","","","",""
"54405001","NANCY-OCHEY",48.581,5.959833,336,1982072618,"","","","",2.,1,60,1,"","","","","","","","","","","","","","","","","","","","","","","","","","","","",17.5,1,12.,1,"","","","","","","","","","","","","","","","","","","","","","","","","","",72,1,"","","","","","","","","","","","",14.4,1,1019.8,1,"","","","","","",7,1,7,1,5,1,"","","","","","","","","","","","","","","","","","","","","","","","","","","","",7000,1,"","",2,1,2,1,"","","","","","","","","","","","","","","","","","","","","","","","","","","","","","","","","","","","","","","","","","","","","","","","","","","","","","","","","","","","","","","","","",""
"54405001","NANCY-OCHEY",48.581,5.959833,336,1982072621,"","","","",2.,1,80,1,"","","","","","","","","","","","","","","","","","","","","","","","","","","","",13.5,1,10.6,1,"","","","","","","","","","","","","","","","","","","","","","","","","","",85,1,"","","","","","","","","","","","",13.1,1,1020.5,1,"","","","","","","","","","","","","","","","","","","","","","","","","","","","","","","","","","","","","","","","","","","","","","","","","","","","","","","","","","","","","","","","","","","","","","","","","","","","","","","","","","","","","","","","","","","","","","","","","","","","","","","","","","","","","","","","","",""
"54405001","NANCY-OCHEY",48.581,5.959833,336,1982072700,"","","","",2.,1,360,1,"","","","","","","","","","","","","","","","","","","","","","","","","","","","",11.5,1,10.1,1,"","","","","","","","","","","","","","","","","","","","","","","","","","",93,1,"","","","","","","","","","","","",12.6,1,1020.4,1,"","","","","","","","","","","","","","","","","","","","","","","","","","","","","","","","","","","","","","","","","","","","","","","","","","","","","","","","","","","","","","","","","","","","","","","","","","","","","","","","","","","","","","","","","","","","","","","","","","","","","","","","","","","","","","","","","",""
"54405001","NANCY-OCHEY",48.581,5.959833,336,1982072703,"","","","",2.,1,20,1,"","","","","","","","","","","","","","","","","","","","","","","","","","","","",10.4,1,9.3,1,"","","","","","","","","","","","","","","","","","","","","","","","","","",96,1,"","","","","","","","","","","","",12.,1,1019.8,1,"","","","","","","","","","","","","","","","","","","","","","","","","","","","","","","","","","","","","","","","","","","","","","","","","","","","","","","","","","","","","","","","","","","","","","","","","","","","","","","","","","","","","","","","","","","","","","","","","","","","","","","","","","","","","","","","","",""
"54405001","NANCY-OCHEY",48.581,5.959833,336,1982072706,"","","","",2.,1,40,1,"","","","","","","","","","","","","","","","","","","","","","","","","","","","",12.,1,11.2,1,"","","","","","","","","","","","","","","","","","","","","","","","","","",97,1,"","","","","","","","","","","","",13.6,1,1019.4,1,"","","","","","",8,1,6,1,6,1,"","","","","","","","","","","","","","","","","","","","","","","","","","","","",1500,1,"","",10,1,2,1,"","",0,1,"","","","","","","","","","","","","","","","","","","","","","","","","","","","","","","","","","","","","","","","","","","","","","","","","","","","","","","","","","","","","",""
"54405001","NANCY-OCHEY",48.581,5.959833,336,1982072709,"","","","",3.,1,20,1,"","","","","","","","","","","","","","","","","","","","","","","","","","","","",15.2,1,12.,1,"","","","","","","","","","","","","","","","","","","","","","","","","","",83,1,"","","","","","","","","","","","",14.4,1,1018.7,1,"","","","","","",7,1,5,1,8,1,"","","","","","","","","","","","","","","","","","","","","","","","","","","","",7000,1,"","",3,1,2,1,"","","","","","","","","","","","","","","","","","","","","","","","","","","","","","","","","","","","","","","","","","","","","","","","","","","","","","","","","","","","","","","","","",""
"54405001","NANCY-OCHEY",48.581,5.959833,336,1982072712,"","","","",5.,1,20,1,"","","","","","","","","","","","","","","","","","","","","","","","","","","","",18.,1,10.2,1,"","","","","","","","","","","","","","","","","","","","","","","","","","",61,1,"","","","","","","","","","","","",12.7,1,1017.3,1,"","","","","","",6,1,0,1,8,1,3,1,0,1,"","","","","","","","","","","","","","","","","","","","","","","","",17000,1,"","",3,1,2,1,"","","","","","","","","","","","","","","","","","","","","","","","","","","","","","","","","","","","","","","","","","","","","","","","","","","","","","","","","","","","","","","","","",""
"54405001","NANCY-OCHEY",48.581,5.959833,336,1982072715,"","","","",4.,1,40,1,"","","","","","","","","","","","","","","","","","","","","","","","","","","","",19.1,1,8.,1,"","","","","","","","","","","","","","","","","","","","","","","","","","",49,1,"","","","","","","","","","","","",10.9,1,1015.9,1,"","","","","","",2,1,0,1,2,1,0,1,0,1,"","","","","","","","","","","","","","","","","","","","","","","","",24000,1,"","",1,1,1,1,"","","","","","","","","","","","","","","","","","","","","","","","","","","","","","","","","","","","","","","","","","","","","","","","","","","","","","","","","","","","","","","","","",""
"54405001","NANCY-OCHEY",48.581,5.959833,336,1982072718,"","","","",4.,1,40,1,"","","","","","","","","","","","","","","","","","","","","","","","","","","","",17.6,1,8.3,1,"","","","","","","","","","","","","","","","","","","","","","","","","","",56,1,"","","","","","","","","","","","",11.2,1,1015.8,1,"","","","","","",1,1,0,1,1,1,0,1,0,1,"","","","","","","","","","","","","","","","","","","","","","","","",24000,1,"","",2,1,0,1,"","","","","","","","","","","","","","","","","","","","","","","","","","","","","","","","","","","","","","","","","","","","","","","","","","","","","","","","","","","","","","","","","",""
"54405001","NANCY-OCHEY",48.581,5.959833,336,1982072721,"","","","",3.,1,20,1,"","","","","","","","","","","","","","","","","","","","","","","","","","","","",11.9,1,8.2,1,"","","","","","","","","","","","","","","","","","","","","","","","","","",80,1,"","","","","","","","","","","","",11.1,1,1017.,1,"","","","","","","","","","","","","","","","","","","","","","","","","","","","","","","","","","","","","","","","","","","","","","","","","","","","","","","","","","","","","","","","","","","","","","","","","","","","","","","","","","","","","","","","","","","","","","","","","","","","","","","","","","","","","","","","","",""
"54405001","NANCY-OCHEY",48.581,5.959833,336,1982072800,"","","","",2.,1,40,1,"","","","","","","","","","","","","","","","","","","","","","","","","","","","",9.6,1,7.7,1,"","","","","","","","","","","","","","","","","","","","","","","","","","",90,1,"","","","","","","","","","","","",10.7,1,1017.1,1,"","","","","","","","","","","","","","","","","","","","","","","","","","","","","","","","","","","","","","","","","","","","","","","","","","","","","","","","","","","","","","","","","","","","","","","","","","","","","","","","","","","","","","","","","","","","","","","","","","","","","","","","","","","","","","","","","",""
"54405001","NANCY-OCHEY",48.581,5.959833,336,1982072803,"","","","",1.,1,40,1,"","","","","","","","","","","","","","","","","","","","","","","","","","","","",10.7,1,9.2,1,"","","","","","","","","","","","","","","","","","","","","","","","","","",93,1,"","","","","","","","","","","","",11.9,1,1016.,1,"","","","","","","","","","","","","","","","","","","","","","","","","","","","","","","","","","","","","","","","","","","","","","","","","","","","","","","","","","","","","","","","","","","","","","","","","","","","","","","","","","","","","","","","","","","","","","","","","","","","","","","","","","","","","","","","","",""
"54405001","NANCY-OCHEY",48.581,5.959833,336,1982072806,"","","","",4.,1,100,1,"","","","","","","","","","","","","","","","","","","","","","","","","","","","",12.3,1,10.7,1,"","","","","","","","","","","","","","","","","","","","","","","","","","",92,1,"","","","","","","","","","","","",13.2,1,1016.,1,"","","","","","",2,1,0,1,5,1,3,1,0,1,"","","","","","","","","","","","","","","","","","","","","","","","",5000,1,"","",1,1,1,1,"","",0,1,"","","","","","","","","","","","","","","","","","","","","","","","","","","","","","","","","","","","","","","","","","","","","","","","","","","","","","","","","","","","","",""
"54405001","NANCY-OCHEY",48.581,5.959833,336,1982072809,"","","","",7.,1,100,1,"","","","","","","","","","","","","","","","","","","","","","","","","","","","",16.4,1,10.8,1,"","","","","","","","","","","","","","","","","","","","","","","","","","",71,1,"","","","","","","","","","","","",13.3,1,1015.6,1,"","","","","","",3,1,0,1,2,1,0,1,0,1,"","","","","","","","","","","","","","","","","","","","","","","","",10000,1,"","",3,1,0,1,"","","","","","","","","","","","","","","","","","","","","","","","","","","","","","","","","","","","","","","","","","","","","","","","","","","","","","","","","","","","","","","","","",""
"54405001","NANCY-OCHEY",48.581,5.959833,336,1982072812,"","","","",7.,1,60,1,"","","","","","","","","","","","","","","","","","","","","","","","","","","","",18.6,1,11.9,1,"","","","","","","","","","","","","","","","","","","","","","","","","","",66,1,"","","","","","","","","","","","",14.3,1,1015.5,1,"","","","","","",6,1,6,1,2,1,0,1,0,1,"","","","","","","","","","","","","","","","","","","","","","","","",10000,1,"","",2,1,1,1,"","","","","","","","","","","","","","","","","","","","","","","","","","","","","","","","","","","","","","","","","","","","","","","","","","","","","","","","","","","","","","","","","",""
"54405001","NANCY-OCHEY",48.581,5.959833,336,1982072815,"","","","",6.,1,80,1,"","","","","","","","","","","","","","","","","","","","","","","","","","","","",19.,1,10.9,1,"","","","","","","","","","","","","","","","","","","","","","","","","","",61,1,"","","","","","","","","","","","",13.4,1,1015.4,1,"","","","","","",6,1,0,1,3,1,0,1,0,1,"","","","","","","","","","","","","","","","","","","","","","","","",15000,1,"","",3,1,2,1,"","","","","","","","","","","","","","","","","","","","","","","","","","","","","","","","","","","","","","","","","","","","","","","","","","","","","","","","","","","","","","","","","",""
"54405001","NANCY-OCHEY",48.581,5.959833,336,1982072818,"","","","",6.,1,80,1,"","","","","","","","","","","","","","","","","","","","","","","","","","","","",17.,1,11.9,1,"","","","","","","","","","","","","","","","","","","","","","","","","","",73,1,"","","","","","","","","","","","",14.3,1,1015.7,1,"","","","","","",1,1,0,1,2,1,0,1,0,1,"","","","","","","","","","","","","","","","","","","","","","","","",10000,1,"","",2,1,1,1,"","","","","","","","","","","","","","","","","","","","","","","","","","","","","","","","","","","","","","","","","","","","","","","","","","","","","","","","","","","","","","","","","",""
"54405001","NANCY-OCHEY",48.581,5.959833,336,1982072821,"","","","",3.,1,80,1,"","","","","","","","","","","","","","","","","","","","","","","","","","","","",13.2,1,11.7,1,"","","","","","","","","","","","","","","","","","","","","","","","","","",93,1,"","","","","","","","","","","","",14.1,1,1017.5,1,"","","","","","","","","","","","","","","","","","","","","","","","","","","","","","","","","","","","","","","","","","","","","","","","","","","","","","","","","","","","","","","","","","","","","","","","","","","","","","","","","","","","","","","","","","","","","","","","","","","","","","","","","","","","","","","","","",""
"54405001","NANCY-OCHEY",48.581,5.959833,336,1982072900,"","","","",4.,1,100,1,"","","","","","","","","","","","","","","","","","","","","","","","","","","","",12.4,1,12.4,1,"","","","","","","","","","","","","","","","","","","","","","","","","","",100,1,"","","","","","","","","","","","",14.3,1,1017.7,1,"","","","","","","","","","","","","","","","","","","","","","","","","","","","","","","","","","","","","","","","","","","","","","","","","","","","","","","","","","","","","","","","","","","","","","","","","","","","","","","","","","","","","","","","","","","","","","","","","","","","","","","","","","","","","","","","","",""
"54405001","NANCY-OCHEY",48.581,5.959833,336,1982072903,"","","","",3.,1,80,1,"","","","","","","","","","","","","","","","","","","","","","","","","","","","",12.5,1,12.5,1,"","","","","","","","","","","","","","","","","","","","","","","","","","",100,1,"","","","","","","","","","","","",14.4,1,1017.4,1,"","","","","","","","","","","","","","","","","","","","","","","","","","","","","","","","","","","","","","","","","","","","","","","","","","","","","","","","","","","","","","","","","","","","","","","","","","","","","","","","","","","","","","","","","","","","","","","","","","","","","","","","","","","","","","","","","",""
"54405001","NANCY-OCHEY",48.581,5.959833,336,1982072906,"","","","",4.,1,100,1,"","","","","","","","","","","","","","","","","","","","","","","","","","","","",12.5,1,12.5,1,"","","","","","","","","","","","","","","","","","","","","","","","","","",100,1,"","","","","","","","","","","","",14.4,1,1017.4,1,"","","","","","",8,1,8,1,6,1,"","","","","","","","","","","","","","","","","","","","","","","","","","","","",1200,1,"","",10,1,2,1,"","",0,1,"","","","","","","","","","","","","","","","","","","","","","","","","","","","","","","","","","","","","","","","","","","","","","","","","","","","","","","","","","","","","",""
"54405001","NANCY-OCHEY",48.581,5.959833,336,1982072909,"","","","",3.,1,60,1,"","","","","","","","","","","","","","","","","","","","","","","","","","","","",16.1,1,12.8,1,"","","","","","","","","","","","","","","","","","","","","","","","","","",83,1,"","","","","","","","","","","","",15.2,1,1017.,1,"","","","","","",6,1,0,1,2,1,0,1,2,1,"","","","","","","","","","","","","","","","","","","","","","","","",5000,1,"","",1,1,2,1,"","","","","","","","","","","","","","","","","","","","","","","","","","","","","","","","","","","","","","","","","","","","","","","","","","","","","","","","","","","","","","","","","",""
"54405001","NANCY-OCHEY",48.581,5.959833,336,1982072912,"","","","",3.,1,120,1,"","","","","","","","","","","","","","","","","","","","","","","","","","","","",21.9,1,13.6,1,"","","","","","","","","","","","","","","","","","","","","","","","","","",61,1,"","","","","","","","","","","","",16.,1,1016.,1,"","","","","","",5,1,5,1,0,1,0,1,2,1,"","","","","","","","","","","","","","","","","","","","","","","","",13000,1,"","",3,1,2,1,"","","","","","","","","","","","","","","","","","","","","","","","","","","","","","","","","","","","","","","","","","","","","","","","","","","","","","","","","","","","","","","","","",""
"54405001","NANCY-OCHEY",48.581,5.959833,336,1982072915,"","","","",3.,1,120,1,"","","","","","","","","","","","","","","","","","","","","","","","","","","","",24.,1,13.8,1,"","","","","","","","","","","","","","","","","","","","","","","","","","",54,1,"","","","","","","","","","","","",16.2,1,1015.3,1,"","","","","","",5,1,0,1,0,1,3,1,2,1,"","","","","","","","","","","","","","","","","","","","","","","","",15000,1,"","",3,1,2,1,"","","","","","","","","","","","","","","","","","","","","","","","","","","","","","","","","","","","","","","","","","","","","","","","","","","","","","","","","","","","","","","","","",""
"54405001","NANCY-OCHEY",48.581,5.959833,336,1982072918,"","","","",2.,1,100,1,"","","","","","","","","","","","","","","","","","","","","","","","","","","","",22.6,1,15.8,1,"","","","","","","","","","","","","","","","","","","","","","","","","","",68,1,"","","","","","","","","","","","",18.6,1,1015.1,1,"","","","","","",6,1,6,1,0,1,3,1,2,1,"","","","","","","","","","","","","","","","","","","","","","","","",15000,1,"","",3,1,2,1,"","","","","","","","","","","","","","","","","","","","","","","","","","","","","","","","","","","","","","","","","","","","","","","","","","","","","","","","","","","","","","","","","",""
"54405001","NANCY-OCHEY",48.581,5.959833,336,1982072921,"","","","",3.,1,120,1,"","","","","","","","","","","","","","","","","","","","","","","","","","","","",20.5,1,17.1,1,"","","","","","","","","","","","","","","","","","","","","","","","","","",84,1,"","","","","","","","","","","","",20.2,1,1015.2,1,"","","","","","","","","","","","","","","","","","","","","","","","","","","","","","","","","","","","","","","","","","","","","","","","","","","","","","","","","","","","","","","","","","","","","","","","","","","","","","","","","","","","","","","","","","","","","","","","","","","","","","","","","","","","","","","","","",""
"54405001","NANCY-OCHEY",48.581,5.959833,336,1982073000,"","","","",1.,1,200,1,"","","","","","","","","","","","","","","","","","","","","","","","","","","","",18.3,1,16.1,1,"","","","","","","","","","","","","","","","","","","","","","","","","","",90,1,"","","","","","","","","","","","",18.9,1,1015.1,1,"","","","","","","","","","","","","","","","","","","","","","","","","","","","","","","","","","","","","","","","","","","","","","","","","","","","","","","","","","","","","","","","","","","","","","","","","","","","","","","","","","","","","","","","","","","","","","","","","","","","","","","","","","","","","","","","","",""
"54405001","NANCY-OCHEY",48.581,5.959833,336,1982073003,"","","","",4.,1,120,1,"","","","","","","","","","","","","","","","","","","","","","","","","","","","",17.6,1,15.3,1,"","","","","","","","","","","","","","","","","","","","","","","","","","",89,1,"","","","","","","","","","","","",17.9,1,1014.5,1,"","","","","","","","","","","","","","","","","","","","","","","","","","","","","","","","","","","","","","","","","","","","","","","","","","","","","","","","","","","","","","","","","","","","","","","","","","","","","","","","","","","","","","","","","","","","","","","","","","","","","","","","","","","","","","","","","",""
"54405001","NANCY-OCHEY",48.581,5.959833,336,1982073006,"","","","",6.,1,140,1,"","","","","","","","","","","","","","","","","","","","","","","","","","","","",17.4,1,15.4,1,"","","","","","","","","","","","","","","","","","","","","","","","","","",90,1,"","","","","","","","","","","","",18.,1,1013.2,1,"","","","","","",7,1,5,1,5,1,7,1,"","","","","","","","","","","","","","","","","","","","","","","","","","",3000,1,"","",10,1,2,1,"","",0,1,"","","","","","","","","","","","","","","","","","","","","","","","","","","","","","","","","","","","","","","","","","","","","","","","","","","","","","","","","","","","","",""
"54405001","NANCY-OCHEY",48.581,5.959833,336,1982073009,"","","","",4.,1,140,1,"","","","","","","","","","","","","","","","","","","","","","","","","","","","",18.4,1,15.8,1,"","","","","","","","","","","","","","","","","","","","","","","","","","",88,1,"","","","","","","","","","","","",18.6,1,1012.4,1,"","","","","","",7,1,7,1,5,1,7,1,"","","","","","","","","","","","","","","","","","","","","","","","","","",5000,1,"","",20,1,2,1,"","","","","","","","","","","","","","","","","","","","","","","","","","","","","","","","","","","","","","","","","","","","","","","","","","","","","","","","","","","","","","","","","",""
"54405001","NANCY-OCHEY",48.581,5.959833,336,1982073012,"","","","",5.,1,160,1,"","","","","","","","","","","","","","","","","","","","","","","","","","","","",22.6,1,17.4,1,"","","","","","","","","","","","","","","","","","","","","","","","","","",75,1,"","","","","","","","","","","","",20.6,1,1011.,1,"","","","","","",7,1,7,1,8,1,7,1,"","","","","","","","","","","","","","","","","","","","","","","","","","",8000,1,"","",3,1,5,1,"","","","","","","","","","","","","","","","","","","","","","","","","","","","","","","","","","","","","","","","","","","","","","","","","","","","","","","","","","","","","","","","","",""
"54405001","NANCY-OCHEY",48.581,5.959833,336,1982073015,"","","","",6.,1,200,1,"","","","","","","","","","","","","","","","","","","","","","","","","","","","",26.5,1,15.3,1,"","","","","","","","","","","","","","","","","","","","","","","","","","",51,1,"","","","","","","","","","","","",17.9,1,1009.9,1,"","","","","","",7,1,7,1,5,1,3,1,"","","","","","","","","","","","","","","","","","","","","","","","","","",15000,1,"","",3,1,2,1,"","","","","","","","","","","","","","","","","","","","","","","","","","","","","","","","","","","","","","","","","","","","","","","","","","","","","","","","","","","","","","","","","",""
"54405001","NANCY-OCHEY",48.581,5.959833,336,1982073018,"","","","",5.,1,200,1,"","","","","","","","","","","","","","","","","","","","","","","","","","","","",18.4,1,15.5,1,"","","","","","","","","","","","","","","","","","","","","","","","","","",86,1,"","","","","","","","","","","","",18.2,1,1011.3,1,"","","","","","",7,1,7,1,5,1,2,1,"","","","","","","","","","","","","","","","","","","","","","","","","","",15000,1,"","",3,1,6,1,"","","","","","","","","","","","","","","","","","","","","","","","","","","","","","","","","","","","","","","","","","","","","","","","","","","","","","","","","","","","","","","","","",""
"54405001","NANCY-OCHEY",48.581,5.959833,336,1982073021,"","","","",3.,1,180,1,"","","","","","","","","","","","","","","","","","","","","","","","","","","","",16.6,1,15.8,1,"","","","","","","","","","","","","","","","","","","","","","","","","","",98,1,"","","","","","","","","","","","",18.5,1,1011.5,1,"","","","","","","","","","","","","","","","","","","","","","","","","","","","","","","","","","","","","","","","","","","","","","","","","","","","","","","","","","","","","","","","","","","","","","","","","","","","","","","","","","","","","","","","","","","","","","","","","","","","","","","","","","","","","","","","","",""
"54405001","NANCY-OCHEY",48.581,5.959833,336,1982073100,"","","","",5.,1,220,1,"","","","","","","","","","","","","","","","","","","","","","","","","","","","",16.1,1,14.8,1,"","","","","","","","","","","","","","","","","","","","","","","","","","",95,1,"","","","","","","","","","","","",17.3,1,1011.4,1,"","","","","","","","","","","","","","","","","","","","","","","","","","","","","","","","","","","","","","","","","","","","","","","","","","","","","","","","","","","","","","","","","","","","","","","","","","","","","","","","","","","","","","","","","","","","","","","","","","","","","","","","","","","","","","","","","",""
"54405001","NANCY-OCHEY",48.581,5.959833,336,1982073103,"","","","",2.,1,220,1,"","","","","","","","","","","","","","","","","","","","","","","","","","","","",14.7,1,13.9,1,"","","","","","","","","","","","","","","","","","","","","","","","","","",98,1,"","","","","","","","","","","","",16.3,1,1011.2,1,"","","","","","","","","","","","","","","","","","","","","","","","","","","","","","","","","","","","","","","","","","","","","","","","","","","","","","","","","","","","","","","","","","","","","","","","","","","","","","","","","","","","","","","","","","","","","","","","","","","","","","","","","","","","","","","","","",""
"54405001","NANCY-OCHEY",48.581,5.959833,336,1982073106,"","","","",2.,1,200,1,"","","","","","","","","","","","","","","","","","","","","","","","","","","","",14.4,1,14.4,1,"","","","","","","","","","","","","","","","","","","","","","","","","","",100,1,"","","","","","","","","","","","",16.3,1,1011.3,1,"","","","","","",7,1,7,1,5,1,7,1,"","","","","","","","","","","","","","","","","","","","","","","","","","",10000,1,"","",21,1,6,1,"","",0,1,"","","","","","","","","","","","","","","","","","","","","","","","","","","","","","","","","","","","","","","","","","","","","","","","","","","","","","","","","","","","","",""
"54405001","NANCY-OCHEY",48.581,5.959833,336,1982073109,"","","","",3.,1,200,1,"","","","","","","","","","","","","","","","","","","","","","","","","","","","",15.5,1,14.7,1,"","","","","","","","","","","","","","","","","","","","","","","","","","",97,1,"","","","","","","","","","","","",17.2,1,1011.4,1,"","","","","","",8,1,7,1,7,1,"","","","","","","","","","","","","","","","","","","","","","","","","","","","",8000,1,"","",3,1,6,1,"","","","","","","","","","","","","","","","","","","","","","","","","","","","","","","","","","","","","","","","","","","","","","","","","","","","","","","","","","","","","","","","","",""
"54405001","NANCY-OCHEY",48.581,5.959833,336,1982073112,"","","","",4.,1,280,1,"","","","","","","","","","","","","","","","","","","","","","","","","","","","",16.,1,15.1,1,"","","","","","","","","","","","","","","","","","","","","","","","","","",97,1,"","","","","","","","","","","","",17.7,1,1012.2,1,"","","","","","",8,1,7,1,7,1,"","","","","","","","","","","","","","","","","","","","","","","","","","","","",1500,1,"","",51,1,6,1,"","","","","","","","","","","","","","","","","","","","","","","","","","","","","","","","","","","","","","","","","","","","","","","","","","","","","","","","","","","","","","","","","",""
"54405001","NANCY-OCHEY",48.581,5.959833,336,1982073115,"","","","","","","","","","","","","","","","","","","","","","","","","","","","","","","","","","","","",17.9,1,15.8,1,"","","","","","","","","","","","","","","","","","","","","","","","","","",91,1,"","","","","","","","","","","","",18.6,1,1012.5,1,"","","","","","","","","","","","","","","","","","","","","","","","","","","","","","","","","","","","","","","","","","","","","","","","","","","","","","","","","","","","","","","","","","","","","","","","","","","","","","","","","","","","","","","","","","","","","","","","","","","","","","","","","","","","","","","","","",""
"54405001","NANCY-OCHEY",48.581,5.959833,336,1982073118,"","","","",4.,1,240,1,"","","","","","","","","","","","","","","","","","","","","","","","","","","","",20.,1,14.9,1,"","","","","","","","","","","","","","","","","","","","","","","","","","",75,1,"","","","","","","","","","","","",17.5,1,1012.3,1,"","","","","","","","","","","","","","","","","","","","","","","","","","","","","","","","","","","","","","","","","","","","","","","","","","","","","","","","","","","","","","","","","","","","","","","","","","","","","","","","","","","","","","","","","","","","","","","","","","","","","","","","","","","","","","","","","",""
"54405001","NANCY-OCHEY",48.581,5.959833,336,1982073121,"","","","",2.,1,220,1,"","","","","","","","","","","","","","","","","","","","","","","","","","","","",16.1,1,13.9,1,"","","","","","","","","","","","","","","","","","","","","","","","","","",90,1,"","","","","","","","","","","","",16.4,1,1014.3,1,"","","","","","","","","","","","","","","","","","","","","","","","","","","","","","","","","","","","","","","","","","","","","","","","","","","","","","","","","","","","","","","","","","","","","","","","","","","","","","","","","","","","","","","","","","","","","","","","","","","","","","","","","","","","","","","","","",""
"54405001","NANCY-OCHEY",48.581,5.959833,336,1982080100,"","","","",3.,1,180,1,"","","","","","","","","","","","","","","","","","","","","","","","","","","","",14.5,1,12.9,1,"","","","","","","","","","","","","","","","","","","","","","","","","","",93,1,"","","","","","","","","","","","",15.3,1,1014.7,1,"","","","","","","","","","","","","","","","","","","","","","","","","","","","","","","","","","","","","","","","","","","","","","","","","","","","","","","","","","","","","","","","","","","","","","","","","","","","","","","","","","","","","","","","","","","","","","","","","","","","","","","","","","","","","","","","","",""
"54405001","NANCY-OCHEY",48.581,5.959833,336,1982080103,"","","","",3.,1,200,1,"","","","","","","","","","","","","","","","","","","","","","","","","","","","",14.8,1,13.5,1,"","","","","","","","","","","","","","","","","","","","","","","","","","",95,1,"","","","","","","","","","","","",15.9,1,1014.5,1,"","","","","","","","","","","","","","","","","","","","","","","","","","","","","","","","","","","","","","","","","","","","","","","","","","","","","","","","","","","","","","","","","","","","","","","","","","","","","","","","","","","","","","","","","","","","","","","","","","","","","","","","","","","","","","","","","",""
"54405001","NANCY-OCHEY",48.581,5.959833,336,1982080106,"","","","",3.,1,180,1,"","","","","","","","","","","","","","","","","","","","","","","","","","","","",15.,1,13.7,1,"","","","","","","","","","","","","","","","","","","","","","","","","","",94,1,"","","","","","","","","","","","",16.1,1,1014.8,1,"","","","","","",5,1,0,1,5,1,3,1,2,1,"","","","","","","","","","","","","","","","","","","","","","","","",9000,1,"","",3,1,1,1,"","",0,1,"","","","","","","","","","","","","","","","","","","","","","","","","","","","","","","","","","","","","","","","","","","","","","","","","","","","","","","","","","","","","",""
"54405001","NANCY-OCHEY",48.581,5.959833,336,1982080109,"","","","",1.,1,300,1,"","","","","","","","","","","","","","","","","","","","","","","","","","","","",21.2,1,15.4,1,"","","","","","","","","","","","","","","","","","","","","","","","","","",71,1,"","","","","","","","","","","","",18.,1,1013.7,1,"","","","","","",3,1,0,1,2,1,8,1,1,1,"","","","","","","","","","","","","","","","","","","","","","","","",13000,1,"","",3,1,1,1,"","","","","","","","","","","","","","","","","","","","","","","","","","","","","","","","","","","","","","","","","","","","","","","","","","","","","","","","","","","","","","","","","",""
"54405001","NANCY-OCHEY",48.581,5.959833,336,1982080112,"","","","",2.,1,100,1,"","","","","","","","","","","","","","","","","","","","","","","","","","","","",23.,1,15.4,1,"","","","","","","","","","","","","","","","","","","","","","","","","","",64,1,"","","","","","","","","","","","",18.1,1,1013.2,1,"","","","","","",3,1,0,1,2,1,0,1,0,1,"","","","","","","","","","","","","","","","","","","","","","","","",16000,1,"","",3,1,0,1,"","","","","","","","","","","","","","","","","","","","","","","","","","","","","","","","","","","","","","","","","","","","","","","","","","","","","","","","","","","","","","","","","",""
"54405001","NANCY-OCHEY",48.581,5.959833,336,1982080115,"","","","",2.,1,120,1,"","","","","","","","","","","","","","","","","","","","","","","","","","","","",25.3,1,14.8,1,"","","","","","","","","","","","","","","","","","","","","","","","","","",54,1,"","","","","","","","","","","","",17.4,1,1012.2,1,"","","","","","","","","","","","","","","","","","","","","","","","","","","","","","","","","","","","","","","","","","","","","","","","","","","","","","","","","","","","","","","","","","","","","","","","","","","","","","","","","","","","","","","","","","","","","","","","","","","","","","","","","","","","","","","","","",""
"54405001","NANCY-OCHEY",48.581,5.959833,336,1982080118,"","","","",2.,1,100,1,"","","","","","","","","","","","","","","","","","","","","","","","","","","","",23.7,1,14.4,1,"","","","","","","","","","","","","","","","","","","","","","","","","","",58,1,"","","","","","","","","","","","",16.9,1,1012.,1,"","","","","","","","","","","","","","","","","","","","","","","","","","","","","","","","","","","","","","","","","","","","","","","","","","","","","","","","","","","","","","","","","","","","","","","","","","","","","","","","","","","","","","","","","","","","","","","","","","","","","","","","","","","","","","","","","",""
"54405001","NANCY-OCHEY",48.581,5.959833,336,1982080121,"","","","",2.,1,120,1,"","","","","","","","","","","","","","","","","","","","","","","","","","","","",18.5,1,14.7,1,"","","","","","","","","","","","","","","","","","","","","","","","","","",81,1,"","","","","","","","","","","","",17.2,1,1012.9,1,"","","","","","","","","","","","","","","","","","","","","","","","","","","","","","","","","","","","","","","","","","","","","","","","","","","","","","","","","","","","","","","","","","","","","","","","","","","","","","","","","","","","","","","","","","","","","","","","","","","","","","","","","","","","","","","","","",""
"54405001","NANCY-OCHEY",48.581,5.959833,336,1982080200,"","","","",0.,1,0,1,"","","","","","","","","","","","","","","","","","","","","","","","","","","","",16.9,1,15.2,1,"","","","","","","","","","","","","","","","","","","","","","","","","","",93,1,"","","","","","","","","","","","",17.8,1,1013.3,1,"","","","","","","","","","","","","","","","","","","","","","","","","","","","","","","","","","","","","","","","","","","","","","","","","","","","","","","","","","","","","","","","","","","","","","","","","","","","","","","","","","","","","","","","","","","","","","","","","","","","","","","","","","","","","","","","","",""
"54405001","NANCY-OCHEY",48.581,5.959833,336,1982080203,"","","","",0.,1,0,1,"","","","","","","","","","","","","","","","","","","","","","","","","","","","",16.7,1,14.8,1,"","","","","","","","","","","","","","","","","","","","","","","","","","",92,1,"","","","","","","","","","","","",17.4,1,1012.2,1,"","","","","","","","","","","","","","","","","","","","","","","","","","","","","","","","","","","","","","","","","","","","","","","","","","","","","","","","","","","","","","","","","","","","","","","","","","","","","","","","","","","","","","","","","","","","","","","","","","","","","","","","","","","","","","","","","",""
"54405001","NANCY-OCHEY",48.581,5.959833,336,1982080206,"","","","",0.,1,0,1,"","","","","","","","","","","","","","","","","","","","","","","","","","","","",14.9,1,14.9,1,"","","","","","","","","","","","","","","","","","","","","","","","","","",100,1,"","","","","","","","","","","","",16.9,1,1012.4,1,"","","","","","",6,1,5,1,0,1,8,1,1,1,"","","","","","","","","","","","","","","","","","","","","","","","",1100,1,"","",10,1,4,1,"","",0,1,"","","","","","","","","","","","","","","","","","","","","","","","","","","","","","","","","","","","","","","","","","","","","","","","","","","","","","","","","","","","","",""
"54405001","NANCY-OCHEY",48.581,5.959833,336,1982080209,"","","","",3.,1,140,1,"","","","","","","","","","","","","","","","","","","","","","","","","","","","",22.4,1,17.,1,"","","","","","","","","","","","","","","","","","","","","","","","","","",74,1,"","","","","","","","","","","","",20.1,1,1011.,1,"","","","","","",6,1,0,1,0,1,8,1,1,1,"","","","","","","","","","","","","","","","","","","","","","","","",8000,1,"","",1,1,2,1,"","","","","","","","","","","","","","","","","","","","","","","","","","","","","","","","","","","","","","","","","","","","","","","","","","","","","","","","","","","","","","","","","",""
"54405001","NANCY-OCHEY",48.581,5.959833,336,1982080212,"","","","",3.,1,120,1,"","","","","","","","","","","","","","","","","","","","","","","","","","","","",23.8,1,17.,1,"","","","","","","","","","","","","","","","","","","","","","","","","","",68,1,"","","","","","","","","","","","",20.1,1,1010.,1,"","","","","","",7,1,6,1,0,1,7,1,2,1,"","","","","","","","","","","","","","","","","","","","","","","","",11000,1,"","",3,1,2,1,"","","","","","","","","","","","","","","","","","","","","","","","","","","","","","","","","","","","","","","","","","","","","","","","","","","","","","","","","","","","","","","","","",""
"54405001","NANCY-OCHEY",48.581,5.959833,336,1982080215,"","","","",2.,1,360,1,"","","","","","","","","","","","","","","","","","","","","","","","","","","","",23.,1,18.5,1,"","","","","","","","","","","","","","","","","","","","","","","","","","",78,1,"","","","","","","","","","","","",22.1,1,1010.3,1,"","","","","","",7,1,7,1,0,1,7,1,"","","","","","","","","","","","","","","","","","","","","","","","","","",13000,1,"","",2,1,2,1,"","","","","","","","","","","","","","","","","","","","","","","","","","","","","","","","","","","","","","","","","","","","","","","","","","","","","","","","","","","","","","","","","",""
"54405001","NANCY-OCHEY",48.581,5.959833,336,1982080218,"","","","",3.,1,100,1,"","","","","","","","","","","","","","","","","","","","","","","","","","","","",23.,1,18.1,1,"","","","","","","","","","","","","","","","","","","","","","","","","","",77,1,"","","","","","","","","","","","",21.6,1,1009.7,1,"","","","","","",6,1,6,1,0,1,9,1,0,1,"","","","","","","","","","","","","","","","","","","","","","","","",13000,1,"","",3,1,2,1,"","","","","","","","","","","","","","","","","","","","","","","","","","","","","","","","","","","","","","","","","","","","","","","","","","","","","","","","","","","","","","","","","",""
"54405001","NANCY-OCHEY",48.581,5.959833,336,1982080221,"","","","",3.,1,160,1,"","","","","","","","","","","","","","","","","","","","","","","","","","","","",16.5,1,16.5,1,"","","","","","","","","","","","","","","","","","","","","","","","","","",99,1,"","","","","","","","","","","","",18.5,1,1010.7,1,"","","","","","","","","","","","","","","","","","","","","","","","","","","","","","","","","","","","","","","","","","","","","","","","","","","","","","","","","","","","","","","","","","","","","","","","","","","","","","","","","","","","","","","","","","","","","","","","","","","","","","","","","","","","","","","","","",""
"54405001","NANCY-OCHEY",48.581,5.959833,336,1982080300,"","","","",1.,1,300,1,"","","","","","","","","","","","","","","","","","","","","","","","","","","","",16.,1,14.8,1,"","","","","","","","","","","","","","","","","","","","","","","","","","",96,1,"","","","","","","","","","","","",17.4,1,1010.8,1,"","","","","","","","","","","","","","","","","","","","","","","","","","","","","","","","","","","","","","","","","","","","","","","","","","","","","","","","","","","","","","","","","","","","","","","","","","","","","","","","","","","","","","","","","","","","","","","","","","","","","","","","","","","","","","","","","",""
"54405001","NANCY-OCHEY",48.581,5.959833,336,1982080303,"","","","",1.,1,260,1,"","","","","","","","","","","","","","","","","","","","","","","","","","","","",14.7,1,14.7,1,"","","","","","","","","","","","","","","","","","","","","","","","","","",99,1,"","","","","","","","","","","","",16.5,1,1011.1,1,"","","","","","","","","","","","","","","","","","","","","","","","","","","","","","","","","","","","","","","","","","","","","","","","","","","","","","","","","","","","","","","","","","","","","","","","","","","","","","","","","","","","","","","","","","","","","","","","","","","","","","","","","","","","","","","","","",""
"54405001","NANCY-OCHEY",48.581,5.959833,336,1982080306,"","","","",5.,1,240,1,"","","","","","","","","","","","","","","","","","","","","","","","","","","","",14.4,1,14.4,1,"","","","","","","","","","","","","","","","","","","","","","","","","","",100,1,"","","","","","","","","","","","",16.3,1,1011.7,1,"","","","","","",8,1,5,1,9,1,8,1,"","","","","","","","","","","","","","","","","","","","","","","","","","",2000,1,"","",95,1,9,1,"","",0,1,"","","","","","","","","","","","","","","","","","","","","","","","","","","","","","","","","","","","","","","","","","","","","","","","","","","","","","","","","","","","","",""
"54405001","NANCY-OCHEY",48.581,5.959833,336,1982080309,"","","","",6.,1,240,1,"","","","","","","","","","","","","","","","","","","","","","","","","","","","",17.6,1,16.3,1,"","","","","","","","","","","","","","","","","","","","","","","","","","",95,1,"","","","","","","","","","","","",19.2,1,1012.1,1,"","","","","","",8,1,7,1,8,1,"","","","","","","","","","","","","","","","","","","","","","","","","","","","",9000,1,"","",3,1,9,1,"","","","","","","","","","","","","","","","","","","","","","","","","","","","","","","","","","","","","","","","","","","","","","","","","","","","","","","","","","","","","","","","","",""
"54405001","NANCY-OCHEY",48.581,5.959833,336,1982080312,"","","","",6.,1,260,1,"","","","","","","","","","","","","","","","","","","","","","","","","","","","",17.6,1,16.3,1,"","","","","","","","","","","","","","","","","","","","","","","","","","",95,1,"","","","","","","","","","","","",19.2,1,1013.1,1,"","","","","","",8,1,7,1,2,1,"","","","","","","","","","","","","","","","","","","","","","","","","","","","",8000,1,"","",25,1,9,1,"","","","","","","","","","","","","","","","","","","","","","","","","","","","","","","","","","","","","","","","","","","","","","","","","","","","","","","","","","","","","","","","","",""
"54405001","NANCY-OCHEY",48.581,5.959833,336,1982080315,"","","","",7.,1,260,1,"","","","","","","","","","","","","","","","","","","","","","","","","","","","",18.,1,15.4,1,"","","","","","","","","","","","","","","","","","","","","","","","","","",88,1,"","","","","","","","","","","","",18.1,1,1013.7,1,"","","","","","",7,1,6,1,2,1,"","","","","","","","","","","","","","","","","","","","","","","","","","","","",10000,1,"","",1,1,2,1,"","","","","","","","","","","","","","","","","","","","","","","","","","","","","","","","","","","","","","","","","","","","","","","","","","","","","","","","","","","","","","","","","",""
"54405001","NANCY-OCHEY",48.581,5.959833,336,1982080318,"","","","",3.,1,280,1,"","","","","","","","","","","","","","","","","","","","","","","","","","","","",18.1,1,15.4,1,"","","","","","","","","","","","","","","","","","","","","","","","","","",87,1,"","","","","","","","","","","","",18.,1,1014.3,1,"","","","","","",8,1,7,1,4,1,"","","","","","","","","","","","","","","","","","","","","","","","","","","","",12000,1,"","",1,1,2,1,"","","","","","","","","","","","","","","","","","","","","","","","","","","","","","","","","","","","","","","","","","","","","","","","","","","","","","","","","","","","","","","","","",""
"54405001","NANCY-OCHEY",48.581,5.959833,336,1982080321,"","","","",3.,1,200,1,"","","","","","","","","","","","","","","","","","","","","","","","","","","","",16.,1,16.,1,"","","","","","","","","","","","","","","","","","","","","","","","","","",99,1,"","","","","","","","","","","","",17.9,1,1015.5,1,"","","","","","","","","","","","","","","","","","","","","","","","","","","","","","","","","","","","","","","","","","","","","","","","","","","","","","","","","","","","","","","","","","","","","","","","","","","","","","","","","","","","","","","","","","","","","","","","","","","","","","","","","","","","","","","","","",""
"54405001","NANCY-OCHEY",48.581,5.959833,336,1982080400,"","","","",2.,1,200,1,"","","","","","","","","","","","","","","","","","","","","","","","","","","","",16.5,1,15.6,1,"","","","","","","","","","","","","","","","","","","","","","","","","","",98,1,"","","","","","","","","","","","",18.3,1,1015.2,1,"","","","","","","","","","","","","","","","","","","","","","","","","","","","","","","","","","","","","","","","","","","","","","","","","","","","","","","","","","","","","","","","","","","","","","","","","","","","","","","","","","","","","","","","","","","","","","","","","","","","","","","","","","","","","","","","","",""
"54405001","NANCY-OCHEY",48.581,5.959833,336,1982080403,"","","","",2.,1,180,1,"","","","","","","","","","","","","","","","","","","","","","","","","","","","",16.3,1,16.3,1,"","","","","","","","","","","","","","","","","","","","","","","","","","",100,1,"","","","","","","","","","","","",18.5,1,1015.,1,"","","","","","","","","","","","","","","","","","","","","","","","","","","","","","","","","","","","","","","","","","","","","","","","","","","","","","","","","","","","","","","","","","","","","","","","","","","","","","","","","","","","","","","","","","","","","","","","","","","","","","","","","","","","","","","","","",""
"54405001","NANCY-OCHEY",48.581,5.959833,336,1982080406,"","","","",4.,1,240,1,"","","","","","","","","","","","","","","","","","","","","","","","","","","","",17.,1,17.,1,"","","","","","","","","","","","","","","","","","","","","","","","","","",100,1,"","","","","","","","","","","","",19.3,1,1014.8,1,"","","","","","",7,1,5,1,3,1,"","","","","","","","","","","","","","","","","","","","","","","","","","","","",5000,1,"","",81,1,8,1,"","",0,1,"","","","","","","","","","","","","","","","","","","","","","","","","","","","","","","","","","","","","","","","","","","","","","","","","","","","","","","","","","","","","",""
"54405001","NANCY-OCHEY",48.581,5.959833,336,1982080409,"","","","",5.,1,260,1,"","","","","","","","","","","","","","","","","","","","","","","","","","","","",18.5,1,17.6,1,"","","","","","","","","","","","","","","","","","","","","","","","","","",98,1,"","","","","","","","","","","","",20.8,1,1014.6,1,"","","","","","",8,1,5,1,2,1,"","","","","","","","","","","","","","","","","","","","","","","","","","","","",9000,1,"","",3,1,8,1,"","","","","","","","","","","","","","","","","","","","","","","","","","","","","","","","","","","","","","","","","","","","","","","","","","","","","","","","","","","","","","","","","",""
"54405001","NANCY-OCHEY",48.581,5.959833,336,1982080412,"","","","",4.,1,260,1,"","","","","","","","","","","","","","","","","","","","","","","","","","","","",19.1,1,17.6,1,"","","","","","","","","","","","","","","","","","","","","","","","","","",94,1,"","","","","","","","","","","","",20.8,1,1014.7,1,"","","","","","",8,1,6,1,2,1,"","","","","","","","","","","","","","","","","","","","","","","","","","","","",4000,1,"","",10,1,8,1,"","","","","","","","","","","","","","","","","","","","","","","","","","","","","","","","","","","","","","","","","","","","","","","","","","","","","","","","","","","","","","","","","",""
"54405001","NANCY-OCHEY",48.581,5.959833,336,1982080415,"","","","",7.,1,300,1,"","","","","","","","","","","","","","","","","","","","","","","","","","","","",21.,1,17.7,1,"","","","","","","","","","","","","","","","","","","","","","","","","","",84,1,"","","","","","","","","","","","",21.,1,1014.2,1,"","","","","","",5,1,5,1,2,1,0,1,0,1,"","","","","","","","","","","","","","","","","","","","","","","","",4000,1,"","",10,1,8,1,"","","","","","","","","","","","","","","","","","","","","","","","","","","","","","","","","","","","","","","","","","","","","","","","","","","","","","","","","","","","","","","","","",""
"54405001","NANCY-OCHEY",48.581,5.959833,336,1982080418,"","","","",7.,1,280,1,"","","","","","","","","","","","","","","","","","","","","","","","","","","","",19.,1,16.6,1,"","","","","","","","","","","","","","","","","","","","","","","","","","",89,1,"","","","","","","","","","","","",19.6,1,1014.8,1,"","","","","","",8,1,7,1,2,1,7,1,"","","","","","","","","","","","","","","","","","","","","","","","","","",3000,1,"","",10,1,8,1,"","","","","","","","","","","","","","","","","","","","","","","","","","","","","","","","","","","","","","","","","","","","","","","","","","","","","","","","","","","","","","","","","",""
"54405001","NANCY-OCHEY",48.581,5.959833,336,1982080421,"","","","",5.,1,260,1,"","","","","","","","","","","","","","","","","","","","","","","","","","","","",17.1,1,16.1,1,"","","","","","","","","","","","","","","","","","","","","","","","","","",97,1,"","","","","","","","","","","","",18.9,1,1015.6,1,"","","","","","","","","","","","","","","","","","","","","","","","","","","","","","","","","","","","","","","","","","","","","","","","","","","","","","","","","","","","","","","","","","","","","","","","","","","","","","","","","","","","","","","","","","","","","","","","","","","","","","","","","","","","","","","","","",""
"54405001","NANCY-OCHEY",48.581,5.959833,336,1982080500,"","","","",5.,1,260,1,"","","","","","","","","","","","","","","","","","","","","","","","","","","","",17.,1,16.1,1,"","","","","","","","","","","","","","","","","","","","","","","","","","",98,1,"","","","","","","","","","","","",18.9,1,1015.7,1,"","","","","","","","","","","","","","","","","","","","","","","","","","","","","","","","","","","","","","","","","","","","","","","","","","","","","","","","","","","","","","","","","","","","","","","","","","","","","","","","","","","","","","","","","","","","","","","","","","","","","","","","","","","","","","","","","",""
"54405001","NANCY-OCHEY",48.581,5.959833,336,1982080503,"","","","",2.,1,140,1,"","","","","","","","","","","","","","","","","","","","","","","","","","","","",16.5,1,15.6,1,"","","","","","","","","","","","","","","","","","","","","","","","","","",98,1,"","","","","","","","","","","","",18.3,1,1015.3,1,"","","","","","","","","","","","","","","","","","","","","","","","","","","","","","","","","","","","","","","","","","","","","","","","","","","","","","","","","","","","","","","","","","","","","","","","","","","","","","","","","","","","","","","","","","","","","","","","","","","","","","","","","","","","","","","","","",""
"54405001","NANCY-OCHEY",48.581,5.959833,336,1982080506,"","","","",4.,1,240,1,"","","","","","","","","","","","","","","","","","","","","","","","","","","","",16.6,1,15.7,1,"","","","","","","","","","","","","","","","","","","","","","","","","","",97,1,"","","","","","","","","","","","",18.4,1,1015.2,1,"","","","","","",8,1,7,1,7,1,"","","","","","","","","","","","","","","","","","","","","","","","","","","","",1500,1,"","",10,1,2,1,"","",0,1,"","","","","","","","","","","","","","","","","","","","","","","","","","","","","","","","","","","","","","","","","","","","","","","","","","","","","","","","","","","","","",""
"54405001","NANCY-OCHEY",48.581,5.959833,336,1982080509,"","","","",3.,1,240,1,"","","","","","","","","","","","","","","","","","","","","","","","","","","","",19.,1,15.9,1,"","","","","","","","","","","","","","","","","","","","","","","","","","",85,1,"","","","","","","","","","","","",18.7,1,1014.9,1,"","","","","","",7,1,7,1,8,1,"","","","","","","","","","","","","","","","","","","","","","","","","","","","",4000,1,"","",10,1,2,1,"","","","","","","","","","","","","","","","","","","","","","","","","","","","","","","","","","","","","","","","","","","","","","","","","","","","","","","","","","","","","","","","","",""
"54405001","NANCY-OCHEY",48.581,5.959833,336,1982080512,"","","","",1.,1,300,1,"","","","","","","","","","","","","","","","","","","","","","","","","","","","",20.8,1,15.3,1,"","","","","","","","","","","","","","","","","","","","","","","","","","",73,1,"","","","","","","","","","","","",17.9,1,1013.6,1,"","","","","","",7,1,5,1,9,1,"","","","","","","","","","","","","","","","","","","","","","","","","","","","",8000,1,"","",17,1,2,1,"","","","","","","","","","","","","","","","","","","","","","","","","","","","","","","","","","","","","","","","","","","","","","","","","","","","","","","","","","","","","","","","","",""
"54405001","NANCY-OCHEY",48.581,5.959833,336,1982080515,"","","","",3.,1,180,1,"","","","","","","","","","","","","","","","","","","","","","","","","","","","",18.3,1,15.9,1,"","","","","","","","","","","","","","","","","","","","","","","","","","",89,1,"","","","","","","","","","","","",18.7,1,1013.6,1,"","","","","","",6,1,6,1,3,1,0,1,0,1,"","","","","","","","","","","","","","","","","","","","","","","","",8000,1,"","",80,1,9,1,"","","","","","","","","","","","","","","","","","","","","","","","","","","","","","","","","","","","","","","","","","","","","","","","","","","","","","","","","","","","","","","","","",""
"54405001","NANCY-OCHEY",48.581,5.959833,336,1982080518,"","","","",3.,1,220,1,"","","","","","","","","","","","","","","","","","","","","","","","","","","","",18.6,1,15.7,1,"","","","","","","","","","","","","","","","","","","","","","","","","","",86,1,"","","","","","","","","","","","",18.4,1,1012.9,1,"","","","","","",7,1,6,1,4,1,"","","","","","","","","","","","","","","","","","","","","","","","","","","","",15000,1,"","",25,1,9,1,"","","","","","","","","","","","","","","","","","","","","","","","","","","","","","","","","","","","","","","","","","","","","","","","","","","","","","","","","","","","","","","","","",""
"54405001","NANCY-OCHEY",48.581,5.959833,336,1982080521,"","","","",2.,1,180,1,"","","","","","","","","","","","","","","","","","","","","","","","","","","","",14.8,1,13.5,1,"","","","","","","","","","","","","","","","","","","","","","","","","","",95,1,"","","","","","","","","","","","",15.9,1,1013.8,1,"","","","","","","","","","","","","","","","","","","","","","","","","","","","","","","","","","","","","","","","","","","","","","","","","","","","","","","","","","","","","","","","","","","","","","","","","","","","","","","","","","","","","","","","","","","","","","","","","","","","","","","","","","","","","","","","","",""
"54405001","NANCY-OCHEY",48.581,5.959833,336,1982080600,"","","","",2.,1,220,1,"","","","","","","","","","","","","","","","","","","","","","","","","","","","",14.3,1,13.,1,"","","","","","","","","","","","","","","","","","","","","","","","","","",95,1,"","","","","","","","","","","","",15.4,1,1014.2,1,"","","","","","","","","","","","","","","","","","","","","","","","","","","","","","","","","","","","","","","","","","","","","","","","","","","","","","","","","","","","","","","","","","","","","","","","","","","","","","","","","","","","","","","","","","","","","","","","","","","","","","","","","","","","","","","","","",""
"54405001","NANCY-OCHEY",48.581,5.959833,336,1982080603,"","","","",2.,1,220,1,"","","","","","","","","","","","","","","","","","","","","","","","","","","","",13.8,1,12.4,1,"","","","","","","","","","","","","","","","","","","","","","","","","","",94,1,"","","","","","","","","","","","",14.8,1,1013.8,1,"","","","","","","","","","","","","","","","","","","","","","","","","","","","","","","","","","","","","","","","","","","","","","","","","","","","","","","","","","","","","","","","","","","","","","","","","","","","","","","","","","","","","","","","","","","","","","","","","","","","","","","","","","","","","","","","","",""
"54405001","NANCY-OCHEY",48.581,5.959833,336,1982080606,"","","","",1.,1,200,1,"","","","","","","","","","","","","","","","","","","","","","","","","","","","",14.3,1,13.1,1,"","","","","","","","","","","","","","","","","","","","","","","","","","",95,1,"","","","","","","","","","","","",15.5,1,1013.7,1,"","","","","","",6,1,0,1,5,1,3,1,0,1,"","","","","","","","","","","","","","","","","","","","","","","","",18000,1,"","",1,1,2,1,"","",0,1,"","","","","","","","","","","","","","","","","","","","","","","","","","","","","","","","","","","","","","","","","","","","","","","","","","","","","","","","","","","","","",""
"54405001","NANCY-OCHEY",48.581,5.959833,336,1982080609,"","","","",2.,1,220,1,"","","","","","","","","","","","","","","","","","","","","","","","","","","","",18.2,1,13.9,1,"","","","","","","","","","","","","","","","","","","","","","","","","","",78,1,"","","","","","","","","","","","",16.4,1,1013.3,1,"","","","","","",6,1,5,1,2,1,3,1,0,1,"","","","","","","","","","","","","","","","","","","","","","","","",24000,1,"","",3,1,8,1,"","","","","","","","","","","","","","","","","","","","","","","","","","","","","","","","","","","","","","","","","","","","","","","","","","","","","","","","","","","","","","","","","",""
"54405001","NANCY-OCHEY",48.581,5.959833,336,1982080612,"","","","",4.,1,260,1,"","","","","","","","","","","","","","","","","","","","","","","","","","","","",20.8,1,13.1,1,"","","","","","","","","","","","","","","","","","","","","","","","","","",63,1,"","","","","","","","","","","","",15.5,1,1011.8,1,"","","","","","",6,1,0,1,9,1,0,1,1,1,"","","","","","","","","","","","","","","","","","","","","","","","",9000,1,"","",17,1,9,1,"","","","","","","","","","","","","","","","","","","","","","","","","","","","","","","","","","","","","","","","","","","","","","","","","","","","","","","","","","","","","","","","","",""
"54405001","NANCY-OCHEY",48.581,5.959833,336,1982080615,"","","","",1.,1,300,1,"","","","","","","","","","","","","","","","","","","","","","","","","","","","",19.5,1,14.8,1,"","","","","","","","","","","","","","","","","","","","","","","","","","",76,1,"","","","","","","","","","","","",17.3,1,1012.,1,"","","","","","",6,1,0,1,4,1,0,1,3,1,"","","","","","","","","","","","","","","","","","","","","","","","",25000,1,"","",1,1,9,1,"","","","","","","","","","","","","","","","","","","","","","","","","","","","","","","","","","","","","","","","","","","","","","","","","","","","","","","","","","","","","","","","","",""
"54405001","NANCY-OCHEY",48.581,5.959833,336,1982080618,"","","","",2.,1,140,1,"","","","","","","","","","","","","","","","","","","","","","","","","","","","",18.2,1,14.8,1,"","","","","","","","","","","","","","","","","","","","","","","","","","",83,1,"","","","","","","","","","","","",17.4,1,1012.,1,"","","","","","",6,1,0,1,4,1,0,1,3,1,"","","","","","","","","","","","","","","","","","","","","","","","",25000,1,"","",1,1,9,1,"","","","","","","","","","","","","","","","","","","","","","","","","","","","","","","","","","","","","","","","","","","","","","","","","","","","","","","","","","","","","","","","","",""
"54405001","NANCY-OCHEY",48.581,5.959833,336,1982080621,"","","","",2.,1,180,1,"","","","","","","","","","","","","","","","","","","","","","","","","","","","",14.9,1,13.9,1,"","","","","","","","","","","","","","","","","","","","","","","","","","",97,1,"","","","","","","","","","","","",16.4,1,1013.1,1,"","","","","","","","","","","","","","","","","","","","","","","","","","","","","","","","","","","","","","","","","","","","","","","","","","","","","","","","","","","","","","","","","","","","","","","","","","","","","","","","","","","","","","","","","","","","","","","","","","","","","","","","","","","","","","","","","",""
"54405001","NANCY-OCHEY",48.581,5.959833,336,1982080700,"","","","",1.,1,180,1,"","","","","","","","","","","","","","","","","","","","","","","","","","","","",13.6,1,12.6,1,"","","","","","","","","","","","","","","","","","","","","","","","","","",97,1,"","","","","","","","","","","","",15.,1,1013.4,1,"","","","","","","","","","","","","","","","","","","","","","","","","","","","","","","","","","","","","","","","","","","","","","","","","","","","","","","","","","","","","","","","","","","","","","","","","","","","","","","","","","","","","","","","","","","","","","","","","","","","","","","","","","","","","","","","","",""
"54405001","NANCY-OCHEY",48.581,5.959833,336,1982080703,"","","","",2.,1,200,1,"","","","","","","","","","","","","","","","","","","","","","","","","","","","",13.6,1,12.6,1,"","","","","","","","","","","","","","","","","","","","","","","","","","",97,1,"","","","","","","","","","","","",15.,1,1013.4,1,"","","","","","","","","","","","","","","","","","","","","","","","","","","","","","","","","","","","","","","","","","","","","","","","","","","","","","","","","","","","","","","","","","","","","","","","","","","","","","","","","","","","","","","","","","","","","","","","","","","","","","","","","","","","","","","","","",""
"54405001","NANCY-OCHEY",48.581,5.959833,336,1982080706,"","","","",2.,1,240,1,"","","","","","","","","","","","","","","","","","","","","","","","","","","","",13.9,1,13.1,1,"","","","","","","","","","","","","","","","","","","","","","","","","","",97,1,"","","","","","","","","","","","",15.5,1,1013.6,1,"","","","","","",7,1,6,1,5,1,7,1,"","","","","","","","","","","","","","","","","","","","","","","","","","",11000,1,"","",2,1,2,1,"","",0,1,"","","","","","","","","","","","","","","","","","","","","","","","","","","","","","","","","","","","","","","","","","","","","","","","","","","","","","","","","","","","","",""
"54405001","NANCY-OCHEY",48.581,5.959833,336,1982080709,"","","","",2.,1,300,1,"","","","","","","","","","","","","","","","","","","","","","","","","","","","",16.3,1,14.6,1,"","","","","","","","","","","","","","","","","","","","","","","","","","",92,1,"","","","","","","","","","","","",17.1,1,1014.2,1,"","","","","","",7,1,6,1,5,1,7,1,"","","","","","","","","","","","","","","","","","","","","","","","","","",13000,1,"","",1,1,2,1,"","","","","","","","","","","","","","","","","","","","","","","","","","","","","","","","","","","","","","","","","","","","","","","","","","","","","","","","","","","","","","","","","",""
"54405001","NANCY-OCHEY",48.581,5.959833,336,1982080712,"","","","",2.,1,360,1,"","","","","","","","","","","","","","","","","","","","","","","","","","","","",18.9,1,15.4,1,"","","","","","","","","","","","","","","","","","","","","","","","","","",82,1,"","","","","","","","","","","","",18.,1,1014.1,1,"","","","","","",7,1,7,1,8,1,7,1,"","","","","","","","","","","","","","","","","","","","","","","","","","",24000,1,"","",1,1,2,1,"","","","","","","","","","","","","","","","","","","","","","","","","","","","","","","","","","","","","","","","","","","","","","","","","","","","","","","","","","","","","","","","","",""
"54405001","NANCY-OCHEY",48.581,5.959833,336,1982080715,"","","","",4.,1,340,1,"","","","","","","","","","","","","","","","","","","","","","","","","","","","",15.3,1,15.3,1,"","","","","","","","","","","","","","","","","","","","","","","","","","",99,1,"","","","","","","","","","","","",17.2,1,1014.7,1,"","","","","","","","","","","","","","","","","","","","","","","","","","","","","","","","","","","","","","","","","","","","","","","","","","","","","","","","","","","","","","","","","","","","","","","","","","","","","","","","","","","","","","","","","","","","","","","","","","","","","","","","","","","","","","","","","",""
"54405001","NANCY-OCHEY",48.581,5.959833,336,1982080718,"","","","",2.,1,280,1,"","","","","","","","","","","","","","","","","","","","","","","","","","","","",15.9,1,15.9,1,"","","","","","","","","","","","","","","","","","","","","","","","","","",99,1,"","","","","","","","","","","","",17.8,1,1014.9,1,"","","","","","","","","","","","","","","","","","","","","","","","","","","","","","","","","","","","","","","","","","","","","","","","","","","","","","","","","","","","","","","","","","","","","","","","","","","","","","","","","","","","","","","","","","","","","","","","","","","","","","","","","","","","","","","","","",""
"54405001","NANCY-OCHEY",48.581,5.959833,336,1982080721,"","","","",3.,1,280,1,"","","","","","","","","","","","","","","","","","","","","","","","","","","","",15.4,1,15.4,1,"","","","","","","","","","","","","","","","","","","","","","","","","","",100,1,"","","","","","","","","","","","",17.4,1,1016.1,1,"","","","","","","","","","","","","","","","","","","","","","","","","","","","","","","","","","","","","","","","","","","","","","","","","","","","","","","","","","","","","","","","","","","","","","","","","","","","","","","","","","","","","","","","","","","","","","","","","","","","","","","","","","","","","","","","","",""
"54405001","NANCY-OCHEY",48.581,5.959833,336,1982080800,"","","","",5.,1,360,1,"","","","","","","","","","","","","","","","","","","","","","","","","","","","",16.2,1,16.2,1,"","","","","","","","","","","","","","","","","","","","","","","","","","",100,1,"","","","","","","","","","","","",18.4,1,1016.1,1,"","","","","","","","","","","","","","","","","","","","","","","","","","","","","","","","","","","","","","","","","","","","","","","","","","","","","","","","","","","","","","","","","","","","","","","","","","","","","","","","","","","","","","","","","","","","","","","","","","","","","","","","","","","","","","","","","",""
"54405001","NANCY-OCHEY",48.581,5.959833,336,1982080803,"","","","",4.,1,360,1,"","","","","","","","","","","","","","","","","","","","","","","","","","","","",16.,1,16.,1,"","","","","","","","","","","","","","","","","","","","","","","","","","",100,1,"","","","","","","","","","","","",18.1,1,1016.2,1,"","","","","","","","","","","","","","","","","","","","","","","","","","","","","","","","","","","","","","","","","","","","","","","","","","","","","","","","","","","","","","","","","","","","","","","","","","","","","","","","","","","","","","","","","","","","","","","","","","","","","","","","","","","","","","","","","",""
"54405001","NANCY-OCHEY",48.581,5.959833,336,1982080806,"","","","",5.,1,360,1,"","","","","","","","","","","","","","","","","","","","","","","","","","","","",16.,1,16.,1,"","","","","","","","","","","","","","","","","","","","","","","","","","",100,1,"","","","","","","","","","","","",18.1,1,1017.5,1,"","","","","","",8,1,8,1,6,1,"","","","","","","","","","","","","","","","","","","","","","","","","","","","",1000,1,"","",10,1,4,1,"","",0,1,"","","","","","","","","","","","","","","","","","","","","","","","","","","","","","","","","","","","","","","","","","","","","","","","","","","","","","","","","","","","","",""
"54405001","NANCY-OCHEY",48.581,5.959833,336,1982080809,"","","","",5.,1,360,1,"","","","","","","","","","","","","","","","","","","","","","","","","","","","",16.4,1,15.4,1,"","","","","","","","","","","","","","","","","","","","","","","","","","",96,1,"","","","","","","","","","","","",18.,1,1019.1,1,"","","","","","",8,1,7,1,6,1,"","","","","","","","","","","","","","","","","","","","","","","","","","","","",2000,1,"","",10,1,5,1,"","","","","","","","","","","","","","","","","","","","","","","","","","","","","","","","","","","","","","","","","","","","","","","","","","","","","","","","","","","","","","","","","",""
"54405001","NANCY-OCHEY",48.581,5.959833,336,1982080812,"","","","",3.,1,360,1,"","","","","","","","","","","","","","","","","","","","","","","","","","","","",18.9,1,15.8,1,"","","","","","","","","","","","","","","","","","","","","","","","","","",85,1,"","","","","","","","","","","","",18.6,1,1019.2,1,"","","","","","",8,1,6,1,6,1,"","","","","","","","","","","","","","","","","","","","","","","","","","","","",2500,1,"","",10,1,5,1,"","","","","","","","","","","","","","","","","","","","","","","","","","","","","","","","","","","","","","","","","","","","","","","","","","","","","","","","","","","","","","","","","",""
"54405001","NANCY-OCHEY",48.581,5.959833,336,1982080815,"","","","",3.,1,320,1,"","","","","","","","","","","","","","","","","","","","","","","","","","","","",19.4,1,12.4,1,"","","","","","","","","","","","","","","","","","","","","","","","","","",66,1,"","","","","","","","","","","","",14.8,1,1019.5,1,"","","","","","","","","","","","","","","","","","","","","","","","","","","","","","","","","","","","","","","","","","","","","","","","","","","","","","","","","","","","","","","","","","","","","","","","","","","","","","","","","","","","","","","","","","","","","","","","","","","","","","","","","","","","","","","","","",""
"54405001","NANCY-OCHEY",48.581,5.959833,336,1982080818,"","","","",4.,1,360,1,"","","","","","","","","","","","","","","","","","","","","","","","","","","","",19.3,1,11.9,1,"","","","","","","","","","","","","","","","","","","","","","","","","","",64,1,"","","","","","","","","","","","",14.3,1,1019.9,1,"","","","","","","","","","","","","","","","","","","","","","","","","","","","","","","","","","","","","","","","","","","","","","","","","","","","","","","","","","","","","","","","","","","","","","","","","","","","","","","","","","","","","","","","","","","","","","","","","","","","","","","","","","","","","","","","","",""
"54405001","NANCY-OCHEY",48.581,5.959833,336,1982080821,"","","","",2.,1,220,1,"","","","","","","","","","","","","","","","","","","","","","","","","","","","",15.6,1,13.7,1,"","","","","","","","","","","","","","","","","","","","","","","","","","",91,1,"","","","","","","","","","","","",16.1,1,1021.5,1,"","","","","","","","","","","","","","","","","","","","","","","","","","","","","","","","","","","","","","","","","","","","","","","","","","","","","","","","","","","","","","","","","","","","","","","","","","","","","","","","","","","","","","","","","","","","","","","","","","","","","","","","","","","","","","","","","",""
"54405001","NANCY-OCHEY",48.581,5.959833,336,1982080900,"","","","",3.,1,240,1,"","","","","","","","","","","","","","","","","","","","","","","","","","","","",14.1,1,12.8,1,"","","","","","","","","","","","","","","","","","","","","","","","","","",95,1,"","","","","","","","","","","","",15.2,1,1022.2,1,"","","","","","","","","","","","","","","","","","","","","","","","","","","","","","","","","","","","","","","","","","","","","","","","","","","","","","","","","","","","","","","","","","","","","","","","","","","","","","","","","","","","","","","","","","","","","","","","","","","","","","","","","","","","","","","","","",""
"54405001","NANCY-OCHEY",48.581,5.959833,336,1982080903,"","","","",3.,1,240,1,"","","","","","","","","","","","","","","","","","","","","","","","","","","","",13.2,1,12.3,1,"","","","","","","","","","","","","","","","","","","","","","","","","","",97,1,"","","","","","","","","","","","",14.7,1,1022.4,1,"","","","","","","","","","","","","","","","","","","","","","","","","","","","","","","","","","","","","","","","","","","","","","","","","","","","","","","","","","","","","","","","","","","","","","","","","","","","","","","","","","","","","","","","","","","","","","","","","","","","","","","","","","","","","","","","","",""
"54405001","NANCY-OCHEY",48.581,5.959833,336,1982080906,"","","","",2.,1,260,1,"","","","","","","","","","","","","","","","","","","","","","","","","","","","",14.5,1,13.7,1,"","","","","","","","","","","","","","","","","","","","","","","","","","",97,1,"","","","","","","","","","","","",16.1,1,1022.3,1,"","","","","","",3,1,0,1,5,1,3,1,0,1,"","","","","","","","","","","","","","","","","","","","","","","","",2000,1,"","",10,1,1,1,"","",0,1,"","","","","","","","","","","","","","","","","","","","","","","","","","","","","","","","","","","","","","","","","","","","","","","","","","","","","","","","","","","","","",""
"54405001","NANCY-OCHEY",48.581,5.959833,336,1982080909,"","","","",5.,1,280,1,"","","","","","","","","","","","","","","","","","","","","","","","","","","","",18.6,1,13.9,1,"","","","","","","","","","","","","","","","","","","","","","","","","","",76,1,"","","","","","","","","","","","",16.4,1,1022.,1,"","","","","","",7,1,7,1,8,1,"","","","","","","","","","","","","","","","","","","","","","","","","","","","",7000,1,"","",3,1,2,1,"","","","","","","","","","","","","","","","","","","","","","","","","","","","","","","","","","","","","","","","","","","","","","","","","","","","","","","","","","","","","","","","","",""
"54405001","NANCY-OCHEY",48.581,5.959833,336,1982080912,"","","","",5.,1,280,1,"","","","","","","","","","","","","","","","","","","","","","","","","","","","",19.,1,14.2,1,"","","","","","","","","","","","","","","","","","","","","","","","","","",76,1,"","","","","","","","","","","","",16.7,1,1022.,1,"","","","","","",7,1,7,1,4,1,"","","","","","","","","","","","","","","","","","","","","","","","","","","","",10000,1,"","",1,1,2,1,"","","","","","","","","","","","","","","","","","","","","","","","","","","","","","","","","","","","","","","","","","","","","","","","","","","","","","","","","","","","","","","","","",""
"54405001","NANCY-OCHEY",48.581,5.959833,336,1982080915,"","","","",3.,1,320,1,"","","","","","","","","","","","","","","","","","","","","","","","","","","","",18.7,1,15.7,1,"","","","","","","","","","","","","","","","","","","","","","","","","","",85,1,"","","","","","","","","","","","",18.4,1,1022.,1,"","","","","","",7,1,5,1,5,1,"","","","","","","","","","","","","","","","","","","","","","","","","","","","",5000,1,"","",3,1,2,1,"","","","","","","","","","","","","","","","","","","","","","","","","","","","","","","","","","","","","","","","","","","","","","","","","","","","","","","","","","","","","","","","","",""
"54405001","NANCY-OCHEY",48.581,5.959833,336,1982080918,"","","","",2.,1,320,1,"","","","","","","","","","","","","","","","","","","","","","","","","","","","",18.7,1,16.,1,"","","","","","","","","","","","","","","","","","","","","","","","","","",87,1,"","","","","","","","","","","","",18.8,1,1021.8,1,"","","","","","",7,1,7,1,5,1,"","","","","","","","","","","","","","","","","","","","","","","","","","","","",10000,1,"","",60,1,6,1,"","","","","","","","","","","","","","","","","","","","","","","","","","","","","","","","","","","","","","","","","","","","","","","","","","","","","","","","","","","","","","","","","",""
"54405001","NANCY-OCHEY",48.581,5.959833,336,1982080921,"","","","",3.,1,280,1,"","","","","","","","","","","","","","","","","","","","","","","","","","","","",16.8,1,15.9,1,"","","","","","","","","","","","","","","","","","","","","","","","","","",98,1,"","","","","","","","","","","","",18.7,1,1022.5,1,"","","","","","","","","","","","","","","","","","","","","","","","","","","","","","","","","","","","","","","","","","","","","","","","","","","","","","","","","","","","","","","","","","","","","","","","","","","","","","","","","","","","","","","","","","","","","","","","","","","","","","","","","","","","","","","","","",""
"54405001","NANCY-OCHEY",48.581,5.959833,336,1982081000,"","","","",3.,1,280,1,"","","","","","","","","","","","","","","","","","","","","","","","","","","","",15.9,1,15.,1,"","","","","","","","","","","","","","","","","","","","","","","","","","",98,1,"","","","","","","","","","","","",17.6,1,1022.7,1,"","","","","","","","","","","","","","","","","","","","","","","","","","","","","","","","","","","","","","","","","","","","","","","","","","","","","","","","","","","","","","","","","","","","","","","","","","","","","","","","","","","","","","","","","","","","","","","","","","","","","","","","","","","","","","","","","",""
"54405001","NANCY-OCHEY",48.581,5.959833,336,1982081003,"","","","",3.,1,280,1,"","","","","","","","","","","","","","","","","","","","","","","","","","","","",14.9,1,14.,1,"","","","","","","","","","","","","","","","","","","","","","","","","","",98,1,"","","","","","","","","","","","",16.5,1,1022.7,1,"","","","","","","","","","","","","","","","","","","","","","","","","","","","","","","","","","","","","","","","","","","","","","","","","","","","","","","","","","","","","","","","","","","","","","","","","","","","","","","","","","","","","","","","","","","","","","","","","","","","","","","","","","","","","","","","","",""
"54405001","NANCY-OCHEY",48.581,5.959833,336,1982081006,"","","","",3.,1,280,1,"","","","","","","","","","","","","","","","","","","","","","","","","","","","",15.1,1,15.1,1,"","","","","","","","","","","","","","","","","","","","","","","","","","",100,1,"","","","","","","","","","","","",17.1,1,1023.2,1,"","","","","","",7,1,5,1,8,1,"","","","","","","","","","","","","","","","","","","","","","","","","","","","",3000,1,"","",10,1,2,1,"","",0,1,"","","","","","","","","","","","","","","","","","","","","","","","","","","","","","","","","","","","","","","","","","","","","","","","","","","","","","","","","","","","","",""
"54405001","NANCY-OCHEY",48.581,5.959833,336,1982081009,"","","","",4.,1,320,1,"","","","","","","","","","","","","","","","","","","","","","","","","","","","",17.8,1,13.9,1,"","","","","","","","","","","","","","","","","","","","","","","","","","",80,1,"","","","","","","","","","","","",16.3,1,1023.9,1,"","","","","","",6,1,6,1,8,1,0,1,0,1,"","","","","","","","","","","","","","","","","","","","","","","","",18000,1,"","",3,1,2,1,"","","","","","","","","","","","","","","","","","","","","","","","","","","","","","","","","","","","","","","","","","","","","","","","","","","","","","","","","","","","","","","","","",""
"54405001","NANCY-OCHEY",48.581,5.959833,336,1982081012,"","","","",4.,1,280,1,"","","","","","","","","","","","","","","","","","","","","","","","","","","","",19.2,1,14.,1,"","","","","","","","","","","","","","","","","","","","","","","","","","",74,1,"","","","","","","","","","","","",16.5,1,1023.8,1,"","","","","","",6,1,5,1,8,1,0,1,0,1,"","","","","","","","","","","","","","","","","","","","","","","","",24000,1,"","",1,1,2,1,"","","","","","","","","","","","","","","","","","","","","","","","","","","","","","","","","","","","","","","","","","","","","","","","","","","","","","","","","","","","","","","","","",""
"54405001","NANCY-OCHEY",48.581,5.959833,336,1982081015,"","","","",5.,1,340,1,"","","","","","","","","","","","","","","","","","","","","","","","","","","","",19.6,1,14.3,1,"","","","","","","","","","","","","","","","","","","","","","","","","","",73,1,"","","","","","","","","","","","",16.8,1,1023.8,1,"","","","","","",7,1,5,1,5,1,3,1,2,1,"","","","","","","","","","","","","","","","","","","","","","","","",24000,1,"","",3,1,2,1,"","","","","","","","","","","","","","","","","","","","","","","","","","","","","","","","","","","","","","","","","","","","","","","","","","","","","","","","","","","","","","","","","",""
"54405001","NANCY-OCHEY",48.581,5.959833,336,1982081018,"","","","",2.,1,320,1,"","","","","","","","","","","","","","","","","","","","","","","","","","","","",18.9,1,14.7,1,"","","","","","","","","","","","","","","","","","","","","","","","","","",78,1,"","","","","","","","","","","","",17.2,1,1023.6,1,"","","","","","",6,1,5,1,5,1,3,1,0,1,"","","","","","","","","","","","","","","","","","","","","","","","",24000,1,"","",1,1,2,1,"","","","","","","","","","","","","","","","","","","","","","","","","","","","","","","","","","","","","","","","","","","","","","","","","","","","","","","","","","","","","","","","","",""
"54405001","NANCY-OCHEY",48.581,5.959833,336,1982081021,"","","","",1.,1,360,1,"","","","","","","","","","","","","","","","","","","","","","","","","","","","",15.1,1,15.1,1,"","","","","","","","","","","","","","","","","","","","","","","","","","",99,1,"","","","","","","","","","","","",16.9,1,1024.3,1,"","","","","","","","","","","","","","","","","","","","","","","","","","","","","","","","","","","","","","","","","","","","","","","","","","","","","","","","","","","","","","","","","","","","","","","","","","","","","","","","","","","","","","","","","","","","","","","","","","","","","","","","","","","","","","","","","",""
"54405001","NANCY-OCHEY",48.581,5.959833,336,1982081100,"","","","",1.,1,40,1,"","","","","","","","","","","","","","","","","","","","","","","","","","","","",13.1,1,13.1,1,"","","","","","","","","","","","","","","","","","","","","","","","","","",99,1,"","","","","","","","","","","","",14.9,1,1024.6,1,"","","","","","","","","","","","","","","","","","","","","","","","","","","","","","","","","","","","","","","","","","","","","","","","","","","","","","","","","","","","","","","","","","","","","","","","","","","","","","","","","","","","","","","","","","","","","","","","","","","","","","","","","","","","","","","","","",""
"54405001","NANCY-OCHEY",48.581,5.959833,336,1982081103,"","","","",1.,1,180,1,"","","","","","","","","","","","","","","","","","","","","","","","","","","","",12.8,1,12.8,1,"","","","","","","","","","","","","","","","","","","","","","","","","","",99,1,"","","","","","","","","","","","",14.6,1,1024.7,1,"","","","","","","","","","","","","","","","","","","","","","","","","","","","","","","","","","","","","","","","","","","","","","","","","","","","","","","","","","","","","","","","","","","","","","","","","","","","","","","","","","","","","","","","","","","","","","","","","","","","","","","","","","","","","","","","","",""
"54405001","NANCY-OCHEY",48.581,5.959833,336,1982081106,"","","","",1.,1,300,1,"","","","","","","","","","","","","","","","","","","","","","","","","","","","",12.2,1,12.2,1,"","","","","","","","","","","","","","","","","","","","","","","","","","",100,1,"","","","","","","","","","","","",14.2,1,1024.8,1,"","","","","","",1,1,0,1,0,1,3,1,0,1,"","","","","","","","","","","","","","","","","","","","","","","","",150,1,"","",46,1,4,1,"","",0,1,"","","","","","","","","","","","","","","","","","","","","","","","","","","","","","","","","","","","","","","","","","","","","","","","","","","","","","","","","","","","","",""
"54405001","NANCY-OCHEY",48.581,5.959833,336,1982081109,"","","","",2.,1,120,1,"","","","","","","","","","","","","","","","","","","","","","","","","","","","",19.,1,16.1,1,"","","","","","","","","","","","","","","","","","","","","","","","","","",86,1,"","","","","","","","","","","","",18.9,1,1023.9,1,"","","","","","",3,1,0,1,2,1,0,1,1,1,"","","","","","","","","","","","","","","","","","","","","","","","",5000,1,"","",3,1,4,1,"","","","","","","","","","","","","","","","","","","","","","","","","","","","","","","","","","","","","","","","","","","","","","","","","","","","","","","","","","","","","","","","","",""
"54405001","NANCY-OCHEY",48.581,5.959833,336,1982081112,"","","","",3.,1,120,1,"","","","","","","","","","","","","","","","","","","","","","","","","","","","",22.8,1,14.4,1,"","","","","","","","","","","","","","","","","","","","","","","","","","",61,1,"","","","","","","","","","","","",16.9,1,1022.7,1,"","","","","","",1,1,0,1,1,1,0,1,1,1,"","","","","","","","","","","","","","","","","","","","","","","","",20000,1,"","",1,1,4,1,"","","","","","","","","","","","","","","","","","","","","","","","","","","","","","","","","","","","","","","","","","","","","","","","","","","","","","","","","","","","","","","","","",""
"54405001","NANCY-OCHEY",48.581,5.959833,336,1982081115,"","","","",3.,1,80,1,"","","","","","","","","","","","","","","","","","","","","","","","","","","","",24.8,1,13.5,1,"","","","","","","","","","","","","","","","","","","","","","","","","","",51,1,"","","","","","","","","","","","",15.9,1,1020.7,1,"","","","","","",1,1,0,1,1,1,0,1,0,1,"","","","","","","","","","","","","","","","","","","","","","","","",20000,1,"","",2,1,0,1,"","","","","","","","","","","","","","","","","","","","","","","","","","","","","","","","","","","","","","","","","","","","","","","","","","","","","","","","","","","","","","","","","",""
"54405001","NANCY-OCHEY",48.581,5.959833,336,1982081118,"","","","",1.,1,100,1,"","","","","","","","","","","","","","","","","","","","","","","","","","","","",24.4,1,15.5,1,"","","","","","","","","","","","","","","","","","","","","","","","","","",59,1,"","","","","","","","","","","","",18.2,1,1019.6,1,"","","","","","",0,1,"","",0,1,0,1,0,1,"","","","","","","","","","","","","","","","","","","","","","","","",25000,1,"","",2,1,0,1,"","","","","","","","","","","","","","","","","","","","","","","","","","","","","","","","","","","","","","","","","","","","","","","","","","","","","","","","","","","","","","","","","",""
"54405001","NANCY-OCHEY",48.581,5.959833,336,1982081121,"","","","",2.,1,160,1,"","","","","","","","","","","","","","","","","","","","","","","","","","","","",19.5,1,15.8,1,"","","","","","","","","","","","","","","","","","","","","","","","","","",82,1,"","","","","","","","","","","","",18.5,1,1020.1,1,"","","","","","","","","","","","","","","","","","","","","","","","","","","","","","","","","","","","","","","","","","","","","","","","","","","","","","","","","","","","","","","","","","","","","","","","","","","","","","","","","","","","","","","","","","","","","","","","","","","","","","","","","","","","","","","","","",""
"54405001","NANCY-OCHEY",48.581,5.959833,336,1982081200,"","","","",2.,1,180,1,"","","","","","","","","","","","","","","","","","","","","","","","","","","","",17.,1,14.5,1,"","","","","","","","","","","","","","","","","","","","","","","","","","",88,1,"","","","","","","","","","","","",17.,1,1019.1,1,"","","","","","","","","","","","","","","","","","","","","","","","","","","","","","","","","","","","","","","","","","","","","","","","","","","","","","","","","","","","","","","","","","","","","","","","","","","","","","","","","","","","","","","","","","","","","","","","","","","","","","","","","","","","","","","","","",""
"54405001","NANCY-OCHEY",48.581,5.959833,336,1982081203,"","","","",2.,1,180,1,"","","","","","","","","","","","","","","","","","","","","","","","","","","","",14.9,1,13.,1,"","","","","","","","","","","","","","","","","","","","","","","","","","",91,1,"","","","","","","","","","","","",15.4,1,1017.7,1,"","","","","","","","","","","","","","","","","","","","","","","","","","","","","","","","","","","","","","","","","","","","","","","","","","","","","","","","","","","","","","","","","","","","","","","","","","","","","","","","","","","","","","","","","","","","","","","","","","","","","","","","","","","","","","","","","",""
"54405001","NANCY-OCHEY",48.581,5.959833,336,1982081206,"","","","",4.,1,220,1,"","","","","","","","","","","","","","","","","","","","","","","","","","","","",17.4,1,15.4,1,"","","","","","","","","","","","","","","","","","","","","","","","","","",90,1,"","","","","","","","","","","","",18.,1,1016.6,1,"","","","","","",0,1,"","",0,1,0,1,0,1,"","","","","","","","","","","","","","","","","","","","","","","","",7000,1,"","",2,1,0,1,"","",0,1,"","","","","","","","","","","","","","","","","","","","","","","","","","","","","","","","","","","","","","","","","","","","","","","","","","","","","","","","","","","","","",""
"54405001","NANCY-OCHEY",48.581,5.959833,336,1982081209,"","","","",5.,1,220,1,"","","","","","","","","","","","","","","","","","","","","","","","","","","","",24.,1,16.7,1,"","","","","","","","","","","","","","","","","","","","","","","","","","",66,1,"","","","","","","","","","","","",19.7,1,1015.6,1,"","","","","","",0,1,"","",0,1,0,1,0,1,"","","","","","","","","","","","","","","","","","","","","","","","",18000,1,"","",2,1,0,1,"","","","","","","","","","","","","","","","","","","","","","","","","","","","","","","","","","","","","","","","","","","","","","","","","","","","","","","","","","","","","","","","","",""
"54405001","NANCY-OCHEY",48.581,5.959833,336,1982081212,"","","","",8.,1,220,1,"","","","","","","","","","","","","","","","","","","","","","","","","","","","",27.,1,16.8,1,"","","","","","","","","","","","","","","","","","","","","","","","","","",55,1,"","","","","","","","","","","","",19.8,1,1014.4,1,"","","","","","",0,1,"","",0,1,0,1,0,1,"","","","","","","","","","","","","","","","","","","","","","","","",24000,1,"","",1,1,0,1,"","","","","","","","","","","","","","","","","","","","","","","","","","","","","","","","","","","","","","","","","","","","","","","","","","","","","","","","","","","","","","","","","",""
"54405001","NANCY-OCHEY",48.581,5.959833,336,1982081215,"","","","",9.,1,220,1,"","","","","","","","","","","","","","","","","","","","","","","","","","","","",28.2,1,17.3,1,"","","","","","","","","","","","","","","","","","","","","","","","","","",53,1,"","","","","","","","","","","","",20.5,1,1013.8,1,"","","","","","",0,1,"","",0,1,0,1,0,1,"","","","","","","","","","","","","","","","","","","","","","","","",24000,1,"","",1,1,0,1,"","","","","","","","","","","","","","","","","","","","","","","","","","","","","","","","","","","","","","","","","","","","","","","","","","","","","","","","","","","","","","","","","",""
"54405001","NANCY-OCHEY",48.581,5.959833,336,1982081218,"","","","",2.,1,220,1,"","","","","","","","","","","","","","","","","","","","","","","","","","","","",26.5,1,17.6,1,"","","","","","","","","","","","","","","","","","","","","","","","","","",60,1,"","","","","","","","","","","","",20.9,1,1013.4,1,"","","","","","",3,1,0,1,2,1,0,1,0,1,"","","","","","","","","","","","","","","","","","","","","","","","",24000,1,"","",3,1,0,1,"","","","","","","","","","","","","","","","","","","","","","","","","","","","","","","","","","","","","","","","","","","","","","","","","","","","","","","","","","","","","","","","","",""
"54405001","NANCY-OCHEY",48.581,5.959833,336,1982081221,"","","","",5.,1,300,1,"","","","","","","","","","","","","","","","","","","","","","","","","","","","",21.9,1,17.7,1,"","","","","","","","","","","","","","","","","","","","","","","","","","",80,1,"","","","","","","","","","","","",21.,1,1014.8,1,"","","","","","","","","","","","","","","","","","","","","","","","","","","","","","","","","","","","","","","","","","","","","","","","","","","","","","","","","","","","","","","","","","","","","","","","","","","","","","","","","","","","","","","","","","","","","","","","","","","","","","","","","","","","","","","","","",""
"54405001","NANCY-OCHEY",48.581,5.959833,336,1982081300,"","","","",2.,1,240,1,"","","","","","","","","","","","","","","","","","","","","","","","","","","","",17.3,1,15.3,1,"","","","","","","","","","","","","","","","","","","","","","","","","","",91,1,"","","","","","","","","","","","",17.9,1,1016.3,1,"","","","","","","","","","","","","","","","","","","","","","","","","","","","","","","","","","","","","","","","","","","","","","","","","","","","","","","","","","","","","","","","","","","","","","","","","","","","","","","","","","","","","","","","","","","","","","","","","","","","","","","","","","","","","","","","","",""
"54405001","NANCY-OCHEY",48.581,5.959833,336,1982081303,"","","","",2.,1,320,1,"","","","","","","","","","","","","","","","","","","","","","","","","","","","",16.,1,14.,1,"","","","","","","","","","","","","","","","","","","","","","","","","","",91,1,"","","","","","","","","","","","",16.5,1,1016.5,1,"","","","","","","","","","","","","","","","","","","","","","","","","","","","","","","","","","","","","","","","","","","","","","","","","","","","","","","","","","","","","","","","","","","","","","","","","","","","","","","","","","","","","","","","","","","","","","","","","","","","","","","","","","","","","","","","","",""
"54405001","NANCY-OCHEY",48.581,5.959833,336,1982081306,"","","","",2.,1,320,1,"","","","","","","","","","","","","","","","","","","","","","","","","","","","",14.7,1,13.1,1,"","","","","","","","","","","","","","","","","","","","","","","","","","",93,1,"","","","","","","","","","","","",15.5,1,1017.5,1,"","","","","","",6,1,6,1,0,1,8,1,1,1,"","","","","","","","","","","","","","","","","","","","","","","","",10000,1,"","",2,1,2,1,"","",0,1,"","","","","","","","","","","","","","","","","","","","","","","","","","","","","","","","","","","","","","","","","","","","","","","","","","","","","","","","","","","","","",""
"54405001","NANCY-OCHEY",48.581,5.959833,336,1982081309,"","","","",2.,1,300,1,"","","","","","","","","","","","","","","","","","","","","","","","","","","","",17.2,1,12.4,1,"","","","","","","","","","","","","","","","","","","","","","","","","","",75,1,"","","","","","","","","","","","",14.8,1,1016.8,1,"","","","","","",7,1,7,1,5,1,8,1,"","","","","","","","","","","","","","","","","","","","","","","","","","",13000,1,"","",21,1,2,1,"","","","","","","","","","","","","","","","","","","","","","","","","","","","","","","","","","","","","","","","","","","","","","","","","","","","","","","","","","","","","","","","","",""
"54405001","NANCY-OCHEY",48.581,5.959833,336,1982081312,"","","","",2.,1,260,1,"","","","","","","","","","","","","","","","","","","","","","","","","","","","",21.,1,13.1,1,"","","","","","","","","","","","","","","","","","","","","","","","","","",62,1,"","","","","","","","","","","","",15.5,1,1014.9,1,"","","","","","",7,1,7,1,1,1,3,1,"","","","","","","","","","","","","","","","","","","","","","","","","","",15000,1,"","",1,1,6,1,"","","","","","","","","","","","","","","","","","","","","","","","","","","","","","","","","","","","","","","","","","","","","","","","","","","","","","","","","","","","","","","","","",""
"54405001","NANCY-OCHEY",48.581,5.959833,336,1982081315,"","","","",2.,1,220,1,"","","","","","","","","","","","","","","","","","","","","","","","","","","","",19.5,1,15.1,1,"","","","","","","","","","","","","","","","","","","","","","","","","","",78,1,"","","","","","","","","","","","",17.7,1,1013.6,1,"","","","","","",7,1,7,1,5,1,7,1,"","","","","","","","","","","","","","","","","","","","","","","","","","",20000,1,"","",3,1,2,1,"","","","","","","","","","","","","","","","","","","","","","","","","","","","","","","","","","","","","","","","","","","","","","","","","","","","","","","","","","","","","","","","","",""
"54405001","NANCY-OCHEY",48.581,5.959833,336,1982081318,"","","","",3.,1,280,1,"","","","","","","","","","","","","","","","","","","","","","","","","","","","",19.2,1,13.9,1,"","","","","","","","","","","","","","","","","","","","","","","","","","",73,1,"","","","","","","","","","","","",16.4,1,1012.6,1,"","","","","","",4,1,0,1,0,1,8,1,2,1,"","","","","","","","","","","","","","","","","","","","","","","","",15000,1,"","",1,1,1,1,"","","","","","","","","","","","","","","","","","","","","","","","","","","","","","","","","","","","","","","","","","","","","","","","","","","","","","","","","","","","","","","","","",""
"54405001","NANCY-OCHEY",48.581,5.959833,336,1982081321,"","","","",4.,1,240,1,"","","","","","","","","","","","","","","","","","","","","","","","","","","","",16.3,1,13.9,1,"","","","","","","","","","","","","","","","","","","","","","","","","","",89,1,"","","","","","","","","","","","",16.4,1,1013.9,1,"","","","","","","","","","","","","","","","","","","","","","","","","","","","","","","","","","","","","","","","","","","","","","","","","","","","","","","","","","","","","","","","","","","","","","","","","","","","","","","","","","","","","","","","","","","","","","","","","","","","","","","","","","","","","","","","","",""
"54405001","NANCY-OCHEY",48.581,5.959833,336,1982081400,"","","","",6.,1,260,1,"","","","","","","","","","","","","","","","","","","","","","","","","","","","",16.3,1,13.1,1,"","","","","","","","","","","","","","","","","","","","","","","","","","",84,1,"","","","","","","","","","","","",15.5,1,1014.5,1,"","","","","","","","","","","","","","","","","","","","","","","","","","","","","","","","","","","","","","","","","","","","","","","","","","","","","","","","","","","","","","","","","","","","","","","","","","","","","","","","","","","","","","","","","","","","","","","","","","","","","","","","","","","","","","","","","",""
"54405001","NANCY-OCHEY",48.581,5.959833,336,1982081403,"","","","",6.,1,260,1,"","","","","","","","","","","","","","","","","","","","","","","","","","","","",15.3,1,11.8,1,"","","","","","","","","","","","","","","","","","","","","","","","","","",82,1,"","","","","","","","","","","","",14.2,1,1015.6,1,"","","","","","","","","","","","","","","","","","","","","","","","","","","","","","","","","","","","","","","","","","","","","","","","","","","","","","","","","","","","","","","","","","","","","","","","","","","","","","","","","","","","","","","","","","","","","","","","","","","","","","","","","","","","","","","","","",""
"54405001","NANCY-OCHEY",48.581,5.959833,336,1982081406,"","","","",6.,1,260,1,"","","","","","","","","","","","","","","","","","","","","","","","","","","","",14.5,1,11.3,1,"","","","","","","","","","","","","","","","","","","","","","","","","","",83,1,"","","","","","","","","","","","",13.7,1,1017.6,1,"","","","","","",7,1,5,1,5,1,7,1,"","","","","","","","","","","","","","","","","","","","","","","","","","",15000,1,"","",3,1,2,1,"","",0,1,"","","","","","","","","","","","","","","","","","","","","","","","","","","","","","","","","","","","","","","","","","","","","","","","","","","","","","","","","","","","","",""
"54405001","NANCY-OCHEY",48.581,5.959833,336,1982081409,"","","","",5.,1,280,1,"","","","","","","","","","","","","","","","","","","","","","","","","","","","",15.2,1,12.2,1,"","","","","","","","","","","","","","","","","","","","","","","","","","",84,1,"","","","","","","","","","","","",14.6,1,1019.1,1,"","","","","","",7,1,7,1,5,1,"","","","","","","","","","","","","","","","","","","","","","","","","","","","",20000,1,"","",3,1,2,1,"","","","","","","","","","","","","","","","","","","","","","","","","","","","","","","","","","","","","","","","","","","","","","","","","","","","","","","","","","","","","","","","","",""
"54405001","NANCY-OCHEY",48.581,5.959833,336,1982081412,"","","","",3.,1,240,1,"","","","","","","","","","","","","","","","","","","","","","","","","","","","",15.6,1,12.8,1,"","","","","","","","","","","","","","","","","","","","","","","","","","",86,1,"","","","","","","","","","","","",15.2,1,1019.7,1,"","","","","","",7,1,7,1,7,1,"","","","","","","","","","","","","","","","","","","","","","","","","","","","",12000,1,"","",61,1,2,1,"","","","","","","","","","","","","","","","","","","","","","","","","","","","","","","","","","","","","","","","","","","","","","","","","","","","","","","","","","","","","","","","","",""
"54405001","NANCY-OCHEY",48.581,5.959833,336,1982081415,"","","","",3.,1,260,1,"","","","","","","","","","","","","","","","","","","","","","","","","","","","",19.2,1,10.6,1,"","","","","","","","","","","","","","","","","","","","","","","","","","",59,1,"","","","","","","","","","","","",13.1,1,1019.1,1,"","","","","","","","","","","","","","","","","","","","","","","","","","","","","","","","","","","","","","","","","","","","","","","","","","","","","","","","","","","","","","","","","","","","","","","","","","","","","","","","","","","","","","","","","","","","","","","","","","","","","","","","","","","","","","","","","",""
"54405001","NANCY-OCHEY",48.581,5.959833,336,1982081418,"","","","",2.,1,200,1,"","","","","","","","","","","","","","","","","","","","","","","","","","","","",20.2,1,9.9,1,"","","","","","","","","","","","","","","","","","","","","","","","","","",53,1,"","","","","","","","","","","","",12.5,1,1017.7,1,"","","","","","","","","","","","","","","","","","","","","","","","","","","","","","","","","","","","","","","","","","","","","","","","","","","","","","","","","","","","","","","","","","","","","","","","","","","","","","","","","","","","","","","","","","","","","","","","","","","","","","","","","","","","","","","","","",""
"54405001","NANCY-OCHEY",48.581,5.959833,336,1982081421,"","","","",3.,1,160,1,"","","","","","","","","","","","","","","","","","","","","","","","","","","","",15.,1,12.7,1,"","","","","","","","","","","","","","","","","","","","","","","","","","",89,1,"","","","","","","","","","","","",15.1,1,1018.2,1,"","","","","","","","","","","","","","","","","","","","","","","","","","","","","","","","","","","","","","","","","","","","","","","","","","","","","","","","","","","","","","","","","","","","","","","","","","","","","","","","","","","","","","","","","","","","","","","","","","","","","","","","","","","","","","","","","",""
"54405001","NANCY-OCHEY",48.581,5.959833,336,1982081500,"","","","",3.,1,180,1,"","","","","","","","","","","","","","","","","","","","","","","","","","","","",14.5,1,11.7,1,"","","","","","","","","","","","","","","","","","","","","","","","","","",86,1,"","","","","","","","","","","","",14.1,1,1017.5,1,"","","","","","","","","","","","","","","","","","","","","","","","","","","","","","","","","","","","","","","","","","","","","","","","","","","","","","","","","","","","","","","","","","","","","","","","","","","","","","","","","","","","","","","","","","","","","","","","","","","","","","","","","","","","","","","","","",""
"54405001","NANCY-OCHEY",48.581,5.959833,336,1982081503,"","","","",2.,1,180,1,"","","","","","","","","","","","","","","","","","","","","","","","","","","","",13.1,1,11.4,1,"","","","","","","","","","","","","","","","","","","","","","","","","","",92,1,"","","","","","","","","","","","",13.8,1,1016.6,1,"","","","","","","","","","","","","","","","","","","","","","","","","","","","","","","","","","","","","","","","","","","","","","","","","","","","","","","","","","","","","","","","","","","","","","","","","","","","","","","","","","","","","","","","","","","","","","","","","","","","","","","","","","","","","","","","","",""
"54405001","NANCY-OCHEY",48.581,5.959833,336,1982081506,"","","","",3.,1,180,1,"","","","","","","","","","","","","","","","","","","","","","","","","","","","",13.8,1,12.2,1,"","","","","","","","","","","","","","","","","","","","","","","","","","",93,1,"","","","","","","","","","","","",14.6,1,1016.3,1,"","","","","","",3,1,0,1,0,1,0,1,1,1,"","","","","","","","","","","","","","","","","","","","","","","","",18000,1,"","",3,1,0,1,"","",0,1,"","","","","","","","","","","","","","","","","","","","","","","","","","","","","","","","","","","","","","","","","","","","","","","","","","","","","","","","","","","","","",""
"54405001","NANCY-OCHEY",48.581,5.959833,336,1982081509,"","","","",4.,1,240,1,"","","","","","","","","","","","","","","","","","","","","","","","","","","","",21.5,1,14.6,1,"","","","","","","","","","","","","","","","","","","","","","","","","","",67,1,"","","","","","","","","","","","",17.1,1,1015.1,1,"","","","","","",5,1,5,1,0,1,0,1,4,1,"","","","","","","","","","","","","","","","","","","","","","","","",24000,1,"","",3,1,1,1,"","","","","","","","","","","","","","","","","","","","","","","","","","","","","","","","","","","","","","","","","","","","","","","","","","","","","","","","","","","","","","","","","",""
"54405001","NANCY-OCHEY",48.581,5.959833,336,1982081512,"","","","",5.,1,260,1,"","","","","","","","","","","","","","","","","","","","","","","","","","","","",23.4,1,14.2,1,"","","","","","","","","","","","","","","","","","","","","","","","","","",58,1,"","","","","","","","","","","","",16.7,1,1014.9,1,"","","","","","",6,1,5,1,2,1,0,1,2,1,"","","","","","","","","","","","","","","","","","","","","","","","",24000,1,"","",3,1,2,1,"","","","","","","","","","","","","","","","","","","","","","","","","","","","","","","","","","","","","","","","","","","","","","","","","","","","","","","","","","","","","","","","","",""
"54405001","NANCY-OCHEY",48.581,5.959833,336,1982081515,"","","","",4.,1,300,1,"","","","","","","","","","","","","","","","","","","","","","","","","","","","",22.3,1,16.9,1,"","","","","","","","","","","","","","","","","","","","","","","","","","",74,1,"","","","","","","","","","","","",19.9,1,1014.6,1,"","","","","","","","","","","","","","","","","","","","","","","","","","","","","","","","","","","","","","","","","","","","","","","","","","","","","","","","","","","","","","","","","","","","","","","","","","","","","","","","","","","","","","","","","","","","","","","","","","","","","","","","","","","","","","","","","",""
"54405001","NANCY-OCHEY",48.581,5.959833,336,1982081518,"","","","",4.,1,300,1,"","","","","","","","","","","","","","","","","","","","","","","","","","","","",21.7,1,15.,1,"","","","","","","","","","","","","","","","","","","","","","","","","","",68,1,"","","","","","","","","","","","",17.6,1,1015.1,1,"","","","","","","","","","","","","","","","","","","","","","","","","","","","","","","","","","","","","","","","","","","","","","","","","","","","","","","","","","","","","","","","","","","","","","","","","","","","","","","","","","","","","","","","","","","","","","","","","","","","","","","","","","","","","","","","","",""
"54405001","NANCY-OCHEY",48.581,5.959833,336,1982081521,"","","","",4.,1,220,1,"","","","","","","","","","","","","","","","","","","","","","","","","","","","",17.3,1,17.3,1,"","","","","","","","","","","","","","","","","","","","","","","","","","",100,1,"","","","","","","","","","","","",19.7,1,1017.7,1,"","","","","","","","","","","","","","","","","","","","","","","","","","","","","","","","","","","","","","","","","","","","","","","","","","","","","","","","","","","","","","","","","","","","","","","","","","","","","","","","","","","","","","","","","","","","","","","","","","","","","","","","","","","","","","","","","",""
"54405001","NANCY-OCHEY",48.581,5.959833,336,1982081600,"","","","",4.,1,240,1,"","","","","","","","","","","","","","","","","","","","","","","","","","","","",16.,1,16.,1,"","","","","","","","","","","","","","","","","","","","","","","","","","",100,1,"","","","","","","","","","","","",18.1,1,1018.2,1,"","","","","","","","","","","","","","","","","","","","","","","","","","","","","","","","","","","","","","","","","","","","","","","","","","","","","","","","","","","","","","","","","","","","","","","","","","","","","","","","","","","","","","","","","","","","","","","","","","","","","","","","","","","","","","","","","",""
"54405001","NANCY-OCHEY",48.581,5.959833,336,1982081603,"","","","",3.,1,180,1,"","","","","","","","","","","","","","","","","","","","","","","","","","","","",15.2,1,15.2,1,"","","","","","","","","","","","","","","","","","","","","","","","","","",100,1,"","","","","","","","","","","","",17.2,1,1018.,1,"","","","","","","","","","","","","","","","","","","","","","","","","","","","","","","","","","","","","","","","","","","","","","","","","","","","","","","","","","","","","","","","","","","","","","","","","","","","","","","","","","","","","","","","","","","","","","","","","","","","","","","","","","","","","","","","","",""
"54405001","NANCY-OCHEY",48.581,5.959833,336,1982081606,"","","","",2.,1,200,1,"","","","","","","","","","","","","","","","","","","","","","","","","","","","",15.1,1,15.1,1,"","","","","","","","","","","","","","","","","","","","","","","","","","",100,1,"","","","","","","","","","","","",17.1,1,1018.,1,"","","","","","",5,1,0,1,5,1,0,1,1,1,"","","","","","","","","","","","","","","","","","","","","","","","",8000,1,"","",3,1,1,1,"","",0,1,"","","","","","","","","","","","","","","","","","","","","","","","","","","","","","","","","","","","","","","","","","","","","","","","","","","","","","","","","","","","","",""
"54405001","NANCY-OCHEY",48.581,5.959833,336,1982081609,"","","","",2.,1,220,1,"","","","","","","","","","","","","","","","","","","","","","","","","","","","",20.,1,16.,1,"","","","","","","","","","","","","","","","","","","","","","","","","","",80,1,"","","","","","","","","","","","",18.8,1,1017.4,1,"","","","","","",5,1,0,1,8,1,0,1,0,1,"","","","","","","","","","","","","","","","","","","","","","","","",18000,1,"","",3,1,1,1,"","","","","","","","","","","","","","","","","","","","","","","","","","","","","","","","","","","","","","","","","","","","","","","","","","","","","","","","","","","","","","","","","",""
"54405001","NANCY-OCHEY",48.581,5.959833,336,1982081612,"","","","",5.,1,260,1,"","","","","","","","","","","","","","","","","","","","","","","","","","","","",22.7,1,15.3,1,"","","","","","","","","","","","","","","","","","","","","","","","","","",64,1,"","","","","","","","","","","","",17.9,1,1016.,1,"","","","","","",3,1,0,1,2,1,0,1,1,1,"","","","","","","","","","","","","","","","","","","","","","","","",24000,1,"","",1,1,1,1,"","","","","","","","","","","","","","","","","","","","","","","","","","","","","","","","","","","","","","","","","","","","","","","","","","","","","","","","","","","","","","","","","",""
"54405001","NANCY-OCHEY",48.581,5.959833,336,1982081615,"","","","",7.,1,280,1,"","","","","","","","","","","","","","","","","","","","","","","","","","","","",24.6,1,15.3,1,"","","","","","","","","","","","","","","","","","","","","","","","","","",57,1,"","","","","","","","","","","","",17.9,1,1014.6,1,"","","","","","",5,1,0,1,2,1,0,1,1,1,"","","","","","","","","","","","","","","","","","","","","","","","",24000,1,"","",1,1,1,1,"","","","","","","","","","","","","","","","","","","","","","","","","","","","","","","","","","","","","","","","","","","","","","","","","","","","","","","","","","","","","","","","","",""
"54405001","NANCY-OCHEY",48.581,5.959833,336,1982081618,"","","","",3.,1,300,1,"","","","","","","","","","","","","","","","","","","","","","","","","","","","",22.3,1,15.2,1,"","","","","","","","","","","","","","","","","","","","","","","","","","",66,1,"","","","","","","","","","","","",17.8,1,1013.9,1,"","","","","","",6,1,5,1,8,1,0,1,1,1,"","","","","","","","","","","","","","","","","","","","","","","","",24000,1,"","",3,1,2,1,"","","","","","","","","","","","","","","","","","","","","","","","","","","","","","","","","","","","","","","","","","","","","","","","","","","","","","","","","","","","","","","","","",""
"54405001","NANCY-OCHEY",48.581,5.959833,336,1982081621,"","","","",3.,1,280,1,"","","","","","","","","","","","","","","","","","","","","","","","","","","","",16.7,1,13.9,1,"","","","","","","","","","","","","","","","","","","","","","","","","","",86,1,"","","","","","","","","","","","",16.3,1,1015.4,1,"","","","","","","","","","","","","","","","","","","","","","","","","","","","","","","","","","","","","","","","","","","","","","","","","","","","","","","","","","","","","","","","","","","","","","","","","","","","","","","","","","","","","","","","","","","","","","","","","","","","","","","","","","","","","","","","","",""
"54405001","NANCY-OCHEY",48.581,5.959833,336,1982081700,"","","","",3.,1,240,1,"","","","","","","","","","","","","","","","","","","","","","","","","","","","",15.1,1,13.3,1,"","","","","","","","","","","","","","","","","","","","","","","","","","",92,1,"","","","","","","","","","","","",15.7,1,1016.1,1,"","","","","","","","","","","","","","","","","","","","","","","","","","","","","","","","","","","","","","","","","","","","","","","","","","","","","","","","","","","","","","","","","","","","","","","","","","","","","","","","","","","","","","","","","","","","","","","","","","","","","","","","","","","","","","","","","",""
"54405001","NANCY-OCHEY",48.581,5.959833,336,1982081703,"","","","",4.,1,260,1,"","","","","","","","","","","","","","","","","","","","","","","","","","","","",14.8,1,13.,1,"","","","","","","","","","","","","","","","","","","","","","","","","","",91,1,"","","","","","","","","","","","",15.3,1,1015.8,1,"","","","","","","","","","","","","","","","","","","","","","","","","","","","","","","","","","","","","","","","","","","","","","","","","","","","","","","","","","","","","","","","","","","","","","","","","","","","","","","","","","","","","","","","","","","","","","","","","","","","","","","","","","","","","","","","","",""
"54405001","NANCY-OCHEY",48.581,5.959833,336,1982081706,"","","","",4.,1,240,1,"","","","","","","","","","","","","","","","","","","","","","","","","","","","",14.5,1,12.7,1,"","","","","","","","","","","","","","","","","","","","","","","","","","",91,1,"","","","","","","","","","","","",15.,1,1016.5,1,"","","","","","",6,1,5,1,8,1,3,1,0,1,"","","","","","","","","","","","","","","","","","","","","","","","",15000,1,"","",1,1,2,1,"","",0,1,"","","","","","","","","","","","","","","","","","","","","","","","","","","","","","","","","","","","","","","","","","","","","","","","","","","","","","","","","","","","","",""
"54405001","NANCY-OCHEY",48.581,5.959833,336,1982081709,"","","","",8.,1,260,1,"","","","","","","","","","","","","","","","","","","","","","","","","","","","",16.8,1,12.1,1,"","","","","","","","","","","","","","","","","","","","","","","","","","",75,1,"","","","","","","","","","","","",14.4,1,1017.,1,"","","","","","",7,1,7,1,8,1,3,1,"","","","","","","","","","","","","","","","","","","","","","","","","","",15000,1,"","",1,1,2,1,"","","","","","","","","","","","","","","","","","","","","","","","","","","","","","","","","","","","","","","","","","","","","","","","","","","","","","","","","","","","","","","","","",""
"54405001","NANCY-OCHEY",48.581,5.959833,336,1982081712,"","","","",7.,1,260,1,"","","","","","","","","","","","","","","","","","","","","","","","","","","","",18.9,1,12.5,1,"","","","","","","","","","","","","","","","","","","","","","","","","","",68,1,"","","","","","","","","","","","",14.8,1,1016.7,1,"","","","","","",7,1,5,1,4,1,"","","","","","","","","","","","","","","","","","","","","","","","","","","","",20000,1,"","",3,1,2,1,"","","","","","","","","","","","","","","","","","","","","","","","","","","","","","","","","","","","","","","","","","","","","","","","","","","","","","","","","","","","","","","","","",""
"54405001","NANCY-OCHEY",48.581,5.959833,336,1982081715,"","","","",6.,1,220,1,"","","","","","","","","","","","","","","","","","","","","","","","","","","","",19.4,1,13.6,1,"","","","","","","","","","","","","","","","","","","","","","","","","","",71,1,"","","","","","","","","","","","",16.,1,1016.,1,"","","","","","",7,1,7,1,4,1,"","","","","","","","","","","","","","","","","","","","","","","","","","","","",15000,1,"","",1,1,2,1,"","","","","","","","","","","","","","","","","","","","","","","","","","","","","","","","","","","","","","","","","","","","","","","","","","","","","","","","","","","","","","","","","",""
"54405001","NANCY-OCHEY",48.581,5.959833,336,1982081718,"","","","",7.,1,240,1,"","","","","","","","","","","","","","","","","","","","","","","","","","","","",18.,1,14.1,1,"","","","","","","","","","","","","","","","","","","","","","","","","","",80,1,"","","","","","","","","","","","",16.5,1,1016.4,1,"","","","","","",5,1,5,1,8,1,0,1,1,1,"","","","","","","","","","","","","","","","","","","","","","","","",12000,1,"","",1,1,6,1,"","","","","","","","","","","","","","","","","","","","","","","","","","","","","","","","","","","","","","","","","","","","","","","","","","","","","","","","","","","","","","","","","",""
"54405001","NANCY-OCHEY",48.581,5.959833,336,1982081721,"","","","",2.,1,300,1,"","","","","","","","","","","","","","","","","","","","","","","","","","","","",16.,1,14.5,1,"","","","","","","","","","","","","","","","","","","","","","","","","","",94,1,"","","","","","","","","","","","",17.,1,1018.,1,"","","","","","","","","","","","","","","","","","","","","","","","","","","","","","","","","","","","","","","","","","","","","","","","","","","","","","","","","","","","","","","","","","","","","","","","","","","","","","","","","","","","","","","","","","","","","","","","","","","","","","","","","","","","","","","","","",""
"54405001","NANCY-OCHEY",48.581,5.959833,336,1982081800,"","","","",2.,1,220,1,"","","","","","","","","","","","","","","","","","","","","","","","","","","","",14.,1,12.7,1,"","","","","","","","","","","","","","","","","","","","","","","","","","",95,1,"","","","","","","","","","","","",15.1,1,1018.5,1,"","","","","","","","","","","","","","","","","","","","","","","","","","","","","","","","","","","","","","","","","","","","","","","","","","","","","","","","","","","","","","","","","","","","","","","","","","","","","","","","","","","","","","","","","","","","","","","","","","","","","","","","","","","","","","","","","",""
"54405001","NANCY-OCHEY",48.581,5.959833,336,1982081803,"","","","",4.,1,220,1,"","","","","","","","","","","","","","","","","","","","","","","","","","","","",12.5,1,11.2,1,"","","","","","","","","","","","","","","","","","","","","","","","","","",94,1,"","","","","","","","","","","","",13.6,1,1018.7,1,"","","","","","","","","","","","","","","","","","","","","","","","","","","","","","","","","","","","","","","","","","","","","","","","","","","","","","","","","","","","","","","","","","","","","","","","","","","","","","","","","","","","","","","","","","","","","","","","","","","","","","","","","","","","","","","","","",""
"54405001","NANCY-OCHEY",48.581,5.959833,336,1982081806,"","","","",5.,1,260,1,"","","","","","","","","","","","","","","","","","","","","","","","","","","","",13.1,1,11.6,1,"","","","","","","","","","","","","","","","","","","","","","","","","","",92,1,"","","","","","","","","","","","",14.,1,1018.7,1,"","","","","","",0,1,"","",0,1,0,1,0,1,"","","","","","","","","","","","","","","","","","","","","","","","",24000,1,"","",2,1,0,1,"","",0,1,"","","","","","","","","","","","","","","","","","","","","","","","","","","","","","","","","","","","","","","","","","","","","","","","","","","","","","","","","","","","","",""
"54405001","NANCY-OCHEY",48.581,5.959833,336,1982081809,"","","","",8.,1,260,1,"","","","","","","","","","","","","","","","","","","","","","","","","","","","",17.,1,11.3,1,"","","","","","","","","","","","","","","","","","","","","","","","","","",70,1,"","","","","","","","","","","","",13.7,1,1018.1,1,"","","","","","",3,1,0,1,2,1,0,1,0,1,"","","","","","","","","","","","","","","","","","","","","","","","",24000,1,"","",3,1,0,1,"","","","","","","","","","","","","","","","","","","","","","","","","","","","","","","","","","","","","","","","","","","","","","","","","","","","","","","","","","","","","","","","","",""
"54405001","NANCY-OCHEY",48.581,5.959833,336,1982081812,"","","","",8.,1,260,1,"","","","","","","","","","","","","","","","","","","","","","","","","","","","",21.3,1,11.3,1,"","","","","","","","","","","","","","","","","","","","","","","","","","",54,1,"","","","","","","","","","","","",13.7,1,1016.2,1,"","","","","","",2,1,0,1,0,1,0,1,1,1,"","","","","","","","","","","","","","","","","","","","","","","","",24000,1,"","",1,1,0,1,"","","","","","","","","","","","","","","","","","","","","","","","","","","","","","","","","","","","","","","","","","","","","","","","","","","","","","","","","","","","","","","","","",""
"54405001","NANCY-OCHEY",48.581,5.959833,336,1982081815,"","","","",8.,1,280,1,"","","","","","","","","","","","","","","","","","","","","","","","","","","","",23.7,1,11.5,1,"","","","","","","","","","","","","","","","","","","","","","","","","","",47,1,"","","","","","","","","","","","",13.9,1,1014.5,1,"","","","","","",2,1,0,1,0,1,4,1,1,1,"","","","","","","","","","","","","","","","","","","","","","","","",24000,1,"","",2,1,0,1,"","","","","","","","","","","","","","","","","","","","","","","","","","","","","","","","","","","","","","","","","","","","","","","","","","","","","","","","","","","","","","","","","",""
"54405001","NANCY-OCHEY",48.581,5.959833,336,1982081818,"","","","",4.,1,240,1,"","","","","","","","","","","","","","","","","","","","","","","","","","","","",21.9,1,12.4,1,"","","","","","","","","","","","","","","","","","","","","","","","","","",56,1,"","","","","","","","","","","","",14.8,1,1013.2,1,"","","","","","",4,1,0,1,0,1,4,1,4,1,"","","","","","","","","","","","","","","","","","","","","","","","",24000,1,"","",3,1,0,1,"","","","","","","","","","","","","","","","","","","","","","","","","","","","","","","","","","","","","","","","","","","","","","","","","","","","","","","","","","","","","","","","","",""
"54405001","NANCY-OCHEY",48.581,5.959833,336,1982081821,"","","","",7.,1,220,1,"","","","","","","","","","","","","","","","","","","","","","","","","","","","",19.6,1,13.1,1,"","","","","","","","","","","","","","","","","","","","","","","","","","",68,1,"","","","","","","","","","","","",15.5,1,1013.6,1,"","","","","","","","","","","","","","","","","","","","","","","","","","","","","","","","","","","","","","","","","","","","","","","","","","","","","","","","","","","","","","","","","","","","","","","","","","","","","","","","","","","","","","","","","","","","","","","","","","","","","","","","","","","","","","","","","",""
"54405001","NANCY-OCHEY",48.581,5.959833,336,1982081900,"","","","",7.,1,240,1,"","","","","","","","","","","","","","","","","","","","","","","","","","","","",17.9,1,13.7,1,"","","","","","","","","","","","","","","","","","","","","","","","","","",79,1,"","","","","","","","","","","","",16.1,1,1013.9,1,"","","","","","","","","","","","","","","","","","","","","","","","","","","","","","","","","","","","","","","","","","","","","","","","","","","","","","","","","","","","","","","","","","","","","","","","","","","","","","","","","","","","","","","","","","","","","","","","","","","","","","","","","","","","","","","","","",""
"54405001","NANCY-OCHEY",48.581,5.959833,336,1982081903,"","","","",7.,1,240,1,"","","","","","","","","","","","","","","","","","","","","","","","","","","","",16.2,1,14.6,1,"","","","","","","","","","","","","","","","","","","","","","","","","","",93,1,"","","","","","","","","","","","",17.1,1,1014.,1,"","","","","","","","","","","","","","","","","","","","","","","","","","","","","","","","","","","","","","","","","","","","","","","","","","","","","","","","","","","","","","","","","","","","","","","","","","","","","","","","","","","","","","","","","","","","","","","","","","","","","","","","","","","","","","","","","",""
"54405001","NANCY-OCHEY",48.581,5.959833,336,1982081906,"","","","",4.,1,340,1,"","","","","","","","","","","","","","","","","","","","","","","","","","","","",13.1,1,12.3,1,"","","","","","","","","","","","","","","","","","","","","","","","","","",97,1,"","","","","","","","","","","","",14.7,1,1015.2,1,"","","","","","",7,1,7,1,5,1,"","","","","","","","","","","","","","","","","","","","","","","","","","","","",5000,1,"","",58,1,5,1,"","",0,1,"","","","","","","","","","","","","","","","","","","","","","","","","","","","","","","","","","","","","","","","","","","","","","","","","","","","","","","","","","","","","",""
"54405001","NANCY-OCHEY",48.581,5.959833,336,1982081909,"","","","",3.,1,300,1,"","","","","","","","","","","","","","","","","","","","","","","","","","","","",13.5,1,12.5,1,"","","","","","","","","","","","","","","","","","","","","","","","","","",96,1,"","","","","","","","","","","","",14.9,1,1016.6,1,"","","","","","",7,1,7,1,5,1,"","","","","","","","","","","","","","","","","","","","","","","","","","","","",10000,1,"","",61,1,6,1,"","","","","","","","","","","","","","","","","","","","","","","","","","","","","","","","","","","","","","","","","","","","","","","","","","","","","","","","","","","","","","","","","",""
"54405001","NANCY-OCHEY",48.581,5.959833,336,1982081912,"","","","",4.,1,280,1,"","","","","","","","","","","","","","","","","","","","","","","","","","","","",16.3,1,12.4,1,"","","","","","","","","","","","","","","","","","","","","","","","","","",80,1,"","","","","","","","","","","","",14.8,1,1016.6,1,"","","","","","",6,1,6,1,8,1,0,1,0,1,"","","","","","","","","","","","","","","","","","","","","","","","",20000,1,"","",21,1,6,1,"","","","","","","","","","","","","","","","","","","","","","","","","","","","","","","","","","","","","","","","","","","","","","","","","","","","","","","","","","","","","","","","","",""
"54405001","NANCY-OCHEY",48.581,5.959833,336,1982081915,"","","","",6.,1,280,1,"","","","","","","","","","","","","","","","","","","","","","","","","","","","",18.,1,11.8,1,"","","","","","","","","","","","","","","","","","","","","","","","","","",69,1,"","","","","","","","","","","","",14.2,1,1015.9,1,"","","","","","",5,1,5,1,2,1,0,1,1,1,"","","","","","","","","","","","","","","","","","","","","","","","",25000,1,"","",1,1,1,1,"","","","","","","","","","","","","","","","","","","","","","","","","","","","","","","","","","","","","","","","","","","","","","","","","","","","","","","","","","","","","","","","","",""
"54405001","NANCY-OCHEY",48.581,5.959833,336,1982081918,"","","","",6.,1,240,1,"","","","","","","","","","","","","","","","","","","","","","","","","","","","",16.8,1,12.2,1,"","","","","","","","","","","","","","","","","","","","","","","","","","",76,1,"","","","","","","","","","","","",14.6,1,1014.6,1,"","","","","","",7,1,7,1,1,1,0,1,4,1,"","","","","","","","","","","","","","","","","","","","","","","","",20000,1,"","",3,1,1,1,"","","","","","","","","","","","","","","","","","","","","","","","","","","","","","","","","","","","","","","","","","","","","","","","","","","","","","","","","","","","","","","","","",""
"54405001","NANCY-OCHEY",48.581,5.959833,336,1982081921,"","","","",3.,1,220,1,"","","","","","","","","","","","","","","","","","","","","","","","","","","","",14.3,1,12.2,1,"","","","","","","","","","","","","","","","","","","","","","","","","","",90,1,"","","","","","","","","","","","",14.6,1,1014.3,1,"","","","","","","","","","","","","","","","","","","","","","","","","","","","","","","","","","","","","","","","","","","","","","","","","","","","","","","","","","","","","","","","","","","","","","","","","","","","","","","","","","","","","","","","","","","","","","","","","","","","","","","","","","","","","","","","","",""
"54405001","NANCY-OCHEY",48.581,5.959833,336,1982082000,"","","","",3.,1,240,1,"","","","","","","","","","","","","","","","","","","","","","","","","","","","",13.3,1,11.9,1,"","","","","","","","","","","","","","","","","","","","","","","","","","",94,1,"","","","","","","","","","","","",14.3,1,1013.6,1,"","","","","","","","","","","","","","","","","","","","","","","","","","","","","","","","","","","","","","","","","","","","","","","","","","","","","","","","","","","","","","","","","","","","","","","","","","","","","","","","","","","","","","","","","","","","","","","","","","","","","","","","","","","","","","","","","",""
"54405001","NANCY-OCHEY",48.581,5.959833,336,1982082003,"","","","",4.,1,260,1,"","","","","","","","","","","","","","","","","","","","","","","","","","","","",12.9,1,11.7,1,"","","","","","","","","","","","","","","","","","","","","","","","","","",95,1,"","","","","","","","","","","","",14.1,1,1012.4,1,"","","","","","","","","","","","","","","","","","","","","","","","","","","","","","","","","","","","","","","","","","","","","","","","","","","","","","","","","","","","","","","","","","","","","","","","","","","","","","","","","","","","","","","","","","","","","","","","","","","","","","","","","","","","","","","","","",""
"54405001","NANCY-OCHEY",48.581,5.959833,336,1982082006,"","","","",2.,1,280,1,"","","","","","","","","","","","","","","","","","","","","","","","","","","","",11.9,1,10.7,1,"","","","","","","","","","","","","","","","","","","","","","","","","","",95,1,"","","","","","","","","","","","",13.2,1,1012.1,1,"","","","","","",7,1,6,1,8,1,7,1,"","","","","","","","","","","","","","","","","","","","","","","","","","",24000,1,"","",2,1,2,1,"","",0,1,"","","","","","","","","","","","","","","","","","","","","","","","","","","","","","","","","","","","","","","","","","","","","","","","","","","","","","","","","","","","","",""
"54405001","NANCY-OCHEY",48.581,5.959833,336,1982082009,"","","","",3.,1,300,1,"","","","","","","","","","","","","","","","","","","","","","","","","","","","",13.3,1,8.9,1,"","","","","","","","","","","","","","","","","","","","","","","","","","",76,1,"","","","","","","","","","","","",11.6,1,1012.,1,"","","","","","",7,1,7,1,8,1,7,1,"","","","","","","","","","","","","","","","","","","","","","","","","","",24000,1,"","",3,1,2,1,"","","","","","","","","","","","","","","","","","","","","","","","","","","","","","","","","","","","","","","","","","","","","","","","","","","","","","","","","","","","","","","","","",""
"54405001","NANCY-OCHEY",48.581,5.959833,336,1982082012,"","","","",5.,1,240,1,"","","","","","","","","","","","","","","","","","","","","","","","","","","","",11.9,1,10.5,1,"","","","","","","","","","","","","","","","","","","","","","","","","","",93,1,"","","","","","","","","","","","",13.,1,1012.8,1,"","","","","","",7,1,7,1,8,1,7,1,"","","","","","","","","","","","","","","","","","","","","","","","","","",24000,1,"","",21,1,6,1,"","","","","","","","","","","","","","","","","","","","","","","","","","","","","","","","","","","","","","","","","","","","","","","","","","","","","","","","","","","","","","","","","",""
"54405001","NANCY-OCHEY",48.581,5.959833,336,1982082015,"","","","",6.,1,260,1,"","","","","","","","","","","","","","","","","","","","","","","","","","","","",15.,1,10.5,1,"","","","","","","","","","","","","","","","","","","","","","","","","","",76,1,"","","","","","","","","","","","",13.,1,1013.1,1,"","","","","","",6,1,5,1,2,1,3,1,1,1,"","","","","","","","","","","","","","","","","","","","","","","","",24000,1,"","",1,1,8,1,"","","","","","","","","","","","","","","","","","","","","","","","","","","","","","","","","","","","","","","","","","","","","","","","","","","","","","","","","","","","","","","","","",""
"54405001","NANCY-OCHEY",48.581,5.959833,336,1982082018,"","","","",4.,1,260,1,"","","","","","","","","","","","","","","","","","","","","","","","","","","","",12.2,1,10.1,1,"","","","","","","","","","","","","","","","","","","","","","","","","","",89,1,"","","","","","","","","","","","",12.6,1,1015.4,1,"","","","","","",3,1,0,1,4,1,6,1,0,1,"","","","","","","","","","","","","","","","","","","","","","","","",24000,1,"","",1,1,9,1,"","","","","","","","","","","","","","","","","","","","","","","","","","","","","","","","","","","","","","","","","","","","","","","","","","","","","","","","","","","","","","","","","",""
"54405001","NANCY-OCHEY",48.581,5.959833,336,1982082021,"","","","",4.,1,240,1,"","","","","","","","","","","","","","","","","","","","","","","","","","","","",10.1,1,8.9,1,"","","","","","","","","","","","","","","","","","","","","","","","","","",94,1,"","","","","","","","","","","","",11.6,1,1016.5,1,"","","","","","","","","","","","","","","","","","","","","","","","","","","","","","","","","","","","","","","","","","","","","","","","","","","","","","","","","","","","","","","","","","","","","","","","","","","","","","","","","","","","","","","","","","","","","","","","","","","","","","","","","","","","","","","","","",""
"54405001","NANCY-OCHEY",48.581,5.959833,336,1982082100,"","","","",4.,1,240,1,"","","","","","","","","","","","","","","","","","","","","","","","","","","","",9.3,1,8.2,1,"","","","","","","","","","","","","","","","","","","","","","","","","","",95,1,"","","","","","","","","","","","",11.1,1,1017.6,1,"","","","","","","","","","","","","","","","","","","","","","","","","","","","","","","","","","","","","","","","","","","","","","","","","","","","","","","","","","","","","","","","","","","","","","","","","","","","","","","","","","","","","","","","","","","","","","","","","","","","","","","","","","","","","","","","","",""
"54405001","NANCY-OCHEY",48.581,5.959833,336,1982082103,"","","","","","","","","","","","","","","","","","","","","","","","","","","","","","","","","","","","",7.9,1,6.9,1,"","","","","","","","","","","","","","","","","","","","","","","","","","",95,1,"","","","","","","","","","","","",10.1,1,1016.5,1,"","","","","","","","","","","","","","","","","","","","","","","","","","","","","","","","","","","","","","","","","","","","","","","","","","","","","","","","","","","","","","","","","","","","","","","","","","","","","","","","","","","","","","","","","","","","","","","","","","","","","","","","","","","","","","","","","",""
"54405001","NANCY-OCHEY",48.581,5.959833,336,1982082106,"","","","",1.,1,260,1,"","","","","","","","","","","","","","","","","","","","","","","","","","","","",8.,1,6.9,1,"","","","","","","","","","","","","","","","","","","","","","","","","","",94,1,"","","","","","","","","","","","",10.1,1,1018.9,1,"","","","","","",2,1,0,1,5,1,0,1,0,1,"","","","","","","","","","","","","","","","","","","","","","","","",24000,1,"","",2,1,0,1,"","",0,1,"","","","","","","","","","","","","","","","","","","","","","","","","","","","","","","","","","","","","","","","","","","","","","","","","","","","","","","","","","","","","",""
"54405001","NANCY-OCHEY",48.581,5.959833,336,1982082109,"","","","",2.,1,300,1,"","","","","","","","","","","","","","","","","","","","","","","","","","","","",14.3,1,9.9,1,"","","","","","","","","","","","","","","","","","","","","","","","","","",76,1,"","","","","","","","","","","","",12.5,1,1019.1,1,"","","","","","",5,1,0,1,8,1,3,1,0,1,"","","","","","","","","","","","","","","","","","","","","","","","",24000,1,"","",3,1,1,1,"","","","","","","","","","","","","","","","","","","","","","","","","","","","","","","","","","","","","","","","","","","","","","","","","","","","","","","","","","","","","","","","","",""
"54405001","NANCY-OCHEY",48.581,5.959833,336,1982082112,"","","","",2.,1,320,1,"","","","","","","","","","","","","","","","","","","","","","","","","","","","",16.9,1,9.1,1,"","","","","","","","","","","","","","","","","","","","","","","","","","",61,1,"","","","","","","","","","","","",11.8,1,1019.3,1,"","","","","","",6,1,5,1,8,1,0,1,0,1,"","","","","","","","","","","","","","","","","","","","","","","","",24000,1,"","",1,1,2,1,"","","","","","","","","","","","","","","","","","","","","","","","","","","","","","","","","","","","","","","","","","","","","","","","","","","","","","","","","","","","","","","","","",""
"54405001","NANCY-OCHEY",48.581,5.959833,336,1982082115,"","","","","","","","","","","","","","","","","","","","","","","","","","","","","","","","","","","","",15.8,1,8.9,1,"","","","","","","","","","","","","","","","","","","","","","","","","","",65,1,"","","","","","","","","","","","",11.6,1,1019.6,1,"","","","","","","","","","","","","","","","","","","","","","","","","","","","","","","","","","","","","","","","","","","","","","","","","","","","","","","","","","","","","","","","","","","","","","","","","","","","","","","","","","","","","","","","","","","","","","","","","","","","","","","","","","","","","","","","","",""
"54405001","NANCY-OCHEY",48.581,5.959833,336,1982082118,"","","","","","","","","","","","","","","","","","","","","","","","","","","","","","","","","","","","",15.,1,9.6,1,"","","","","","","","","","","","","","","","","","","","","","","","","","",72,1,"","","","","","","","","","","","",12.2,1,1020.,1,"","","","","","","","","","","","","","","","","","","","","","","","","","","","","","","","","","","","","","","","","","","","","","","","","","","","","","","","","","","","","","","","","","","","","","","","","","","","","","","","","","","","","","","","","","","","","","","","","","","","","","","","","","","","","","","","","",""
"54405001","NANCY-OCHEY",48.581,5.959833,336,1982082121,"","","","","","","","","","","","","","","","","","","","","","","","","","","","","","","","","","","","",13.3,1,10.7,1,"","","","","","","","","","","","","","","","","","","","","","","","","","",87,1,"","","","","","","","","","","","",13.2,1,1021.8,1,"","","","","","","","","","","","","","","","","","","","","","","","","","","","","","","","","","","","","","","","","","","","","","","","","","","","","","","","","","","","","","","","","","","","","","","","","","","","","","","","","","","","","","","","","","","","","","","","","","","","","","","","","","","","","","","","","",""
"54405001","NANCY-OCHEY",48.581,5.959833,336,1982082200,"","","","","","","","","","","","","","","","","","","","","","","","","","","","","","","","","","","","",11.1,1,9.9,1,"","","","","","","","","","","","","","","","","","","","","","","","","","",95,1,"","","","","","","","","","","","",12.5,1,1022.5,1,"","","","","","","","","","","","","","","","","","","","","","","","","","","","","","","","","","","","","","","","","","","","","","","","","","","","","","","","","","","","","","","","","","","","","","","","","","","","","","","","","","","","","","","","","","","","","","","","","","","","","","","","","","","","","","","","","",""
"54405001","NANCY-OCHEY",48.581,5.959833,336,1982082203,"","","","","","","","","","","","","","","","","","","","","","","","","","","","","","","","","","","","",9.5,1,8.5,1,"","","","","","","","","","","","","","","","","","","","","","","","","","",96,1,"","","","","","","","","","","","",11.3,1,1022.8,1,"","","","","","","","","","","","","","","","","","","","","","","","","","","","","","","","","","","","","","","","","","","","","","","","","","","","","","","","","","","","","","","","","","","","","","","","","","","","","","","","","","","","","","","","","","","","","","","","","","","","","","","","","","","","","","","","","",""
"54405001","NANCY-OCHEY",48.581,5.959833,336,1982082206,"","","","",1.,1,220,1,"","","","","","","","","","","","","","","","","","","","","","","","","","","","",10.5,1,8.7,1,"","","","","","","","","","","","","","","","","","","","","","","","","","",90,1,"","","","","","","","","","","","",11.5,1,1023.4,1,"","","","","","",1,1,0,1,0,1,0,1,1,1,"","","","","","","","","","","","","","","","","","","","","","","","",15000,1,"","",1,1,0,1,"","",0,1,"","","","","","","","","","","","","","","","","","","","","","","","","","","","","","","","","","","","","","","","","","","","","","","","","","","","","","","","","","","","","",""
"54405001","NANCY-OCHEY",48.581,5.959833,336,1982082209,"","","","",1.,1,340,1,"","","","","","","","","","","","","","","","","","","","","","","","","","","","",15.7,1,10.2,1,"","","","","","","","","","","","","","","","","","","","","","","","","","",71,1,"","","","","","","","","","","","",12.7,1,1023.6,1,"","","","","","",3,1,0,1,2,1,0,1,1,1,"","","","","","","","","","","","","","","","","","","","","","","","",20000,1,"","",3,1,0,1,"","","","","","","","","","","","","","","","","","","","","","","","","","","","","","","","","","","","","","","","","","","","","","","","","","","","","","","","","","","","","","","","","",""
"54405001","NANCY-OCHEY",48.581,5.959833,336,1982082212,"","","","",3.,1,280,1,"","","","","","","","","","","","","","","","","","","","","","","","","","","","",18.2,1,9.9,1,"","","","","","","","","","","","","","","","","","","","","","","","","","",60,1,"","","","","","","","","","","","",12.5,1,1023.1,1,"","","","","","",5,1,0,1,2,1,0,1,1,1,"","","","","","","","","","","","","","","","","","","","","","","","",30000,1,"","",1,1,0,1,"","","","","","","","","","","","","","","","","","","","","","","","","","","","","","","","","","","","","","","","","","","","","","","","","","","","","","","","","","","","","","","","","",""
"54405001","NANCY-OCHEY",48.581,5.959833,336,1982082215,"","","","","","","","","","","","","","","","","","","","","","","","","","","","","","","","","","","","",19.4,1,7.4,1,"","","","","","","","","","","","","","","","","","","","","","","","","","",47,1,"","","","","","","","","","","","",10.5,1,1022.2,1,"","","","","","","","","","","","","","","","","","","","","","","","","","","","","","","","","","","","","","","","","","","","","","","","","","","","","","","","","","","","","","","","","","","","","","","","","","","","","","","","","","","","","","","","","","","","","","","","","","","","","","","","","","","","","","","","","",""
"54405001","NANCY-OCHEY",48.581,5.959833,336,1982082218,"","","","","","","","","","","","","","","","","","","","","","","","","","","","","","","","","","","","",18.1,1,10.7,1,"","","","","","","","","","","","","","","","","","","","","","","","","","",64,1,"","","","","","","","","","","","",13.2,1,1021.5,1,"","","","","","","","","","","","","","","","","","","","","","","","","","","","","","","","","","","","","","","","","","","","","","","","","","","","","","","","","","","","","","","","","","","","","","","","","","","","","","","","","","","","","","","","","","","","","","","","","","","","","","","","","","","","","","","","","",""
"54405001","NANCY-OCHEY",48.581,5.959833,336,1982082221,"","","","","","","","","","","","","","","","","","","","","","","","","","","","","","","","","","","","",13.,1,10.8,1,"","","","","","","","","","","","","","","","","","","","","","","","","","",89,1,"","","","","","","","","","","","",13.3,1,1022.1,1,"","","","","","","","","","","","","","","","","","","","","","","","","","","","","","","","","","","","","","","","","","","","","","","","","","","","","","","","","","","","","","","","","","","","","","","","","","","","","","","","","","","","","","","","","","","","","","","","","","","","","","","","","","","","","","","","","",""
"54405001","NANCY-OCHEY",48.581,5.959833,336,1982082300,"","","","","","","","","","","","","","","","","","","","","","","","","","","","","","","","","","","","",10.5,1,9.,1,"","","","","","","","","","","","","","","","","","","","","","","","","","",93,1,"","","","","","","","","","","","",11.7,1,1022.3,1,"","","","","","","","","","","","","","","","","","","","","","","","","","","","","","","","","","","","","","","","","","","","","","","","","","","","","","","","","","","","","","","","","","","","","","","","","","","","","","","","","","","","","","","","","","","","","","","","","","","","","","","","","","","","","","","","","",""
"54405001","NANCY-OCHEY",48.581,5.959833,336,1982082303,"","","","",1.,1,180,1,"","","","","","","","","","","","","","","","","","","","","","","","","","","","",8.7,1,8.,1,"","","","","","","","","","","","","","","","","","","","","","","","","","",97,1,"","","","","","","","","","","","",10.9,1,1021.7,1,"","","","","","","","","","","","","","","","","","","","","","","","","","","","","","","","","","","","","","","","","","","","","","","","","","","","","","","","","","","","","","","","","","","","","","","","","","","","","","","","","","","","","","","","","","","","","","","","","","","","","","","","","","","","","","","","","",""
"54405001","NANCY-OCHEY",48.581,5.959833,336,1982082306,"","","","",2.,1,180,1,"","","","","","","","","","","","","","","","","","","","","","","","","","","","",9.4,1,8.7,1,"","","","","","","","","","","","","","","","","","","","","","","","","","",97,1,"","","","","","","","","","","","",11.4,1,1021.,1,"","","","","","",6,1,6,1,0,1,9,1,1,1,"","","","","","","","","","","","","","","","","","","","","","","","",6000,1,"","",12,1,1,1,"","",0,1,"","","","","","","","","","","","","","","","","","","","","","","","","","","","","","","","","","","","","","","","","","","","","","","","","","","","","","","","","","","","","",""
"54405001","NANCY-OCHEY",48.581,5.959833,336,1982082309,"","","","",4.,1,260,1,"","","","","","","","","","","","","","","","","","","","","","","","","","","","",17.2,1,10.8,1,"","","","","","","","","","","","","","","","","","","","","","","","","","",67,1,"","","","","","","","","","","","",13.2,1,1020.,1,"","","","","","",7,1,7,1,0,1,0,1,8,1,"","","","","","","","","","","","","","","","","","","","","","","","",15000,1,"","",3,1,2,1,"","","","","","","","","","","","","","","","","","","","","","","","","","","","","","","","","","","","","","","","","","","","","","","","","","","","","","","","","","","","","","","","","",""
"54405001","NANCY-OCHEY",48.581,5.959833,336,1982082312,"","","","",6.,1,240,1,"","","","","","","","","","","","","","","","","","","","","","","","","","","","",20.9,1,12.1,1,"","","","","","","","","","","","","","","","","","","","","","","","","","",58,1,"","","","","","","","","","","","",14.4,1,1019.,1,"","","","","","",7,1,5,1,2,1,0,1,1,1,"","","","","","","","","","","","","","","","","","","","","","","","",20000,1,"","",3,1,2,1,"","","","","","","","","","","","","","","","","","","","","","","","","","","","","","","","","","","","","","","","","","","","","","","","","","","","","","","","","","","","","","","","","",""
"54405001","NANCY-OCHEY",48.581,5.959833,336,1982082315,"","","","",5.,1,300,1,"","","","","","","","","","","","","","","","","","","","","","","","","","","","",21.8,1,11.7,1,"","","","","","","","","","","","","","","","","","","","","","","","","","",54,1,"","","","","","","","","","","","",14.1,1,1017.8,1,"","","","","","",7,1,6,1,2,1,0,1,2,1,"","","","","","","","","","","","","","","","","","","","","","","","",20000,1,"","",1,1,2,1,"","","","","","","","","","","","","","","","","","","","","","","","","","","","","","","","","","","","","","","","","","","","","","","","","","","","","","","","","","","","","","","","","",""
"54405001","NANCY-OCHEY",48.581,5.959833,336,1982082318,"","","","",3.,1,300,1,"","","","","","","","","","","","","","","","","","","","","","","","","","","","",19.,1,12.1,1,"","","","","","","","","","","","","","","","","","","","","","","","","","",65,1,"","","","","","","","","","","","",14.4,1,1017.3,1,"","","","","","",6,1,5,1,8,1,0,1,9,1,"","","","","","","","","","","","","","","","","","","","","","","","",20000,1,"","",3,1,1,1,"","","","","","","","","","","","","","","","","","","","","","","","","","","","","","","","","","","","","","","","","","","","","","","","","","","","","","","","","","","","","","","","","",""
"54405001","NANCY-OCHEY",48.581,5.959833,336,1982082321,"","","","","","","","","","","","","","","","","","","","","","","","","","","","","","","","","","","","",15.2,1,11.2,1,"","","","","","","","","","","","","","","","","","","","","","","","","","",79,1,"","","","","","","","","","","","",13.6,1,1017.8,1,"","","","","","","","","","","","","","","","","","","","","","","","","","","","","","","","","","","","","","","","","","","","","","","","","","","","","","","","","","","","","","","","","","","","","","","","","","","","","","","","","","","","","","","","","","","","","","","","","","","","","","","","","","","","","","","","","",""
"54405001","NANCY-OCHEY",48.581,5.959833,336,1982082400,"","","","","","","","","","","","","","","","","","","","","","","","","","","","","","","","","","","","",14.2,1,12.3,1,"","","","","","","","","","","","","","","","","","","","","","","","","","",91,1,"","","","","","","","","","","","",14.7,1,1017.9,1,"","","","","","","","","","","","","","","","","","","","","","","","","","","","","","","","","","","","","","","","","","","","","","","","","","","","","","","","","","","","","","","","","","","","","","","","","","","","","","","","","","","","","","","","","","","","","","","","","","","","","","","","","","","","","","","","","",""
"54405001","NANCY-OCHEY",48.581,5.959833,336,1982082403,"","","","","","","","","","","","","","","","","","","","","","","","","","","","","","","","","","","","",12.8,1,11.4,1,"","","","","","","","","","","","","","","","","","","","","","","","","","",94,1,"","","","","","","","","","","","",13.8,1,1017.9,1,"","","","","","","","","","","","","","","","","","","","","","","","","","","","","","","","","","","","","","","","","","","","","","","","","","","","","","","","","","","","","","","","","","","","","","","","","","","","","","","","","","","","","","","","","","","","","","","","","","","","","","","","","","","","","","","","","",""
"54405001","NANCY-OCHEY",48.581,5.959833,336,1982082406,"","","","",2.,1,340,1,"","","","","","","","","","","","","","","","","","","","","","","","","","","","",11.2,1,10.2,1,"","","","","","","","","","","","","","","","","","","","","","","","","","",96,1,"","","","","","","","","","","","",12.7,1,1018.1,1,"","","","","","",2,1,0,1,8,1,0,1,0,1,"","","","","","","","","","","","","","","","","","","","","","","","",15000,1,"","",1,1,1,1,"","",0,1,"","","","","","","","","","","","","","","","","","","","","","","","","","","","","","","","","","","","","","","","","","","","","","","","","","","","","","","","","","","","","",""
"54405001","NANCY-OCHEY",48.581,5.959833,336,1982082409,"","","","",3.,1,320,1,"","","","","","","","","","","","","","","","","","","","","","","","","","","","",14.3,1,9.9,1,"","","","","","","","","","","","","","","","","","","","","","","","","","",76,1,"","","","","","","","","","","","",12.5,1,1018.1,1,"","","","","","",5,1,0,1,8,1,0,1,0,1,"","","","","","","","","","","","","","","","","","","","","","","","",25000,1,"","",1,1,1,1,"","","","","","","","","","","","","","","","","","","","","","","","","","","","","","","","","","","","","","","","","","","","","","","","","","","","","","","","","","","","","","","","","",""
"54405001","NANCY-OCHEY",48.581,5.959833,336,1982082412,"","","","",5.,1,320,1,"","","","","","","","","","","","","","","","","","","","","","","","","","","","",17.5,1,10.8,1,"","","","","","","","","","","","","","","","","","","","","","","","","","",66,1,"","","","","","","","","","","","",13.3,1,1017.6,1,"","","","","","",7,1,0,1,8,1,0,1,1,1,"","","","","","","","","","","","","","","","","","","","","","","","",25000,1,"","",1,1,2,1,"","","","","","","","","","","","","","","","","","","","","","","","","","","","","","","","","","","","","","","","","","","","","","","","","","","","","","","","","","","","","","","","","",""
"54405001","NANCY-OCHEY",48.581,5.959833,336,1982082415,"","","","",3.,1,300,1,"","","","","","","","","","","","","","","","","","","","","","","","","","","","",17.9,1,10.7,1,"","","","","","","","","","","","","","","","","","","","","","","","","","",64,1,"","","","","","","","","","","","",13.2,1,1017.4,1,"","","","","","",6,1,6,1,8,1,0,1,1,1,"","","","","","","","","","","","","","","","","","","","","","","","",20000,1,"","",1,1,2,1,"","","","","","","","","","","","","","","","","","","","","","","","","","","","","","","","","","","","","","","","","","","","","","","","","","","","","","","","","","","","","","","","","",""
"54405001","NANCY-OCHEY",48.581,5.959833,336,1982082418,"","","","",3.,1,260,1,"","","","","","","","","","","","","","","","","","","","","","","","","","","","",16.,1,11.6,1,"","","","","","","","","","","","","","","","","","","","","","","","","","",77,1,"","","","","","","","","","","","",14.,1,1017.3,1,"","","","","","",7,1,7,1,5,1,0,1,8,1,"","","","","","","","","","","","","","","","","","","","","","","","",20000,1,"","",1,1,2,1,"","","","","","","","","","","","","","","","","","","","","","","","","","","","","","","","","","","","","","","","","","","","","","","","","","","","","","","","","","","","","","","","","",""
"54405001","NANCY-OCHEY",48.581,5.959833,336,1982082421,"","","","","","","","","","","","","","","","","","","","","","","","","","","","","","","","","","","","",13.5,1,11.5,1,"","","","","","","","","","","","","","","","","","","","","","","","","","",90,1,"","","","","","","","","","","","",13.9,1,1017.6,1,"","","","","","","","","","","","","","","","","","","","","","","","","","","","","","","","","","","","","","","","","","","","","","","","","","","","","","","","","","","","","","","","","","","","","","","","","","","","","","","","","","","","","","","","","","","","","","","","","","","","","","","","","","","","","","","","","",""
"54405001","NANCY-OCHEY",48.581,5.959833,336,1982082500,"","","","","","","","","","","","","","","","","","","","","","","","","","","","","","","","","","","","",13.2,1,11.2,1,"","","","","","","","","","","","","","","","","","","","","","","","","","",90,1,"","","","","","","","","","","","",13.6,1,1017.3,1,"","","","","","","","","","","","","","","","","","","","","","","","","","","","","","","","","","","","","","","","","","","","","","","","","","","","","","","","","","","","","","","","","","","","","","","","","","","","","","","","","","","","","","","","","","","","","","","","","","","","","","","","","","","","","","","","","",""
"54405001","NANCY-OCHEY",48.581,5.959833,336,1982082503,"","","","","","","","","","","","","","","","","","","","","","","","","","","","","","","","","","","","",13.,1,10.8,1,"","","","","","","","","","","","","","","","","","","","","","","","","","",89,1,"","","","","","","","","","","","",13.3,1,1016.7,1,"","","","","","","","","","","","","","","","","","","","","","","","","","","","","","","","","","","","","","","","","","","","","","","","","","","","","","","","","","","","","","","","","","","","","","","","","","","","","","","","","","","","","","","","","","","","","","","","","","","","","","","","","","","","","","","","","",""
"54405001","NANCY-OCHEY",48.581,5.959833,336,1982082506,"","","","",4.,1,200,1,"","","","","","","","","","","","","","","","","","","","","","","","","","","","",13.1,1,10.9,1,"","","","","","","","","","","","","","","","","","","","","","","","","","",89,1,"","","","","","","","","","","","",13.4,1,1016.6,1,"","","","","","",7,1,6,1,5,1,7,1,"","","","","","","","","","","","","","","","","","","","","","","","","","",15000,1,"","",3,1,6,1,"","",0,1,"","","","","","","","","","","","","","","","","","","","","","","","","","","","","","","","","","","","","","","","","","","","","","","","","","","","","","","","","","","","","",""
"54405001","NANCY-OCHEY",48.581,5.959833,336,1982082509,"","","","",6.,1,220,1,"","","","","","","","","","","","","","","","","","","","","","","","","","","","",14.8,1,11.4,1,"","","","","","","","","","","","","","","","","","","","","","","","","","",82,1,"","","","","","","","","","","","",13.8,1,1016.5,1,"","","","","","",7,1,7,1,5,1,"","","","","","","","","","","","","","","","","","","","","","","","","","","","",18000,1,"","",3,1,2,1,"","","","","","","","","","","","","","","","","","","","","","","","","","","","","","","","","","","","","","","","","","","","","","","","","","","","","","","","","","","","","","","","","",""
"54405001","NANCY-OCHEY",48.581,5.959833,336,1982082512,"","","","",6.,1,240,1,"","","","","","","","","","","","","","","","","","","","","","","","","","","","",17.2,1,12.8,1,"","","","","","","","","","","","","","","","","","","","","","","","","","",77,1,"","","","","","","","","","","","",15.2,1,1015.9,1,"","","","","","",7,1,5,1,8,1,"","","","","","","","","","","","","","","","","","","","","","","","","","","","",25000,1,"","",1,1,2,1,"","","","","","","","","","","","","","","","","","","","","","","","","","","","","","","","","","","","","","","","","","","","","","","","","","","","","","","","","","","","","","","","","",""
"54405001","NANCY-OCHEY",48.581,5.959833,336,1982082515,"","","","",4.,1,240,1,"","","","","","","","","","","","","","","","","","","","","","","","","","","","",18.6,1,12.9,1,"","","","","","","","","","","","","","","","","","","","","","","","","","",71,1,"","","","","","","","","","","","",15.3,1,1015.,1,"","","","","","",7,1,5,1,8,1,0,1,1,1,"","","","","","","","","","","","","","","","","","","","","","","","",25000,1,"","",3,1,2,1,"","","","","","","","","","","","","","","","","","","","","","","","","","","","","","","","","","","","","","","","","","","","","","","","","","","","","","","","","","","","","","","","","",""
"54405001","NANCY-OCHEY",48.581,5.959833,336,1982082518,"","","","",3.,1,260,1,"","","","","","","","","","","","","","","","","","","","","","","","","","","","",17.4,1,13.2,1,"","","","","","","","","","","","","","","","","","","","","","","","","","",79,1,"","","","","","","","","","","","",15.6,1,1014.7,1,"","","","","","",7,1,7,1,8,1,"","","","","","","","","","","","","","","","","","","","","","","","","","","","",20000,1,"","",3,1,2,1,"","","","","","","","","","","","","","","","","","","","","","","","","","","","","","","","","","","","","","","","","","","","","","","","","","","","","","","","","","","","","","","","","",""
"54405001","NANCY-OCHEY",48.581,5.959833,336,1982082521,"","","","","","","","","","","","","","","","","","","","","","","","","","","","","","","","","","","","",14.5,1,13.4,1,"","","","","","","","","","","","","","","","","","","","","","","","","","",96,1,"","","","","","","","","","","","",15.8,1,1014.,1,"","","","","","","","","","","","","","","","","","","","","","","","","","","","","","","","","","","","","","","","","","","","","","","","","","","","","","","","","","","","","","","","","","","","","","","","","","","","","","","","","","","","","","","","","","","","","","","","","","","","","","","","","","","","","","","","","",""
"54405001","NANCY-OCHEY",48.581,5.959833,336,1982082600,"","","","","","","","","","","","","","","","","","","","","","","","","","","","","","","","","","","","",13.4,1,12.5,1,"","","","","","","","","","","","","","","","","","","","","","","","","","",97,1,"","","","","","","","","","","","",14.9,1,1013.1,1,"","","","","","","","","","","","","","","","","","","","","","","","","","","","","","","","","","","","","","","","","","","","","","","","","","","","","","","","","","","","","","","","","","","","","","","","","","","","","","","","","","","","","","","","","","","","","","","","","","","","","","","","","","","","","","","","","",""
"54405001","NANCY-OCHEY",48.581,5.959833,336,1982082603,"","","","","","","","","","","","","","","","","","","","","","","","","","","","","","","","","","","","",12.6,1,11.7,1,"","","","","","","","","","","","","","","","","","","","","","","","","","",97,1,"","","","","","","","","","","","",14.1,1,1011.1,1,"","","","","","","","","","","","","","","","","","","","","","","","","","","","","","","","","","","","","","","","","","","","","","","","","","","","","","","","","","","","","","","","","","","","","","","","","","","","","","","","","","","","","","","","","","","","","","","","","","","","","","","","","","","","","","","","","",""
"54405001","NANCY-OCHEY",48.581,5.959833,336,1982082606,"","","","",2.,1,160,1,"","","","","","","","","","","","","","","","","","","","","","","","","","","","",14.5,1,13.5,1,"","","","","","","","","","","","","","","","","","","","","","","","","","",96,1,"","","","","","","","","","","","",15.9,1,1009.7,1,"","","","","","",7,1,6,1,5,1,7,1,"","","","","","","","","","","","","","","","","","","","","","","","","","",18000,1,"","",21,1,6,1,"","",0,1,"","","","","","","","","","","","","","","","","","","","","","","","","","","","","","","","","","","","","","","","","","","","","","","","","","","","","","","","","","","","","",""
"54405001","NANCY-OCHEY",48.581,5.959833,336,1982082609,"","","","",4.,1,200,1,"","","","","","","","","","","","","","","","","","","","","","","","","","","","",18.1,1,14.5,1,"","","","","","","","","","","","","","","","","","","","","","","","","","",82,1,"","","","","","","","","","","","",17.,1,1009.,1,"","","","","","",6,1,5,1,1,1,3,1,1,1,"","","","","","","","","","","","","","","","","","","","","","","","",24000,1,"","",1,1,2,1,"","","","","","","","","","","","","","","","","","","","","","","","","","","","","","","","","","","","","","","","","","","","","","","","","","","","","","","","","","","","","","","","","",""
"54405001","NANCY-OCHEY",48.581,5.959833,336,1982082612,"","","","",8.,1,220,1,"","","","","","","","","","","","","","","","","","","","","","","","","","","","",22.5,1,14.7,1,"","","","","","","","","","","","","","","","","","","","","","","","","","",63,1,"","","","","","","","","","","","",17.2,1,1007.9,1,"","","","","","",6,1,0,1,2,1,3,1,1,1,"","","","","","","","","","","","","","","","","","","","","","","","",24000,1,"","",3,1,2,1,"","","","","","","","","","","","","","","","","","","","","","","","","","","","","","","","","","","","","","","","","","","","","","","","","","","","","","","","","","","","","","","","","",""
"54405001","NANCY-OCHEY",48.581,5.959833,336,1982082615,"","","","",8.,1,220,1,"","","","","","","","","","","","","","","","","","","","","","","","","","","","",22.2,1,13.,1,"","","","","","","","","","","","","","","","","","","","","","","","","","",57,1,"","","","","","","","","","","","",15.4,1,1007.7,1,"","","","","","",6,1,0,1,3,1,3,1,0,1,"","","","","","","","","","","","","","","","","","","","","","","","",24000,1,"","",3,1,2,1,"","","","","","","","","","","","","","","","","","","","","","","","","","","","","","","","","","","","","","","","","","","","","","","","","","","","","","","","","","","","","","","","","",""
"54405001","NANCY-OCHEY",48.581,5.959833,336,1982082618,"","","","",6.,1,220,1,"","","","","","","","","","","","","","","","","","","","","","","","","","","","",16.9,1,14.8,1,"","","","","","","","","","","","","","","","","","","","","","","","","","",90,1,"","","","","","","","","","","","",17.4,1,1008.6,1,"","","","","","",7,1,6,1,8,1,3,1,"","","","","","","","","","","","","","","","","","","","","","","","","","",18000,1,"","",1,1,8,1,"","","","","","","","","","","","","","","","","","","","","","","","","","","","","","","","","","","","","","","","","","","","","","","","","","","","","","","","","","","","","","","","","",""
"54405001","NANCY-OCHEY",48.581,5.959833,336,1982082621,"","","","","","","","","","","","","","","","","","","","","","","","","","","","","","","","","","","","",15.9,1,14.8,1,"","","","","","","","","","","","","","","","","","","","","","","","","","",96,1,"","","","","","","","","","","","",17.3,1,1009.3,1,"","","","","","","","","","","","","","","","","","","","","","","","","","","","","","","","","","","","","","","","","","","","","","","","","","","","","","","","","","","","","","","","","","","","","","","","","","","","","","","","","","","","","","","","","","","","","","","","","","","","","","","","","","","","","","","","","",""
"54405001","NANCY-OCHEY",48.581,5.959833,336,1982082700,"","","","","","","","","","","","","","","","","","","","","","","","","","","","","","","","","","","","",14.7,1,13.4,1,"","","","","","","","","","","","","","","","","","","","","","","","","","",95,1,"","","","","","","","","","","","",15.8,1,1011.3,1,"","","","","","","","","","","","","","","","","","","","","","","","","","","","","","","","","","","","","","","","","","","","","","","","","","","","","","","","","","","","","","","","","","","","","","","","","","","","","","","","","","","","","","","","","","","","","","","","","","","","","","","","","","","","","","","","","",""
"54405001","NANCY-OCHEY",48.581,5.959833,336,1982082703,"","","","","","","","","","","","","","","","","","","","","","","","","","","","","","","","","","","","",11.1,1,9.9,1,"","","","","","","","","","","","","","","","","","","","","","","","","","",95,1,"","","","","","","","","","","","",12.5,1,1013.1,1,"","","","","","","","","","","","","","","","","","","","","","","","","","","","","","","","","","","","","","","","","","","","","","","","","","","","","","","","","","","","","","","","","","","","","","","","","","","","","","","","","","","","","","","","","","","","","","","","","","","","","","","","","","","","","","","","","",""
"54405001","NANCY-OCHEY",48.581,5.959833,336,1982082706,"","","","",3.,1,240,1,"","","","","","","","","","","","","","","","","","","","","","","","","","","","",12.,1,11.1,1,"","","","","","","","","","","","","","","","","","","","","","","","","","",96,1,"","","","","","","","","","","","",13.5,1,1014.8,1,"","","","","","",5,1,5,1,1,1,0,1,0,1,"","","","","","","","","","","","","","","","","","","","","","","","",12000,1,"","",3,1,6,1,"","",0,1,"","","","","","","","","","","","","","","","","","","","","","","","","","","","","","","","","","","","","","","","","","","","","","","","","","","","","","","","","","","","","",""
"54405001","NANCY-OCHEY",48.581,5.959833,336,1982082709,"","","","",7.,1,240,1,"","","","","","","","","","","","","","","","","","","","","","","","","","","","",16.,1,11.6,1,"","","","","","","","","","","","","","","","","","","","","","","","","","",77,1,"","","","","","","","","","","","",14.,1,1016.3,1,"","","","","","",5,1,0,1,2,1,0,1,1,1,"","","","","","","","","","","","","","","","","","","","","","","","",25000,1,"","",1,1,1,1,"","","","","","","","","","","","","","","","","","","","","","","","","","","","","","","","","","","","","","","","","","","","","","","","","","","","","","","","","","","","","","","","","",""
"54405001","NANCY-OCHEY",48.581,5.959833,336,1982082712,"","","","",8.,1,240,1,"","","","","","","","","","","","","","","","","","","","","","","","","","","","",18.4,1,10.3,1,"","","","","","","","","","","","","","","","","","","","","","","","","","",60,1,"","","","","","","","","","","","",12.8,1,1016.2,1,"","","","","","",6,1,0,1,2,1,0,1,1,1,"","","","","","","","","","","","","","","","","","","","","","","","",25000,1,"","",1,1,2,1,"","","","","","","","","","","","","","","","","","","","","","","","","","","","","","","","","","","","","","","","","","","","","","","","","","","","","","","","","","","","","","","","","",""
"54405001","NANCY-OCHEY",48.581,5.959833,336,1982082715,"","","","",6.,1,220,1,"","","","","","","","","","","","","","","","","","","","","","","","","","","","",17.9,1,10.1,1,"","","","","","","","","","","","","","","","","","","","","","","","","","",61,1,"","","","","","","","","","","","",12.6,1,1016.4,1,"","","","","","",7,1,6,1,2,1,0,1,4,1,"","","","","","","","","","","","","","","","","","","","","","","","",25000,1,"","",3,1,2,1,"","","","","","","","","","","","","","","","","","","","","","","","","","","","","","","","","","","","","","","","","","","","","","","","","","","","","","","","","","","","","","","","","",""
"54405001","NANCY-OCHEY",48.581,5.959833,336,1982082718,"","","","",4.,1,200,1,"","","","","","","","","","","","","","","","","","","","","","","","","","","","",17.2,1,10.9,1,"","","","","","","","","","","","","","","","","","","","","","","","","","",68,1,"","","","","","","","","","","","",13.4,1,1016.9,1,"","","","","","",7,1,6,1,4,1,0,1,1,1,"","","","","","","","","","","","","","","","","","","","","","","","",25000,1,"","",1,1,2,1,"","","","","","","","","","","","","","","","","","","","","","","","","","","","","","","","","","","","","","","","","","","","","","","","","","","","","","","","","","","","","","","","","",""
"54405001","NANCY-OCHEY",48.581,5.959833,336,1982082721,"","","","","","","","","","","","","","","","","","","","","","","","","","","","","","","","","","","","",14.9,1,12.5,1,"","","","","","","","","","","","","","","","","","","","","","","","","","",88,1,"","","","","","","","","","","","",14.9,1,1018.3,1,"","","","","","","","","","","","","","","","","","","","","","","","","","","","","","","","","","","","","","","","","","","","","","","","","","","","","","","","","","","","","","","","","","","","","","","","","","","","","","","","","","","","","","","","","","","","","","","","","","","","","","","","","","","","","","","","","",""
"54405001","NANCY-OCHEY",48.581,5.959833,336,1982082800,"","","","","","","","","","","","","","","","","","","","","","","","","","","","","","","","","","","","",13.1,1,11.7,1,"","","","","","","","","","","","","","","","","","","","","","","","","","",94,1,"","","","","","","","","","","","",14.1,1,1019.,1,"","","","","","","","","","","","","","","","","","","","","","","","","","","","","","","","","","","","","","","","","","","","","","","","","","","","","","","","","","","","","","","","","","","","","","","","","","","","","","","","","","","","","","","","","","","","","","","","","","","","","","","","","","","","","","","","","",""
"54405001","NANCY-OCHEY",48.581,5.959833,336,1982082803,"","","","","","","","","","","","","","","","","","","","","","","","","","","","","","","","","","","","",11.2,1,10.1,1,"","","","","","","","","","","","","","","","","","","","","","","","","","",95,1,"","","","","","","","","","","","",12.6,1,1019.4,1,"","","","","","","","","","","","","","","","","","","","","","","","","","","","","","","","","","","","","","","","","","","","","","","","","","","","","","","","","","","","","","","","","","","","","","","","","","","","","","","","","","","","","","","","","","","","","","","","","","","","","","","","","","","","","","","","","",""
"54405001","NANCY-OCHEY",48.581,5.959833,336,1982082806,"","","","",2.,1,140,1,"","","","","","","","","","","","","","","","","","","","","","","","","","","","",10.3,1,9.3,1,"","","","","","","","","","","","","","","","","","","","","","","","","","",96,1,"","","","","","","","","","","","",12.,1,1020.1,1,"","","","","","",3,1,0,1,5,1,0,1,1,1,"","","","","","","","","","","","","","","","","","","","","","","","",14000,1,"","",3,1,0,1,"","",0,1,"","","","","","","","","","","","","","","","","","","","","","","","","","","","","","","","","","","","","","","","","","","","","","","","","","","","","","","","","","","","","",""
"54405001","NANCY-OCHEY",48.581,5.959833,336,1982082809,"","","","",2.,1,340,1,"","","","","","","","","","","","","","","","","","","","","","","","","","","","",16.3,1,12.4,1,"","","","","","","","","","","","","","","","","","","","","","","","","","",80,1,"","","","","","","","","","","","",14.8,1,1019.7,1,"","","","","","",2,1,0,1,2,1,0,1,1,1,"","","","","","","","","","","","","","","","","","","","","","","","",20000,1,"","",3,1,0,1,"","","","","","","","","","","","","","","","","","","","","","","","","","","","","","","","","","","","","","","","","","","","","","","","","","","","","","","","","","","","","","","","","",""
"54405001","NANCY-OCHEY",48.581,5.959833,336,1982082812,"","","","",4.,1,320,1,"","","","","","","","","","","","","","","","","","","","","","","","","","","","",19.8,1,10.6,1,"","","","","","","","","","","","","","","","","","","","","","","","","","",57,1,"","","","","","","","","","","","",13.1,1,1019.,1,"","","","","","",6,1,0,1,8,1,0,1,1,1,"","","","","","","","","","","","","","","","","","","","","","","","",25000,1,"","",3,1,1,1,"","","","","","","","","","","","","","","","","","","","","","","","","","","","","","","","","","","","","","","","","","","","","","","","","","","","","","","","","","","","","","","","","",""
"54405001","NANCY-OCHEY",48.581,5.959833,336,1982082815,"","","","",4.,1,20,1,"","","","","","","","","","","","","","","","","","","","","","","","","","","","",20.,1,10.5,1,"","","","","","","","","","","","","","","","","","","","","","","","","","",56,1,"","","","","","","","","","","","",13.,1,1019.1,1,"","","","","","","","","","","","","","","","","","","","","","","","","","","","","","","","","","","","","","","","","","","","","","","","","","","","","","","","","","","","","","","","","","","","","","","","","","","","","","","","","","","","","","","","","","","","","","","","","","","","","","","","","","","","","","","","","",""
"54405001","NANCY-OCHEY",48.581,5.959833,336,1982082818,"","","","",3.,1,340,1,"","","","","","","","","","","","","","","","","","","","","","","","","","","","",17.9,1,12.5,1,"","","","","","","","","","","","","","","","","","","","","","","","","","",73,1,"","","","","","","","","","","","",14.9,1,1020.2,1,"","","","","","","","","","","","","","","","","","","","","","","","","","","","","","","","","","","","","","","","","","","","","","","","","","","","","","","","","","","","","","","","","","","","","","","","","","","","","","","","","","","","","","","","","","","","","","","","","","","","","","","","","","","","","","","","","",""
"54405001","NANCY-OCHEY",48.581,5.959833,336,1982082821,"","","","",3.,1,340,1,"","","","","","","","","","","","","","","","","","","","","","","","","","","","",13.2,1,8.3,1,"","","","","","","","","","","","","","","","","","","","","","","","","","",74,1,"","","","","","","","","","","","",11.2,1,1023.2,1,"","","","","","","","","","","","","","","","","","","","","","","","","","","","","","","","","","","","","","","","","","","","","","","","","","","","","","","","","","","","","","","","","","","","","","","","","","","","","","","","","","","","","","","","","","","","","","","","","","","","","","","","","","","","","","","","","",""
"54405001","NANCY-OCHEY",48.581,5.959833,336,1982082900,"","","","",1.,1,360,1,"","","","","","","","","","","","","","","","","","","","","","","","","","","","",10.8,1,7.8,1,"","","","","","","","","","","","","","","","","","","","","","","","","","",84,1,"","","","","","","","","","","","",10.8,1,1024.2,1,"","","","","","","","","","","","","","","","","","","","","","","","","","","","","","","","","","","","","","","","","","","","","","","","","","","","","","","","","","","","","","","","","","","","","","","","","","","","","","","","","","","","","","","","","","","","","","","","","","","","","","","","","","","","","","","","","",""
"54405001","NANCY-OCHEY",48.581,5.959833,336,1982082903,"","","","",2.,1,340,1,"","","","","","","","","","","","","","","","","","","","","","","","","","","","",8.4,1,6.7,1,"","","","","","","","","","","","","","","","","","","","","","","","","","",91,1,"","","","","","","","","","","","",10.,1,1024.6,1,"","","","","","","","","","","","","","","","","","","","","","","","","","","","","","","","","","","","","","","","","","","","","","","","","","","","","","","","","","","","","","","","","","","","","","","","","","","","","","","","","","","","","","","","","","","","","","","","","","","","","","","","","","","","","","","","","",""
"54405001","NANCY-OCHEY",48.581,5.959833,336,1982082906,"","","","",1.,1,360,1,"","","","","","","","","","","","","","","","","","","","","","","","","","","","",8.,1,6.9,1,"","","","","","","","","","","","","","","","","","","","","","","","","","",94,1,"","","","","","","","","","","","",10.1,1,1025.5,1,"","","","","","",0,1,"","",0,1,0,1,0,1,"","","","","","","","","","","","","","","","","","","","","","","","",15000,1,"","",1,1,0,1,"","",0,1,"","","","","","","","","","","","","","","","","","","","","","","","","","","","","","","","","","","","","","","","","","","","","","","","","","","","","","","","","","","","","",""
"54405001","NANCY-OCHEY",48.581,5.959833,336,1982082909,"","","","",0.,1,0,1,"","","","","","","","","","","","","","","","","","","","","","","","","","","","",15.1,1,11.7,1,"","","","","","","","","","","","","","","","","","","","","","","","","","",82,1,"","","","","","","","","","","","",14.1,1,1024.5,1,"","","","","","",1,1,0,1,0,1,0,1,1,1,"","","","","","","","","","","","","","","","","","","","","","","","",13000,1,"","",2,1,0,1,"","","","","","","","","","","","","","","","","","","","","","","","","","","","","","","","","","","","","","","","","","","","","","","","","","","","","","","","","","","","","","","","","",""
"54405001","NANCY-OCHEY",48.581,5.959833,336,1982082912,"","","","",2.,1,60,1,"","","","","","","","","","","","","","","","","","","","","","","","","","","","",20.1,1,10.9,1,"","","","","","","","","","","","","","","","","","","","","","","","","","",57,1,"","","","","","","","","","","","",13.4,1,1022.9,1,"","","","","","",3,1,0,1,2,1,0,1,0,1,"","","","","","","","","","","","","","","","","","","","","","","","",24000,1,"","",3,1,0,1,"","","","","","","","","","","","","","","","","","","","","","","","","","","","","","","","","","","","","","","","","","","","","","","","","","","","","","","","","","","","","","","","","",""
"54405001","NANCY-OCHEY",48.581,5.959833,336,1982082915,"","","","",1.,1,300,1,"","","","","","","","","","","","","","","","","","","","","","","","","","","","",22.,1,10.1,1,"","","","","","","","","","","","","","","","","","","","","","","","","","",48,1,"","","","","","","","","","","","",12.6,1,1021.9,1,"","","","","","","","","","","","","","","","","","","","","","","","","","","","","","","","","","","","","","","","","","","","","","","","","","","","","","","","","","","","","","","","","","","","","","","","","","","","","","","","","","","","","","","","","","","","","","","","","","","","","","","","","","","","","","","","","",""
"54405001","NANCY-OCHEY",48.581,5.959833,336,1982082918,"","","","",1.,1,140,1,"","","","","","","","","","","","","","","","","","","","","","","","","","","","",19.7,1,14.2,1,"","","","","","","","","","","","","","","","","","","","","","","","","","",73,1,"","","","","","","","","","","","",16.7,1,1021.2,1,"","","","","","","","","","","","","","","","","","","","","","","","","","","","","","","","","","","","","","","","","","","","","","","","","","","","","","","","","","","","","","","","","","","","","","","","","","","","","","","","","","","","","","","","","","","","","","","","","","","","","","","","","","","","","","","","","",""
"54405001","NANCY-OCHEY",48.581,5.959833,336,1982082921,"","","","",2.,1,140,1,"","","","","","","","","","","","","","","","","","","","","","","","","","","","",14.5,1,9.,1,"","","","","","","","","","","","","","","","","","","","","","","","","","",71,1,"","","","","","","","","","","","",11.7,1,1021.9,1,"","","","","","","","","","","","","","","","","","","","","","","","","","","","","","","","","","","","","","","","","","","","","","","","","","","","","","","","","","","","","","","","","","","","","","","","","","","","","","","","","","","","","","","","","","","","","","","","","","","","","","","","","","","","","","","","","",""
"54405001","NANCY-OCHEY",48.581,5.959833,336,1982083000,"","","","",2.,1,200,1,"","","","","","","","","","","","","","","","","","","","","","","","","","","","",10.6,1,8.,1,"","","","","","","","","","","","","","","","","","","","","","","","","","",86,1,"","","","","","","","","","","","",10.9,1,1021.4,1,"","","","","","","","","","","","","","","","","","","","","","","","","","","","","","","","","","","","","","","","","","","","","","","","","","","","","","","","","","","","","","","","","","","","","","","","","","","","","","","","","","","","","","","","","","","","","","","","","","","","","","","","","","","","","","","","","",""
"54405001","NANCY-OCHEY",48.581,5.959833,336,1982083003,"","","","",2.,1,180,1,"","","","","","","","","","","","","","","","","","","","","","","","","","","","",11.1,1,9.3,1,"","","","","","","","","","","","","","","","","","","","","","","","","","",91,1,"","","","","","","","","","","","",12.,1,1020.1,1,"","","","","","","","","","","","","","","","","","","","","","","","","","","","","","","","","","","","","","","","","","","","","","","","","","","","","","","","","","","","","","","","","","","","","","","","","","","","","","","","","","","","","","","","","","","","","","","","","","","","","","","","","","","","","","","","","",""
"54405001","NANCY-OCHEY",48.581,5.959833,336,1982083006,"","","","",2.,1,180,1,"","","","","","","","","","","","","","","","","","","","","","","","","","","","",11.6,1,9.7,1,"","","","","","","","","","","","","","","","","","","","","","","","","","",90,1,"","","","","","","","","","","","",12.3,1,1019.2,1,"","","","","","",1,1,0,1,0,1,5,1,1,1,"","","","","","","","","","","","","","","","","","","","","","","","",12000,1,"","",3,1,0,1,"","",0,1,"","","","","","","","","","","","","","","","","","","","","","","","","","","","","","","","","","","","","","","","","","","","","","","","","","","","","","","","","","","","","",""
"54405001","NANCY-OCHEY",48.581,5.959833,336,1982083009,"","","","",6.,1,220,1,"","","","","","","","","","","","","","","","","","","","","","","","","","","","",18.5,1,13.9,1,"","","","","","","","","","","","","","","","","","","","","","","","","","",76,1,"","","","","","","","","","","","",16.3,1,1017.9,1,"","","","","","",6,1,0,1,0,1,8,1,2,1,"","","","","","","","","","","","","","","","","","","","","","","","",10000,1,"","",3,1,2,1,"","","","","","","","","","","","","","","","","","","","","","","","","","","","","","","","","","","","","","","","","","","","","","","","","","","","","","","","","","","","","","","","","",""
"54405001","NANCY-OCHEY",48.581,5.959833,336,1982083012,"","","","",7.,1,220,1,"","","","","","","","","","","","","","","","","","","","","","","","","","","","",22.9,1,11.8,1,"","","","","","","","","","","","","","","","","","","","","","","","","","",50,1,"","","","","","","","","","","","",14.2,1,1016.,1,"","","","","","",4,1,0,1,2,1,0,1,0,1,"","","","","","","","","","","","","","","","","","","","","","","","",25000,1,"","",3,1,1,1,"","","","","","","","","","","","","","","","","","","","","","","","","","","","","","","","","","","","","","","","","","","","","","","","","","","","","","","","","","","","","","","","","",""
"54405001","NANCY-OCHEY",48.581,5.959833,336,1982083015,"","","","",4.,1,220,1,"","","","","","","","","","","","","","","","","","","","","","","","","","","","",21.6,1,12.,1,"","","","","","","","","","","","","","","","","","","","","","","","","","",56,1,"","","","","","","","","","","","",14.4,1,1014.9,1,"","","","","","",7,1,7,1,4,1,"","","","","","","","","","","","","","","","","","","","","","","","","","","","",20000,1,"","",3,1,1,1,"","","","","","","","","","","","","","","","","","","","","","","","","","","","","","","","","","","","","","","","","","","","","","","","","","","","","","","","","","","","","","","","","",""
"54405001","NANCY-OCHEY",48.581,5.959833,336,1982083018,"","","","",2.,1,260,1,"","","","","","","","","","","","","","","","","","","","","","","","","","","","",19.6,1,11.5,1,"","","","","","","","","","","","","","","","","","","","","","","","","","",61,1,"","","","","","","","","","","","",13.9,1,1014.6,1,"","","","","","",7,1,7,1,5,1,"","","","","","","","","","","","","","","","","","","","","","","","","","","","",12000,1,"","",2,1,2,1,"","","","","","","","","","","","","","","","","","","","","","","","","","","","","","","","","","","","","","","","","","","","","","","","","","","","","","","","","","","","","","","","","",""
"54405001","NANCY-OCHEY",48.581,5.959833,336,1982083021,"","","","",3.,1,240,1,"","","","","","","","","","","","","","","","","","","","","","","","","","","","",16.7,1,12.4,1,"","","","","","","","","","","","","","","","","","","","","","","","","","",78,1,"","","","","","","","","","","","",14.8,1,1015.8,1,"","","","","","","","","","","","","","","","","","","","","","","","","","","","","","","","","","","","","","","","","","","","","","","","","","","","","","","","","","","","","","","","","","","","","","","","","","","","","","","","","","","","","","","","","","","","","","","","","","","","","","","","","","","","","","","","","",""
"54405001","NANCY-OCHEY",48.581,5.959833,336,1982083100,"","","","",2.,1,220,1,"","","","","","","","","","","","","","","","","","","","","","","","","","","","",13.8,1,12.4,1,"","","","","","","","","","","","","","","","","","","","","","","","","","",94,1,"","","","","","","","","","","","",14.8,1,1015.7,1,"","","","","","","","","","","","","","","","","","","","","","","","","","","","","","","","","","","","","","","","","","","","","","","","","","","","","","","","","","","","","","","","","","","","","","","","","","","","","","","","","","","","","","","","","","","","","","","","","","","","","","","","","","","","","","","","","",""
"54405001","NANCY-OCHEY",48.581,5.959833,336,1982083103,"","","","",3.,1,240,1,"","","","","","","","","","","","","","","","","","","","","","","","","","","","",12.1,1,11.2,1,"","","","","","","","","","","","","","","","","","","","","","","","","","",97,1,"","","","","","","","","","","","",13.6,1,1015.3,1,"","","","","","","","","","","","","","","","","","","","","","","","","","","","","","","","","","","","","","","","","","","","","","","","","","","","","","","","","","","","","","","","","","","","","","","","","","","","","","","","","","","","","","","","","","","","","","","","","","","","","","","","","","","","","","","","","",""
"54405001","NANCY-OCHEY",48.581,5.959833,336,1982083106,"","","","",3.,1,240,1,"","","","","","","","","","","","","","","","","","","","","","","","","","","","",11.2,1,10.4,1,"","","","","","","","","","","","","","","","","","","","","","","","","","",97,1,"","","","","","","","","","","","",12.9,1,1015.3,1,"","","","","","",2,1,0,1,8,1,0,1,0,1,"","","","","","","","","","","","","","","","","","","","","","","","",6000,1,"","",2,1,0,1,"","",0,1,"","","","","","","","","","","","","","","","","","","","","","","","","","","","","","","","","","","","","","","","","","","","","","","","","","","","","","","","","","","","","",""
"54405001","NANCY-OCHEY",48.581,5.959833,336,1982083109,"","","","",6.,1,280,1,"","","","","","","","","","","","","","","","","","","","","","","","","","","","",13.2,1,11.3,1,"","","","","","","","","","","","","","","","","","","","","","","","","","",90,1,"","","","","","","","","","","","",13.7,1,1015.6,1,"","","","","","",7,1,6,1,8,1,"","","","","","","","","","","","","","","","","","","","","","","","","","","","",16000,1,"","",3,1,1,1,"","","","","","","","","","","","","","","","","","","","","","","","","","","","","","","","","","","","","","","","","","","","","","","","","","","","","","","","","","","","","","","","","",""
"54405001","NANCY-OCHEY",48.581,5.959833,336,1982083112,"","","","",5.,1,320,1,"","","","","","","","","","","","","","","","","","","","","","","","","","","","",15.1,1,10.7,1,"","","","","","","","","","","","","","","","","","","","","","","","","","",77,1,"","","","","","","","","","","","",13.2,1,1015.5,1,"","","","","","",7,1,6,1,8,1,"","","","","","","","","","","","","","","","","","","","","","","","","","","","",18000,1,"","",3,1,2,1,"","","","","","","","","","","","","","","","","","","","","","","","","","","","","","","","","","","","","","","","","","","","","","","","","","","","","","","","","","","","","","","","","",""
"54405001","NANCY-OCHEY",48.581,5.959833,336,1982083115,"","","","",7.,1,320,1,"","","","","","","","","","","","","","","","","","","","","","","","","","","","",13.9,1,11.6,1,"","","","","","","","","","","","","","","","","","","","","","","","","","",88,1,"","","","","","","","","","","","",14.,1,1016.9,1,"","","","","","",7,1,7,1,8,1,"","","","","","","","","","","","","","","","","","","","","","","","","","","","",15000,1,"","",3,1,8,1,"","","","","","","","","","","","","","","","","","","","","","","","","","","","","","","","","","","","","","","","","","","","","","","","","","","","","","","","","","","","","","","","","",""
"54405001","NANCY-OCHEY",48.581,5.959833,336,1982083118,"","","","",3.,1,320,1,"","","","","","","","","","","","","","","","","","","","","","","","","","","","",13.2,1,11.3,1,"","","","","","","","","","","","","","","","","","","","","","","","","","",90,1,"","","","","","","","","","","","",13.7,1,1018.,1,"","","","","","",7,1,5,1,8,1,"","","","","","","","","","","","","","","","","","","","","","","","","","","","",9000,1,"","",3,1,8,1,"","","","","","","","","","","","","","","","","","","","","","","","","","","","","","","","","","","","","","","","","","","","","","","","","","","","","","","","","","","","","","","","","",""
"54405001","NANCY-OCHEY",48.581,5.959833,336,1982083121,"","","","",3.,1,340,1,"","","","","","","","","","","","","","","","","","","","","","","","","","","","",12.9,1,11.8,1,"","","","","","","","","","","","","","","","","","","","","","","","","","",96,1,"","","","","","","","","","","","",14.2,1,1020.,1,"","","","","","","","","","","","","","","","","","","","","","","","","","","","","","","","","","","","","","","","","","","","","","","","","","","","","","","","","","","","","","","","","","","","","","","","","","","","","","","","","","","","","","","","","","","","","","","","","","","","","","","","","","","","","","","","","",""
"54405001","NANCY-OCHEY",48.581,5.959833,336,1982090100,"","","","",4.,1,340,1,"","","","","","","","","","","","","","","","","","","","","","","","","","","","",12.,1,10.8,1,"","","","","","","","","","","","","","","","","","","","","","","","","","",95,1,"","","","","","","","","","","","",13.3,1,1020.8,1,"","","","","","","","","","","","","","","","","","","","","","","","","","","","","","","","","","","","","","","","","","","","","","","","","","","","","","","","","","","","","","","","","","","","","","","","","","","","","","","","","","","","","","","","","","","","","","","","","","","","","","","","","","","","","","","","","",""
"54405001","NANCY-OCHEY",48.581,5.959833,336,1982090103,"","","","",3.,1,360,1,"","","","","","","","","","","","","","","","","","","","","","","","","","","","",10.9,1,10.1,1,"","","","","","","","","","","","","","","","","","","","","","","","","","",97,1,"","","","","","","","","","","","",12.6,1,1021.6,1,"","","","","","","","","","","","","","","","","","","","","","","","","","","","","","","","","","","","","","","","","","","","","","","","","","","","","","","","","","","","","","","","","","","","","","","","","","","","","","","","","","","","","","","","","","","","","","","","","","","","","","","","","","","","","","","","","",""
"54405001","NANCY-OCHEY",48.581,5.959833,336,1982090106,"","","","",2.,1,320,1,"","","","","","","","","","","","","","","","","","","","","","","","","","","","",10.,1,10.,1,"","","","","","","","","","","","","","","","","","","","","","","","","","",100,1,"","","","","","","","","","","","",12.3,1,1023.5,1,"","","","","","",7,1,7,1,6,1,"","","","","","","","","","","","","","","","","","","","","","","","","","","","",2000,1,"","",10,1,2,1,"","",0,1,"","","","","","","","","","","","","","","","","","","","","","","","","","","","","","","","","","","","","","","","","","","","","","","","","","","","","","","","","","","","","",""
"54405001","NANCY-OCHEY",48.581,5.959833,336,1982090109,"","","","",3.,1,360,1,"","","","","","","","","","","","","","","","","","","","","","","","","","","","",13.7,1,10.3,1,"","","","","","","","","","","","","","","","","","","","","","","","","","",82,1,"","","","","","","","","","","","",12.8,1,1023.9,1,"","","","","","",4,1,0,1,2,1,0,1,1,1,"","","","","","","","","","","","","","","","","","","","","","","","",13000,1,"","",3,1,2,1,"","","","","","","","","","","","","","","","","","","","","","","","","","","","","","","","","","","","","","","","","","","","","","","","","","","","","","","","","","","","","","","","","",""
"54405001","NANCY-OCHEY",48.581,5.959833,336,1982090112,"","","","",2.,1,340,1,"","","","","","","","","","","","","","","","","","","","","","","","","","","","",15.5,1,9.8,1,"","","","","","","","","","","","","","","","","","","","","","","","","","",71,1,"","","","","","","","","","","","",12.4,1,1023.7,1,"","","","","","",6,1,0,1,8,1,0,1,0,1,"","","","","","","","","","","","","","","","","","","","","","","","",24000,1,"","",3,1,2,1,"","","","","","","","","","","","","","","","","","","","","","","","","","","","","","","","","","","","","","","","","","","","","","","","","","","","","","","","","","","","","","","","","",""
"54405001","NANCY-OCHEY",48.581,5.959833,336,1982090115,"","","","",2.,1,320,1,"","","","","","","","","","","","","","","","","","","","","","","","","","","","",17.7,1,10.5,1,"","","","","","","","","","","","","","","","","","","","","","","","","","",64,1,"","","","","","","","","","","","",13.,1,1023.3,1,"","","","","","",6,1,6,1,8,1,0,1,0,1,"","","","","","","","","","","","","","","","","","","","","","","","",24000,1,"","",1,1,2,1,"","","","","","","","","","","","","","","","","","","","","","","","","","","","","","","","","","","","","","","","","","","","","","","","","","","","","","","","","","","","","","","","","",""
"54405001","NANCY-OCHEY",48.581,5.959833,336,1982090118,"","","","",3.,1,280,1,"","","","","","","","","","","","","","","","","","","","","","","","","","","","",15.5,1,10.4,1,"","","","","","","","","","","","","","","","","","","","","","","","","","",74,1,"","","","","","","","","","","","",12.9,1,1024.,1,"","","","","","",2,1,0,1,5,1,0,1,0,1,"","","","","","","","","","","","","","","","","","","","","","","","",24000,1,"","",1,1,1,1,"","","","","","","","","","","","","","","","","","","","","","","","","","","","","","","","","","","","","","","","","","","","","","","","","","","","","","","","","","","","","","","","","",""
"54405001","NANCY-OCHEY",48.581,5.959833,336,1982090121,"","","","",3.,1,220,1,"","","","","","","","","","","","","","","","","","","","","","","","","","","","",10.8,1,7.7,1,"","","","","","","","","","","","","","","","","","","","","","","","","","",83,1,"","","","","","","","","","","","",10.7,1,1025.5,1,"","","","","","","","","","","","","","","","","","","","","","","","","","","","","","","","","","","","","","","","","","","","","","","","","","","","","","","","","","","","","","","","","","","","","","","","","","","","","","","","","","","","","","","","","","","","","","","","","","","","","","","","","","","","","","","","","",""
"54405001","NANCY-OCHEY",48.581,5.959833,336,1982090200,"","","","",3.,1,200,1,"","","","","","","","","","","","","","","","","","","","","","","","","","","","",12.1,1,8.9,1,"","","","","","","","","","","","","","","","","","","","","","","","","","",82,1,"","","","","","","","","","","","",11.6,1,1025.2,1,"","","","","","","","","","","","","","","","","","","","","","","","","","","","","","","","","","","","","","","","","","","","","","","","","","","","","","","","","","","","","","","","","","","","","","","","","","","","","","","","","","","","","","","","","","","","","","","","","","","","","","","","","","","","","","","","","",""
"54405001","NANCY-OCHEY",48.581,5.959833,336,1982090203,"","","","",2.,1,180,1,"","","","","","","","","","","","","","","","","","","","","","","","","","","","",11.7,1,8.6,1,"","","","","","","","","","","","","","","","","","","","","","","","","","",83,1,"","","","","","","","","","","","",11.4,1,1024.7,1,"","","","","","","","","","","","","","","","","","","","","","","","","","","","","","","","","","","","","","","","","","","","","","","","","","","","","","","","","","","","","","","","","","","","","","","","","","","","","","","","","","","","","","","","","","","","","","","","","","","","","","","","","","","","","","","","","",""
"54405001","NANCY-OCHEY",48.581,5.959833,336,1982090206,"","","","",3.,1,200,1,"","","","","","","","","","","","","","","","","","","","","","","","","","","","",12.3,1,9.,1,"","","","","","","","","","","","","","","","","","","","","","","","","","",82,1,"","","","","","","","","","","","",11.7,1,1024.9,1,"","","","","","",7,1,6,1,5,1,7,1,"","","","","","","","","","","","","","","","","","","","","","","","","","",8000,1,"","",50,1,5,1,"","",0,1,"","","","","","","","","","","","","","","","","","","","","","","","","","","","","","","","","","","","","","","","","","","","","","","","","","","","","","","","","","","","","",""
"54405001","NANCY-OCHEY",48.581,5.959833,336,1982090209,"","","","",3.,1,200,1,"","","","","","","","","","","","","","","","","","","","","","","","","","","","",13.3,1,10.8,1,"","","","","","","","","","","","","","","","","","","","","","","","","","",87,1,"","","","","","","","","","","","",13.3,1,1025.6,1,"","","","","","",8,1,5,1,5,1,"","","","","","","","","","","","","","","","","","","","","","","","","","","","",2500,1,"","",51,1,5,1,"","","","","","","","","","","","","","","","","","","","","","","","","","","","","","","","","","","","","","","","","","","","","","","","","","","","","","","","","","","","","","","","","",""
"54405001","NANCY-OCHEY",48.581,5.959833,336,1982090212,"","","","",2.,1,280,1,"","","","","","","","","","","","","","","","","","","","","","","","","","","","",14.5,1,13.2,1,"","","","","","","","","","","","","","","","","","","","","","","","","","",94,1,"","","","","","","","","","","","",15.6,1,1026.1,1,"","","","","","",8,1,7,1,7,1,"","","","","","","","","","","","","","","","","","","","","","","","","","","","",1500,1,"","",51,1,5,1,"","","","","","","","","","","","","","","","","","","","","","","","","","","","","","","","","","","","","","","","","","","","","","","","","","","","","","","","","","","","","","","","","",""
"54405001","NANCY-OCHEY",48.581,5.959833,336,1982090215,"","","","",3.,1,40,1,"","","","","","","","","","","","","","","","","","","","","","","","","","","","",17.2,1,13.6,1,"","","","","","","","","","","","","","","","","","","","","","","","","","",82,1,"","","","","","","","","","","","",16.,1,1026.5,1,"","","","","","",7,1,5,1,8,1,"","","","","","","","","","","","","","","","","","","","","","","","","","","","",12000,1,"","",1,1,5,1,"","","","","","","","","","","","","","","","","","","","","","","","","","","","","","","","","","","","","","","","","","","","","","","","","","","","","","","","","","","","","","","","","",""
"54405001","NANCY-OCHEY",48.581,5.959833,336,1982090218,"","","","",3.,1,160,1,"","","","","","","","","","","","","","","","","","","","","","","","","","","","",16.,1,13.8,1,"","","","","","","","","","","","","","","","","","","","","","","","","","",89,1,"","","","","","","","","","","","",16.2,1,1026.9,1,"","","","","","",3,1,0,1,8,1,0,1,1,1,"","","","","","","","","","","","","","","","","","","","","","","","",10000,1,"","",3,1,5,1,"","","","","","","","","","","","","","","","","","","","","","","","","","","","","","","","","","","","","","","","","","","","","","","","","","","","","","","","","","","","","","","","","",""
"54405001","NANCY-OCHEY",48.581,5.959833,336,1982090221,"","","","",2.,1,200,1,"","","","","","","","","","","","","","","","","","","","","","","","","","","","",12.,1,12.,1,"","","","","","","","","","","","","","","","","","","","","","","","","","",100,1,"","","","","","","","","","","","",14.,1,1028.7,1,"","","","","","","","","","","","","","","","","","","","","","","","","","","","","","","","","","","","","","","","","","","","","","","","","","","","","","","","","","","","","","","","","","","","","","","","","","","","","","","","","","","","","","","","","","","","","","","","","","","","","","","","","","","","","","","","","",""
"54405001","NANCY-OCHEY",48.581,5.959833,336,1982090300,"","","","",2.,1,280,1,"","","","","","","","","","","","","","","","","","","","","","","","","","","","",10.4,1,10.4,1,"","","","","","","","","","","","","","","","","","","","","","","","","","",100,1,"","","","","","","","","","","","",12.6,1,1029.6,1,"","","","","","","","","","","","","","","","","","","","","","","","","","","","","","","","","","","","","","","","","","","","","","","","","","","","","","","","","","","","","","","","","","","","","","","","","","","","","","","","","","","","","","","","","","","","","","","","","","","","","","","","","","","","","","","","","",""
"54405001","NANCY-OCHEY",48.581,5.959833,336,1982090303,"","","","",0.,1,0,1,"","","","","","","","","","","","","","","","","","","","","","","","","","","","",7.1,1,7.1,1,"","","","","","","","","","","","","","","","","","","","","","","","","","",100,1,"","","","","","","","","","","","",10.1,1,1030.2,1,"","","","","","","","","","","","","","","","","","","","","","","","","","","","","","","","","","","","","","","","","","","","","","","","","","","","","","","","","","","","","","","","","","","","","","","","","","","","","","","","","","","","","","","","","","","","","","","","","","","","","","","","","","","","","","","","","",""
"54405001","NANCY-OCHEY",48.581,5.959833,336,1982090306,"","","","",1.,1,160,1,"","","","","","","","","","","","","","","","","","","","","","","","","","","","",6.3,1,6.3,1,"","","","","","","","","","","","","","","","","","","","","","","","","","",100,1,"","","","","","","","","","","","",9.5,1,1031.2,1,"","","","","","",0,1,"","",0,1,0,1,0,1,"","","","","","","","","","","","","","","","","","","","","","","","",700,1,"","",44,1,4,1,"","",0,1,"","","","","","","","","","","","","","","","","","","","","","","","","","","","","","","","","","","","","","","","","","","","","","","","","","","","","","","","","","","","","",""
"54405001","NANCY-OCHEY",48.581,5.959833,336,1982090309,"","","","",1.,1,360,1,"","","","","","","","","","","","","","","","","","","","","","","","","","","","",11.8,1,11.8,1,"","","","","","","","","","","","","","","","","","","","","","","","","","",100,1,"","","","","","","","","","","","",13.8,1,1030.5,1,"","","","","","",4,1,0,1,6,1,0,1,0,1,"","","","","","","","","","","","","","","","","","","","","","","","",700,1,"","",42,1,4,1,"","","","","","","","","","","","","","","","","","","","","","","","","","","","","","","","","","","","","","","","","","","","","","","","","","","","","","","","","","","","","","","","","",""
"54405001","NANCY-OCHEY",48.581,5.959833,336,1982090312,"","","","",3.,1,40,1,"","","","","","","","","","","","","","","","","","","","","","","","","","","","",20.1,1,11.5,1,"","","","","","","","","","","","","","","","","","","","","","","","","","",59,1,"","","","","","","","","","","","",13.9,1,1028.8,1,"","","","","","",0,1,"","",0,1,0,1,0,1,"","","","","","","","","","","","","","","","","","","","","","","","",15000,1,"","",1,1,4,1,"","","","","","","","","","","","","","","","","","","","","","","","","","","","","","","","","","","","","","","","","","","","","","","","","","","","","","","","","","","","","","","","","",""
"54405001","NANCY-OCHEY",48.581,5.959833,336,1982090315,"","","","",2.,1,360,1,"","","","","","","","","","","","","","","","","","","","","","","","","","","","",22.3,1,10.4,1,"","","","","","","","","","","","","","","","","","","","","","","","","","",48,1,"","","","","","","","","","","","",12.9,1,1027.3,1,"","","","","","",1,1,0,1,0,1,0,1,1,1,"","","","","","","","","","","","","","","","","","","","","","","","",24000,1,"","",2,1,0,1,"","","","","","","","","","","","","","","","","","","","","","","","","","","","","","","","","","","","","","","","","","","","","","","","","","","","","","","","","","","","","","","","","",""
"54405001","NANCY-OCHEY",48.581,5.959833,336,1982090318,"","","","",2.,1,60,1,"","","","","","","","","","","","","","","","","","","","","","","","","","","","",19.7,1,11.8,1,"","","","","","","","","","","","","","","","","","","","","","","","","","",62,1,"","","","","","","","","","","","",14.2,1,1026.5,1,"","","","","","",2,1,0,1,0,1,0,1,1,1,"","","","","","","","","","","","","","","","","","","","","","","","",24000,1,"","",2,1,0,1,"","","","","","","","","","","","","","","","","","","","","","","","","","","","","","","","","","","","","","","","","","","","","","","","","","","","","","","","","","","","","","","","","",""
"54405001","NANCY-OCHEY",48.581,5.959833,336,1982090321,"","","","",2.,1,100,1,"","","","","","","","","","","","","","","","","","","","","","","","","","","","",14.6,1,9.9,1,"","","","","","","","","","","","","","","","","","","","","","","","","","",75,1,"","","","","","","","","","","","",12.5,1,1027.7,1,"","","","","","","","","","","","","","","","","","","","","","","","","","","","","","","","","","","","","","","","","","","","","","","","","","","","","","","","","","","","","","","","","","","","","","","","","","","","","","","","","","","","","","","","","","","","","","","","","","","","","","","","","","","","","","","","","",""
"54405001","NANCY-OCHEY",48.581,5.959833,336,1982090400,"","","","",0.,1,0,1,"","","","","","","","","","","","","","","","","","","","","","","","","","","","",12.3,1,9.7,1,"","","","","","","","","","","","","","","","","","","","","","","","","","",86,1,"","","","","","","","","","","","",12.3,1,1026.5,1,"","","","","","","","","","","","","","","","","","","","","","","","","","","","","","","","","","","","","","","","","","","","","","","","","","","","","","","","","","","","","","","","","","","","","","","","","","","","","","","","","","","","","","","","","","","","","","","","","","","","","","","","","","","","","","","","","",""
"54405001","NANCY-OCHEY",48.581,5.959833,336,1982090403,"","","","",1.,1,140,1,"","","","","","","","","","","","","","","","","","","","","","","","","","","","",8.7,1,7.7,1,"","","","","","","","","","","","","","","","","","","","","","","","","","",95,1,"","","","","","","","","","","","",10.7,1,1025.5,1,"","","","","","","","","","","","","","","","","","","","","","","","","","","","","","","","","","","","","","","","","","","","","","","","","","","","","","","","","","","","","","","","","","","","","","","","","","","","","","","","","","","","","","","","","","","","","","","","","","","","","","","","","","","","","","","","","",""
"54405001","NANCY-OCHEY",48.581,5.959833,336,1982090406,"","","","",0.,1,0,1,"","","","","","","","","","","","","","","","","","","","","","","","","","","","",8.9,1,8.,1,"","","","","","","","","","","","","","","","","","","","","","","","","","",96,1,"","","","","","","","","","","","",10.9,1,1025.2,1,"","","","","","",2,1,0,1,0,1,0,1,1,1,"","","","","","","","","","","","","","","","","","","","","","","","",6000,1,"","",2,1,0,1,"","",0,1,"","","","","","","","","","","","","","","","","","","","","","","","","","","","","","","","","","","","","","","","","","","","","","","","","","","","","","","","","","","","","",""
"54405001","NANCY-OCHEY",48.581,5.959833,336,1982090409,"","","","",1.,1,240,1,"","","","","","","","","","","","","","","","","","","","","","","","","","","","",18.6,1,13.1,1,"","","","","","","","","","","","","","","","","","","","","","","","","","",72,1,"","","","","","","","","","","","",15.5,1,1023.8,1,"","","","","","",3,1,0,1,0,1,0,1,1,1,"","","","","","","","","","","","","","","","","","","","","","","","",11000,1,"","",2,1,0,1,"","","","","","","","","","","","","","","","","","","","","","","","","","","","","","","","","","","","","","","","","","","","","","","","","","","","","","","","","","","","","","","","","",""
"54405001","NANCY-OCHEY",48.581,5.959833,336,1982090412,"","","","",3.,1,140,1,"","","","","","","","","","","","","","","","","","","","","","","","","","","","",23.6,1,11.2,1,"","","","","","","","","","","","","","","","","","","","","","","","","","",47,1,"","","","","","","","","","","","",13.6,1,1022.9,1,"","","","","","",2,1,0,1,0,1,0,1,1,1,"","","","","","","","","","","","","","","","","","","","","","","","",24000,1,"","",1,1,0,1,"","","","","","","","","","","","","","","","","","","","","","","","","","","","","","","","","","","","","","","","","","","","","","","","","","","","","","","","","","","","","","","","","",""
"54405001","NANCY-OCHEY",48.581,5.959833,336,1982090415,"","","","",1.,1,140,1,"","","","","","","","","","","","","","","","","","","","","","","","","","","","",25.8,1,13.9,1,"","","","","","","","","","","","","","","","","","","","","","","","","","",49,1,"","","","","","","","","","","","",16.3,1,1020.5,1,"","","","","","","","","","","","","","","","","","","","","","","","","","","","","","","","","","","","","","","","","","","","","","","","","","","","","","","","","","","","","","","","","","","","","","","","","","","","","","","","","","","","","","","","","","","","","","","","","","","","","","","","","","","","","","","","","",""
"54405001","NANCY-OCHEY",48.581,5.959833,336,1982090418,"","","","",2.,1,140,1,"","","","","","","","","","","","","","","","","","","","","","","","","","","","",22.1,1,15.6,1,"","","","","","","","","","","","","","","","","","","","","","","","","","",69,1,"","","","","","","","","","","","",18.3,1,1019.9,1,"","","","","","","","","","","","","","","","","","","","","","","","","","","","","","","","","","","","","","","","","","","","","","","","","","","","","","","","","","","","","","","","","","","","","","","","","","","","","","","","","","","","","","","","","","","","","","","","","","","","","","","","","","","","","","","","","",""
"54405001","NANCY-OCHEY",48.581,5.959833,336,1982090421,"","","","",3.,1,140,1,"","","","","","","","","","","","","","","","","","","","","","","","","","","","",18.8,1,16.1,1,"","","","","","","","","","","","","","","","","","","","","","","","","","",87,1,"","","","","","","","","","","","",18.9,1,1020.,1,"","","","","","","","","","","","","","","","","","","","","","","","","","","","","","","","","","","","","","","","","","","","","","","","","","","","","","","","","","","","","","","","","","","","","","","","","","","","","","","","","","","","","","","","","","","","","","","","","","","","","","","","","","","","","","","","","",""
"54405001","NANCY-OCHEY",48.581,5.959833,336,1982090500,"","","","",2.,1,160,1,"","","","","","","","","","","","","","","","","","","","","","","","","","","","",15.8,1,14.2,1,"","","","","","","","","","","","","","","","","","","","","","","","","","",93,1,"","","","","","","","","","","","",16.7,1,1020.5,1,"","","","","","","","","","","","","","","","","","","","","","","","","","","","","","","","","","","","","","","","","","","","","","","","","","","","","","","","","","","","","","","","","","","","","","","","","","","","","","","","","","","","","","","","","","","","","","","","","","","","","","","","","","","","","","","","","",""
"54405001","NANCY-OCHEY",48.581,5.959833,336,1982090503,"","","","",3.,1,140,1,"","","","","","","","","","","","","","","","","","","","","","","","","","","","",15.7,1,14.3,1,"","","","","","","","","","","","","","","","","","","","","","","","","","",94,1,"","","","","","","","","","","","",16.8,1,1019.7,1,"","","","","","","","","","","","","","","","","","","","","","","","","","","","","","","","","","","","","","","","","","","","","","","","","","","","","","","","","","","","","","","","","","","","","","","","","","","","","","","","","","","","","","","","","","","","","","","","","","","","","","","","","","","","","","","","","",""
"54405001","NANCY-OCHEY",48.581,5.959833,336,1982090506,"","","","",3.,1,160,1,"","","","","","","","","","","","","","","","","","","","","","","","","","","","",16.7,1,15.,1,"","","","","","","","","","","","","","","","","","","","","","","","","","",93,1,"","","","","","","","","","","","",17.6,1,1019.4,1,"","","","","","",6,1,5,1,4,1,0,1,1,1,"","","","","","","","","","","","","","","","","","","","","","","","",8000,1,"","",3,1,2,1,"","",0,1,"","","","","","","","","","","","","","","","","","","","","","","","","","","","","","","","","","","","","","","","","","","","","","","","","","","","","","","","","","","","","",""
"54405001","NANCY-OCHEY",48.581,5.959833,336,1982090509,"","","","",5.,1,180,1,"","","","","","","","","","","","","","","","","","","","","","","","","","","","",22.3,1,15.2,1,"","","","","","","","","","","","","","","","","","","","","","","","","","",66,1,"","","","","","","","","","","","",17.8,1,1018.4,1,"","","","","","",6,1,6,1,4,1,0,1,1,1,"","","","","","","","","","","","","","","","","","","","","","","","",11000,1,"","",1,1,1,1,"","","","","","","","","","","","","","","","","","","","","","","","","","","","","","","","","","","","","","","","","","","","","","","","","","","","","","","","","","","","","","","","","",""
"54405001","NANCY-OCHEY",48.581,5.959833,336,1982090512,"","","","",11.,1,180,1,"","","","","","","","","","","","","","","","","","","","","","","","","","","","",27.3,1,16.6,1,"","","","","","","","","","","","","","","","","","","","","","","","","","",54,1,"","","","","","","","","","","","",19.6,1,1015.7,1,"","","","","","",1,1,0,1,0,1,0,1,1,1,"","","","","","","","","","","","","","","","","","","","","","","","",20000,1,"","",2,1,1,1,"","","","","","","","","","","","","","","","","","","","","","","","","","","","","","","","","","","","","","","","","","","","","","","","","","","","","","","","","","","","","","","","","",""
"54405001","NANCY-OCHEY",48.581,5.959833,336,1982090515,"","","","",9.,1,200,1,"","","","","","","","","","","","","","","","","","","","","","","","","","","","",28.3,1,15.8,1,"","","","","","","","","","","","","","","","","","","","","","","","","","",48,1,"","","","","","","","","","","","",18.5,1,1013.1,1,"","","","","","","","","","","","","","","","","","","","","","","","","","","","","","","","","","","","","","","","","","","","","","","","","","","","","","","","","","","","","","","","","","","","","","","","","","","","","","","","","","","","","","","","","","","","","","","","","","","","","","","","","","","","","","","","","",""
"54405001","NANCY-OCHEY",48.581,5.959833,336,1982090518,"","","","",7.,1,180,1,"","","","","","","","","","","","","","","","","","","","","","","","","","","","",23.9,1,13.6,1,"","","","","","","","","","","","","","","","","","","","","","","","","","",54,1,"","","","","","","","","","","","",16.,1,1011.7,1,"","","","","","","","","","","","","","","","","","","","","","","","","","","","","","","","","","","","","","","","","","","","","","","","","","","","","","","","","","","","","","","","","","","","","","","","","","","","","","","","","","","","","","","","","","","","","","","","","","","","","","","","","","","","","","","","","",""
"54405001","NANCY-OCHEY",48.581,5.959833,336,1982090521,"","","","",8.,1,200,1,"","","","","","","","","","","","","","","","","","","","","","","","","","","","",22.1,1,13.,1,"","","","","","","","","","","","","","","","","","","","","","","","","","",58,1,"","","","","","","","","","","","",15.4,1,1012.,1,"","","","","","","","","","","","","","","","","","","","","","","","","","","","","","","","","","","","","","","","","","","","","","","","","","","","","","","","","","","","","","","","","","","","","","","","","","","","","","","","","","","","","","","","","","","","","","","","","","","","","","","","","","","","","","","","","",""
"54405001","NANCY-OCHEY",48.581,5.959833,336,1982090600,"","","","",6.,1,200,1,"","","","","","","","","","","","","","","","","","","","","","","","","","","","",20.8,1,13.6,1,"","","","","","","","","","","","","","","","","","","","","","","","","","",65,1,"","","","","","","","","","","","",16.,1,1011.2,1,"","","","","","","","","","","","","","","","","","","","","","","","","","","","","","","","","","","","","","","","","","","","","","","","","","","","","","","","","","","","","","","","","","","","","","","","","","","","","","","","","","","","","","","","","","","","","","","","","","","","","","","","","","","","","","","","","",""
"54405001","NANCY-OCHEY",48.581,5.959833,336,1982090603,"","","","",6.,1,180,1,"","","","","","","","","","","","","","","","","","","","","","","","","","","","",19.1,1,14.5,1,"","","","","","","","","","","","","","","","","","","","","","","","","","",77,1,"","","","","","","","","","","","",17.,1,1010.2,1,"","","","","","","","","","","","","","","","","","","","","","","","","","","","","","","","","","","","","","","","","","","","","","","","","","","","","","","","","","","","","","","","","","","","","","","","","","","","","","","","","","","","","","","","","","","","","","","","","","","","","","","","","","","","","","","","","",""
"54405001","NANCY-OCHEY",48.581,5.959833,336,1982090606,"","","","",5.,1,200,1,"","","","","","","","","","","","","","","","","","","","","","","","","","","","",16.2,1,14.7,1,"","","","","","","","","","","","","","","","","","","","","","","","","","",94,1,"","","","","","","","","","","","",17.2,1,1010.7,1,"","","","","","",7,1,7,1,7,1,"","","","","","","","","","","","","","","","","","","","","","","","","","","","",7000,1,"","",61,1,6,1,"","",0,1,"","","","","","","","","","","","","","","","","","","","","","","","","","","","","","","","","","","","","","","","","","","","","","","","","","","","","","","","","","","","","",""
"54405001","NANCY-OCHEY",48.581,5.959833,336,1982090609,"","","","",2.,1,280,1,"","","","","","","","","","","","","","","","","","","","","","","","","","","","",15.7,1,14.4,1,"","","","","","","","","","","","","","","","","","","","","","","","","","",95,1,"","","","","","","","","","","","",16.9,1,1012.2,1,"","","","","","",7,1,6,1,8,1,7,1,"","","","","","","","","","","","","","","","","","","","","","","","","","",3000,1,"","",61,1,8,1,"","","","","","","","","","","","","","","","","","","","","","","","","","","","","","","","","","","","","","","","","","","","","","","","","","","","","","","","","","","","","","","","","",""
"54405001","NANCY-OCHEY",48.581,5.959833,336,1982090612,"","","","",6.,1,220,1,"","","","","","","","","","","","","","","","","","","","","","","","","","","","",15.5,1,14.1,1,"","","","","","","","","","","","","","","","","","","","","","","","","","",95,1,"","","","","","","","","","","","",16.6,1,1013.7,1,"","","","","","",7,1,7,1,5,1,7,1,"","","","","","","","","","","","","","","","","","","","","","","","","","",3000,1,"","",21,1,6,1,"","","","","","","","","","","","","","","","","","","","","","","","","","","","","","","","","","","","","","","","","","","","","","","","","","","","","","","","","","","","","","","","","",""
"54405001","NANCY-OCHEY",48.581,5.959833,336,1982090615,"","","","",3.,1,220,1,"","","","","","","","","","","","","","","","","","","","","","","","","","","","",15.5,1,13.9,1,"","","","","","","","","","","","","","","","","","","","","","","","","","",92,1,"","","","","","","","","","","","",16.3,1,1013.7,1,"","","","","","",7,1,5,1,5,1,7,1,"","","","","","","","","","","","","","","","","","","","","","","","","","",6000,1,"","",1,1,2,1,"","","","","","","","","","","","","","","","","","","","","","","","","","","","","","","","","","","","","","","","","","","","","","","","","","","","","","","","","","","","","","","","","",""
"54405001","NANCY-OCHEY",48.581,5.959833,336,1982090618,"","","","",1.,1,120,1,"","","","","","","","","","","","","","","","","","","","","","","","","","","","",15.7,1,14.2,1,"","","","","","","","","","","","","","","","","","","","","","","","","","",94,1,"","","","","","","","","","","","",16.7,1,1014.2,1,"","","","","","",7,1,5,1,5,1,7,1,"","","","","","","","","","","","","","","","","","","","","","","","","","",5000,1,"","",60,1,6,1,"","","","","","","","","","","","","","","","","","","","","","","","","","","","","","","","","","","","","","","","","","","","","","","","","","","","","","","","","","","","","","","","","",""
"54405001","NANCY-OCHEY",48.581,5.959833,336,1982090621,"","","","","","","","","","","","","","","","","","","","","","","","","","","","","","","","","","","","",12.8,1,11.9,1,"","","","","","","","","","","","","","","","","","","","","","","","","","",97,1,"","","","","","","","","","","","",14.3,1,1016.6,1,"","","","","","","","","","","","","","","","","","","","","","","","","","","","","","","","","","","","","","","","","","","","","","","","","","","","","","","","","","","","","","","","","","","","","","","","","","","","","","","","","","","","","","","","","","","","","","","","","","","","","","","","","","","","","","","","","",""
"54405001","NANCY-OCHEY",48.581,5.959833,336,1982090700,"","","","","","","","","","","","","","","","","","","","","","","","","","","","","","","","","","","","",12.2,1,11.4,1,"","","","","","","","","","","","","","","","","","","","","","","","","","",97,1,"","","","","","","","","","","","",13.8,1,1016.8,1,"","","","","","","","","","","","","","","","","","","","","","","","","","","","","","","","","","","","","","","","","","","","","","","","","","","","","","","","","","","","","","","","","","","","","","","","","","","","","","","","","","","","","","","","","","","","","","","","","","","","","","","","","","","","","","","","","",""
"54405001","NANCY-OCHEY",48.581,5.959833,336,1982090703,"","","","","","","","","","","","","","","","","","","","","","","","","","","","","","","","","","","","",10.9,1,10.9,1,"","","","","","","","","","","","","","","","","","","","","","","","","","",100,1,"","","","","","","","","","","","",13.,1,1017.5,1,"","","","","","","","","","","","","","","","","","","","","","","","","","","","","","","","","","","","","","","","","","","","","","","","","","","","","","","","","","","","","","","","","","","","","","","","","","","","","","","","","","","","","","","","","","","","","","","","","","","","","","","","","","","","","","","","","",""
"54405001","NANCY-OCHEY",48.581,5.959833,336,1982090706,"","","","",1.,1,220,1,"","","","","","","","","","","","","","","","","","","","","","","","","","","","",11.1,1,11.1,1,"","","","","","","","","","","","","","","","","","","","","","","","","","",100,1,"","","","","","","","","","","","",13.2,1,1018.5,1,"","","","","","",5,1,0,1,5,1,3,1,0,1,"","","","","","","","","","","","","","","","","","","","","","","","",4000,1,"","",10,1,1,1,"","",0,1,"","","","","","","","","","","","","","","","","","","","","","","","","","","","","","","","","","","","","","","","","","","","","","","","","","","","","","","","","","","","","",""
"54405001","NANCY-OCHEY",48.581,5.959833,336,1982090709,"","","","",3.,1,320,1,"","","","","","","","","","","","","","","","","","","","","","","","","","","","",15.,1,12.,1,"","","","","","","","","","","","","","","","","","","","","","","","","","",85,1,"","","","","","","","","","","","",14.4,1,1019.9,1,"","","","","","",5,1,0,1,1,1,0,1,6,1,"","","","","","","","","","","","","","","","","","","","","","","","",13000,1,"","",3,1,2,1,"","","","","","","","","","","","","","","","","","","","","","","","","","","","","","","","","","","","","","","","","","","","","","","","","","","","","","","","","","","","","","","","","",""
"54405001","NANCY-OCHEY",48.581,5.959833,336,1982090712,"","","","",3.,1,320,1,"","","","","","","","","","","","","","","","","","","","","","","","","","","","",16.7,1,12.5,1,"","","","","","","","","","","","","","","","","","","","","","","","","","",79,1,"","","","","","","","","","","","",14.9,1,1019.8,1,"","","","","","",6,1,6,1,2,1,0,1,1,1,"","","","","","","","","","","","","","","","","","","","","","","","",15000,1,"","",1,1,2,1,"","","","","","","","","","","","","","","","","","","","","","","","","","","","","","","","","","","","","","","","","","","","","","","","","","","","","","","","","","","","","","","","","",""
"54405001","NANCY-OCHEY",48.581,5.959833,336,1982090715,"","","","",6.,1,300,1,"","","","","","","","","","","","","","","","","","","","","","","","","","","","",19.2,1,12.6,1,"","","","","","","","","","","","","","","","","","","","","","","","","","",67,1,"","","","","","","","","","","","",15.,1,1019.6,1,"","","","","","",5,1,0,1,2,1,8,1,1,1,"","","","","","","","","","","","","","","","","","","","","","","","",13000,1,"","",3,1,1,1,"","","","","","","","","","","","","","","","","","","","","","","","","","","","","","","","","","","","","","","","","","","","","","","","","","","","","","","","","","","","","","","","","",""
"54405001","NANCY-OCHEY",48.581,5.959833,336,1982090718,"","","","",2.,1,260,1,"","","","","","","","","","","","","","","","","","","","","","","","","","","","",15.6,1,12.7,1,"","","","","","","","","","","","","","","","","","","","","","","","","","",85,1,"","","","","","","","","","","","",15.1,1,1020.2,1,"","","","","","",3,1,0,1,5,1,3,1,0,1,"","","","","","","","","","","","","","","","","","","","","","","","",13000,1,"","",2,1,0,1,"","","","","","","","","","","","","","","","","","","","","","","","","","","","","","","","","","","","","","","","","","","","","","","","","","","","","","","","","","","","","","","","","",""
"54405001","NANCY-OCHEY",48.581,5.959833,336,1982090721,"","","","",4.,1,240,1,"","","","","","","","","","","","","","","","","","","","","","","","","","","","",14.,1,12.6,1,"","","","","","","","","","","","","","","","","","","","","","","","","","",94,1,"","","","","","","","","","","","",15.,1,1021.9,1,"","","","","","","","","","","","","","","","","","","","","","","","","","","","","","","","","","","","","","","","","","","","","","","","","","","","","","","","","","","","","","","","","","","","","","","","","","","","","","","","","","","","","","","","","","","","","","","","","","","","","","","","","","","","","","","","","",""
"54405001","NANCY-OCHEY",48.581,5.959833,336,1982090800,"","","","",2.,1,260,1,"","","","","","","","","","","","","","","","","","","","","","","","","","","","",13.6,1,12.5,1,"","","","","","","","","","","","","","","","","","","","","","","","","","",96,1,"","","","","","","","","","","","",14.9,1,1021.9,1,"","","","","","","","","","","","","","","","","","","","","","","","","","","","","","","","","","","","","","","","","","","","","","","","","","","","","","","","","","","","","","","","","","","","","","","","","","","","","","","","","","","","","","","","","","","","","","","","","","","","","","","","","","","","","","","","","",""
"54405001","NANCY-OCHEY",48.581,5.959833,336,1982090803,"","","","",2.,1,220,1,"","","","","","","","","","","","","","","","","","","","","","","","","","","","",13.6,1,12.7,1,"","","","","","","","","","","","","","","","","","","","","","","","","","",97,1,"","","","","","","","","","","","",15.1,1,1021.9,1,"","","","","","","","","","","","","","","","","","","","","","","","","","","","","","","","","","","","","","","","","","","","","","","","","","","","","","","","","","","","","","","","","","","","","","","","","","","","","","","","","","","","","","","","","","","","","","","","","","","","","","","","","","","","","","","","","",""
"54405001","NANCY-OCHEY",48.581,5.959833,336,1982090806,"","","","",2.,1,260,1,"","","","","","","","","","","","","","","","","","","","","","","","","","","","",13.8,1,12.8,1,"","","","","","","","","","","","","","","","","","","","","","","","","","",97,1,"","","","","","","","","","","","",15.2,1,1022.6,1,"","","","","","",6,1,5,1,5,1,0,1,0,1,"","","","","","","","","","","","","","","","","","","","","","","","",3000,1,"","",10,1,2,1,"","",0,1,"","","","","","","","","","","","","","","","","","","","","","","","","","","","","","","","","","","","","","","","","","","","","","","","","","","","","","","","","","","","","",""
"54405001","NANCY-OCHEY",48.581,5.959833,336,1982090809,"","","","",2.,1,300,1,"","","","","","","","","","","","","","","","","","","","","","","","","","","","",15.7,1,13.1,1,"","","","","","","","","","","","","","","","","","","","","","","","","","",87,1,"","","","","","","","","","","","",15.5,1,1023.8,1,"","","","","","",7,1,6,1,8,1,"","","","","","","","","","","","","","","","","","","","","","","","","","","","",7000,1,"","",1,1,2,1,"","","","","","","","","","","","","","","","","","","","","","","","","","","","","","","","","","","","","","","","","","","","","","","","","","","","","","","","","","","","","","","","","",""
"54405001","NANCY-OCHEY",48.581,5.959833,336,1982090812,"","","","",4.,1,280,1,"","","","","","","","","","","","","","","","","","","","","","","","","","","","",18.5,1,11.4,1,"","","","","","","","","","","","","","","","","","","","","","","","","","",65,1,"","","","","","","","","","","","",13.8,1,1022.5,1,"","","","","","",5,1,5,1,2,1,0,1,0,1,"","","","","","","","","","","","","","","","","","","","","","","","",20000,1,"","",1,1,2,1,"","","","","","","","","","","","","","","","","","","","","","","","","","","","","","","","","","","","","","","","","","","","","","","","","","","","","","","","","","","","","","","","","",""
"54405001","NANCY-OCHEY",48.581,5.959833,336,1982090815,"","","","",3.,1,320,1,"","","","","","","","","","","","","","","","","","","","","","","","","","","","",20.2,1,11.4,1,"","","","","","","","","","","","","","","","","","","","","","","","","","",58,1,"","","","","","","","","","","","",13.8,1,1021.2,1,"","","","","","",3,1,0,1,2,1,0,1,0,1,"","","","","","","","","","","","","","","","","","","","","","","","",20000,1,"","",1,1,1,1,"","","","","","","","","","","","","","","","","","","","","","","","","","","","","","","","","","","","","","","","","","","","","","","","","","","","","","","","","","","","","","","","","",""
"54405001","NANCY-OCHEY",48.581,5.959833,336,1982090818,"","","","",3.,1,340,1,"","","","","","","","","","","","","","","","","","","","","","","","","","","","",17.7,1,11.5,1,"","","","","","","","","","","","","","","","","","","","","","","","","","",69,1,"","","","","","","","","","","","",13.9,1,1021.7,1,"","","","","","",5,1,0,1,5,1,0,1,1,1,"","","","","","","","","","","","","","","","","","","","","","","","",15000,1,"","",3,1,1,1,"","","","","","","","","","","","","","","","","","","","","","","","","","","","","","","","","","","","","","","","","","","","","","","","","","","","","","","","","","","","","","","","","",""
"54405001","NANCY-OCHEY",48.581,5.959833,336,1982090821,"","","","",1.,1,20,1,"","","","","","","","","","","","","","","","","","","","","","","","","","","","",14.8,1,13.1,1,"","","","","","","","","","","","","","","","","","","","","","","","","","",92,1,"","","","","","","","","","","","",15.5,1,1022.6,1,"","","","","","","","","","","","","","","","","","","","","","","","","","","","","","","","","","","","","","","","","","","","","","","","","","","","","","","","","","","","","","","","","","","","","","","","","","","","","","","","","","","","","","","","","","","","","","","","","","","","","","","","","","","","","","","","","",""
"54405001","NANCY-OCHEY",48.581,5.959833,336,1982090900,"","","","",1.,1,80,1,"","","","","","","","","","","","","","","","","","","","","","","","","","","","",11.1,1,10.4,1,"","","","","","","","","","","","","","","","","","","","","","","","","","",98,1,"","","","","","","","","","","","",12.9,1,1023.3,1,"","","","","","","","","","","","","","","","","","","","","","","","","","","","","","","","","","","","","","","","","","","","","","","","","","","","","","","","","","","","","","","","","","","","","","","","","","","","","","","","","","","","","","","","","","","","","","","","","","","","","","","","","","","","","","","","","",""
"54405001","NANCY-OCHEY",48.581,5.959833,336,1982090903,"","","","",0.,1,0,1,"","","","","","","","","","","","","","","","","","","","","","","","","","","","",9.9,1,9.9,1,"","","","","","","","","","","","","","","","","","","","","","","","","","",100,1,"","","","","","","","","","","","",12.2,1,1023.3,1,"","","","","","","","","","","","","","","","","","","","","","","","","","","","","","","","","","","","","","","","","","","","","","","","","","","","","","","","","","","","","","","","","","","","","","","","","","","","","","","","","","","","","","","","","","","","","","","","","","","","","","","","","","","","","","","","","",""
"54405001","NANCY-OCHEY",48.581,5.959833,336,1982090906,"","","","",2.,1,360,1,"","","","","","","","","","","","","","","","","","","","","","","","","","","","",9.,1,9.,1,"","","","","","","","","","","","","","","","","","","","","","","","","","",100,1,"","","","","","","","","","","","",11.5,1,1023.5,1,"","","","","","",5,1,5,1,0,1,0,1,4,1,"","","","","","","","","","","","","","","","","","","","","","","","",300,1,"","",44,1,4,1,"","",0,1,"","","","","","","","","","","","","","","","","","","","","","","","","","","","","","","","","","","","","","","","","","","","","","","","","","","","","","","","","","","","","",""
"54405001","NANCY-OCHEY",48.581,5.959833,336,1982090909,"","","","",1.,1,340,1,"","","","","","","","","","","","","","","","","","","","","","","","","","","","",15.2,1,12.6,1,"","","","","","","","","","","","","","","","","","","","","","","","","","",87,1,"","","","","","","","","","","","",15.,1,1023.,1,"","","","","","",3,1,0,1,6,1,0,1,1,1,"","","","","","","","","","","","","","","","","","","","","","","","",6000,1,"","",1,1,4,1,"","","","","","","","","","","","","","","","","","","","","","","","","","","","","","","","","","","","","","","","","","","","","","","","","","","","","","","","","","","","","","","","","",""
"54405001","NANCY-OCHEY",48.581,5.959833,336,1982090912,"","","","",4.,1,60,1,"","","","","","","","","","","","","","","","","","","","","","","","","","","","",21.3,1,12.5,1,"","","","","","","","","","","","","","","","","","","","","","","","","","",59,1,"","","","","","","","","","","","",14.9,1,1022.,1,"","","","","","",1,1,0,1,1,1,0,1,1,1,"","","","","","","","","","","","","","","","","","","","","","","","",18000,1,"","",3,1,4,1,"","","","","","","","","","","","","","","","","","","","","","","","","","","","","","","","","","","","","","","","","","","","","","","","","","","","","","","","","","","","","","","","","",""
"54405001","NANCY-OCHEY",48.581,5.959833,336,1982090915,"","","","",4.,1,60,1,"","","","","","","","","","","","","","","","","","","","","","","","","","","","",22.4,1,13.2,1,"","","","","","","","","","","","","","","","","","","","","","","","","","",58,1,"","","","","","","","","","","","",15.6,1,1020.9,1,"","","","","","",1,1,0,1,1,1,0,1,1,1,"","","","","","","","","","","","","","","","","","","","","","","","",18000,1,"","",2,1,0,1,"","","","","","","","","","","","","","","","","","","","","","","","","","","","","","","","","","","","","","","","","","","","","","","","","","","","","","","","","","","","","","","","","",""
"54405001","NANCY-OCHEY",48.581,5.959833,336,1982090918,"","","","",2.,1,80,1,"","","","","","","","","","","","","","","","","","","","","","","","","","","","",19.1,1,14.4,1,"","","","","","","","","","","","","","","","","","","","","","","","","","",76,1,"","","","","","","","","","","","",16.9,1,1021.3,1,"","","","","","",4,1,0,1,0,1,0,1,1,1,"","","","","","","","","","","","","","","","","","","","","","","","",15000,1,"","",3,1,0,1,"","","","","","","","","","","","","","","","","","","","","","","","","","","","","","","","","","","","","","","","","","","","","","","","","","","","","","","","","","","","","","","","","",""
"54405001","NANCY-OCHEY",48.581,5.959833,336,1982090921,"","","","",4.,1,80,1,"","","","","","","","","","","","","","","","","","","","","","","","","","","","",17.1,1,13.4,1,"","","","","","","","","","","","","","","","","","","","","","","","","","",81,1,"","","","","","","","","","","","",15.8,1,1022.1,1,"","","","","","","","","","","","","","","","","","","","","","","","","","","","","","","","","","","","","","","","","","","","","","","","","","","","","","","","","","","","","","","","","","","","","","","","","","","","","","","","","","","","","","","","","","","","","","","","","","","","","","","","","","","","","","","","","",""
"54405001","NANCY-OCHEY",48.581,5.959833,336,1982091000,"","","","",1.,1,120,1,"","","","","","","","","","","","","","","","","","","","","","","","","","","","",15.4,1,13.3,1,"","","","","","","","","","","","","","","","","","","","","","","","","","",90,1,"","","","","","","","","","","","",15.7,1,1022.3,1,"","","","","","","","","","","","","","","","","","","","","","","","","","","","","","","","","","","","","","","","","","","","","","","","","","","","","","","","","","","","","","","","","","","","","","","","","","","","","","","","","","","","","","","","","","","","","","","","","","","","","","","","","","","","","","","","","",""
"54405001","NANCY-OCHEY",48.581,5.959833,336,1982091003,"","","","",2.,1,100,1,"","","","","","","","","","","","","","","","","","","","","","","","","","","","",14.1,1,12.2,1,"","","","","","","","","","","","","","","","","","","","","","","","","","",91,1,"","","","","","","","","","","","",14.6,1,1022.,1,"","","","","","","","","","","","","","","","","","","","","","","","","","","","","","","","","","","","","","","","","","","","","","","","","","","","","","","","","","","","","","","","","","","","","","","","","","","","","","","","","","","","","","","","","","","","","","","","","","","","","","","","","","","","","","","","","",""
"54405001","NANCY-OCHEY",48.581,5.959833,336,1982091006,"","","","",2.,1,140,1,"","","","","","","","","","","","","","","","","","","","","","","","","","","","",12.2,1,11.1,1,"","","","","","","","","","","","","","","","","","","","","","","","","","",95,1,"","","","","","","","","","","","",13.5,1,1022.3,1,"","","","","","",3,1,0,1,0,1,0,1,1,1,"","","","","","","","","","","","","","","","","","","","","","","","",1500,1,"","",10,1,0,1,"","",0,1,"","","","","","","","","","","","","","","","","","","","","","","","","","","","","","","","","","","","","","","","","","","","","","","","","","","","","","","","","","","","","",""
"54405001","NANCY-OCHEY",48.581,5.959833,336,1982091009,"","","","",4.,1,120,1,"","","","","","","","","","","","","","","","","","","","","","","","","","","","",18.4,1,14.1,1,"","","","","","","","","","","","","","","","","","","","","","","","","","",79,1,"","","","","","","","","","","","",16.6,1,1021.8,1,"","","","","","",3,1,0,1,0,1,0,1,1,1,"","","","","","","","","","","","","","","","","","","","","","","","",5000,1,"","",1,1,1,1,"","","","","","","","","","","","","","","","","","","","","","","","","","","","","","","","","","","","","","","","","","","","","","","","","","","","","","","","","","","","","","","","","",""
"54405001","NANCY-OCHEY",48.581,5.959833,336,1982091012,"","","","",3.,1,140,1,"","","","","","","","","","","","","","","","","","","","","","","","","","","","",23.9,1,17.1,1,"","","","","","","","","","","","","","","","","","","","","","","","","","",68,1,"","","","","","","","","","","","",20.2,1,1020.6,1,"","","","","","",7,1,6,1,2,1,0,1,1,1,"","","","","","","","","","","","","","","","","","","","","","","","",9000,1,"","",3,1,2,1,"","","","","","","","","","","","","","","","","","","","","","","","","","","","","","","","","","","","","","","","","","","","","","","","","","","","","","","","","","","","","","","","","",""
"54405001","NANCY-OCHEY",48.581,5.959833,336,1982091015,"","","","",5.,1,200,1,"","","","","","","","","","","","","","","","","","","","","","","","","","","","",24.8,1,17.9,1,"","","","","","","","","","","","","","","","","","","","","","","","","","",68,1,"","","","","","","","","","","","",21.3,1,1019.8,1,"","","","","","",3,1,0,1,1,1,0,1,1,1,"","","","","","","","","","","","","","","","","","","","","","","","",15000,1,"","",1,1,2,1,"","","","","","","","","","","","","","","","","","","","","","","","","","","","","","","","","","","","","","","","","","","","","","","","","","","","","","","","","","","","","","","","","",""
"54405001","NANCY-OCHEY",48.581,5.959833,336,1982091018,"","","","",3.,1,200,1,"","","","","","","","","","","","","","","","","","","","","","","","","","","","",20.7,1,16.1,1,"","","","","","","","","","","","","","","","","","","","","","","","","","",77,1,"","","","","","","","","","","","",18.9,1,1020.4,1,"","","","","","",2,1,0,1,0,1,0,1,2,1,"","","","","","","","","","","","","","","","","","","","","","","","",11000,1,"","",1,1,1,1,"","","","","","","","","","","","","","","","","","","","","","","","","","","","","","","","","","","","","","","","","","","","","","","","","","","","","","","","","","","","","","","","","",""
"54405001","NANCY-OCHEY",48.581,5.959833,336,1982091021,"","","","",2.,1,160,1,"","","","","","","","","","","","","","","","","","","","","","","","","","","","",16.6,1,14.3,1,"","","","","","","","","","","","","","","","","","","","","","","","","","",89,1,"","","","","","","","","","","","",16.8,1,1022.2,1,"","","","","","","","","","","","","","","","","","","","","","","","","","","","","","","","","","","","","","","","","","","","","","","","","","","","","","","","","","","","","","","","","","","","","","","","","","","","","","","","","","","","","","","","","","","","","","","","","","","","","","","","","","","","","","","","","",""
"54405001","NANCY-OCHEY",48.581,5.959833,336,1982091100,"","","","",3.,1,160,1,"","","","","","","","","","","","","","","","","","","","","","","","","","","","",15.7,1,13.9,1,"","","","","","","","","","","","","","","","","","","","","","","","","","",92,1,"","","","","","","","","","","","",16.4,1,1022.6,1,"","","","","","","","","","","","","","","","","","","","","","","","","","","","","","","","","","","","","","","","","","","","","","","","","","","","","","","","","","","","","","","","","","","","","","","","","","","","","","","","","","","","","","","","","","","","","","","","","","","","","","","","","","","","","","","","","",""
"54405001","NANCY-OCHEY",48.581,5.959833,336,1982091103,"","","","",2.,1,180,1,"","","","","","","","","","","","","","","","","","","","","","","","","","","","",14.7,1,13.3,1,"","","","","","","","","","","","","","","","","","","","","","","","","","",94,1,"","","","","","","","","","","","",15.7,1,1023.2,1,"","","","","","","","","","","","","","","","","","","","","","","","","","","","","","","","","","","","","","","","","","","","","","","","","","","","","","","","","","","","","","","","","","","","","","","","","","","","","","","","","","","","","","","","","","","","","","","","","","","","","","","","","","","","","","","","","",""
"54405001","NANCY-OCHEY",48.581,5.959833,336,1982091106,"","","","",2.,1,200,1,"","","","","","","","","","","","","","","","","","","","","","","","","","","","",13.7,1,12.5,1,"","","","","","","","","","","","","","","","","","","","","","","","","","",95,1,"","","","","","","","","","","","",14.9,1,1024.4,1,"","","","","","",1,1,0,1,1,1,0,1,1,1,"","","","","","","","","","","","","","","","","","","","","","","","",5000,1,"","",3,1,0,1,"","",0,1,"","","","","","","","","","","","","","","","","","","","","","","","","","","","","","","","","","","","","","","","","","","","","","","","","","","","","","","","","","","","","",""
"54405001","NANCY-OCHEY",48.581,5.959833,336,1982091109,"","","","",0.,1,0,1,"","","","","","","","","","","","","","","","","","","","","","","","","","","","",20.2,1,15.8,1,"","","","","","","","","","","","","","","","","","","","","","","","","","",79,1,"","","","","","","","","","","","",18.6,1,1025.,1,"","","","","","",0,1,"","",0,1,0,1,0,1,"","","","","","","","","","","","","","","","","","","","","","","","",9000,1,"","",2,1,0,1,"","","","","","","","","","","","","","","","","","","","","","","","","","","","","","","","","","","","","","","","","","","","","","","","","","","","","","","","","","","","","","","","","",""
"54405001","NANCY-OCHEY",48.581,5.959833,336,1982091112,"","","","",0.,1,0,1,"","","","","","","","","","","","","","","","","","","","","","","","","","","","",25.,1,16.3,1,"","","","","","","","","","","","","","","","","","","","","","","","","","",60,1,"","","","","","","","","","","","",19.1,1,1024.2,1,"","","","","","",2,1,0,1,2,1,0,1,0,1,"","","","","","","","","","","","","","","","","","","","","","","","",12000,1,"","",3,1,0,1,"","","","","","","","","","","","","","","","","","","","","","","","","","","","","","","","","","","","","","","","","","","","","","","","","","","","","","","","","","","","","","","","","",""
"54405001","NANCY-OCHEY",48.581,5.959833,336,1982091115,"","","","",3.,1,360,1,"","","","","","","","","","","","","","","","","","","","","","","","","","","","",25.2,1,15.6,1,"","","","","","","","","","","","","","","","","","","","","","","","","","",57,1,"","","","","","","","","","","","",18.3,1,1024.2,1,"","","","","","","","","","","","","","","","","","","","","","","","","","","","","","","","","","","","","","","","","","","","","","","","","","","","","","","","","","","","","","","","","","","","","","","","","","","","","","","","","","","","","","","","","","","","","","","","","","","","","","","","","","","","","","","","","",""
"54405001","NANCY-OCHEY",48.581,5.959833,336,1982091118,"","","","",1.,1,60,1,"","","","","","","","","","","","","","","","","","","","","","","","","","","","",22.6,1,17.,1,"","","","","","","","","","","","","","","","","","","","","","","","","","",73,1,"","","","","","","","","","","","",20.,1,1024.7,1,"","","","","","","","","","","","","","","","","","","","","","","","","","","","","","","","","","","","","","","","","","","","","","","","","","","","","","","","","","","","","","","","","","","","","","","","","","","","","","","","","","","","","","","","","","","","","","","","","","","","","","","","","","","","","","","","","",""
"54405001","NANCY-OCHEY",48.581,5.959833,336,1982091121,"","","","",1.,1,300,1,"","","","","","","","","","","","","","","","","","","","","","","","","","","","",17.8,1,15.6,1,"","","","","","","","","","","","","","","","","","","","","","","","","","",90,1,"","","","","","","","","","","","",18.3,1,1025.8,1,"","","","","","","","","","","","","","","","","","","","","","","","","","","","","","","","","","","","","","","","","","","","","","","","","","","","","","","","","","","","","","","","","","","","","","","","","","","","","","","","","","","","","","","","","","","","","","","","","","","","","","","","","","","","","","","","","",""
"54405001","NANCY-OCHEY",48.581,5.959833,336,1982091200,"","","","",2.,1,320,1,"","","","","","","","","","","","","","","","","","","","","","","","","","","","",15.2,1,15.2,1,"","","","","","","","","","","","","","","","","","","","","","","","","","",99,1,"","","","","","","","","","","","",17.1,1,1026.9,1,"","","","","","","","","","","","","","","","","","","","","","","","","","","","","","","","","","","","","","","","","","","","","","","","","","","","","","","","","","","","","","","","","","","","","","","","","","","","","","","","","","","","","","","","","","","","","","","","","","","","","","","","","","","","","","","","","",""
"54405001","NANCY-OCHEY",48.581,5.959833,336,1982091203,"","","","",1.,1,340,1,"","","","","","","","","","","","","","","","","","","","","","","","","","","","",13.5,1,13.5,1,"","","","","","","","","","","","","","","","","","","","","","","","","","",100,1,"","","","","","","","","","","","",15.5,1,1027.1,1,"","","","","","","","","","","","","","","","","","","","","","","","","","","","","","","","","","","","","","","","","","","","","","","","","","","","","","","","","","","","","","","","","","","","","","","","","","","","","","","","","","","","","","","","","","","","","","","","","","","","","","","","","","","","","","","","","",""
"54405001","NANCY-OCHEY",48.581,5.959833,336,1982091206,"","","","",0.,1,0,1,"","","","","","","","","","","","","","","","","","","","","","","","","","","","",12.8,1,12.8,1,"","","","","","","","","","","","","","","","","","","","","","","","","","",100,1,"","","","","","","","","","","","",14.8,1,1026.9,1,"","","","","","",0,1,"","",0,1,0,1,0,1,"","","","","","","","","","","","","","","","","","","","","","","","",900,1,"","",44,1,4,1,"","",0,1,"","","","","","","","","","","","","","","","","","","","","","","","","","","","","","","","","","","","","","","","","","","","","","","","","","","","","","","","","","","","","",""
"54405001","NANCY-OCHEY",48.581,5.959833,336,1982091209,"","","","",1.,1,360,1,"","","","","","","","","","","","","","","","","","","","","","","","","","","","",18.6,1,15.6,1,"","","","","","","","","","","","","","","","","","","","","","","","","","",85,1,"","","","","","","","","","","","",18.3,1,1026.3,1,"","","","","","",0,1,"","",0,1,0,1,0,1,"","","","","","","","","","","","","","","","","","","","","","","","",3000,1,"","",10,1,4,1,"","","","","","","","","","","","","","","","","","","","","","","","","","","","","","","","","","","","","","","","","","","","","","","","","","","","","","","","","","","","","","","","","",""
"54405001","NANCY-OCHEY",48.581,5.959833,336,1982091212,"","","","",3.,1,20,1,"","","","","","","","","","","","","","","","","","","","","","","","","","","","",24.3,1,15.3,1,"","","","","","","","","","","","","","","","","","","","","","","","","","",59,1,"","","","","","","","","","","","",17.9,1,1024.6,1,"","","","","","",1,1,0,1,1,1,0,1,0,1,"","","","","","","","","","","","","","","","","","","","","","","","",7000,1,"","",3,1,4,1,"","","","","","","","","","","","","","","","","","","","","","","","","","","","","","","","","","","","","","","","","","","","","","","","","","","","","","","","","","","","","","","","","",""
"54405001","NANCY-OCHEY",48.581,5.959833,336,1982091215,"","","","",3.,1,20,1,"","","","","","","","","","","","","","","","","","","","","","","","","","","","",25.3,1,14.3,1,"","","","","","","","","","","","","","","","","","","","","","","","","","",52,1,"","","","","","","","","","","","",16.8,1,1023.5,1,"","","","","","","","","","","","","","","","","","","","","","","","","","","","","","","","","","","","","","","","","","","","","","","","","","","","","","","","","","","","","","","","","","","","","","","","","","","","","","","","","","","","","","","","","","","","","","","","","","","","","","","","","","","","","","","","","",""
"54405001","NANCY-OCHEY",48.581,5.959833,336,1982091218,"","","","",1.,1,120,1,"","","","","","","","","","","","","","","","","","","","","","","","","","","","",22.8,1,17.8,1,"","","","","","","","","","","","","","","","","","","","","","","","","","",76,1,"","","","","","","","","","","","",21.1,1,1023.3,1,"","","","","","","","","","","","","","","","","","","","","","","","","","","","","","","","","","","","","","","","","","","","","","","","","","","","","","","","","","","","","","","","","","","","","","","","","","","","","","","","","","","","","","","","","","","","","","","","","","","","","","","","","","","","","","","","","",""
"54405001","NANCY-OCHEY",48.581,5.959833,336,1982091221,"","","","",1.,1,240,1,"","","","","","","","","","","","","","","","","","","","","","","","","","","","",17.9,1,16.3,1,"","","","","","","","","","","","","","","","","","","","","","","","","","",93,1,"","","","","","","","","","","","",19.1,1,1024.1,1,"","","","","","","","","","","","","","","","","","","","","","","","","","","","","","","","","","","","","","","","","","","","","","","","","","","","","","","","","","","","","","","","","","","","","","","","","","","","","","","","","","","","","","","","","","","","","","","","","","","","","","","","","","","","","","","","","",""
"54405001","NANCY-OCHEY",48.581,5.959833,336,1982091300,"","","","",2.,1,240,1,"","","","","","","","","","","","","","","","","","","","","","","","","","","","",15.5,1,14.6,1,"","","","","","","","","","","","","","","","","","","","","","","","","","",97,1,"","","","","","","","","","","","",17.1,1,1024.7,1,"","","","","","","","","","","","","","","","","","","","","","","","","","","","","","","","","","","","","","","","","","","","","","","","","","","","","","","","","","","","","","","","","","","","","","","","","","","","","","","","","","","","","","","","","","","","","","","","","","","","","","","","","","","","","","","","","",""
"54405001","NANCY-OCHEY",48.581,5.959833,336,1982091303,"","","","",2.,1,220,1,"","","","","","","","","","","","","","","","","","","","","","","","","","","","",13.7,1,13.7,1,"","","","","","","","","","","","","","","","","","","","","","","","","","",100,1,"","","","","","","","","","","","",15.7,1,1024.6,1,"","","","","","","","","","","","","","","","","","","","","","","","","","","","","","","","","","","","","","","","","","","","","","","","","","","","","","","","","","","","","","","","","","","","","","","","","","","","","","","","","","","","","","","","","","","","","","","","","","","","","","","","","","","","","","","","","",""
"54405001","NANCY-OCHEY",48.581,5.959833,336,1982091306,"","","","",1.,1,220,1,"","","","","","","","","","","","","","","","","","","","","","","","","","","","",13.,1,13.,1,"","","","","","","","","","","","","","","","","","","","","","","","","","",100,1,"","","","","","","","","","","","",15.,1,1024.7,1,"","","","","","",0,1,"","",0,1,0,1,0,1,"","","","","","","","","","","","","","","","","","","","","","","","",1800,1,"","",10,1,4,1,"","",0,1,"","","","","","","","","","","","","","","","","","","","","","","","","","","","","","","","","","","","","","","","","","","","","","","","","","","","","","","","","","","","","",""
"54405001","NANCY-OCHEY",48.581,5.959833,336,1982091309,"","","","",1.,1,20,1,"","","","","","","","","","","","","","","","","","","","","","","","","","","","",18.5,1,15.5,1,"","","","","","","","","","","","","","","","","","","","","","","","","","",85,1,"","","","","","","","","","","","",18.2,1,1024.2,1,"","","","","","",0,1,"","",0,1,0,1,0,1,"","","","","","","","","","","","","","","","","","","","","","","","",3000,1,"","",10,1,0,1,"","","","","","","","","","","","","","","","","","","","","","","","","","","","","","","","","","","","","","","","","","","","","","","","","","","","","","","","","","","","","","","","","",""
"54405001","NANCY-OCHEY",48.581,5.959833,336,1982091312,"","","","",3.,1,360,1,"","","","","","","","","","","","","","","","","","","","","","","","","","","","",23.3,1,15.2,1,"","","","","","","","","","","","","","","","","","","","","","","","","","",62,1,"","","","","","","","","","","","",17.8,1,1023.2,1,"","","","","","",2,1,0,1,1,1,0,1,0,1,"","","","","","","","","","","","","","","","","","","","","","","","",7000,1,"","",3,1,0,1,"","","","","","","","","","","","","","","","","","","","","","","","","","","","","","","","","","","","","","","","","","","","","","","","","","","","","","","","","","","","","","","","","",""
"54405001","NANCY-OCHEY",48.581,5.959833,336,1982091315,"","","","",2.,1,40,1,"","","","","","","","","","","","","","","","","","","","","","","","","","","","",24.7,1,15.2,1,"","","","","","","","","","","","","","","","","","","","","","","","","","",57,1,"","","","","","","","","","","","",17.8,1,1021.6,1,"","","","","","",1,1,0,1,1,1,0,1,0,1,"","","","","","","","","","","","","","","","","","","","","","","","",8000,1,"","",2,1,0,1,"","","","","","","","","","","","","","","","","","","","","","","","","","","","","","","","","","","","","","","","","","","","","","","","","","","","","","","","","","","","","","","","","",""
"54405001","NANCY-OCHEY",48.581,5.959833,336,1982091318,"","","","",1.,1,20,1,"","","","","","","","","","","","","","","","","","","","","","","","","","","","",21.,1,14.7,1,"","","","","","","","","","","","","","","","","","","","","","","","","","",69,1,"","","","","","","","","","","","",17.2,1,1022.,1,"","","","","","",0,1,"","",0,1,0,1,0,1,"","","","","","","","","","","","","","","","","","","","","","","","",9000,1,"","",1,1,0,1,"","","","","","","","","","","","","","","","","","","","","","","","","","","","","","","","","","","","","","","","","","","","","","","","","","","","","","","","","","","","","","","","","",""
"54405001","NANCY-OCHEY",48.581,5.959833,336,1982091321,"","","","",1.,1,360,1,"","","","","","","","","","","","","","","","","","","","","","","","","","","","",16.1,1,13.3,1,"","","","","","","","","","","","","","","","","","","","","","","","","","",86,1,"","","","","","","","","","","","",15.7,1,1023.1,1,"","","","","","","","","","","","","","","","","","","","","","","","","","","","","","","","","","","","","","","","","","","","","","","","","","","","","","","","","","","","","","","","","","","","","","","","","","","","","","","","","","","","","","","","","","","","","","","","","","","","","","","","","","","","","","","","","",""
"54405001","NANCY-OCHEY",48.581,5.959833,336,1982091400,"","","","",2.,1,360,1,"","","","","","","","","","","","","","","","","","","","","","","","","","","","",13.6,1,12.9,1,"","","","","","","","","","","","","","","","","","","","","","","","","","",98,1,"","","","","","","","","","","","",15.3,1,1023.2,1,"","","","","","","","","","","","","","","","","","","","","","","","","","","","","","","","","","","","","","","","","","","","","","","","","","","","","","","","","","","","","","","","","","","","","","","","","","","","","","","","","","","","","","","","","","","","","","","","","","","","","","","","","","","","","","","","","",""
"54405001","NANCY-OCHEY",48.581,5.959833,336,1982091403,"","","","",1.,1,340,1,"","","","","","","","","","","","","","","","","","","","","","","","","","","","",12.3,1,12.3,1,"","","","","","","","","","","","","","","","","","","","","","","","","","",100,1,"","","","","","","","","","","","",14.3,1,1023.1,1,"","","","","","","","","","","","","","","","","","","","","","","","","","","","","","","","","","","","","","","","","","","","","","","","","","","","","","","","","","","","","","","","","","","","","","","","","","","","","","","","","","","","","","","","","","","","","","","","","","","","","","","","","","","","","","","","","",""
"54405001","NANCY-OCHEY",48.581,5.959833,336,1982091406,"","","","",1.,1,100,1,"","","","","","","","","","","","","","","","","","","","","","","","","","","","",11.4,1,11.4,1,"","","","","","","","","","","","","","","","","","","","","","","","","","",100,1,"","","","","","","","","","","","",13.5,1,1022.9,1,"","","","","","",0,1,"","",0,1,0,1,0,1,"","","","","","","","","","","","","","","","","","","","","","","","",100,1,"","",42,1,"","","","",0,1,"","","","","","","","","","","","","","","","","","","","","","","","","","","","","","","","","","","","","","","","","","","","","","","","","","","","","","","","","","","","","",""
"54405001","NANCY-OCHEY",48.581,5.959833,336,1982091409,"","","","",1.,1,320,1,"","","","","","","","","","","","","","","","","","","","","","","","","","","","",15.9,1,14.6,1,"","","","","","","","","","","","","","","","","","","","","","","","","","",95,1,"","","","","","","","","","","","",17.1,1,1022.4,1,"","","","","","",0,1,"","",0,1,0,1,0,1,"","","","","","","","","","","","","","","","","","","","","","","","",900,1,"","",42,1,0,1,"","","","","","","","","","","","","","","","","","","","","","","","","","","","","","","","","","","","","","","","","","","","","","","","","","","","","","","","","","","","","","","","","",""
"54405001","NANCY-OCHEY",48.581,5.959833,336,1982091412,"","","","",3.,1,100,1,"","","","","","","","","","","","","","","","","","","","","","","","","","","","",24.7,1,15.4,1,"","","","","","","","","","","","","","","","","","","","","","","","","","",58,1,"","","","","","","","","","","","",18.,1,1020.5,1,"","","","","","",0,1,"","",0,1,0,1,0,1,"","","","","","","","","","","","","","","","","","","","","","","","",4000,1,"","",10,1,0,1,"","","","","","","","","","","","","","","","","","","","","","","","","","","","","","","","","","","","","","","","","","","","","","","","","","","","","","","","","","","","","","","","","",""
"54405001","NANCY-OCHEY",48.581,5.959833,336,1982091415,"","","","",4.,1,100,1,"","","","","","","","","","","","","","","","","","","","","","","","","","","","",25.8,1,14.4,1,"","","","","","","","","","","","","","","","","","","","","","","","","","",51,1,"","","","","","","","","","","","",16.9,1,1018.8,1,"","","","","","",0,1,"","",0,1,0,1,0,1,"","","","","","","","","","","","","","","","","","","","","","","","",7000,1,"","",2,1,0,1,"","","","","","","","","","","","","","","","","","","","","","","","","","","","","","","","","","","","","","","","","","","","","","","","","","","","","","","","","","","","","","","","","",""
"54405001","NANCY-OCHEY",48.581,5.959833,336,1982091418,"","","","",2.,1,80,1,"","","","","","","","","","","","","","","","","","","","","","","","","","","","",21.9,1,15.3,1,"","","","","","","","","","","","","","","","","","","","","","","","","","",68,1,"","","","","","","","","","","","",17.9,1,1019.1,1,"","","","","","",0,1,"","",0,1,0,1,0,1,"","","","","","","","","","","","","","","","","","","","","","","","",6000,1,"","",2,1,0,1,"","","","","","","","","","","","","","","","","","","","","","","","","","","","","","","","","","","","","","","","","","","","","","","","","","","","","","","","","","","","","","","","","",""
"54405001","NANCY-OCHEY",48.581,5.959833,336,1982091421,"","","","",2.,1,120,1,"","","","","","","","","","","","","","","","","","","","","","","","","","","","",18.4,1,16.2,1,"","","","","","","","","","","","","","","","","","","","","","","","","","",90,1,"","","","","","","","","","","","",19.,1,1020.,1,"","","","","","","","","","","","","","","","","","","","","","","","","","","","","","","","","","","","","","","","","","","","","","","","","","","","","","","","","","","","","","","","","","","","","","","","","","","","","","","","","","","","","","","","","","","","","","","","","","","","","","","","","","","","","","","","","",""
"54405001","NANCY-OCHEY",48.581,5.959833,336,1982091500,"","","","",3.,1,140,1,"","","","","","","","","","","","","","","","","","","","","","","","","","","","",16.4,1,15.4,1,"","","","","","","","","","","","","","","","","","","","","","","","","","",97,1,"","","","","","","","","","","","",18.1,1,1020.3,1,"","","","","","","","","","","","","","","","","","","","","","","","","","","","","","","","","","","","","","","","","","","","","","","","","","","","","","","","","","","","","","","","","","","","","","","","","","","","","","","","","","","","","","","","","","","","","","","","","","","","","","","","","","","","","","","","","",""
"54405001","NANCY-OCHEY",48.581,5.959833,336,1982091503,"","","","",0.,1,0,1,"","","","","","","","","","","","","","","","","","","","","","","","","","","","",13.7,1,13.7,1,"","","","","","","","","","","","","","","","","","","","","","","","","","",100,1,"","","","","","","","","","","","",15.7,1,1020.8,1,"","","","","","","","","","","","","","","","","","","","","","","","","","","","","","","","","","","","","","","","","","","","","","","","","","","","","","","","","","","","","","","","","","","","","","","","","","","","","","","","","","","","","","","","","","","","","","","","","","","","","","","","","","","","","","","","","",""
"54405001","NANCY-OCHEY",48.581,5.959833,336,1982091506,"","","","",2.,1,140,1,"","","","","","","","","","","","","","","","","","","","","","","","","","","","",13.5,1,13.5,1,"","","","","","","","","","","","","","","","","","","","","","","","","","",100,1,"","","","","","","","","","","","",15.5,1,1021.2,1,"","","","","","",0,1,"","",0,1,0,1,0,1,"","","","","","","","","","","","","","","","","","","","","","","","",500,1,"","",42,1,4,1,"","",0,1,"","","","","","","","","","","","","","","","","","","","","","","","","","","","","","","","","","","","","","","","","","","","","","","","","","","","","","","","","","","","","",""
"54405001","NANCY-OCHEY",48.581,5.959833,336,1982091509,"","","","",2.,1,140,1,"","","","","","","","","","","","","","","","","","","","","","","","","","","","",20.2,1,16.1,1,"","","","","","","","","","","","","","","","","","","","","","","","","","",80,1,"","","","","","","","","","","","",18.9,1,1021.2,1,"","","","","","",0,1,"","",0,1,0,1,0,1,"","","","","","","","","","","","","","","","","","","","","","","","",3000,1,"","",10,1,4,1,"","","","","","","","","","","","","","","","","","","","","","","","","","","","","","","","","","","","","","","","","","","","","","","","","","","","","","","","","","","","","","","","","",""
"54405001","NANCY-OCHEY",48.581,5.959833,336,1982091512,"","","","",2.,1,160,1,"","","","","","","","","","","","","","","","","","","","","","","","","","","","",25.3,1,18.,1,"","","","","","","","","","","","","","","","","","","","","","","","","","",66,1,"","","","","","","","","","","","",21.4,1,1020.6,1,"","","","","","",2,1,0,1,2,1,0,1,0,1,"","","","","","","","","","","","","","","","","","","","","","","","",5000,1,"","",3,1,4,1,"","","","","","","","","","","","","","","","","","","","","","","","","","","","","","","","","","","","","","","","","","","","","","","","","","","","","","","","","","","","","","","","","",""
"54405001","NANCY-OCHEY",48.581,5.959833,336,1982091515,"","","","",3.,1,160,1,"","","","","","","","","","","","","","","","","","","","","","","","","","","","",26.3,1,16.3,1,"","","","","","","","","","","","","","","","","","","","","","","","","","",56,1,"","","","","","","","","","","","",19.2,1,1019.4,1,"","","","","","",0,1,"","",0,1,0,1,0,1,"","","","","","","","","","","","","","","","","","","","","","","","",7000,1,"","",2,1,0,1,"","","","","","","","","","","","","","","","","","","","","","","","","","","","","","","","","","","","","","","","","","","","","","","","","","","","","","","","","","","","","","","","","",""
"54405001","NANCY-OCHEY",48.581,5.959833,336,1982091518,"","","","",2.,1,160,1,"","","","","","","","","","","","","","","","","","","","","","","","","","","","",22.,1,16.6,1,"","","","","","","","","","","","","","","","","","","","","","","","","","",74,1,"","","","","","","","","","","","",19.5,1,1020.3,1,"","","","","","",0,1,"","",0,1,0,1,0,1,"","","","","","","","","","","","","","","","","","","","","","","","",6000,1,"","",2,1,0,1,"","","","","","","","","","","","","","","","","","","","","","","","","","","","","","","","","","","","","","","","","","","","","","","","","","","","","","","","","","","","","","","","","",""
"54405001","NANCY-OCHEY",48.581,5.959833,336,1982091521,"","","","",2.,1,140,1,"","","","","","","","","","","","","","","","","","","","","","","","","","","","",19.,1,16.8,1,"","","","","","","","","","","","","","","","","","","","","","","","","","",90,1,"","","","","","","","","","","","",19.8,1,1021.7,1,"","","","","","","","","","","","","","","","","","","","","","","","","","","","","","","","","","","","","","","","","","","","","","","","","","","","","","","","","","","","","","","","","","","","","","","","","","","","","","","","","","","","","","","","","","","","","","","","","","","","","","","","","","","","","","","","","",""
"54405001","NANCY-OCHEY",48.581,5.959833,336,1982091600,"","","","",2.,1,160,1,"","","","","","","","","","","","","","","","","","","","","","","","","","","","",16.7,1,15.4,1,"","","","","","","","","","","","","","","","","","","","","","","","","","",95,1,"","","","","","","","","","","","",18.1,1,1022.4,1,"","","","","","","","","","","","","","","","","","","","","","","","","","","","","","","","","","","","","","","","","","","","","","","","","","","","","","","","","","","","","","","","","","","","","","","","","","","","","","","","","","","","","","","","","","","","","","","","","","","","","","","","","","","","","","","","","",""
"54405001","NANCY-OCHEY",48.581,5.959833,336,1982091603,"","","","",2.,1,180,1,"","","","","","","","","","","","","","","","","","","","","","","","","","","","",14.6,1,13.5,1,"","","","","","","","","","","","","","","","","","","","","","","","","","",96,1,"","","","","","","","","","","","",15.9,1,1022.7,1,"","","","","","","","","","","","","","","","","","","","","","","","","","","","","","","","","","","","","","","","","","","","","","","","","","","","","","","","","","","","","","","","","","","","","","","","","","","","","","","","","","","","","","","","","","","","","","","","","","","","","","","","","","","","","","","","","",""
"54405001","NANCY-OCHEY",48.581,5.959833,336,1982091606,"","","","",1.,1,180,1,"","","","","","","","","","","","","","","","","","","","","","","","","","","","",13.1,1,12.1,1,"","","","","","","","","","","","","","","","","","","","","","","","","","",96,1,"","","","","","","","","","","","",14.5,1,1023.2,1,"","","","","","",0,1,"","",0,1,0,1,0,1,"","","","","","","","","","","","","","","","","","","","","","","","",1000,1,"","",10,1,4,1,"","",0,1,"","","","","","","","","","","","","","","","","","","","","","","","","","","","","","","","","","","","","","","","","","","","","","","","","","","","","","","","","","","","","",""
"54405001","NANCY-OCHEY",48.581,5.959833,336,1982091609,"","","","",1.,1,320,1,"","","","","","","","","","","","","","","","","","","","","","","","","","","","",18.6,1,15.9,1,"","","","","","","","","","","","","","","","","","","","","","","","","","",87,1,"","","","","","","","","","","","",18.7,1,1023.6,1,"","","","","","",0,1,"","",0,1,0,1,0,1,"","","","","","","","","","","","","","","","","","","","","","","","",4000,1,"","",10,1,4,1,"","","","","","","","","","","","","","","","","","","","","","","","","","","","","","","","","","","","","","","","","","","","","","","","","","","","","","","","","","","","","","","","","",""
"54405001","NANCY-OCHEY",48.581,5.959833,336,1982091612,"","","","",2.,1,40,1,"","","","","","","","","","","","","","","","","","","","","","","","","","","","",25.2,1,15.2,1,"","","","","","","","","","","","","","","","","","","","","","","","","","",56,1,"","","","","","","","","","","","",17.8,1,1022.2,1,"","","","","","",1,1,0,1,1,1,0,1,0,1,"","","","","","","","","","","","","","","","","","","","","","","","",6000,1,"","",3,1,4,1,"","","","","","","","","","","","","","","","","","","","","","","","","","","","","","","","","","","","","","","","","","","","","","","","","","","","","","","","","","","","","","","","","",""
"54405001","NANCY-OCHEY",48.581,5.959833,336,1982091615,"","","","",2.,1,60,1,"","","","","","","","","","","","","","","","","","","","","","","","","","","","",25.8,1,16.6,1,"","","","","","","","","","","","","","","","","","","","","","","","","","",59,1,"","","","","","","","","","","","",19.6,1,1021.1,1,"","","","","","",0,1,"","",0,1,0,1,0,1,"","","","","","","","","","","","","","","","","","","","","","","","",6000,1,"","",2,1,0,1,"","","","","","","","","","","","","","","","","","","","","","","","","","","","","","","","","","","","","","","","","","","","","","","","","","","","","","","","","","","","","","","","","",""
"54405001","NANCY-OCHEY",48.581,5.959833,336,1982091618,"","","","",0.,1,0,1,"","","","","","","","","","","","","","","","","","","","","","","","","","","","",22.7,1,17.9,1,"","","","","","","","","","","","","","","","","","","","","","","","","","",77,1,"","","","","","","","","","","","",21.2,1,1021.5,1,"","","","","","",0,1,"","",0,1,0,1,0,1,"","","","","","","","","","","","","","","","","","","","","","","","",4000,1,"","",10,1,0,1,"","","","","","","","","","","","","","","","","","","","","","","","","","","","","","","","","","","","","","","","","","","","","","","","","","","","","","","","","","","","","","","","","",""
"54405001","NANCY-OCHEY",48.581,5.959833,336,1982091621,"","","","",0.,1,0,1,"","","","","","","","","","","","","","","","","","","","","","","","","","","","",18.2,1,17.,1,"","","","","","","","","","","","","","","","","","","","","","","","","","",96,1,"","","","","","","","","","","","",20.1,1,1022.9,1,"","","","","","","","","","","","","","","","","","","","","","","","","","","","","","","","","","","","","","","","","","","","","","","","","","","","","","","","","","","","","","","","","","","","","","","","","","","","","","","","","","","","","","","","","","","","","","","","","","","","","","","","","","","","","","","","","",""
"54405001","NANCY-OCHEY",48.581,5.959833,336,1982091700,"","","","",2.,1,240,1,"","","","","","","","","","","","","","","","","","","","","","","","","","","","",16.1,1,16.1,1,"","","","","","","","","","","","","","","","","","","","","","","","","","",99,1,"","","","","","","","","","","","",18.1,1,1022.7,1,"","","","","","","","","","","","","","","","","","","","","","","","","","","","","","","","","","","","","","","","","","","","","","","","","","","","","","","","","","","","","","","","","","","","","","","","","","","","","","","","","","","","","","","","","","","","","","","","","","","","","","","","","","","","","","","","","",""
"54405001","NANCY-OCHEY",48.581,5.959833,336,1982091703,"","","","",1.,1,240,1,"","","","","","","","","","","","","","","","","","","","","","","","","","","","",14.7,1,14.7,1,"","","","","","","","","","","","","","","","","","","","","","","","","","",100,1,"","","","","","","","","","","","",16.7,1,1022.6,1,"","","","","","","","","","","","","","","","","","","","","","","","","","","","","","","","","","","","","","","","","","","","","","","","","","","","","","","","","","","","","","","","","","","","","","","","","","","","","","","","","","","","","","","","","","","","","","","","","","","","","","","","","","","","","","","","","",""
"54405001","NANCY-OCHEY",48.581,5.959833,336,1982091706,"","","","",0.,1,0,1,"","","","","","","","","","","","","","","","","","","","","","","","","","","","",14.,1,14.,1,"","","","","","","","","","","","","","","","","","","","","","","","","","",100,1,"","","","","","","","","","","","",16.,1,1022.2,1,"","","","","","",1,1,0,1,0,1,0,1,1,1,"","","","","","","","","","","","","","","","","","","","","","","","",100,1,"","",44,1,4,1,"","",0,1,"","","","","","","","","","","","","","","","","","","","","","","","","","","","","","","","","","","","","","","","","","","","","","","","","","","","","","","","","","","","","",""
"54405001","NANCY-OCHEY",48.581,5.959833,336,1982091709,"","","","",1.,1,280,1,"","","","","","","","","","","","","","","","","","","","","","","","","","","","",17.4,1,17.4,1,"","","","","","","","","","","","","","","","","","","","","","","","","","",100,1,"","","","","","","","","","","","",19.9,1,1021.9,1,"","","","","","",1,1,0,1,0,1,0,1,1,1,"","","","","","","","","","","","","","","","","","","","","","","","",1800,1,"","",10,1,4,1,"","","","","","","","","","","","","","","","","","","","","","","","","","","","","","","","","","","","","","","","","","","","","","","","","","","","","","","","","","","","","","","","","",""
"54405001","NANCY-OCHEY",48.581,5.959833,336,1982091712,"","","","",2.,1,340,1,"","","","","","","","","","","","","","","","","","","","","","","","","","","","",25.,1,18.1,1,"","","","","","","","","","","","","","","","","","","","","","","","","","",68,1,"","","","","","","","","","","","",21.6,1,1020.1,1,"","","","","","",0,1,"","",0,1,0,1,0,1,"","","","","","","","","","","","","","","","","","","","","","","","",6000,1,"","",2,1,4,1,"","","","","","","","","","","","","","","","","","","","","","","","","","","","","","","","","","","","","","","","","","","","","","","","","","","","","","","","","","","","","","","","","",""
"54405001","NANCY-OCHEY",48.581,5.959833,336,1982091715,"","","","",1.,1,80,1,"","","","","","","","","","","","","","","","","","","","","","","","","","","","",25.3,1,17.9,1,"","","","","","","","","","","","","","","","","","","","","","","","","","",66,1,"","","","","","","","","","","","",21.2,1,1018.8,1,"","","","","","",2,1,0,1,2,1,0,1,0,1,"","","","","","","","","","","","","","","","","","","","","","","","",7000,1,"","",1,1,0,1,"","","","","","","","","","","","","","","","","","","","","","","","","","","","","","","","","","","","","","","","","","","","","","","","","","","","","","","","","","","","","","","","","",""
"54405001","NANCY-OCHEY",48.581,5.959833,336,1982091718,"","","","",2.,1,140,1,"","","","","","","","","","","","","","","","","","","","","","","","","","","","",21.8,1,17.3,1,"","","","","","","","","","","","","","","","","","","","","","","","","","",78,1,"","","","","","","","","","","","",20.4,1,1018.9,1,"","","","","","",2,1,0,1,1,1,0,1,1,1,"","","","","","","","","","","","","","","","","","","","","","","","",5000,1,"","",1,1,0,1,"","","","","","","","","","","","","","","","","","","","","","","","","","","","","","","","","","","","","","","","","","","","","","","","","","","","","","","","","","","","","","","","","",""
"54405001","NANCY-OCHEY",48.581,5.959833,336,1982091721,"","","","",3.,1,140,1,"","","","","","","","","","","","","","","","","","","","","","","","","","","","",17.8,1,15.9,1,"","","","","","","","","","","","","","","","","","","","","","","","","","",92,1,"","","","","","","","","","","","",18.7,1,1019.6,1,"","","","","","","","","","","","","","","","","","","","","","","","","","","","","","","","","","","","","","","","","","","","","","","","","","","","","","","","","","","","","","","","","","","","","","","","","","","","","","","","","","","","","","","","","","","","","","","","","","","","","","","","","","","","","","","","","",""
"54405001","NANCY-OCHEY",48.581,5.959833,336,1982091800,"","","","",2.,1,160,1,"","","","","","","","","","","","","","","","","","","","","","","","","","","","",16.5,1,15.,1,"","","","","","","","","","","","","","","","","","","","","","","","","","",94,1,"","","","","","","","","","","","",17.6,1,1019.6,1,"","","","","","","","","","","","","","","","","","","","","","","","","","","","","","","","","","","","","","","","","","","","","","","","","","","","","","","","","","","","","","","","","","","","","","","","","","","","","","","","","","","","","","","","","","","","","","","","","","","","","","","","","","","","","","","","","",""
"54405001","NANCY-OCHEY",48.581,5.959833,336,1982091803,"","","","",3.,1,160,1,"","","","","","","","","","","","","","","","","","","","","","","","","","","","",16.3,1,15.5,1,"","","","","","","","","","","","","","","","","","","","","","","","","","",98,1,"","","","","","","","","","","","",18.2,1,1018.9,1,"","","","","","","","","","","","","","","","","","","","","","","","","","","","","","","","","","","","","","","","","","","","","","","","","","","","","","","","","","","","","","","","","","","","","","","","","","","","","","","","","","","","","","","","","","","","","","","","","","","","","","","","","","","","","","","","","",""
"54405001","NANCY-OCHEY",48.581,5.959833,336,1982091806,"","","","",3.,1,160,1,"","","","","","","","","","","","","","","","","","","","","","","","","","","","",14.3,1,14.3,1,"","","","","","","","","","","","","","","","","","","","","","","","","","",100,1,"","","","","","","","","","","","",16.3,1,1018.9,1,"","","","","","",3,1,0,1,0,1,0,1,2,1,"","","","","","","","","","","","","","","","","","","","","","","","",1500,1,"","",10,1,0,1,"","",0,1,"","","","","","","","","","","","","","","","","","","","","","","","","","","","","","","","","","","","","","","","","","","","","","","","","","","","","","","","","","","","","",""
"54405001","NANCY-OCHEY",48.581,5.959833,336,1982091809,"","","","",2.,1,180,1,"","","","","","","","","","","","","","","","","","","","","","","","","","","","",21.2,1,14.7,1,"","","","","","","","","","","","","","","","","","","","","","","","","","",68,1,"","","","","","","","","","","","",17.2,1,1018.2,1,"","","","","","",3,1,0,1,2,1,0,1,1,1,"","","","","","","","","","","","","","","","","","","","","","","","",8000,1,"","",3,1,0,1,"","","","","","","","","","","","","","","","","","","","","","","","","","","","","","","","","","","","","","","","","","","","","","","","","","","","","","","","","","","","","","","","","",""
"54405001","NANCY-OCHEY",48.581,5.959833,336,1982091812,"","","","",5.,1,260,1,"","","","","","","","","","","","","","","","","","","","","","","","","","","","",25.7,1,14.1,1,"","","","","","","","","","","","","","","","","","","","","","","","","","",50,1,"","","","","","","","","","","","",16.6,1,1017.1,1,"","","","","","",5,1,0,1,2,1,8,1,1,1,"","","","","","","","","","","","","","","","","","","","","","","","",18000,1,"","",3,1,1,1,"","","","","","","","","","","","","","","","","","","","","","","","","","","","","","","","","","","","","","","","","","","","","","","","","","","","","","","","","","","","","","","","","",""
"54405001","NANCY-OCHEY",48.581,5.959833,336,1982091815,"","","","",4.,1,200,1,"","","","","","","","","","","","","","","","","","","","","","","","","","","","",25.4,1,13.8,1,"","","","","","","","","","","","","","","","","","","","","","","","","","",50,1,"","","","","","","","","","","","",16.2,1,1016.3,1,"","","","","","","","","","","","","","","","","","","","","","","","","","","","","","","","","","","","","","","","","","","","","","","","","","","","","","","","","","","","","","","","","","","","","","","","","","","","","","","","","","","","","","","","","","","","","","","","","","","","","","","","","","","","","","","","","",""
"54405001","NANCY-OCHEY",48.581,5.959833,336,1982091818,"","","","",2.,1,140,1,"","","","","","","","","","","","","","","","","","","","","","","","","","","","",17.8,1,13.9,1,"","","","","","","","","","","","","","","","","","","","","","","","","","",80,1,"","","","","","","","","","","","",16.3,1,1016.9,1,"","","","","","","","","","","","","","","","","","","","","","","","","","","","","","","","","","","","","","","","","","","","","","","","","","","","","","","","","","","","","","","","","","","","","","","","","","","","","","","","","","","","","","","","","","","","","","","","","","","","","","","","","","","","","","","","","",""
"54405001","NANCY-OCHEY",48.581,5.959833,336,1982091821,"","","","",2.,1,180,1,"","","","","","","","","","","","","","","","","","","","","","","","","","","","",17.4,1,14.4,1,"","","","","","","","","","","","","","","","","","","","","","","","","","",85,1,"","","","","","","","","","","","",16.9,1,1017.4,1,"","","","","","","","","","","","","","","","","","","","","","","","","","","","","","","","","","","","","","","","","","","","","","","","","","","","","","","","","","","","","","","","","","","","","","","","","","","","","","","","","","","","","","","","","","","","","","","","","","","","","","","","","","","","","","","","","",""
"54405001","NANCY-OCHEY",48.581,5.959833,336,1982091900,"","","","",2.,1,160,1,"","","","","","","","","","","","","","","","","","","","","","","","","","","","",17.3,1,14.7,1,"","","","","","","","","","","","","","","","","","","","","","","","","","",87,1,"","","","","","","","","","","","",17.2,1,1017.5,1,"","","","","","","","","","","","","","","","","","","","","","","","","","","","","","","","","","","","","","","","","","","","","","","","","","","","","","","","","","","","","","","","","","","","","","","","","","","","","","","","","","","","","","","","","","","","","","","","","","","","","","","","","","","","","","","","","",""
"54405001","NANCY-OCHEY",48.581,5.959833,336,1982091903,"","","","",2.,1,160,1,"","","","","","","","","","","","","","","","","","","","","","","","","","","","",14.5,1,12.6,1,"","","","","","","","","","","","","","","","","","","","","","","","","","",91,1,"","","","","","","","","","","","",15.,1,1017.7,1,"","","","","","","","","","","","","","","","","","","","","","","","","","","","","","","","","","","","","","","","","","","","","","","","","","","","","","","","","","","","","","","","","","","","","","","","","","","","","","","","","","","","","","","","","","","","","","","","","","","","","","","","","","","","","","","","","",""
"54405001","NANCY-OCHEY",48.581,5.959833,336,1982091906,"","","","",2.,1,160,1,"","","","","","","","","","","","","","","","","","","","","","","","","","","","",14.,1,12.1,1,"","","","","","","","","","","","","","","","","","","","","","","","","","",91,1,"","","","","","","","","","","","",14.5,1,1017.9,1,"","","","","","",0,1,"","",0,1,0,1,0,1,"","","","","","","","","","","","","","","","","","","","","","","","",4000,1,"","",10,1,0,1,"","",0,1,"","","","","","","","","","","","","","","","","","","","","","","","","","","","","","","","","","","","","","","","","","","","","","","","","","","","","","","","","","","","","",""
"54405001","NANCY-OCHEY",48.581,5.959833,336,1982091909,"","","","",3.,1,160,1,"","","","","","","","","","","","","","","","","","","","","","","","","","","","",20.6,1,15.1,1,"","","","","","","","","","","","","","","","","","","","","","","","","","",73,1,"","","","","","","","","","","","",17.7,1,1017.3,1,"","","","","","",0,1,"","",0,1,0,1,0,1,"","","","","","","","","","","","","","","","","","","","","","","","",6000,1,"","",2,1,0,1,"","","","","","","","","","","","","","","","","","","","","","","","","","","","","","","","","","","","","","","","","","","","","","","","","","","","","","","","","","","","","","","","","",""
"54405001","NANCY-OCHEY",48.581,5.959833,336,1982091912,"","","","",4.,1,200,1,"","","","","","","","","","","","","","","","","","","","","","","","","","","","",24.7,1,15.2,1,"","","","","","","","","","","","","","","","","","","","","","","","","","",57,1,"","","","","","","","","","","","",17.8,1,1015.5,1,"","","","","","",1,1,0,1,1,1,0,1,0,1,"","","","","","","","","","","","","","","","","","","","","","","","",9000,1,"","",3,1,0,1,"","","","","","","","","","","","","","","","","","","","","","","","","","","","","","","","","","","","","","","","","","","","","","","","","","","","","","","","","","","","","","","","","",""
"54405001","NANCY-OCHEY",48.581,5.959833,336,1982091915,"","","","",4.,1,160,1,"","","","","","","","","","","","","","","","","","","","","","","","","","","","",25.,1,14.6,1,"","","","","","","","","","","","","","","","","","","","","","","","","","",54,1,"","","","","","","","","","","","",17.1,1,1015.,1,"","","","","","","","","","","","","","","","","","","","","","","","","","","","","","","","","","","","","","","","","","","","","","","","","","","","","","","","","","","","","","","","","","","","","","","","","","","","","","","","","","","","","","","","","","","","","","","","","","","","","","","","","","","","","","","","","",""
"54405001","NANCY-OCHEY",48.581,5.959833,336,1982091918,"","","","",3.,1,160,1,"","","","","","","","","","","","","","","","","","","","","","","","","","","","",21.6,1,16.,1,"","","","","","","","","","","","","","","","","","","","","","","","","","",73,1,"","","","","","","","","","","","",18.8,1,1015.,1,"","","","","","","","","","","","","","","","","","","","","","","","","","","","","","","","","","","","","","","","","","","","","","","","","","","","","","","","","","","","","","","","","","","","","","","","","","","","","","","","","","","","","","","","","","","","","","","","","","","","","","","","","","","","","","","","","",""
"54405001","NANCY-OCHEY",48.581,5.959833,336,1982091921,"","","","",2.,1,140,1,"","","","","","","","","","","","","","","","","","","","","","","","","","","","",17.,1,15.4,1,"","","","","","","","","","","","","","","","","","","","","","","","","","",93,1,"","","","","","","","","","","","",18.,1,1016.9,1,"","","","","","","","","","","","","","","","","","","","","","","","","","","","","","","","","","","","","","","","","","","","","","","","","","","","","","","","","","","","","","","","","","","","","","","","","","","","","","","","","","","","","","","","","","","","","","","","","","","","","","","","","","","","","","","","","",""
"54405001","NANCY-OCHEY",48.581,5.959833,336,1982092000,"","","","",3.,1,160,1,"","","","","","","","","","","","","","","","","","","","","","","","","","","","",17.2,1,16.,1,"","","","","","","","","","","","","","","","","","","","","","","","","","",96,1,"","","","","","","","","","","","",18.8,1,1016.1,1,"","","","","","","","","","","","","","","","","","","","","","","","","","","","","","","","","","","","","","","","","","","","","","","","","","","","","","","","","","","","","","","","","","","","","","","","","","","","","","","","","","","","","","","","","","","","","","","","","","","","","","","","","","","","","","","","","",""
"54405001","NANCY-OCHEY",48.581,5.959833,336,1982092003,"","","","",3.,1,180,1,"","","","","","","","","","","","","","","","","","","","","","","","","","","","",16.8,1,15.9,1,"","","","","","","","","","","","","","","","","","","","","","","","","","",98,1,"","","","","","","","","","","","",18.7,1,1014.9,1,"","","","","","","","","","","","","","","","","","","","","","","","","","","","","","","","","","","","","","","","","","","","","","","","","","","","","","","","","","","","","","","","","","","","","","","","","","","","","","","","","","","","","","","","","","","","","","","","","","","","","","","","","","","","","","","","","",""
"54405001","NANCY-OCHEY",48.581,5.959833,336,1982092006,"","","","",3.,1,180,1,"","","","","","","","","","","","","","","","","","","","","","","","","","","","",16.8,1,15.8,1,"","","","","","","","","","","","","","","","","","","","","","","","","","",97,1,"","","","","","","","","","","","",18.5,1,1015.,1,"","","","","","",5,1,0,1,4,1,8,1,0,1,"","","","","","","","","","","","","","","","","","","","","","","","",8000,1,"","",3,1,8,1,"","",0,1,"","","","","","","","","","","","","","","","","","","","","","","","","","","","","","","","","","","","","","","","","","","","","","","","","","","","","","","","","","","","","",""
"54405001","NANCY-OCHEY",48.581,5.959833,336,1982092009,"","","","",4.,1,200,1,"","","","","","","","","","","","","","","","","","","","","","","","","","","","",20.7,1,13.9,1,"","","","","","","","","","","","","","","","","","","","","","","","","","",67,1,"","","","","","","","","","","","",16.4,1,1014.7,1,"","","","","","",3,1,0,1,0,1,8,1,1,1,"","","","","","","","","","","","","","","","","","","","","","","","",15000,1,"","",3,1,1,1,"","","","","","","","","","","","","","","","","","","","","","","","","","","","","","","","","","","","","","","","","","","","","","","","","","","","","","","","","","","","","","","","","",""
"54405001","NANCY-OCHEY",48.581,5.959833,336,1982092012,"","","","",4.,1,200,1,"","","","","","","","","","","","","","","","","","","","","","","","","","","","",20.5,1,15.,1,"","","","","","","","","","","","","","","","","","","","","","","","","","",73,1,"","","","","","","","","","","","",17.6,1,1014.7,1,"","","","","","",6,1,5,1,8,1,3,1,0,1,"","","","","","","","","","","","","","","","","","","","","","","","",15000,1,"","",3,1,2,1,"","","","","","","","","","","","","","","","","","","","","","","","","","","","","","","","","","","","","","","","","","","","","","","","","","","","","","","","","","","","","","","","","",""
"54405001","NANCY-OCHEY",48.581,5.959833,336,1982092015,"","","","",5.,1,180,1,"","","","","","","","","","","","","","","","","","","","","","","","","","","","",22.1,1,15.4,1,"","","","","","","","","","","","","","","","","","","","","","","","","","",68,1,"","","","","","","","","","","","",18.,1,1013.,1,"","","","","","",5,1,0,1,2,1,3,1,2,1,"","","","","","","","","","","","","","","","","","","","","","","","",13000,1,"","",1,1,2,1,"","","","","","","","","","","","","","","","","","","","","","","","","","","","","","","","","","","","","","","","","","","","","","","","","","","","","","","","","","","","","","","","","",""
"54405001","NANCY-OCHEY",48.581,5.959833,336,1982092018,"","","","",3.,1,200,1,"","","","","","","","","","","","","","","","","","","","","","","","","","","","",15.5,1,14.1,1,"","","","","","","","","","","","","","","","","","","","","","","","","","",95,1,"","","","","","","","","","","","",16.6,1,1013.9,1,"","","","","","",6,1,5,1,9,1,6,1,0,1,"","","","","","","","","","","","","","","","","","","","","","","","",11000,1,"","",29,1,9,1,"","","","","","","","","","","","","","","","","","","","","","","","","","","","","","","","","","","","","","","","","","","","","","","","","","","","","","","","","","","","","","","","","",""
"54405001","NANCY-OCHEY",48.581,5.959833,336,1982092021,"","","","",7.,1,260,1,"","","","","","","","","","","","","","","","","","","","","","","","","","","","",17.,1,15.5,1,"","","","","","","","","","","","","","","","","","","","","","","","","","",94,1,"","","","","","","","","","","","",18.2,1,1014.7,1,"","","","","","","","","","","","","","","","","","","","","","","","","","","","","","","","","","","","","","","","","","","","","","","","","","","","","","","","","","","","","","","","","","","","","","","","","","","","","","","","","","","","","","","","","","","","","","","","","","","","","","","","","","","","","","","","","",""
"54405001","NANCY-OCHEY",48.581,5.959833,336,1982092100,"","","","",5.,1,180,1,"","","","","","","","","","","","","","","","","","","","","","","","","","","","",16.,1,15.,1,"","","","","","","","","","","","","","","","","","","","","","","","","","",97,1,"","","","","","","","","","","","",17.6,1,1014.9,1,"","","","","","","","","","","","","","","","","","","","","","","","","","","","","","","","","","","","","","","","","","","","","","","","","","","","","","","","","","","","","","","","","","","","","","","","","","","","","","","","","","","","","","","","","","","","","","","","","","","","","","","","","","","","","","","","","",""
"54405001","NANCY-OCHEY",48.581,5.959833,336,1982092103,"","","","",7.,1,200,1,"","","","","","","","","","","","","","","","","","","","","","","","","","","","",15.8,1,14.8,1,"","","","","","","","","","","","","","","","","","","","","","","","","","",97,1,"","","","","","","","","","","","",17.4,1,1013.6,1,"","","","","","","","","","","","","","","","","","","","","","","","","","","","","","","","","","","","","","","","","","","","","","","","","","","","","","","","","","","","","","","","","","","","","","","","","","","","","","","","","","","","","","","","","","","","","","","","","","","","","","","","","","","","","","","","","",""
"54405001","NANCY-OCHEY",48.581,5.959833,336,1982092106,"","","","",6.,1,200,1,"","","","","","","","","","","","","","","","","","","","","","","","","","","","",15.,1,14.,1,"","","","","","","","","","","","","","","","","","","","","","","","","","",97,1,"","","","","","","","","","","","",16.5,1,1013.2,1,"","","","","","",2,1,0,1,0,1,3,1,1,1,"","","","","","","","","","","","","","","","","","","","","","","","",6000,1,"","",3,1,0,1,"","",0,1,"","","","","","","","","","","","","","","","","","","","","","","","","","","","","","","","","","","","","","","","","","","","","","","","","","","","","","","","","","","","","",""
"54405001","NANCY-OCHEY",48.581,5.959833,336,1982092109,"","","","",8.,1,200,1,"","","","","","","","","","","","","","","","","","","","","","","","","","","","",19.3,1,14.6,1,"","","","","","","","","","","","","","","","","","","","","","","","","","",77,1,"","","","","","","","","","","","",17.1,1,1012.8,1,"","","","","","",3,1,0,1,0,1,3,1,1,1,"","","","","","","","","","","","","","","","","","","","","","","","",10000,1,"","",3,1,0,1,"","","","","","","","","","","","","","","","","","","","","","","","","","","","","","","","","","","","","","","","","","","","","","","","","","","","","","","","","","","","","","","","","",""
"54405001","NANCY-OCHEY",48.581,5.959833,336,1982092112,"","","","",8.,1,220,1,"","","","","","","","","","","","","","","","","","","","","","","","","","","","",22.6,1,14.2,1,"","","","","","","","","","","","","","","","","","","","","","","","","","",61,1,"","","","","","","","","","","","",16.7,1,1010.9,1,"","","","","","",7,1,5,1,2,1,0,1,4,1,"","","","","","","","","","","","","","","","","","","","","","","","",20000,1,"","",3,1,1,1,"","","","","","","","","","","","","","","","","","","","","","","","","","","","","","","","","","","","","","","","","","","","","","","","","","","","","","","","","","","","","","","","","",""
"54405001","NANCY-OCHEY",48.581,5.959833,336,1982092115,"","","","",8.,1,220,1,"","","","","","","","","","","","","","","","","","","","","","","","","","","","",23.,1,15.8,1,"","","","","","","","","","","","","","","","","","","","","","","","","","",66,1,"","","","","","","","","","","","",18.6,1,1008.8,1,"","","","","","",7,1,5,1,2,1,3,1,2,1,"","","","","","","","","","","","","","","","","","","","","","","","",20000,1,"","",1,1,2,1,"","","","","","","","","","","","","","","","","","","","","","","","","","","","","","","","","","","","","","","","","","","","","","","","","","","","","","","","","","","","","","","","","",""
"54405001","NANCY-OCHEY",48.581,5.959833,336,1982092118,"","","","",6.,1,220,1,"","","","","","","","","","","","","","","","","","","","","","","","","","","","",20.1,1,16.2,1,"","","","","","","","","","","","","","","","","","","","","","","","","","",81,1,"","","","","","","","","","","","",19.,1,1008.5,1,"","","","","","",8,1,6,1,5,1,7,1,"","","","","","","","","","","","","","","","","","","","","","","","","","",10000,1,"","",3,1,2,1,"","","","","","","","","","","","","","","","","","","","","","","","","","","","","","","","","","","","","","","","","","","","","","","","","","","","","","","","","","","","","","","","","",""
"54405001","NANCY-OCHEY",48.581,5.959833,336,1982092121,"","","","","","","","","","","","","","","","","","","","","","","","","","","","","","","","","","","","",16.5,1,14.8,1,"","","","","","","","","","","","","","","","","","","","","","","","","","",93,1,"","","","","","","","","","","","",17.4,1,1010.2,1,"","","","","","","","","","","","","","","","","","","","","","","","","","","","","","","","","","","","","","","","","","","","","","","","","","","","","","","","","","","","","","","","","","","","","","","","","","","","","","","","","","","","","","","","","","","","","","","","","","","","","","","","","","","","","","","","","",""
"54405001","NANCY-OCHEY",48.581,5.959833,336,1982092200,"","","","","","","","","","","","","","","","","","","","","","","","","","","","","","","","","","","","",15.2,1,14.4,1,"","","","","","","","","","","","","","","","","","","","","","","","","","",98,1,"","","","","","","","","","","","",16.9,1,1010.1,1,"","","","","","","","","","","","","","","","","","","","","","","","","","","","","","","","","","","","","","","","","","","","","","","","","","","","","","","","","","","","","","","","","","","","","","","","","","","","","","","","","","","","","","","","","","","","","","","","","","","","","","","","","","","","","","","","","",""
"54405001","NANCY-OCHEY",48.581,5.959833,336,1982092203,"","","","","","","","","","","","","","","","","","","","","","","","","","","","","","","","","","","","",15.,1,15.,1,"","","","","","","","","","","","","","","","","","","","","","","","","","",99,1,"","","","","","","","","","","","",16.9,1,1010.1,1,"","","","","","","","","","","","","","","","","","","","","","","","","","","","","","","","","","","","","","","","","","","","","","","","","","","","","","","","","","","","","","","","","","","","","","","","","","","","","","","","","","","","","","","","","","","","","","","","","","","","","","","","","","","","","","","","","",""
"54405001","NANCY-OCHEY",48.581,5.959833,336,1982092206,"","","","",3.,1,340,1,"","","","","","","","","","","","","","","","","","","","","","","","","","","","",12.,1,12.,1,"","","","","","","","","","","","","","","","","","","","","","","","","","",100,1,"","","","","","","","","","","","",14.,1,1011.,1,"","","","","","",8,1,7,1,8,1,"","","","","","","","","","","","","","","","","","","","","","","","","","","","",2000,1,"","",58,1,6,1,"","",0,1,"","","","","","","","","","","","","","","","","","","","","","","","","","","","","","","","","","","","","","","","","","","","","","","","","","","","","","","","","","","","","",""
"54405001","NANCY-OCHEY",48.581,5.959833,336,1982092209,"","","","",4.,1,20,1,"","","","","","","","","","","","","","","","","","","","","","","","","","","","",11.7,1,10.9,1,"","","","","","","","","","","","","","","","","","","","","","","","","","",98,1,"","","","","","","","","","","","",13.4,1,1012.7,1,"","","","","","",8,1,7,1,7,1,"","","","","","","","","","","","","","","","","","","","","","","","","","","","",4000,1,"","",50,1,6,1,"","","","","","","","","","","","","","","","","","","","","","","","","","","","","","","","","","","","","","","","","","","","","","","","","","","","","","","","","","","","","","","","","",""
"54405001","NANCY-OCHEY",48.581,5.959833,336,1982092212,"","","","",2.,1,20,1,"","","","","","","","","","","","","","","","","","","","","","","","","","","","",12.,1,10.7,1,"","","","","","","","","","","","","","","","","","","","","","","","","","",94,1,"","","","","","","","","","","","",13.2,1,1013.2,1,"","","","","","",7,1,5,1,7,1,"","","","","","","","","","","","","","","","","","","","","","","","","","","","",8000,1,"","",1,1,6,1,"","","","","","","","","","","","","","","","","","","","","","","","","","","","","","","","","","","","","","","","","","","","","","","","","","","","","","","","","","","","","","","","","",""
"54405001","NANCY-OCHEY",48.581,5.959833,336,1982092215,"","","","",3.,1,40,1,"","","","","","","","","","","","","","","","","","","","","","","","","","","","",14.2,1,10.8,1,"","","","","","","","","","","","","","","","","","","","","","","","","","",82,1,"","","","","","","","","","","","",13.3,1,1011.8,1,"","","","","","",6,1,0,1,8,1,0,1,1,1,"","","","","","","","","","","","","","","","","","","","","","","","",24000,1,"","",1,1,2,1,"","","","","","","","","","","","","","","","","","","","","","","","","","","","","","","","","","","","","","","","","","","","","","","","","","","","","","","","","","","","","","","","","",""
"54405001","NANCY-OCHEY",48.581,5.959833,336,1982092218,"","","","",1.,1,100,1,"","","","","","","","","","","","","","","","","","","","","","","","","","","","",12.9,1,10.3,1,"","","","","","","","","","","","","","","","","","","","","","","","","","",86,1,"","","","","","","","","","","","",12.8,1,1011.8,1,"","","","","","",7,1,5,1,5,1,7,1,1,1,"","","","","","","","","","","","","","","","","","","","","","","","",15000,1,"","",1,1,2,1,"","","","","","","","","","","","","","","","","","","","","","","","","","","","","","","","","","","","","","","","","","","","","","","","","","","","","","","","","","","","","","","","","",""
"54405001","NANCY-OCHEY",48.581,5.959833,336,1982092221,"","","","","","","","","","","","","","","","","","","","","","","","","","","","","","","","","","","","",12.1,1,10.8,1,"","","","","","","","","","","","","","","","","","","","","","","","","","",94,1,"","","","","","","","","","","","",13.3,1,1011.5,1,"","","","","","","","","","","","","","","","","","","","","","","","","","","","","","","","","","","","","","","","","","","","","","","","","","","","","","","","","","","","","","","","","","","","","","","","","","","","","","","","","","","","","","","","","","","","","","","","","","","","","","","","","","","","","","","","","",""
"54405001","NANCY-OCHEY",48.581,5.959833,336,1982092300,"","","","","","","","","","","","","","","","","","","","","","","","","","","","","","","","","","","","",12.,1,11.1,1,"","","","","","","","","","","","","","","","","","","","","","","","","","",96,1,"","","","","","","","","","","","",13.5,1,1011.,1,"","","","","","","","","","","","","","","","","","","","","","","","","","","","","","","","","","","","","","","","","","","","","","","","","","","","","","","","","","","","","","","","","","","","","","","","","","","","","","","","","","","","","","","","","","","","","","","","","","","","","","","","","","","","","","","","","",""
"54405001","NANCY-OCHEY",48.581,5.959833,336,1982092303,"","","","","","","","","","","","","","","","","","","","","","","","","","","","","","","","","","","","",10.9,1,9.5,1,"","","","","","","","","","","","","","","","","","","","","","","","","","",93,1,"","","","","","","","","","","","",12.1,1,1012.6,1,"","","","","","","","","","","","","","","","","","","","","","","","","","","","","","","","","","","","","","","","","","","","","","","","","","","","","","","","","","","","","","","","","","","","","","","","","","","","","","","","","","","","","","","","","","","","","","","","","","","","","","","","","","","","","","","","","",""
"54405001","NANCY-OCHEY",48.581,5.959833,336,1982092306,"","","","",2.,1,300,1,"","","","","","","","","","","","","","","","","","","","","","","","","","","","",9.4,1,8.1,1,"","","","","","","","","","","","","","","","","","","","","","","","","","",93,1,"","","","","","","","","","","","",11.,1,1013.8,1,"","","","","","",7,1,7,1,5,1,7,1,"","","","","","","","","","","","","","","","","","","","","","","","","","",8000,1,"","",3,1,1,1,"","",0,1,"","","","","","","","","","","","","","","","","","","","","","","","","","","","","","","","","","","","","","","","","","","","","","","","","","","","","","","","","","","","","",""
"54405001","NANCY-OCHEY",48.581,5.959833,336,1982092309,"","","","",5.,1,240,1,"","","","","","","","","","","","","","","","","","","","","","","","","","","","",12.2,1,8.1,1,"","","","","","","","","","","","","","","","","","","","","","","","","","",77,1,"","","","","","","","","","","","",11.,1,1013.9,1,"","","","","","",7,1,7,1,2,1,3,1,2,1,"","","","","","","","","","","","","","","","","","","","","","","","",12000,1,"","",1,1,2,1,"","","","","","","","","","","","","","","","","","","","","","","","","","","","","","","","","","","","","","","","","","","","","","","","","","","","","","","","","","","","","","","","","",""
"54405001","NANCY-OCHEY",48.581,5.959833,336,1982092312,"","","","",6.,1,240,1,"","","","","","","","","","","","","","","","","","","","","","","","","","","","",13.9,1,6.9,1,"","","","","","","","","","","","","","","","","","","","","","","","","","",64,1,"","","","","","","","","","","","",10.1,1,1013.5,1,"","","","","","",7,1,5,1,2,1,3,1,1,1,"","","","","","","","","","","","","","","","","","","","","","","","",25000,1,"","",3,1,2,1,"","","","","","","","","","","","","","","","","","","","","","","","","","","","","","","","","","","","","","","","","","","","","","","","","","","","","","","","","","","","","","","","","",""
"54405001","NANCY-OCHEY",48.581,5.959833,336,1982092315,"","","","",4.,1,260,1,"","","","","","","","","","","","","","","","","","","","","","","","","","","","",14.4,1,7.3,1,"","","","","","","","","","","","","","","","","","","","","","","","","","",63,1,"","","","","","","","","","","","",10.4,1,1013.,1,"","","","","","",7,1,6,1,4,1,"","","","","","","","","","","","","","","","","","","","","","","","","","","","",25000,1,"","",3,1,2,1,"","","","","","","","","","","","","","","","","","","","","","","","","","","","","","","","","","","","","","","","","","","","","","","","","","","","","","","","","","","","","","","","","",""
"54405001","NANCY-OCHEY",48.581,5.959833,336,1982092318,"","","","",5.,1,200,1,"","","","","","","","","","","","","","","","","","","","","","","","","","","","",12.7,1,8.,1,"","","","","","","","","","","","","","","","","","","","","","","","","","",74,1,"","","","","","","","","","","","",10.9,1,1013.1,1,"","","","","","",7,1,7,1,0,1,3,1,"","","","","","","","","","","","","","","","","","","","","","","","","","",12000,1,"","",3,1,1,1,"","","","","","","","","","","","","","","","","","","","","","","","","","","","","","","","","","","","","","","","","","","","","","","","","","","","","","","","","","","","","","","","","",""
"54405001","NANCY-OCHEY",48.581,5.959833,336,1982092321,"","","","",6.,1,200,1,"","","","","","","","","","","","","","","","","","","","","","","","","","","","",11.8,1,7.,1,"","","","","","","","","","","","","","","","","","","","","","","","","","",74,1,"","","","","","","","","","","","",10.2,1,1013.6,1,"","","","","","","","","","","","","","","","","","","","","","","","","","","","","","","","","","","","","","","","","","","","","","","","","","","","","","","","","","","","","","","","","","","","","","","","","","","","","","","","","","","","","","","","","","","","","","","","","","","","","","","","","","","","","","","","","",""
"54405001","NANCY-OCHEY",48.581,5.959833,336,1982092400,"","","","",5.,1,180,1,"","","","","","","","","","","","","","","","","","","","","","","","","","","","",11.1,1,7.,1,"","","","","","","","","","","","","","","","","","","","","","","","","","",77,1,"","","","","","","","","","","","",10.2,1,1013.6,1,"","","","","","","","","","","","","","","","","","","","","","","","","","","","","","","","","","","","","","","","","","","","","","","","","","","","","","","","","","","","","","","","","","","","","","","","","","","","","","","","","","","","","","","","","","","","","","","","","","","","","","","","","","","","","","","","","",""
"54405001","NANCY-OCHEY",48.581,5.959833,336,1982092403,"","","","",3.,1,160,1,"","","","","","","","","","","","","","","","","","","","","","","","","","","","",10.7,1,7.3,1,"","","","","","","","","","","","","","","","","","","","","","","","","","",81,1,"","","","","","","","","","","","",10.4,1,1013.1,1,"","","","","","","","","","","","","","","","","","","","","","","","","","","","","","","","","","","","","","","","","","","","","","","","","","","","","","","","","","","","","","","","","","","","","","","","","","","","","","","","","","","","","","","","","","","","","","","","","","","","","","","","","","","","","","","","","",""
"54405001","NANCY-OCHEY",48.581,5.959833,336,1982092406,"","","","",3.,1,160,1,"","","","","","","","","","","","","","","","","","","","","","","","","","","","",10.6,1,7.7,1,"","","","","","","","","","","","","","","","","","","","","","","","","","",84,1,"","","","","","","","","","","","",10.7,1,1012.8,1,"","","","","","",6,1,0,1,5,1,3,1,0,1,"","","","","","","","","","","","","","","","","","","","","","","","",13000,1,"","",1,1,2,1,"","",0,1,"","","","","","","","","","","","","","","","","","","","","","","","","","","","","","","","","","","","","","","","","","","","","","","","","","","","","","","","","","","","","",""
"54405001","NANCY-OCHEY",48.581,5.959833,336,1982092409,"","","","",5.,1,160,1,"","","","","","","","","","","","","","","","","","","","","","","","","","","","",14.,1,8.9,1,"","","","","","","","","","","","","","","","","","","","","","","","","","",72,1,"","","","","","","","","","","","",11.6,1,1012.3,1,"","","","","","",6,1,6,1,5,1,0,1,4,1,"","","","","","","","","","","","","","","","","","","","","","","","",18000,1,"","",1,1,2,1,"","","","","","","","","","","","","","","","","","","","","","","","","","","","","","","","","","","","","","","","","","","","","","","","","","","","","","","","","","","","","","","","","",""
"54405001","NANCY-OCHEY",48.581,5.959833,336,1982092412,"","","","",6.,1,180,1,"","","","","","","","","","","","","","","","","","","","","","","","","","","","",17.5,1,9.7,1,"","","","","","","","","","","","","","","","","","","","","","","","","","",61,1,"","","","","","","","","","","","",12.3,1,1010.5,1,"","","","","","",6,1,6,1,2,1,0,1,2,1,"","","","","","","","","","","","","","","","","","","","","","","","",24000,1,"","",3,1,2,1,"","","","","","","","","","","","","","","","","","","","","","","","","","","","","","","","","","","","","","","","","","","","","","","","","","","","","","","","","","","","","","","","","",""
"54405001","NANCY-OCHEY",48.581,5.959833,336,1982092415,"","","","",7.,1,140,1,"","","","","","","","","","","","","","","","","","","","","","","","","","","","",19.,1,8.6,1,"","","","","","","","","","","","","","","","","","","","","","","","","","",52,1,"","","","","","","","","","","","",11.4,1,1008.5,1,"","","","","","",2,1,0,1,1,1,0,1,2,1,"","","","","","","","","","","","","","","","","","","","","","","","",24000,1,"","",1,1,1,1,"","","","","","","","","","","","","","","","","","","","","","","","","","","","","","","","","","","","","","","","","","","","","","","","","","","","","","","","","","","","","","","","","",""
"54405001","NANCY-OCHEY",48.581,5.959833,336,1982092418,"","","","",3.,1,140,1,"","","","","","","","","","","","","","","","","","","","","","","","","","","","",14.8,1,9.3,1,"","","","","","","","","","","","","","","","","","","","","","","","","","",71,1,"","","","","","","","","","","","",12.,1,1008.5,1,"","","","","","",4,1,0,1,5,1,0,1,2,1,"","","","","","","","","","","","","","","","","","","","","","","","",24000,1,"","",3,1,0,1,"","","","","","","","","","","","","","","","","","","","","","","","","","","","","","","","","","","","","","","","","","","","","","","","","","","","","","","","","","","","","","","","","",""
"54405001","NANCY-OCHEY",48.581,5.959833,336,1982092421,"","","","",4.,1,140,1,"","","","","","","","","","","","","","","","","","","","","","","","","","","","",12.6,1,9.,1,"","","","","","","","","","","","","","","","","","","","","","","","","","",80,1,"","","","","","","","","","","","",11.7,1,1008.7,1,"","","","","","","","","","","","","","","","","","","","","","","","","","","","","","","","","","","","","","","","","","","","","","","","","","","","","","","","","","","","","","","","","","","","","","","","","","","","","","","","","","","","","","","","","","","","","","","","","","","","","","","","","","","","","","","","","",""
"54405001","NANCY-OCHEY",48.581,5.959833,336,1982092500,"","","","",3.,1,160,1,"","","","","","","","","","","","","","","","","","","","","","","","","","","","",13.9,1,9.8,1,"","","","","","","","","","","","","","","","","","","","","","","","","","",78,1,"","","","","","","","","","","","",12.4,1,1008.6,1,"","","","","","","","","","","","","","","","","","","","","","","","","","","","","","","","","","","","","","","","","","","","","","","","","","","","","","","","","","","","","","","","","","","","","","","","","","","","","","","","","","","","","","","","","","","","","","","","","","","","","","","","","","","","","","","","","",""
"54405001","NANCY-OCHEY",48.581,5.959833,336,1982092503,"","","","",3.,1,140,1,"","","","","","","","","","","","","","","","","","","","","","","","","","","","",14.5,1,10.5,1,"","","","","","","","","","","","","","","","","","","","","","","","","","",79,1,"","","","","","","","","","","","",13.,1,1008.5,1,"","","","","","","","","","","","","","","","","","","","","","","","","","","","","","","","","","","","","","","","","","","","","","","","","","","","","","","","","","","","","","","","","","","","","","","","","","","","","","","","","","","","","","","","","","","","","","","","","","","","","","","","","","","","","","","","","",""
"54405001","NANCY-OCHEY",48.581,5.959833,336,1982092506,"","","","",3.,1,140,1,"","","","","","","","","","","","","","","","","","","","","","","","","","","","",14.8,1,11.3,1,"","","","","","","","","","","","","","","","","","","","","","","","","","",82,1,"","","","","","","","","","","","",13.7,1,1008.5,1,"","","","","","",7,1,7,1,5,1,"","","","","","","","","","","","","","","","","","","","","","","","","","","","",14000,1,"","",2,1,2,1,"","",0,1,"","","","","","","","","","","","","","","","","","","","","","","","","","","","","","","","","","","","","","","","","","","","","","","","","","","","","","","","","","","","","",""
"54405001","NANCY-OCHEY",48.581,5.959833,336,1982092509,"","","","",3.,1,160,1,"","","","","","","","","","","","","","","","","","","","","","","","","","","","",16.3,1,13.2,1,"","","","","","","","","","","","","","","","","","","","","","","","","","",84,1,"","","","","","","","","","","","",15.6,1,1009.3,1,"","","","","","",7,1,7,1,8,1,7,1,"","","","","","","","","","","","","","","","","","","","","","","","","","",13000,1,"","",21,1,2,1,"","","","","","","","","","","","","","","","","","","","","","","","","","","","","","","","","","","","","","","","","","","","","","","","","","","","","","","","","","","","","","","","","",""
"54405001","NANCY-OCHEY",48.581,5.959833,336,1982092512,"","","","",9.,1,180,1,"","","","","","","","","","","","","","","","","","","","","","","","","","","","",22.6,1,16.1,1,"","","","","","","","","","","","","","","","","","","","","","","","","","",69,1,"","","","","","","","","","","","",18.9,1,1008.,1,"","","","","","",4,1,0,1,2,1,3,1,1,1,"","","","","","","","","","","","","","","","","","","","","","","","",25000,1,"","",1,1,6,1,"","","","","","","","","","","","","","","","","","","","","","","","","","","","","","","","","","","","","","","","","","","","","","","","","","","","","","","","","","","","","","","","","",""
"54405001","NANCY-OCHEY",48.581,5.959833,336,1982092515,"","","","",8.,1,180,1,"","","","","","","","","","","","","","","","","","","","","","","","","","","","",23.8,1,15.6,1,"","","","","","","","","","","","","","","","","","","","","","","","","","",62,1,"","","","","","","","","","","","",18.3,1,1006.9,1,"","","","","","","","","","","","","","","","","","","","","","","","","","","","","","","","","","","","","","","","","","","","","","","","","","","","","","","","","","","","","","","","","","","","","","","","","","","","","","","","","","","","","","","","","","","","","","","","","","","","","","","","","","","","","","","","","",""
"54405001","NANCY-OCHEY",48.581,5.959833,336,1982092518,"","","","",5.,1,120,1,"","","","","","","","","","","","","","","","","","","","","","","","","","","","",20.8,1,15.9,1,"","","","","","","","","","","","","","","","","","","","","","","","","","",76,1,"","","","","","","","","","","","",18.7,1,1006.4,1,"","","","","","","","","","","","","","","","","","","","","","","","","","","","","","","","","","","","","","","","","","","","","","","","","","","","","","","","","","","","","","","","","","","","","","","","","","","","","","","","","","","","","","","","","","","","","","","","","","","","","","","","","","","","","","","","","",""
"54405001","NANCY-OCHEY",48.581,5.959833,336,1982092521,"","","","",5.,1,140,1,"","","","","","","","","","","","","","","","","","","","","","","","","","","","",17.2,1,13.7,1,"","","","","","","","","","","","","","","","","","","","","","","","","","",82,1,"","","","","","","","","","","","",16.1,1,1006.1,1,"","","","","","","","","","","","","","","","","","","","","","","","","","","","","","","","","","","","","","","","","","","","","","","","","","","","","","","","","","","","","","","","","","","","","","","","","","","","","","","","","","","","","","","","","","","","","","","","","","","","","","","","","","","","","","","","","",""
"54405001","NANCY-OCHEY",48.581,5.959833,336,1982092600,"","","","",5.,1,140,1,"","","","","","","","","","","","","","","","","","","","","","","","","","","","",18.1,1,12.8,1,"","","","","","","","","","","","","","","","","","","","","","","","","","",73,1,"","","","","","","","","","","","",15.2,1,1005.8,1,"","","","","","","","","","","","","","","","","","","","","","","","","","","","","","","","","","","","","","","","","","","","","","","","","","","","","","","","","","","","","","","","","","","","","","","","","","","","","","","","","","","","","","","","","","","","","","","","","","","","","","","","","","","","","","","","","",""
"54405001","NANCY-OCHEY",48.581,5.959833,336,1982092603,"","","","",6.,1,260,1,"","","","","","","","","","","","","","","","","","","","","","","","","","","","",17.3,1,15.,1,"","","","","","","","","","","","","","","","","","","","","","","","","","",89,1,"","","","","","","","","","","","",17.6,1,1006.4,1,"","","","","","","","","","","","","","","","","","","","","","","","","","","","","","","","","","","","","","","","","","","","","","","","","","","","","","","","","","","","","","","","","","","","","","","","","","","","","","","","","","","","","","","","","","","","","","","","","","","","","","","","","","","","","","","","","",""
"54405001","NANCY-OCHEY",48.581,5.959833,336,1982092606,"","","","",1.,1,160,1,"","","","","","","","","","","","","","","","","","","","","","","","","","","","",14.6,1,12.9,1,"","","","","","","","","","","","","","","","","","","","","","","","","","",92,1,"","","","","","","","","","","","",15.3,1,1007.7,1,"","","","","","",6,1,6,1,8,1,0,1,0,1,"","","","","","","","","","","","","","","","","","","","","","","","",11000,1,"","",61,1,6,1,"","",0,1,"","","","","","","","","","","","","","","","","","","","","","","","","","","","","","","","","","","","","","","","","","","","","","","","","","","","","","","","","","","","","",""
"54405001","NANCY-OCHEY",48.581,5.959833,336,1982092609,"","","","",4.,1,160,1,"","","","","","","","","","","","","","","","","","","","","","","","","","","","",14.,1,12.8,1,"","","","","","","","","","","","","","","","","","","","","","","","","","",95,1,"","","","","","","","","","","","",15.2,1,1008.1,1,"","","","","","",7,1,5,1,5,1,2,1,"","","","","","","","","","","","","","","","","","","","","","","","","","",6000,1,"","",21,1,6,1,"","","","","","","","","","","","","","","","","","","","","","","","","","","","","","","","","","","","","","","","","","","","","","","","","","","","","","","","","","","","","","","","","",""
"54405001","NANCY-OCHEY",48.581,5.959833,336,1982092612,"","","","",9.,1,260,1,"","","","","","","","","","","","","","","","","","","","","","","","","","","","",13.4,1,12.2,1,"","","","","","","","","","","","","","","","","","","","","","","","","","",95,1,"","","","","","","","","","","","",14.6,1,1012.7,1,"","","","","","",8,1,8,1,7,1,"","","","","","","","","","","","","","","","","","","","","","","","","","","","",5000,1,"","",61,1,6,1,"","","","","","","","","","","","","","","","","","","","","","","","","","","","","","","","","","","","","","","","","","","","","","","","","","","","","","","","","","","","","","","","","",""
"54405001","NANCY-OCHEY",48.581,5.959833,336,1982092615,"","","","","","","","","","","","","","","","","","","","","","","","","","","","","","","","","","","","",13.8,1,10.6,1,"","","","","","","","","","","","","","","","","","","","","","","","","","",83,1,"","","","","","","","","","","","",13.1,1,1013.8,1,"","","","","","","","","","","","","","","","","","","","","","","","","","","","","","","","","","","","","","","","","","","","","","","","","","","","","","","","","","","","","","","","","","","","","","","","","","","","","","","","","","","","","","","","","","","","","","","","","","","","","","","","","","","","","","","","","",""
"54405001","NANCY-OCHEY",48.581,5.959833,336,1982092618,"","","","",4.,1,160,1,"","","","","","","","","","","","","","","","","","","","","","","","","","","","",12.8,1,9.7,1,"","","","","","","","","","","","","","","","","","","","","","","","","","",83,1,"","","","","","","","","","","","",12.3,1,1015.4,1,"","","","","","","","","","","","","","","","","","","","","","","","","","","","","","","","","","","","","","","","","","","","","","","","","","","","","","","","","","","","","","","","","","","","","","","","","","","","","","","","","","","","","","","","","","","","","","","","","","","","","","","","","","","","","","","","","",""
"54405001","NANCY-OCHEY",48.581,5.959833,336,1982092621,"","","","",4.,1,180,1,"","","","","","","","","","","","","","","","","","","","","","","","","","","","",11.3,1,9.2,1,"","","","","","","","","","","","","","","","","","","","","","","","","","",89,1,"","","","","","","","","","","","",11.9,1,1018.,1,"","","","","","","","","","","","","","","","","","","","","","","","","","","","","","","","","","","","","","","","","","","","","","","","","","","","","","","","","","","","","","","","","","","","","","","","","","","","","","","","","","","","","","","","","","","","","","","","","","","","","","","","","","","","","","","","","",""
"54405001","NANCY-OCHEY",48.581,5.959833,336,1982092700,"","","","",6.,1,220,1,"","","","","","","","","","","","","","","","","","","","","","","","","","","","",10.2,1,8.2,1,"","","","","","","","","","","","","","","","","","","","","","","","","","",89,1,"","","","","","","","","","","","",11.1,1,1019.3,1,"","","","","","","","","","","","","","","","","","","","","","","","","","","","","","","","","","","","","","","","","","","","","","","","","","","","","","","","","","","","","","","","","","","","","","","","","","","","","","","","","","","","","","","","","","","","","","","","","","","","","","","","","","","","","","","","","",""
"54405001","NANCY-OCHEY",48.581,5.959833,336,1982092703,"","","","",4.,1,180,1,"","","","","","","","","","","","","","","","","","","","","","","","","","","","",10.,1,7.8,1,"","","","","","","","","","","","","","","","","","","","","","","","","","",88,1,"","","","","","","","","","","","",10.8,1,1020.,1,"","","","","","","","","","","","","","","","","","","","","","","","","","","","","","","","","","","","","","","","","","","","","","","","","","","","","","","","","","","","","","","","","","","","","","","","","","","","","","","","","","","","","","","","","","","","","","","","","","","","","","","","","","","","","","","","","",""
"54405001","NANCY-OCHEY",48.581,5.959833,336,1982092706,"","","","",4.,1,140,1,"","","","","","","","","","","","","","","","","","","","","","","","","","","","",8.2,1,8.2,1,"","","","","","","","","","","","","","","","","","","","","","","","","","",100,1,"","","","","","","","","","","","",10.9,1,1020.6,1,"","","","","","",4,1,0,1,6,1,0,1,1,1,"","","","","","","","","","","","","","","","","","","","","","","","",300,1,"","",46,1,4,1,"","",0,1,"","","","","","","","","","","","","","","","","","","","","","","","","","","","","","","","","","","","","","","","","","","","","","","","","","","","","","","","","","","","","",""
"54405001","NANCY-OCHEY",48.581,5.959833,336,1982092709,"","","","",3.,1,160,1,"","","","","","","","","","","","","","","","","","","","","","","","","","","","",13.5,1,10.3,1,"","","","","","","","","","","","","","","","","","","","","","","","","","",83,1,"","","","","","","","","","","","",12.8,1,1020.1,1,"","","","","","",2,1,0,1,1,1,0,1,1,1,"","","","","","","","","","","","","","","","","","","","","","","","",12000,1,"","",1,1,4,1,"","","","","","","","","","","","","","","","","","","","","","","","","","","","","","","","","","","","","","","","","","","","","","","","","","","","","","","","","","","","","","","","","",""
"54405001","NANCY-OCHEY",48.581,5.959833,336,1982092712,"","","","",5.,1,180,1,"","","","","","","","","","","","","","","","","","","","","","","","","","","","",17.6,1,9.6,1,"","","","","","","","","","","","","","","","","","","","","","","","","","",60,1,"","","","","","","","","","","","",12.2,1,1018.5,1,"","","","","","",3,1,0,1,1,1,0,1,2,1,"","","","","","","","","","","","","","","","","","","","","","","","",20000,1,"","",3,1,4,1,"","","","","","","","","","","","","","","","","","","","","","","","","","","","","","","","","","","","","","","","","","","","","","","","","","","","","","","","","","","","","","","","","",""
"54405001","NANCY-OCHEY",48.581,5.959833,336,1982092715,"","","","",5.,1,160,1,"","","","","","","","","","","","","","","","","","","","","","","","","","","","",18.2,1,9.6,1,"","","","","","","","","","","","","","","","","","","","","","","","","","",59,1,"","","","","","","","","","","","",12.2,1,1017.5,1,"","","","","","",2,1,0,1,1,1,4,1,2,1,"","","","","","","","","","","","","","","","","","","","","","","","",30000,1,"","",3,1,0,1,"","","","","","","","","","","","","","","","","","","","","","","","","","","","","","","","","","","","","","","","","","","","","","","","","","","","","","","","","","","","","","","","","",""
"54405001","NANCY-OCHEY",48.581,5.959833,336,1982092718,"","","","",3.,1,160,1,"","","","","","","","","","","","","","","","","","","","","","","","","","","","",14.,1,9.8,1,"","","","","","","","","","","","","","","","","","","","","","","","","","",78,1,"","","","","","","","","","","","",12.4,1,1018.1,1,"","","","","","",4,1,0,1,0,1,4,1,2,1,"","","","","","","","","","","","","","","","","","","","","","","","",20000,1,"","",3,1,0,1,"","","","","","","","","","","","","","","","","","","","","","","","","","","","","","","","","","","","","","","","","","","","","","","","","","","","","","","","","","","","","","","","","",""
"54405001","NANCY-OCHEY",48.581,5.959833,336,1982092721,"","","","",6.,1,200,1,"","","","","","","","","","","","","","","","","","","","","","","","","","","","",13.9,1,10.2,1,"","","","","","","","","","","","","","","","","","","","","","","","","","",80,1,"","","","","","","","","","","","",12.7,1,1019.3,1,"","","","","","","","","","","","","","","","","","","","","","","","","","","","","","","","","","","","","","","","","","","","","","","","","","","","","","","","","","","","","","","","","","","","","","","","","","","","","","","","","","","","","","","","","","","","","","","","","","","","","","","","","","","","","","","","","",""
"54405001","NANCY-OCHEY",48.581,5.959833,336,1982092800,"","","","",3.,1,200,1,"","","","","","","","","","","","","","","","","","","","","","","","","","","","",12.1,1,9.5,1,"","","","","","","","","","","","","","","","","","","","","","","","","","",86,1,"","","","","","","","","","","","",12.1,1,1020.,1,"","","","","","","","","","","","","","","","","","","","","","","","","","","","","","","","","","","","","","","","","","","","","","","","","","","","","","","","","","","","","","","","","","","","","","","","","","","","","","","","","","","","","","","","","","","","","","","","","","","","","","","","","","","","","","","","","",""
"54405001","NANCY-OCHEY",48.581,5.959833,336,1982092803,"","","","",2.,1,160,1,"","","","","","","","","","","","","","","","","","","","","","","","","","","","",11.8,1,9.3,1,"","","","","","","","","","","","","","","","","","","","","","","","","","",87,1,"","","","","","","","","","","","",12.,1,1020.2,1,"","","","","","","","","","","","","","","","","","","","","","","","","","","","","","","","","","","","","","","","","","","","","","","","","","","","","","","","","","","","","","","","","","","","","","","","","","","","","","","","","","","","","","","","","","","","","","","","","","","","","","","","","","","","","","","","","",""
"54405001","NANCY-OCHEY",48.581,5.959833,336,1982092806,"","","","",3.,1,140,1,"","","","","","","","","","","","","","","","","","","","","","","","","","","","",11.7,1,9.6,1,"","","","","","","","","","","","","","","","","","","","","","","","","","",89,1,"","","","","","","","","","","","",12.2,1,1020.4,1,"","","","","","",7,1,7,1,5,1,"","","","","","","","","","","","","","","","","","","","","","","","","","","","",25000,1,"","",1,1,2,1,"","",0,1,"","","","","","","","","","","","","","","","","","","","","","","","","","","","","","","","","","","","","","","","","","","","","","","","","","","","","","","","","","","","","",""
"54405001","NANCY-OCHEY",48.581,5.959833,336,1982092809,"","","","",2.,1,240,1,"","","","","","","","","","","","","","","","","","","","","","","","","","","","",15.4,1,11.4,1,"","","","","","","","","","","","","","","","","","","","","","","","","","",79,1,"","","","","","","","","","","","",13.8,1,1021.,1,"","","","","","",7,1,7,1,8,1,"","","","","","","","","","","","","","","","","","","","","","","","","","","","",20000,1,"","",2,1,1,1,"","","","","","","","","","","","","","","","","","","","","","","","","","","","","","","","","","","","","","","","","","","","","","","","","","","","","","","","","","","","","","","","","",""
"54405001","NANCY-OCHEY",48.581,5.959833,336,1982092812,"","","","",2.,1,240,1,"","","","","","","","","","","","","","","","","","","","","","","","","","","","",19.2,1,9.7,1,"","","","","","","","","","","","","","","","","","","","","","","","","","",55,1,"","","","","","","","","","","","",12.3,1,1020.1,1,"","","","","","",5,1,5,1,8,1,0,1,0,1,"","","","","","","","","","","","","","","","","","","","","","","","",25000,1,"","",3,1,1,1,"","","","","","","","","","","","","","","","","","","","","","","","","","","","","","","","","","","","","","","","","","","","","","","","","","","","","","","","","","","","","","","","","",""
"54405001","NANCY-OCHEY",48.581,5.959833,336,1982092815,"","","","",3.,1,140,1,"","","","","","","","","","","","","","","","","","","","","","","","","","","","",19.8,1,9.8,1,"","","","","","","","","","","","","","","","","","","","","","","","","","",54,1,"","","","","","","","","","","","",12.4,1,1019.3,1,"","","","","","",3,1,0,1,4,1,0,1,0,1,"","","","","","","","","","","","","","","","","","","","","","","","",30000,1,"","",2,1,0,1,"","","","","","","","","","","","","","","","","","","","","","","","","","","","","","","","","","","","","","","","","","","","","","","","","","","","","","","","","","","","","","","","","",""
"54405001","NANCY-OCHEY",48.581,5.959833,336,1982092818,"","","","",2.,1,140,1,"","","","","","","","","","","","","","","","","","","","","","","","","","","","",15.7,1,11.7,1,"","","","","","","","","","","","","","","","","","","","","","","","","","",79,1,"","","","","","","","","","","","",14.1,1,1019.4,1,"","","","","","",2,1,0,1,5,1,0,1,1,1,"","","","","","","","","","","","","","","","","","","","","","","","",25000,1,"","",2,1,0,1,"","","","","","","","","","","","","","","","","","","","","","","","","","","","","","","","","","","","","","","","","","","","","","","","","","","","","","","","","","","","","","","","","",""
"54405001","NANCY-OCHEY",48.581,5.959833,336,1982092821,"","","","",4.,1,140,1,"","","","","","","","","","","","","","","","","","","","","","","","","","","","",12.6,1,10.8,1,"","","","","","","","","","","","","","","","","","","","","","","","","","",91,1,"","","","","","","","","","","","",13.3,1,1020.2,1,"","","","","","","","","","","","","","","","","","","","","","","","","","","","","","","","","","","","","","","","","","","","","","","","","","","","","","","","","","","","","","","","","","","","","","","","","","","","","","","","","","","","","","","","","","","","","","","","","","","","","","","","","","","","","","","","","",""
"54405001","NANCY-OCHEY",48.581,5.959833,336,1982092900,"","","","",5.,1,140,1,"","","","","","","","","","","","","","","","","","","","","","","","","","","","",10.8,1,9.7,1,"","","","","","","","","","","","","","","","","","","","","","","","","","",95,1,"","","","","","","","","","","","",12.3,1,1020.4,1,"","","","","","","","","","","","","","","","","","","","","","","","","","","","","","","","","","","","","","","","","","","","","","","","","","","","","","","","","","","","","","","","","","","","","","","","","","","","","","","","","","","","","","","","","","","","","","","","","","","","","","","","","","","","","","","","","",""
"54405001","NANCY-OCHEY",48.581,5.959833,336,1982092903,"","","","",4.,1,140,1,"","","","","","","","","","","","","","","","","","","","","","","","","","","","",9.3,1,8.3,1,"","","","","","","","","","","","","","","","","","","","","","","","","","",96,1,"","","","","","","","","","","","",11.2,1,1020.4,1,"","","","","","","","","","","","","","","","","","","","","","","","","","","","","","","","","","","","","","","","","","","","","","","","","","","","","","","","","","","","","","","","","","","","","","","","","","","","","","","","","","","","","","","","","","","","","","","","","","","","","","","","","","","","","","","","","",""
"54405001","NANCY-OCHEY",48.581,5.959833,336,1982092906,"","","","",1.,1,160,1,"","","","","","","","","","","","","","","","","","","","","","","","","","","","",7.7,1,7.,1,"","","","","","","","","","","","","","","","","","","","","","","","","","",97,1,"","","","","","","","","","","","",10.2,1,1020.3,1,"","","","","","",2,1,0,1,0,1,0,1,1,1,"","","","","","","","","","","","","","","","","","","","","","","","",8000,1,"","",0,1,0,1,"","",0,1,"","","","","","","","","","","","","","","","","","","","","","","","","","","","","","","","","","","","","","","","","","","","","","","","","","","","","","","","","","","","","",""
"54405001","NANCY-OCHEY",48.581,5.959833,336,1982092909,"","","","",3.,1,120,1,"","","","","","","","","","","","","","","","","","","","","","","","","","","","",15.2,1,7.6,1,"","","","","","","","","","","","","","","","","","","","","","","","","","",61,1,"","","","","","","","","","","","",10.6,1,1019.3,1,"","","","","","",5,1,5,1,0,1,0,1,2,1,"","","","","","","","","","","","","","","","","","","","","","","","",12000,1,"","",3,1,1,1,"","","","","","","","","","","","","","","","","","","","","","","","","","","","","","","","","","","","","","","","","","","","","","","","","","","","","","","","","","","","","","","","","",""
"54405001","NANCY-OCHEY",48.581,5.959833,336,1982092912,"","","","",7.,1,180,1,"","","","","","","","","","","","","","","","","","","","","","","","","","","","",20.4,1,11.1,1,"","","","","","","","","","","","","","","","","","","","","","","","","","",56,1,"","","","","","","","","","","","",13.5,1,1017.8,1,"","","","","","",6,1,6,1,1,1,0,1,2,1,"","","","","","","","","","","","","","","","","","","","","","","","",15000,1,"","",1,1,2,1,"","","","","","","","","","","","","","","","","","","","","","","","","","","","","","","","","","","","","","","","","","","","","","","","","","","","","","","","","","","","","","","","","",""
"54405001","NANCY-OCHEY",48.581,5.959833,336,1982092915,"","","","",5.,1,180,1,"","","","","","","","","","","","","","","","","","","","","","","","","","","","",20.4,1,9.7,1,"","","","","","","","","","","","","","","","","","","","","","","","","","",51,1,"","","","","","","","","","","","",12.3,1,1016.,1,"","","","","","",6,1,6,1,2,1,4,1,2,1,"","","","","","","","","","","","","","","","","","","","","","","","",25000,1,"","",3,1,2,1,"","","","","","","","","","","","","","","","","","","","","","","","","","","","","","","","","","","","","","","","","","","","","","","","","","","","","","","","","","","","","","","","","",""
"54405001","NANCY-OCHEY",48.581,5.959833,336,1982092918,"","","","",3.,1,120,1,"","","","","","","","","","","","","","","","","","","","","","","","","","","","",16.7,1,11.8,1,"","","","","","","","","","","","","","","","","","","","","","","","","","",75,1,"","","","","","","","","","","","",14.2,1,1015.2,1,"","","","","","",8,1,8,1,0,1,4,1,7,1,"","","","","","","","","","","","","","","","","","","","","","","","",12000,1,"","",3,1,2,1,"","","","","","","","","","","","","","","","","","","","","","","","","","","","","","","","","","","","","","","","","","","","","","","","","","","","","","","","","","","","","","","","","",""
"54405001","NANCY-OCHEY",48.581,5.959833,336,1982092921,"","","","",3.,1,140,1,"","","","","","","","","","","","","","","","","","","","","","","","","","","","",13.9,1,11.9,1,"","","","","","","","","","","","","","","","","","","","","","","","","","",90,1,"","","","","","","","","","","","",14.3,1,1014.9,1,"","","","","","","","","","","","","","","","","","","","","","","","","","","","","","","","","","","","","","","","","","","","","","","","","","","","","","","","","","","","","","","","","","","","","","","","","","","","","","","","","","","","","","","","","","","","","","","","","","","","","","","","","","","","","","","","","",""
"54405001","NANCY-OCHEY",48.581,5.959833,336,1982093000,"","","","",4.,1,160,1,"","","","","","","","","","","","","","","","","","","","","","","","","","","","",14.,1,11.8,1,"","","","","","","","","","","","","","","","","","","","","","","","","","",89,1,"","","","","","","","","","","","",14.2,1,1013.2,1,"","","","","","","","","","","","","","","","","","","","","","","","","","","","","","","","","","","","","","","","","","","","","","","","","","","","","","","","","","","","","","","","","","","","","","","","","","","","","","","","","","","","","","","","","","","","","","","","","","","","","","","","","","","","","","","","","",""
"54405001","NANCY-OCHEY",48.581,5.959833,336,1982093003,"","","","",6.,1,160,1,"","","","","","","","","","","","","","","","","","","","","","","","","","","","",15.8,1,12.,1,"","","","","","","","","","","","","","","","","","","","","","","","","","",80,1,"","","","","","","","","","","","",14.4,1,1012.2,1,"","","","","","","","","","","","","","","","","","","","","","","","","","","","","","","","","","","","","","","","","","","","","","","","","","","","","","","","","","","","","","","","","","","","","","","","","","","","","","","","","","","","","","","","","","","","","","","","","","","","","","","","","","","","","","","","","",""
"54405001","NANCY-OCHEY",48.581,5.959833,336,1982093006,"","","","",6.,1,180,1,"","","","","","","","","","","","","","","","","","","","","","","","","","","","",13.9,1,12.9,1,"","","","","","","","","","","","","","","","","","","","","","","","","","",97,1,"","","","","","","","","","","","",15.3,1,1012.7,1,"","","","","","",8,1,8,1,8,1,7,1,"","","","","","","","","","","","","","","","","","","","","","","","","","",6000,1,"","",61,1,6,1,"","",0,1,"","","","","","","","","","","","","","","","","","","","","","","","","","","","","","","","","","","","","","","","","","","","","","","","","","","","","","","","","","","","","",""
"54405001","NANCY-OCHEY",48.581,5.959833,336,1982093009,"","","","",6.,1,220,1,"","","","","","","","","","","","","","","","","","","","","","","","","","","","",14.3,1,13.5,1,"","","","","","","","","","","","","","","","","","","","","","","","","","",98,1,"","","","","","","","","","","","",15.9,1,1014.3,1,"","","","","","",8,1,5,1,7,1,7,1,"","","","","","","","","","","","","","","","","","","","","","","","","","",10000,1,"","",61,1,6,1,"","","","","","","","","","","","","","","","","","","","","","","","","","","","","","","","","","","","","","","","","","","","","","","","","","","","","","","","","","","","","","","","","",""
"54405001","NANCY-OCHEY",48.581,5.959833,336,1982093012,"","","","",5.,1,260,1,"","","","","","","","","","","","","","","","","","","","","","","","","","","","",13.4,1,12.4,1,"","","","","","","","","","","","","","","","","","","","","","","","","","",96,1,"","","","","","","","","","","","",14.8,1,1015.6,1,"","","","","","",8,1,7,1,7,1,"","","","","","","","","","","","","","","","","","","","","","","","","","","","",5000,1,"","",61,1,6,1,"","","","","","","","","","","","","","","","","","","","","","","","","","","","","","","","","","","","","","","","","","","","","","","","","","","","","","","","","","","","","","","","","",""
"54405001","NANCY-OCHEY",48.581,5.959833,336,1982093015,"","","","",4.,1,280,1,"","","","","","","","","","","","","","","","","","","","","","","","","","","","",13.3,1,12.,1,"","","","","","","","","","","","","","","","","","","","","","","","","","",94,1,"","","","","","","","","","","","",14.4,1,1017.,1,"","","","","","",7,1,5,1,8,1,7,1,"","","","","","","","","","","","","","","","","","","","","","","","","","",20000,1,"","",1,1,6,1,"","","","","","","","","","","","","","","","","","","","","","","","","","","","","","","","","","","","","","","","","","","","","","","","","","","","","","","","","","","","","","","","","",""
"54405001","NANCY-OCHEY",48.581,5.959833,336,1982093018,"","","","",3.,1,280,1,"","","","","","","","","","","","","","","","","","","","","","","","","","","","",13.1,1,11.8,1,"","","","","","","","","","","","","","","","","","","","","","","","","","",94,1,"","","","","","","","","","","","",14.2,1,1018.5,1,"","","","","","",7,1,7,1,8,1,"","","","","","","","","","","","","","","","","","","","","","","","","","","","",14000,1,"","",2,1,6,1,"","","","","","","","","","","","","","","","","","","","","","","","","","","","","","","","","","","","","","","","","","","","","","","","","","","","","","","","","","","","","","","","","",""
"54405001","NANCY-OCHEY",48.581,5.959833,336,1982093021,"","","","",4.,1,260,1,"","","","","","","","","","","","","","","","","","","","","","","","","","","","",12.2,1,11.1,1,"","","","","","","","","","","","","","","","","","","","","","","","","","",95,1,"","","","","","","","","","","","",13.5,1,1019.4,1,"","","","","","","","","","","","","","","","","","","","","","","","","","","","","","","","","","","","","","","","","","","","","","","","","","","","","","","","","","","","","","","","","","","","","","","","","","","","","","","","","","","","","","","","","","","","","","","","","","","","","","","","","","","","","","","","","",""
"54405001","NANCY-OCHEY",48.581,5.959833,336,1982100100,"","","","",3.,1,300,1,"","","","","","","","","","","","","","","","","","","","","","","","","","","","",11.9,1,10.7,1,"","","","","","","","","","","","","","","","","","","","","","","","","","",95,1,"","","","","","","","","","","","",13.2,1,1020.3,1,"","","","","","","","","","","","","","","","","","","","","","","","","","","","","","","","","","","","","","","","","","","","","","","","","","","","","","","","","","","","","","","","","","","","","","","","","","","","","","","","","","","","","","","","","","","","","","","","","","","","","","","","","","","","","","","","","",""
"54405001","NANCY-OCHEY",48.581,5.959833,336,1982100103,"","","","",3.,1,280,1,"","","","","","","","","","","","","","","","","","","","","","","","","","","","",11.5,1,10.5,1,"","","","","","","","","","","","","","","","","","","","","","","","","","",96,1,"","","","","","","","","","","","",13.,1,1021.,1,"","","","","","","","","","","","","","","","","","","","","","","","","","","","","","","","","","","","","","","","","","","","","","","","","","","","","","","","","","","","","","","","","","","","","","","","","","","","","","","","","","","","","","","","","","","","","","","","","","","","","","","","","","","","","","","","","",""
"54405001","NANCY-OCHEY",48.581,5.959833,336,1982100106,"","","","",3.,1,340,1,"","","","","","","","","","","","","","","","","","","","","","","","","","","","",11.2,1,10.3,1,"","","","","","","","","","","","","","","","","","","","","","","","","","",96,1,"","","","","","","","","","","","",12.8,1,1021.3,1,"","","","","","",8,1,8,1,7,1,"","","","","","","","","","","","","","","","","","","","","","","","","","","","",2000,1,"","",10,1,2,1,"","",0,1,"","","","","","","","","","","","","","","","","","","","","","","","","","","","","","","","","","","","","","","","","","","","","","","","","","","","","","","","","","","","","",""
"54405001","NANCY-OCHEY",48.581,5.959833,336,1982100109,"","","","",4.,1,340,1,"","","","","","","","","","","","","","","","","","","","","","","","","","","","",12.1,1,10.1,1,"","","","","","","","","","","","","","","","","","","","","","","","","","",89,1,"","","","","","","","","","","","",12.6,1,1023.9,1,"","","","","","",8,1,7,1,7,1,"","","","","","","","","","","","","","","","","","","","","","","","","","","","",6000,1,"","",1,1,2,1,"","","","","","","","","","","","","","","","","","","","","","","","","","","","","","","","","","","","","","","","","","","","","","","","","","","","","","","","","","","","","","","","","",""
"54405001","NANCY-OCHEY",48.581,5.959833,336,1982100112,"","","","",3.,1,360,1,"","","","","","","","","","","","","","","","","","","","","","","","","","","","",14.6,1,10.6,1,"","","","","","","","","","","","","","","","","","","","","","","","","","",79,1,"","","","","","","","","","","","",13.1,1,1021.2,1,"","","","","","",4,1,0,1,2,1,0,1,0,1,"","","","","","","","","","","","","","","","","","","","","","","","",20000,1,"","",1,1,1,1,"","","","","","","","","","","","","","","","","","","","","","","","","","","","","","","","","","","","","","","","","","","","","","","","","","","","","","","","","","","","","","","","","",""
"54405001","NANCY-OCHEY",48.581,5.959833,336,1982100115,"","","","",3.,1,60,1,"","","","","","","","","","","","","","","","","","","","","","","","","","","","",16.3,1,9.7,1,"","","","","","","","","","","","","","","","","","","","","","","","","","",66,1,"","","","","","","","","","","","",12.3,1,1019.9,1,"","","","","","",3,1,0,1,4,1,0,1,0,1,"","","","","","","","","","","","","","","","","","","","","","","","",25000,1,"","",1,1,0,1,"","","","","","","","","","","","","","","","","","","","","","","","","","","","","","","","","","","","","","","","","","","","","","","","","","","","","","","","","","","","","","","","","",""
"54405001","NANCY-OCHEY",48.581,5.959833,336,1982100118,"","","","",2.,1,140,1,"","","","","","","","","","","","","","","","","","","","","","","","","","","","",12.5,1,10.8,1,"","","","","","","","","","","","","","","","","","","","","","","","","","",92,1,"","","","","","","","","","","","",13.3,1,1020.,1,"","","","","","",1,1,0,1,5,1,0,1,0,1,"","","","","","","","","","","","","","","","","","","","","","","","",8000,1,"","",2,1,0,1,"","","","","","","","","","","","","","","","","","","","","","","","","","","","","","","","","","","","","","","","","","","","","","","","","","","","","","","","","","","","","","","","","",""
"54405001","NANCY-OCHEY",48.581,5.959833,336,1982100121,"","","","",1.,1,20,1,"","","","","","","","","","","","","","","","","","","","","","","","","","","","",10.1,1,9.2,1,"","","","","","","","","","","","","","","","","","","","","","","","","","",96,1,"","","","","","","","","","","","",11.9,1,1020.6,1,"","","","","","","","","","","","","","","","","","","","","","","","","","","","","","","","","","","","","","","","","","","","","","","","","","","","","","","","","","","","","","","","","","","","","","","","","","","","","","","","","","","","","","","","","","","","","","","","","","","","","","","","","","","","","","","","","",""
"54405001","NANCY-OCHEY",48.581,5.959833,336,1982100200,"","","","",1.,1,60,1,"","","","","","","","","","","","","","","","","","","","","","","","","","","","",8.3,1,8.3,1,"","","","","","","","","","","","","","","","","","","","","","","","","","",100,1,"","","","","","","","","","","","",10.9,1,1020.7,1,"","","","","","","","","","","","","","","","","","","","","","","","","","","","","","","","","","","","","","","","","","","","","","","","","","","","","","","","","","","","","","","","","","","","","","","","","","","","","","","","","","","","","","","","","","","","","","","","","","","","","","","","","","","","","","","","","",""
"54405001","NANCY-OCHEY",48.581,5.959833,336,1982100203,"","","","",2.,1,100,1,"","","","","","","","","","","","","","","","","","","","","","","","","","","","",10.,1,10.,1,"","","","","","","","","","","","","","","","","","","","","","","","","","",100,1,"","","","","","","","","","","","",12.3,1,1019.9,1,"","","","","","","","","","","","","","","","","","","","","","","","","","","","","","","","","","","","","","","","","","","","","","","","","","","","","","","","","","","","","","","","","","","","","","","","","","","","","","","","","","","","","","","","","","","","","","","","","","","","","","","","","","","","","","","","","",""
"54405001","NANCY-OCHEY",48.581,5.959833,336,1982100206,"","","","",2.,1,80,1,"","","","","","","","","","","","","","","","","","","","","","","","","","","","",10.1,1,10.1,1,"","","","","","","","","","","","","","","","","","","","","","","","","","",100,1,"","","","","","","","","","","","",12.4,1,1019.7,1,"","","","","","",9,1,"","","","","","","","","","","","","","","","","","","","","","","","","","","","","","","","",200,1,"","",43,1,4,1,"","",0,1,"","","","","","","","","","","","","","","","","","","","","","","","","","","","","","","","","","","","","","","","","","","","","","","","","","","","","","","","","","","","","",""
"54405001","NANCY-OCHEY",48.581,5.959833,336,1982100209,"","","","",4.,1,80,1,"","","","","","","","","","","","","","","","","","","","","","","","","","","","",11.6,1,11.6,1,"","","","","","","","","","","","","","","","","","","","","","","","","","",99,1,"","","","","","","","","","","","",13.5,1,1019.5,1,"","","","","","",9,1,"","","","","","","","","","","","","","","","","","","","","","","","","","","","","","","","",900,1,"","",43,1,4,1,"","","","","","","","","","","","","","","","","","","","","","","","","","","","","","","","","","","","","","","","","","","","","","","","","","","","","","","","","","","","","","","","","",""
"54405001","NANCY-OCHEY",48.581,5.959833,336,1982100212,"","","","",2.,1,80,1,"","","","","","","","","","","","","","","","","","","","","","","","","","","","",16.,1,11.6,1,"","","","","","","","","","","","","","","","","","","","","","","","","","",77,1,"","","","","","","","","","","","",14.,1,1018.6,1,"","","","","","",6,1,6,1,2,1,0,1,0,1,"","","","","","","","","","","","","","","","","","","","","","","","",5000,1,"","",1,1,4,1,"","","","","","","","","","","","","","","","","","","","","","","","","","","","","","","","","","","","","","","","","","","","","","","","","","","","","","","","","","","","","","","","","",""
"54405001","NANCY-OCHEY",48.581,5.959833,336,1982100215,"","","","",4.,1,80,1,"","","","","","","","","","","","","","","","","","","","","","","","","","","","",18.,1,10.9,1,"","","","","","","","","","","","","","","","","","","","","","","","","","",65,1,"","","","","","","","","","","","",13.4,1,1016.9,1,"","","","","","","","","","","","","","","","","","","","","","","","","","","","","","","","","","","","","","","","","","","","","","","","","","","","","","","","","","","","","","","","","","","","","","","","","","","","","","","","","","","","","","","","","","","","","","","","","","","","","","","","","","","","","","","","","",""
"54405001","NANCY-OCHEY",48.581,5.959833,336,1982100218,"","","","",2.,1,60,1,"","","","","","","","","","","","","","","","","","","","","","","","","","","","",14.2,1,12.3,1,"","","","","","","","","","","","","","","","","","","","","","","","","","",91,1,"","","","","","","","","","","","",14.7,1,1017.2,1,"","","","","","","","","","","","","","","","","","","","","","","","","","","","","","","","","","","","","","","","","","","","","","","","","","","","","","","","","","","","","","","","","","","","","","","","","","","","","","","","","","","","","","","","","","","","","","","","","","","","","","","","","","","","","","","","","",""
"54405001","NANCY-OCHEY",48.581,5.959833,336,1982100221,"","","","",2.,1,80,1,"","","","","","","","","","","","","","","","","","","","","","","","","","","","",11.6,1,11.6,1,"","","","","","","","","","","","","","","","","","","","","","","","","","",99,1,"","","","","","","","","","","","",13.5,1,1017.9,1,"","","","","","","","","","","","","","","","","","","","","","","","","","","","","","","","","","","","","","","","","","","","","","","","","","","","","","","","","","","","","","","","","","","","","","","","","","","","","","","","","","","","","","","","","","","","","","","","","","","","","","","","","","","","","","","","","",""
"54405001","NANCY-OCHEY",48.581,5.959833,336,1982100300,"","","","",2.,1,100,1,"","","","","","","","","","","","","","","","","","","","","","","","","","","","",10.2,1,10.2,1,"","","","","","","","","","","","","","","","","","","","","","","","","","",99,1,"","","","","","","","","","","","",12.3,1,1018.2,1,"","","","","","","","","","","","","","","","","","","","","","","","","","","","","","","","","","","","","","","","","","","","","","","","","","","","","","","","","","","","","","","","","","","","","","","","","","","","","","","","","","","","","","","","","","","","","","","","","","","","","","","","","","","","","","","","","",""
"54405001","NANCY-OCHEY",48.581,5.959833,336,1982100303,"","","","",3.,1,140,1,"","","","","","","","","","","","","","","","","","","","","","","","","","","","",9.9,1,9.9,1,"","","","","","","","","","","","","","","","","","","","","","","","","","",100,1,"","","","","","","","","","","","",12.2,1,1018.6,1,"","","","","","","","","","","","","","","","","","","","","","","","","","","","","","","","","","","","","","","","","","","","","","","","","","","","","","","","","","","","","","","","","","","","","","","","","","","","","","","","","","","","","","","","","","","","","","","","","","","","","","","","","","","","","","","","","",""
"54405001","NANCY-OCHEY",48.581,5.959833,336,1982100306,"","","","",1.,1,40,1,"","","","","","","","","","","","","","","","","","","","","","","","","","","","",10.1,1,10.1,1,"","","","","","","","","","","","","","","","","","","","","","","","","","",100,1,"","","","","","","","","","","","",12.4,1,1018.7,1,"","","","","","",8,1,8,1,6,1,"","","","","","","","","","","","","","","","","","","","","","","","","","","","",300,1,"","",42,1,4,1,"","",0,1,"","","","","","","","","","","","","","","","","","","","","","","","","","","","","","","","","","","","","","","","","","","","","","","","","","","","","","","","","","","","","",""
"54405001","NANCY-OCHEY",48.581,5.959833,336,1982100309,"","","","",1.,1,160,1,"","","","","","","","","","","","","","","","","","","","","","","","","","","","",12.3,1,12.3,1,"","","","","","","","","","","","","","","","","","","","","","","","","","",100,1,"","","","","","","","","","","","",14.3,1,1019.3,1,"","","","","","",8,1,8,1,6,1,"","","","","","","","","","","","","","","","","","","","","","","","","","","","",900,1,"","",42,1,4,1,"","","","","","","","","","","","","","","","","","","","","","","","","","","","","","","","","","","","","","","","","","","","","","","","","","","","","","","","","","","","","","","","","",""
"54405001","NANCY-OCHEY",48.581,5.959833,336,1982100312,"","","","",1.,1,280,1,"","","","","","","","","","","","","","","","","","","","","","","","","","","","",14.6,1,11.8,1,"","","","","","","","","","","","","","","","","","","","","","","","","","",86,1,"","","","","","","","","","","","",14.2,1,1019.1,1,"","","","","","",7,1,7,1,6,1,"","","","","","","","","","","","","","","","","","","","","","","","","","","","",4000,1,"","",10,1,4,1,"","","","","","","","","","","","","","","","","","","","","","","","","","","","","","","","","","","","","","","","","","","","","","","","","","","","","","","","","","","","","","","","","",""
"54405001","NANCY-OCHEY",48.581,5.959833,336,1982100315,"","","","",2.,1,360,1,"","","","","","","","","","","","","","","","","","","","","","","","","","","","",15.5,1,10.5,1,"","","","","","","","","","","","","","","","","","","","","","","","","","",74,1,"","","","","","","","","","","","",13.,1,1018.8,1,"","","","","","","","","","","","","","","","","","","","","","","","","","","","","","","","","","","","","","","","","","","","","","","","","","","","","","","","","","","","","","","","","","","","","","","","","","","","","","","","","","","","","","","","","","","","","","","","","","","","","","","","","","","","","","","","","",""
"54405001","NANCY-OCHEY",48.581,5.959833,336,1982100318,"","","","",2.,1,80,1,"","","","","","","","","","","","","","","","","","","","","","","","","","","","",14.,1,12.1,1,"","","","","","","","","","","","","","","","","","","","","","","","","","",91,1,"","","","","","","","","","","","",14.5,1,1019.,1,"","","","","","","","","","","","","","","","","","","","","","","","","","","","","","","","","","","","","","","","","","","","","","","","","","","","","","","","","","","","","","","","","","","","","","","","","","","","","","","","","","","","","","","","","","","","","","","","","","","","","","","","","","","","","","","","","",""
"54405001","NANCY-OCHEY",48.581,5.959833,336,1982100321,"","","","",1.,1,20,1,"","","","","","","","","","","","","","","","","","","","","","","","","","","","",11.8,1,11.2,1,"","","","","","","","","","","","","","","","","","","","","","","","","","",98,1,"","","","","","","","","","","","",13.6,1,1019.6,1,"","","","","","","","","","","","","","","","","","","","","","","","","","","","","","","","","","","","","","","","","","","","","","","","","","","","","","","","","","","","","","","","","","","","","","","","","","","","","","","","","","","","","","","","","","","","","","","","","","","","","","","","","","","","","","","","","",""
"54405001","NANCY-OCHEY",48.581,5.959833,336,1982100400,"","","","",1.,1,320,1,"","","","","","","","","","","","","","","","","","","","","","","","","","","","",11.1,1,10.4,1,"","","","","","","","","","","","","","","","","","","","","","","","","","",98,1,"","","","","","","","","","","","",12.9,1,1019.7,1,"","","","","","","","","","","","","","","","","","","","","","","","","","","","","","","","","","","","","","","","","","","","","","","","","","","","","","","","","","","","","","","","","","","","","","","","","","","","","","","","","","","","","","","","","","","","","","","","","","","","","","","","","","","","","","","","","",""
"54405001","NANCY-OCHEY",48.581,5.959833,336,1982100403,"","","","",1.,1,280,1,"","","","","","","","","","","","","","","","","","","","","","","","","","","","",10.8,1,10.8,1,"","","","","","","","","","","","","","","","","","","","","","","","","","",100,1,"","","","","","","","","","","","",12.9,1,1018.8,1,"","","","","","","","","","","","","","","","","","","","","","","","","","","","","","","","","","","","","","","","","","","","","","","","","","","","","","","","","","","","","","","","","","","","","","","","","","","","","","","","","","","","","","","","","","","","","","","","","","","","","","","","","","","","","","","","","",""
"54405001","NANCY-OCHEY",48.581,5.959833,336,1982100406,"","","","",1.,1,80,1,"","","","","","","","","","","","","","","","","","","","","","","","","","","","",10.8,1,10.8,1,"","","","","","","","","","","","","","","","","","","","","","","","","","",100,1,"","","","","","","","","","","","",12.9,1,1018.4,1,"","","","","","",9,1,"","","","","","","","","","","","","","","","","","","","","","","","","","","","","","","","",200,1,"","",45,1,4,1,"","",0,1,"","","","","","","","","","","","","","","","","","","","","","","","","","","","","","","","","","","","","","","","","","","","","","","","","","","","","","","","","","","","","",""
"54405001","NANCY-OCHEY",48.581,5.959833,336,1982100409,"","","","",2.,1,260,1,"","","","","","","","","","","","","","","","","","","","","","","","","","","","",11.7,1,11.7,1,"","","","","","","","","","","","","","","","","","","","","","","","","","",99,1,"","","","","","","","","","","","",13.6,1,1017.3,1,"","","","","","",9,1,"","","","","","","","","","","","","","","","","","","","","","","","","","","","","","","","",600,1,"","",43,1,4,1,"","","","","","","","","","","","","","","","","","","","","","","","","","","","","","","","","","","","","","","","","","","","","","","","","","","","","","","","","","","","","","","","","",""
"54405001","NANCY-OCHEY",48.581,5.959833,336,1982100412,"","","","",2.,1,280,1,"","","","","","","","","","","","","","","","","","","","","","","","","","","","",13.8,1,11.6,1,"","","","","","","","","","","","","","","","","","","","","","","","","","",89,1,"","","","","","","","","","","","",14.,1,1014.3,1,"","","","","","",8,1,7,1,8,1,"","","","","","","","","","","","","","","","","","","","","","","","","","","","",4500,1,"","",10,1,4,1,"","","","","","","","","","","","","","","","","","","","","","","","","","","","","","","","","","","","","","","","","","","","","","","","","","","","","","","","","","","","","","","","","",""
"54405001","NANCY-OCHEY",48.581,5.959833,336,1982100415,"","","","",2.,1,80,1,"","","","","","","","","","","","","","","","","","","","","","","","","","","","",15.,1,11.1,1,"","","","","","","","","","","","","","","","","","","","","","","","","","",80,1,"","","","","","","","","","","","",13.5,1,1011.,1,"","","","","","",6,1,6,1,5,1,3,1,0,1,"","","","","","","","","","","","","","","","","","","","","","","","",5000,1,"","",1,1,2,1,"","","","","","","","","","","","","","","","","","","","","","","","","","","","","","","","","","","","","","","","","","","","","","","","","","","","","","","","","","","","","","","","","",""
"54405001","NANCY-OCHEY",48.581,5.959833,336,1982100418,"","","","",2.,1,120,1,"","","","","","","","","","","","","","","","","","","","","","","","","","","","",13.4,1,10.9,1,"","","","","","","","","","","","","","","","","","","","","","","","","","",87,1,"","","","","","","","","","","","",13.4,1,1008.6,1,"","","","","","",7,1,7,1,0,1,7,1,"","","","","","","","","","","","","","","","","","","","","","","","","","",2000,1,"","",10,1,2,1,"","","","","","","","","","","","","","","","","","","","","","","","","","","","","","","","","","","","","","","","","","","","","","","","","","","","","","","","","","","","","","","","","",""
"54405001","NANCY-OCHEY",48.581,5.959833,336,1982100421,"","","","",2.,1,120,1,"","","","","","","","","","","","","","","","","","","","","","","","","","","","",12.3,1,10.5,1,"","","","","","","","","","","","","","","","","","","","","","","","","","",91,1,"","","","","","","","","","","","",13.,1,1006.6,1,"","","","","","","","","","","","","","","","","","","","","","","","","","","","","","","","","","","","","","","","","","","","","","","","","","","","","","","","","","","","","","","","","","","","","","","","","","","","","","","","","","","","","","","","","","","","","","","","","","","","","","","","","","","","","","","","","",""
"54405001","NANCY-OCHEY",48.581,5.959833,336,1982100500,"","","","",4.,1,160,1,"","","","","","","","","","","","","","","","","","","","","","","","","","","","",12.,1,10.5,1,"","","","","","","","","","","","","","","","","","","","","","","","","","",93,1,"","","","","","","","","","","","",13.,1,1004.,1,"","","","","","","","","","","","","","","","","","","","","","","","","","","","","","","","","","","","","","","","","","","","","","","","","","","","","","","","","","","","","","","","","","","","","","","","","","","","","","","","","","","","","","","","","","","","","","","","","","","","","","","","","","","","","","","","","",""
"54405001","NANCY-OCHEY",48.581,5.959833,336,1982100503,"","","","",6.,1,180,1,"","","","","","","","","","","","","","","","","","","","","","","","","","","","",10.5,1,9.1,1,"","","","","","","","","","","","","","","","","","","","","","","","","","",93,1,"","","","","","","","","","","","",11.8,1,1002.5,1,"","","","","","","","","","","","","","","","","","","","","","","","","","","","","","","","","","","","","","","","","","","","","","","","","","","","","","","","","","","","","","","","","","","","","","","","","","","","","","","","","","","","","","","","","","","","","","","","","","","","","","","","","","","","","","","","","",""
"54405001","NANCY-OCHEY",48.581,5.959833,336,1982100506,"","","","",8.,1,200,1,"","","","","","","","","","","","","","","","","","","","","","","","","","","","",8.9,1,7.6,1,"","","","","","","","","","","","","","","","","","","","","","","","","","",93,1,"","","","","","","","","","","","",10.6,1,1002.5,1,"","","","","","",8,1,7,1,5,1,"","","","","","","","","","","","","","","","","","","","","","","","","","","","",8000,1,"","",58,1,6,1,"","",0,1,"","","","","","","","","","","","","","","","","","","","","","","","","","","","","","","","","","","","","","","","","","","","","","","","","","","","","","","","","","","","","",""
"54405001","NANCY-OCHEY",48.581,5.959833,336,1982100509,"","","","",9.,1,200,1,"","","","","","","","","","","","","","","","","","","","","","","","","","","","",10.1,1,7.8,1,"","","","","","","","","","","","","","","","","","","","","","","","","","",87,1,"","","","","","","","","","","","",10.8,1,1003.,1,"","","","","","",7,1,5,1,8,1,"","","","","","","","","","","","","","","","","","","","","","","","","","","","",20000,1,"","",1,1,6,1,"","","","","","","","","","","","","","","","","","","","","","","","","","","","","","","","","","","","","","","","","","","","","","","","","","","","","","","","","","","","","","","","","",""
"54405001","NANCY-OCHEY",48.581,5.959833,336,1982100512,"","","","",8.,1,200,1,"","","","","","","","","","","","","","","","","","","","","","","","","","","","",11.7,1,9.2,1,"","","","","","","","","","","","","","","","","","","","","","","","","","",87,1,"","","","","","","","","","","","",11.9,1,1002.3,1,"","","","","","",6,1,5,1,2,1,3,1,0,1,"","","","","","","","","","","","","","","","","","","","","","","","",20000,1,"","",21,1,6,1,"","","","","","","","","","","","","","","","","","","","","","","","","","","","","","","","","","","","","","","","","","","","","","","","","","","","","","","","","","","","","","","","","",""
"54405001","NANCY-OCHEY",48.581,5.959833,336,1982100515,"","","","",6.,1,200,1,"","","","","","","","","","","","","","","","","","","","","","","","","","","","",10.9,1,9.2,1,"","","","","","","","","","","","","","","","","","","","","","","","","","",91,1,"","","","","","","","","","","","",11.9,1,1001.3,1,"","","","","","",7,1,7,1,8,1,"","","","","","","","","","","","","","","","","","","","","","","","","","","","",14000,1,"","",80,1,8,1,"","","","","","","","","","","","","","","","","","","","","","","","","","","","","","","","","","","","","","","","","","","","","","","","","","","","","","","","","","","","","","","","","",""
"54405001","NANCY-OCHEY",48.581,5.959833,336,1982100518,"","","","",3.,1,140,1,"","","","","","","","","","","","","","","","","","","","","","","","","","","","",9.1,1,7.4,1,"","","","","","","","","","","","","","","","","","","","","","","","","","",91,1,"","","","","","","","","","","","",10.5,1,1000.8,1,"","","","","","",7,1,7,1,2,1,7,1,"","","","","","","","","","","","","","","","","","","","","","","","","","",20000,1,"","",1,1,8,1,"","","","","","","","","","","","","","","","","","","","","","","","","","","","","","","","","","","","","","","","","","","","","","","","","","","","","","","","","","","","","","","","","",""
"54405001","NANCY-OCHEY",48.581,5.959833,336,1982100521,"","","","",2.,1,80,1,"","","","","","","","","","","","","","","","","","","","","","","","","","","","",8.8,1,7.3,1,"","","","","","","","","","","","","","","","","","","","","","","","","","",92,1,"","","","","","","","","","","","",10.4,1,999.4,1,"","","","","","","","","","","","","","","","","","","","","","","","","","","","","","","","","","","","","","","","","","","","","","","","","","","","","","","","","","","","","","","","","","","","","","","","","","","","","","","","","","","","","","","","","","","","","","","","","","","","","","","","","","","","","","","","","",""
"54405001","NANCY-OCHEY",48.581,5.959833,336,1982100600,"","","","",5.,1,100,1,"","","","","","","","","","","","","","","","","","","","","","","","","","","","",7.4,1,6.6,1,"","","","","","","","","","","","","","","","","","","","","","","","","","",96,1,"","","","","","","","","","","","",9.9,1,998.1,1,"","","","","","","","","","","","","","","","","","","","","","","","","","","","","","","","","","","","","","","","","","","","","","","","","","","","","","","","","","","","","","","","","","","","","","","","","","","","","","","","","","","","","","","","","","","","","","","","","","","","","","","","","","","","","","","","","",""
"54405001","NANCY-OCHEY",48.581,5.959833,336,1982100603,"","","","",2.,1,140,1,"","","","","","","","","","","","","","","","","","","","","","","","","","","","",6.5,1,5.7,1,"","","","","","","","","","","","","","","","","","","","","","","","","","",96,1,"","","","","","","","","","","","",9.3,1,997.,1,"","","","","","","","","","","","","","","","","","","","","","","","","","","","","","","","","","","","","","","","","","","","","","","","","","","","","","","","","","","","","","","","","","","","","","","","","","","","","","","","","","","","","","","","","","","","","","","","","","","","","","","","","","","","","","","","","",""
"54405001","NANCY-OCHEY",48.581,5.959833,336,1982100606,"","","","",2.,1,160,1,"","","","","","","","","","","","","","","","","","","","","","","","","","","","",7.4,1,6.4,1,"","","","","","","","","","","","","","","","","","","","","","","","","","",96,1,"","","","","","","","","","","","",9.8,1,996.8,1,"","","","","","",7,1,7,1,5,1,"","","","","","","","","","","","","","","","","","","","","","","","","","","","",3000,1,"","",10,1,2,1,"","",0,1,"","","","","","","","","","","","","","","","","","","","","","","","","","","","","","","","","","","","","","","","","","","","","","","","","","","","","","","","","","","","","",""
"54405001","NANCY-OCHEY",48.581,5.959833,336,1982100609,"","","","",3.,1,220,1,"","","","","","","","","","","","","","","","","","","","","","","","","","","","",7.9,1,6.,1,"","","","","","","","","","","","","","","","","","","","","","","","","","",89,1,"","","","","","","","","","","","",9.5,1,997.3,1,"","","","","","",7,1,7,1,7,1,"","","","","","","","","","","","","","","","","","","","","","","","","","","","",15000,1,"","",3,1,2,1,"","","","","","","","","","","","","","","","","","","","","","","","","","","","","","","","","","","","","","","","","","","","","","","","","","","","","","","","","","","","","","","","","",""
"54405001","NANCY-OCHEY",48.581,5.959833,336,1982100612,"","","","",2.,1,240,1,"","","","","","","","","","","","","","","","","","","","","","","","","","","","",8.3,1,5.9,1,"","","","","","","","","","","","","","","","","","","","","","","","","","",86,1,"","","","","","","","","","","","",9.4,1,996.9,1,"","","","","","",8,1,6,1,5,1,2,1,"","","","","","","","","","","","","","","","","","","","","","","","","","",25000,1,"","",1,1,2,1,"","","","","","","","","","","","","","","","","","","","","","","","","","","","","","","","","","","","","","","","","","","","","","","","","","","","","","","","","","","","","","","","","",""
"54405001","NANCY-OCHEY",48.581,5.959833,336,1982100615,"","","","",4.,1,280,1,"","","","","","","","","","","","","","","","","","","","","","","","","","","","",8.,1,6.3,1,"","","","","","","","","","","","","","","","","","","","","","","","","","",90,1,"","","","","","","","","","","","",9.7,1,996.5,1,"","","","","","",8,1,7,1,5,1,"","","","","","","","","","","","","","","","","","","","","","","","","","","","",20000,1,"","",61,1,6,1,"","","","","","","","","","","","","","","","","","","","","","","","","","","","","","","","","","","","","","","","","","","","","","","","","","","","","","","","","","","","","","","","","",""
"54405001","NANCY-OCHEY",48.581,5.959833,336,1982100618,"","","","",5.,1,240,1,"","","","","","","","","","","","","","","","","","","","","","","","","","","","",7.,1,6.3,1,"","","","","","","","","","","","","","","","","","","","","","","","","","",97,1,"","","","","","","","","","","","",9.7,1,996.5,1,"","","","","","",8,1,8,1,7,1,"","","","","","","","","","","","","","","","","","","","","","","","","","","","",7000,1,"","",61,1,6,1,"","","","","","","","","","","","","","","","","","","","","","","","","","","","","","","","","","","","","","","","","","","","","","","","","","","","","","","","","","","","","","","","","",""
"54405001","NANCY-OCHEY",48.581,5.959833,336,1982100621,"","","","",7.,1,260,1,"","","","","","","","","","","","","","","","","","","","","","","","","","","","",7.4,1,6.9,1,"","","","","","","","","","","","","","","","","","","","","","","","","","",98,1,"","","","","","","","","","","","",10.1,1,994.8,1,"","","","","","","","","","","","","","","","","","","","","","","","","","","","","","","","","","","","","","","","","","","","","","","","","","","","","","","","","","","","","","","","","","","","","","","","","","","","","","","","","","","","","","","","","","","","","","","","","","","","","","","","","","","","","","","","","",""
"54405001","NANCY-OCHEY",48.581,5.959833,336,1982100700,"","","","",10.,1,240,1,"","","","","","","","","","","","","","","","","","","","","","","","","","","","",8.9,1,8.2,1,"","","","","","","","","","","","","","","","","","","","","","","","","","",97,1,"","","","","","","","","","","","",11.1,1,993.,1,"","","","","","","","","","","","","","","","","","","","","","","","","","","","","","","","","","","","","","","","","","","","","","","","","","","","","","","","","","","","","","","","","","","","","","","","","","","","","","","","","","","","","","","","","","","","","","","","","","","","","","","","","","","","","","","","","",""
"54405001","NANCY-OCHEY",48.581,5.959833,336,1982100703,"","","","",10.,1,240,1,"","","","","","","","","","","","","","","","","","","","","","","","","","","","",9.,1,7.8,1,"","","","","","","","","","","","","","","","","","","","","","","","","","",94,1,"","","","","","","","","","","","",10.8,1,993.,1,"","","","","","","","","","","","","","","","","","","","","","","","","","","","","","","","","","","","","","","","","","","","","","","","","","","","","","","","","","","","","","","","","","","","","","","","","","","","","","","","","","","","","","","","","","","","","","","","","","","","","","","","","","","","","","","","","",""
"54405001","NANCY-OCHEY",48.581,5.959833,336,1982100706,"","","","",11.,1,240,1,"","","","","","","","","","","","","","","","","","","","","","","","","","","","",9.,1,7.3,1,"","","","","","","","","","","","","","","","","","","","","","","","","","",91,1,"","","","","","","","","","","","",10.4,1,993.6,1,"","","","","","",8,1,8,1,7,1,"","","","","","","","","","","","","","","","","","","","","","","","","","","","",8000,1,"","",21,1,6,1,"","",0,1,"","","","","","","","","","","","","","","","","","","","","","","","","","","","","","","","","","","","","","","","","","","","","","","","","","","","","","","","","","","","","",""
"54405001","NANCY-OCHEY",48.581,5.959833,336,1982100709,"","","","",11.,1,240,1,"","","","","","","","","","","","","","","","","","","","","","","","","","","","",8.8,1,7.7,1,"","","","","","","","","","","","","","","","","","","","","","","","","","",95,1,"","","","","","","","","","","","",10.7,1,996.2,1,"","","","","","",8,1,8,1,7,1,"","","","","","","","","","","","","","","","","","","","","","","","","","","","",5000,1,"","",61,1,6,1,"","","","","","","","","","","","","","","","","","","","","","","","","","","","","","","","","","","","","","","","","","","","","","","","","","","","","","","","","","","","","","","","","",""
"54405001","NANCY-OCHEY",48.581,5.959833,336,1982100712,"","","","",12.,1,240,1,"","","","","","","","","","","","","","","","","","","","","","","","","","","","",9.3,1,8.3,1,"","","","","","","","","","","","","","","","","","","","","","","","","","",96,1,"","","","","","","","","","","","",11.2,1,997.5,1,"","","","","","",8,1,8,1,7,1,"","","","","","","","","","","","","","","","","","","","","","","","","","","","",5000,1,"","",61,1,6,1,"","","","","","","","","","","","","","","","","","","","","","","","","","","","","","","","","","","","","","","","","","","","","","","","","","","","","","","","","","","","","","","","","",""
"54405001","NANCY-OCHEY",48.581,5.959833,336,1982100715,"","","","",10.,1,220,1,"","","","","","","","","","","","","","","","","","","","","","","","","","","","",9.4,1,8.5,1,"","","","","","","","","","","","","","","","","","","","","","","","","","",96,1,"","","","","","","","","","","","",11.3,1,999.,1,"","","","","","",8,1,8,1,7,1,"","","","","","","","","","","","","","","","","","","","","","","","","","","","",5000,1,"","",21,1,6,1,"","","","","","","","","","","","","","","","","","","","","","","","","","","","","","","","","","","","","","","","","","","","","","","","","","","","","","","","","","","","","","","","","",""
"54405001","NANCY-OCHEY",48.581,5.959833,336,1982100718,"","","","",9.,1,240,1,"","","","","","","","","","","","","","","","","","","","","","","","","","","","",9.7,1,8.7,1,"","","","","","","","","","","","","","","","","","","","","","","","","","",96,1,"","","","","","","","","","","","",11.5,1,1000.4,1,"","","","","","",8,1,8,1,7,1,"","","","","","","","","","","","","","","","","","","","","","","","","","","","",4500,1,"","",61,1,6,1,"","","","","","","","","","","","","","","","","","","","","","","","","","","","","","","","","","","","","","","","","","","","","","","","","","","","","","","","","","","","","","","","","",""
"54405001","NANCY-OCHEY",48.581,5.959833,336,1982100721,"","","","",8.,1,240,1,"","","","","","","","","","","","","","","","","","","","","","","","","","","","",9.7,1,9.,1,"","","","","","","","","","","","","","","","","","","","","","","","","","",97,1,"","","","","","","","","","","","",11.7,1,1001.4,1,"","","","","","","","","","","","","","","","","","","","","","","","","","","","","","","","","","","","","","","","","","","","","","","","","","","","","","","","","","","","","","","","","","","","","","","","","","","","","","","","","","","","","","","","","","","","","","","","","","","","","","","","","","","","","","","","","",""
"54405001","NANCY-OCHEY",48.581,5.959833,336,1982100800,"","","","",7.,1,260,1,"","","","","","","","","","","","","","","","","","","","","","","","","","","","",9.5,1,8.6,1,"","","","","","","","","","","","","","","","","","","","","","","","","","",96,1,"","","","","","","","","","","","",11.4,1,1002.3,1,"","","","","","","","","","","","","","","","","","","","","","","","","","","","","","","","","","","","","","","","","","","","","","","","","","","","","","","","","","","","","","","","","","","","","","","","","","","","","","","","","","","","","","","","","","","","","","","","","","","","","","","","","","","","","","","","","",""
"54405001","NANCY-OCHEY",48.581,5.959833,336,1982100803,"","","","",9.,1,240,1,"","","","","","","","","","","","","","","","","","","","","","","","","","","","",9.7,1,8.2,1,"","","","","","","","","","","","","","","","","","","","","","","","","","",92,1,"","","","","","","","","","","","",11.1,1,1002.5,1,"","","","","","","","","","","","","","","","","","","","","","","","","","","","","","","","","","","","","","","","","","","","","","","","","","","","","","","","","","","","","","","","","","","","","","","","","","","","","","","","","","","","","","","","","","","","","","","","","","","","","","","","","","","","","","","","","",""
"54405001","NANCY-OCHEY",48.581,5.959833,336,1982100806,"","","","",7.,1,220,1,"","","","","","","","","","","","","","","","","","","","","","","","","","","","",8.7,1,7.2,1,"","","","","","","","","","","","","","","","","","","","","","","","","","",92,1,"","","","","","","","","","","","",10.3,1,1003.2,1,"","","","","","",7,1,6,1,5,1,3,1,"","","","","","","","","","","","","","","","","","","","","","","","","","",8000,1,"","",3,1,2,1,"","",0,1,"","","","","","","","","","","","","","","","","","","","","","","","","","","","","","","","","","","","","","","","","","","","","","","","","","","","","","","","","","","","","",""
"54405001","NANCY-OCHEY",48.581,5.959833,336,1982100809,"","","","",9.,1,220,1,"","","","","","","","","","","","","","","","","","","","","","","","","","","","",10.3,1,7.8,1,"","","","","","","","","","","","","","","","","","","","","","","","","","",86,1,"","","","","","","","","","","","",10.8,1,1003.9,1,"","","","","","",7,1,5,1,8,1,3,1,"","","","","","","","","","","","","","","","","","","","","","","","","","",11000,1,"","",1,1,2,1,"","","","","","","","","","","","","","","","","","","","","","","","","","","","","","","","","","","","","","","","","","","","","","","","","","","","","","","","","","","","","","","","","",""
"54405001","NANCY-OCHEY",48.581,5.959833,336,1982100812,"","","","",5.,1,220,1,"","","","","","","","","","","","","","","","","","","","","","","","","","","","",10.,1,8.9,1,"","","","","","","","","","","","","","","","","","","","","","","","","","",95,1,"","","","","","","","","","","","",11.6,1,1003.8,1,"","","","","","",8,1,7,1,8,1,"","","","","","","","","","","","","","","","","","","","","","","","","","","","",9000,1,"","",60,1,8,1,"","","","","","","","","","","","","","","","","","","","","","","","","","","","","","","","","","","","","","","","","","","","","","","","","","","","","","","","","","","","","","","","","",""
"54405001","NANCY-OCHEY",48.581,5.959833,336,1982100815,"","","","",4.,1,200,1,"","","","","","","","","","","","","","","","","","","","","","","","","","","","",10.3,1,9.2,1,"","","","","","","","","","","","","","","","","","","","","","","","","","",95,1,"","","","","","","","","","","","",11.9,1,1003.3,1,"","","","","","",7,1,5,1,8,1,"","","","","","","","","","","","","","","","","","","","","","","","","","","","",9000,1,"","",25,1,8,1,"","","","","","","","","","","","","","","","","","","","","","","","","","","","","","","","","","","","","","","","","","","","","","","","","","","","","","","","","","","","","","","","","",""
"54405001","NANCY-OCHEY",48.581,5.959833,336,1982100818,"","","","",4.,1,200,1,"","","","","","","","","","","","","","","","","","","","","","","","","","","","",9.3,1,8.3,1,"","","","","","","","","","","","","","","","","","","","","","","","","","",96,1,"","","","","","","","","","","","",11.2,1,1003.5,1,"","","","","","",8,1,5,1,8,1,"","","","","","","","","","","","","","","","","","","","","","","","","","","","",9000,1,"","",60,1,8,1,"","","","","","","","","","","","","","","","","","","","","","","","","","","","","","","","","","","","","","","","","","","","","","","","","","","","","","","","","","","","","","","","","",""
"54405001","NANCY-OCHEY",48.581,5.959833,336,1982100821,"","","","",5.,1,200,1,"","","","","","","","","","","","","","","","","","","","","","","","","","","","",8.9,1,8.,1,"","","","","","","","","","","","","","","","","","","","","","","","","","",96,1,"","","","","","","","","","","","",10.9,1,1004.,1,"","","","","","","","","","","","","","","","","","","","","","","","","","","","","","","","","","","","","","","","","","","","","","","","","","","","","","","","","","","","","","","","","","","","","","","","","","","","","","","","","","","","","","","","","","","","","","","","","","","","","","","","","","","","","","","","","",""
"54405001","NANCY-OCHEY",48.581,5.959833,336,1982100900,"","","","",4.,1,220,1,"","","","","","","","","","","","","","","","","","","","","","","","","","","","",8.8,1,8.,1,"","","","","","","","","","","","","","","","","","","","","","","","","","",96,1,"","","","","","","","","","","","",10.9,1,1005.,1,"","","","","","","","","","","","","","","","","","","","","","","","","","","","","","","","","","","","","","","","","","","","","","","","","","","","","","","","","","","","","","","","","","","","","","","","","","","","","","","","","","","","","","","","","","","","","","","","","","","","","","","","","","","","","","","","","",""
"54405001","NANCY-OCHEY",48.581,5.959833,336,1982100903,"","","","",5.,1,220,1,"","","","","","","","","","","","","","","","","","","","","","","","","","","","",8.6,1,7.8,1,"","","","","","","","","","","","","","","","","","","","","","","","","","",97,1,"","","","","","","","","","","","",10.8,1,1005.7,1,"","","","","","","","","","","","","","","","","","","","","","","","","","","","","","","","","","","","","","","","","","","","","","","","","","","","","","","","","","","","","","","","","","","","","","","","","","","","","","","","","","","","","","","","","","","","","","","","","","","","","","","","","","","","","","","","","",""
"54405001","NANCY-OCHEY",48.581,5.959833,336,1982100906,"","","","",6.,1,220,1,"","","","","","","","","","","","","","","","","","","","","","","","","","","","",8.2,1,7.6,1,"","","","","","","","","","","","","","","","","","","","","","","","","","",97,1,"","","","","","","","","","","","",10.6,1,1006.3,1,"","","","","","",8,1,8,1,7,1,"","","","","","","","","","","","","","","","","","","","","","","","","","","","",3500,1,"","",58,1,6,1,"","",0,1,"","","","","","","","","","","","","","","","","","","","","","","","","","","","","","","","","","","","","","","","","","","","","","","","","","","","","","","","","","","","","",""
"54405001","NANCY-OCHEY",48.581,5.959833,336,1982100909,"","","","",6.,1,220,1,"","","","","","","","","","","","","","","","","","","","","","","","","","","","",8.3,1,7.6,1,"","","","","","","","","","","","","","","","","","","","","","","","","","",97,1,"","","","","","","","","","","","",10.6,1,1007.9,1,"","","","","","",8,1,8,1,7,1,"","","","","","","","","","","","","","","","","","","","","","","","","","","","",4000,1,"","",58,1,6,1,"","","","","","","","","","","","","","","","","","","","","","","","","","","","","","","","","","","","","","","","","","","","","","","","","","","","","","","","","","","","","","","","","",""
"54405001","NANCY-OCHEY",48.581,5.959833,336,1982100912,"","","","",4.,1,220,1,"","","","","","","","","","","","","","","","","","","","","","","","","","","","",9.2,1,8.5,1,"","","","","","","","","","","","","","","","","","","","","","","","","","",97,1,"","","","","","","","","","","","",11.3,1,1008.6,1,"","","","","","",8,1,8,1,7,1,"","","","","","","","","","","","","","","","","","","","","","","","","","","","",11000,1,"","",21,1,6,1,"","","","","","","","","","","","","","","","","","","","","","","","","","","","","","","","","","","","","","","","","","","","","","","","","","","","","","","","","","","","","","","","","",""
"54405001","NANCY-OCHEY",48.581,5.959833,336,1982100915,"","","","",5.,1,200,1,"","","","","","","","","","","","","","","","","","","","","","","","","","","","",9.9,1,8.9,1,"","","","","","","","","","","","","","","","","","","","","","","","","","",95,1,"","","","","","","","","","","","",11.6,1,1008.8,1,"","","","","","","","","","","","","","","","","","","","","","","","","","","","","","","","","","","","","","","","","","","","","","","","","","","","","","","","","","","","","","","","","","","","","","","","","","","","","","","","","","","","","","","","","","","","","","","","","","","","","","","","","","","","","","","","","",""
"54405001","NANCY-OCHEY",48.581,5.959833,336,1982100918,"","","","",6.,1,240,1,"","","","","","","","","","","","","","","","","","","","","","","","","","","","",9.2,1,8.3,1,"","","","","","","","","","","","","","","","","","","","","","","","","","",96,1,"","","","","","","","","","","","",11.2,1,1009.9,1,"","","","","","","","","","","","","","","","","","","","","","","","","","","","","","","","","","","","","","","","","","","","","","","","","","","","","","","","","","","","","","","","","","","","","","","","","","","","","","","","","","","","","","","","","","","","","","","","","","","","","","","","","","","","","","","","","",""
"54405001","NANCY-OCHEY",48.581,5.959833,336,1982100921,"","","","",5.,1,220,1,"","","","","","","","","","","","","","","","","","","","","","","","","","","","",8.1,1,7.3,1,"","","","","","","","","","","","","","","","","","","","","","","","","","",96,1,"","","","","","","","","","","","",10.4,1,1011.3,1,"","","","","","","","","","","","","","","","","","","","","","","","","","","","","","","","","","","","","","","","","","","","","","","","","","","","","","","","","","","","","","","","","","","","","","","","","","","","","","","","","","","","","","","","","","","","","","","","","","","","","","","","","","","","","","","","","",""
"54405001","NANCY-OCHEY",48.581,5.959833,336,1982101000,"","","","",3.,1,200,1,"","","","","","","","","","","","","","","","","","","","","","","","","","","","",8.,1,7.2,1,"","","","","","","","","","","","","","","","","","","","","","","","","","",96,1,"","","","","","","","","","","","",10.3,1,1012.1,1,"","","","","","","","","","","","","","","","","","","","","","","","","","","","","","","","","","","","","","","","","","","","","","","","","","","","","","","","","","","","","","","","","","","","","","","","","","","","","","","","","","","","","","","","","","","","","","","","","","","","","","","","","","","","","","","","","",""
"54405001","NANCY-OCHEY",48.581,5.959833,336,1982101003,"","","","",5.,1,220,1,"","","","","","","","","","","","","","","","","","","","","","","","","","","","",7.9,1,7.,1,"","","","","","","","","","","","","","","","","","","","","","","","","","",96,1,"","","","","","","","","","","","",10.2,1,1012.6,1,"","","","","","","","","","","","","","","","","","","","","","","","","","","","","","","","","","","","","","","","","","","","","","","","","","","","","","","","","","","","","","","","","","","","","","","","","","","","","","","","","","","","","","","","","","","","","","","","","","","","","","","","","","","","","","","","","",""
"54405001","NANCY-OCHEY",48.581,5.959833,336,1982101006,"","","","",3.,1,200,1,"","","","","","","","","","","","","","","","","","","","","","","","","","","","",8.7,1,7.8,1,"","","","","","","","","","","","","","","","","","","","","","","","","","",96,1,"","","","","","","","","","","","",10.8,1,1013.3,1,"","","","","","",8,1,8,1,7,1,"","","","","","","","","","","","","","","","","","","","","","","","","","","","",5000,1,"","",21,1,6,1,"","",0,1,"","","","","","","","","","","","","","","","","","","","","","","","","","","","","","","","","","","","","","","","","","","","","","","","","","","","","","","","","","","","","",""
"54405001","NANCY-OCHEY",48.581,5.959833,336,1982101009,"","","","",6.,1,220,1,"","","","","","","","","","","","","","","","","","","","","","","","","","","","",10.3,1,8.7,1,"","","","","","","","","","","","","","","","","","","","","","","","","","",92,1,"","","","","","","","","","","","",11.5,1,1014.3,1,"","","","","","",7,1,5,1,7,1,"","","","","","","","","","","","","","","","","","","","","","","","","","","","",6000,1,"","",3,1,2,1,"","","","","","","","","","","","","","","","","","","","","","","","","","","","","","","","","","","","","","","","","","","","","","","","","","","","","","","","","","","","","","","","","",""
"54405001","NANCY-OCHEY",48.581,5.959833,336,1982101012,"","","","",6.,1,220,1,"","","","","","","","","","","","","","","","","","","","","","","","","","","","",10.9,1,9.,1,"","","","","","","","","","","","","","","","","","","","","","","","","","",90,1,"","","","","","","","","","","","",11.7,1,1015.1,1,"","","","","","",7,1,6,1,5,1,"","","","","","","","","","","","","","","","","","","","","","","","","","","","",13000,1,"","",21,1,6,1,"","","","","","","","","","","","","","","","","","","","","","","","","","","","","","","","","","","","","","","","","","","","","","","","","","","","","","","","","","","","","","","","","",""
"54405001","NANCY-OCHEY",48.581,5.959833,336,1982101015,"","","","",5.,1,200,1,"","","","","","","","","","","","","","","","","","","","","","","","","","","","",11.3,1,7.8,1,"","","","","","","","","","","","","","","","","","","","","","","","","","",81,1,"","","","","","","","","","","","",10.8,1,1015.1,1,"","","","","","","","","","","","","","","","","","","","","","","","","","","","","","","","","","","","","","","","","","","","","","","","","","","","","","","","","","","","","","","","","","","","","","","","","","","","","","","","","","","","","","","","","","","","","","","","","","","","","","","","","","","","","","","","","",""
"54405001","NANCY-OCHEY",48.581,5.959833,336,1982101018,"","","","",4.,1,180,1,"","","","","","","","","","","","","","","","","","","","","","","","","","","","",9.9,1,8.1,1,"","","","","","","","","","","","","","","","","","","","","","","","","","",90,1,"","","","","","","","","","","","",11.,1,1015.6,1,"","","","","","","","","","","","","","","","","","","","","","","","","","","","","","","","","","","","","","","","","","","","","","","","","","","","","","","","","","","","","","","","","","","","","","","","","","","","","","","","","","","","","","","","","","","","","","","","","","","","","","","","","","","","","","","","","",""
"54405001","NANCY-OCHEY",48.581,5.959833,336,1982101021,"","","","",5.,1,200,1,"","","","","","","","","","","","","","","","","","","","","","","","","","","","",9.4,1,7.6,1,"","","","","","","","","","","","","","","","","","","","","","","","","","",90,1,"","","","","","","","","","","","",10.6,1,1016.3,1,"","","","","","","","","","","","","","","","","","","","","","","","","","","","","","","","","","","","","","","","","","","","","","","","","","","","","","","","","","","","","","","","","","","","","","","","","","","","","","","","","","","","","","","","","","","","","","","","","","","","","","","","","","","","","","","","","",""
"54405001","NANCY-OCHEY",48.581,5.959833,336,1982101100,"","","","",5.,1,220,1,"","","","","","","","","","","","","","","","","","","","","","","","","","","","",8.9,1,7.2,1,"","","","","","","","","","","","","","","","","","","","","","","","","","",90,1,"","","","","","","","","","","","",10.3,1,1016.4,1,"","","","","","","","","","","","","","","","","","","","","","","","","","","","","","","","","","","","","","","","","","","","","","","","","","","","","","","","","","","","","","","","","","","","","","","","","","","","","","","","","","","","","","","","","","","","","","","","","","","","","","","","","","","","","","","","","",""
"54405001","NANCY-OCHEY",48.581,5.959833,336,1982101103,"","","","",5.,1,200,1,"","","","","","","","","","","","","","","","","","","","","","","","","","","","",8.5,1,7.4,1,"","","","","","","","","","","","","","","","","","","","","","","","","","",95,1,"","","","","","","","","","","","",10.5,1,1015.8,1,"","","","","","","","","","","","","","","","","","","","","","","","","","","","","","","","","","","","","","","","","","","","","","","","","","","","","","","","","","","","","","","","","","","","","","","","","","","","","","","","","","","","","","","","","","","","","","","","","","","","","","","","","","","","","","","","","",""
"54405001","NANCY-OCHEY",48.581,5.959833,336,1982101106,"","","","",5.,1,200,1,"","","","","","","","","","","","","","","","","","","","","","","","","","","","",9.3,1,8.2,1,"","","","","","","","","","","","","","","","","","","","","","","","","","",95,1,"","","","","","","","","","","","",11.1,1,1014.7,1,"","","","","","",8,1,8,1,7,1,7,1,"","","","","","","","","","","","","","","","","","","","","","","","","","",10000,1,"","",21,1,6,1,"","",0,1,"","","","","","","","","","","","","","","","","","","","","","","","","","","","","","","","","","","","","","","","","","","","","","","","","","","","","","","","","","","","","",""
"54405001","NANCY-OCHEY",48.581,5.959833,336,1982101109,"","","","",7.,1,200,1,"","","","","","","","","","","","","","","","","","","","","","","","","","","","",9.8,1,8.5,1,"","","","","","","","","","","","","","","","","","","","","","","","","","",93,1,"","","","","","","","","","","","",11.3,1,1012.9,1,"","","","","","",8,1,8,1,5,1,"","","","","","","","","","","","","","","","","","","","","","","","","","","","",4500,1,"","",58,1,5,1,"","","","","","","","","","","","","","","","","","","","","","","","","","","","","","","","","","","","","","","","","","","","","","","","","","","","","","","","","","","","","","","","","",""
"54405001","NANCY-OCHEY",48.581,5.959833,336,1982101112,"","","","",7.,1,200,1,"","","","","","","","","","","","","","","","","","","","","","","","","","","","",10.1,1,9.,1,"","","","","","","","","","","","","","","","","","","","","","","","","","",95,1,"","","","","","","","","","","","",11.7,1,1010.3,1,"","","","","","",8,1,7,1,7,1,"","","","","","","","","","","","","","","","","","","","","","","","","","","","",8000,1,"","",61,1,6,1,"","","","","","","","","","","","","","","","","","","","","","","","","","","","","","","","","","","","","","","","","","","","","","","","","","","","","","","","","","","","","","","","","",""
"54405001","NANCY-OCHEY",48.581,5.959833,336,1982101115,"","","","",8.,1,220,1,"","","","","","","","","","","","","","","","","","","","","","","","","","","","",10.2,1,8.9,1,"","","","","","","","","","","","","","","","","","","","","","","","","","",94,1,"","","","","","","","","","","","",11.6,1,1007.9,1,"","","","","","",8,1,8,1,5,1,7,1,"","","","","","","","","","","","","","","","","","","","","","","","","","",7000,1,"","",61,1,6,1,"","","","","","","","","","","","","","","","","","","","","","","","","","","","","","","","","","","","","","","","","","","","","","","","","","","","","","","","","","","","","","","","","",""
"54405001","NANCY-OCHEY",48.581,5.959833,336,1982101118,"","","","",11.,1,240,1,"","","","","","","","","","","","","","","","","","","","","","","","","","","","",10.,1,7.8,1,"","","","","","","","","","","","","","","","","","","","","","","","","","",88,1,"","","","","","","","","","","","",10.8,1,1008.6,1,"","","","","","",8,1,7,1,5,1,"","","","","","","","","","","","","","","","","","","","","","","","","","","","",8000,1,"","",63,1,6,1,"","","","","","","","","","","","","","","","","","","","","","","","","","","","","","","","","","","","","","","","","","","","","","","","","","","","","","","","","","","","","","","","","",""
"54405001","NANCY-OCHEY",48.581,5.959833,336,1982101121,"","","","",8.,1,240,1,"","","","","","","","","","","","","","","","","","","","","","","","","","","","",8.9,1,6.7,1,"","","","","","","","","","","","","","","","","","","","","","","","","","",88,1,"","","","","","","","","","","","",10.,1,1009.5,1,"","","","","","","","","","","","","","","","","","","","","","","","","","","","","","","","","","","","","","","","","","","","","","","","","","","","","","","","","","","","","","","","","","","","","","","","","","","","","","","","","","","","","","","","","","","","","","","","","","","","","","","","","","","","","","","","","",""
"54405001","NANCY-OCHEY",48.581,5.959833,336,1982101200,"","","","",8.,1,220,1,"","","","","","","","","","","","","","","","","","","","","","","","","","","","",8.5,1,6.6,1,"","","","","","","","","","","","","","","","","","","","","","","","","","",89,1,"","","","","","","","","","","","",9.9,1,1009.9,1,"","","","","","","","","","","","","","","","","","","","","","","","","","","","","","","","","","","","","","","","","","","","","","","","","","","","","","","","","","","","","","","","","","","","","","","","","","","","","","","","","","","","","","","","","","","","","","","","","","","","","","","","","","","","","","","","","",""
"54405001","NANCY-OCHEY",48.581,5.959833,336,1982101203,"","","","",7.,1,240,1,"","","","","","","","","","","","","","","","","","","","","","","","","","","","",8.1,1,7.2,1,"","","","","","","","","","","","","","","","","","","","","","","","","","",95,1,"","","","","","","","","","","","",10.3,1,1010.1,1,"","","","","","","","","","","","","","","","","","","","","","","","","","","","","","","","","","","","","","","","","","","","","","","","","","","","","","","","","","","","","","","","","","","","","","","","","","","","","","","","","","","","","","","","","","","","","","","","","","","","","","","","","","","","","","","","","",""
"54405001","NANCY-OCHEY",48.581,5.959833,336,1982101206,"","","","",5.,1,220,1,"","","","","","","","","","","","","","","","","","","","","","","","","","","","",8.2,1,7.2,1,"","","","","","","","","","","","","","","","","","","","","","","","","","",94,1,"","","","","","","","","","","","",10.3,1,1010.9,1,"","","","","","",7,1,5,1,7,1,"","","","","","","","","","","","","","","","","","","","","","","","","","","","",15000,1,"","",3,1,6,1,"","",0,1,"","","","","","","","","","","","","","","","","","","","","","","","","","","","","","","","","","","","","","","","","","","","","","","","","","","","","","","","","","","","","",""
"54405001","NANCY-OCHEY",48.581,5.959833,336,1982101209,"","","","",8.,1,240,1,"","","","","","","","","","","","","","","","","","","","","","","","","","","","",10.,1,7.4,1,"","","","","","","","","","","","","","","","","","","","","","","","","","",86,1,"","","","","","","","","","","","",10.5,1,1011.1,1,"","","","","","",7,1,0,1,8,1,0,1,1,1,"","","","","","","","","","","","","","","","","","","","","","","","",13000,1,"","",1,1,2,1,"","","","","","","","","","","","","","","","","","","","","","","","","","","","","","","","","","","","","","","","","","","","","","","","","","","","","","","","","","","","","","","","","",""
"54405001","NANCY-OCHEY",48.581,5.959833,336,1982101212,"","","","",8.,1,200,1,"","","","","","","","","","","","","","","","","","","","","","","","","","","","",10.4,1,7.3,1,"","","","","","","","","","","","","","","","","","","","","","","","","","",82,1,"","","","","","","","","","","","",10.4,1,1009.5,1,"","","","","","",7,1,0,1,8,1,0,1,1,1,"","","","","","","","","","","","","","","","","","","","","","","","",18000,1,"","",3,1,2,1,"","","","","","","","","","","","","","","","","","","","","","","","","","","","","","","","","","","","","","","","","","","","","","","","","","","","","","","","","","","","","","","","","",""
"54405001","NANCY-OCHEY",48.581,5.959833,336,1982101215,"","","","",4.,1,200,1,"","","","","","","","","","","","","","","","","","","","","","","","","","","","",10.4,1,7.7,1,"","","","","","","","","","","","","","","","","","","","","","","","","","",85,1,"","","","","","","","","","","","",10.7,1,1007.8,1,"","","","","","",8,1,8,1,8,1,2,1,"","","","","","","","","","","","","","","","","","","","","","","","","","",20000,1,"","",1,1,2,1,"","","","","","","","","","","","","","","","","","","","","","","","","","","","","","","","","","","","","","","","","","","","","","","","","","","","","","","","","","","","","","","","","",""
"54405001","NANCY-OCHEY",48.581,5.959833,336,1982101218,"","","","",6.,1,160,1,"","","","","","","","","","","","","","","","","","","","","","","","","","","","",9.4,1,8.1,1,"","","","","","","","","","","","","","","","","","","","","","","","","","",93,1,"","","","","","","","","","","","",11.,1,1004.8,1,"","","","","","",8,1,7,1,5,1,"","","","","","","","","","","","","","","","","","","","","","","","","","","","",10000,1,"","",61,1,6,1,"","","","","","","","","","","","","","","","","","","","","","","","","","","","","","","","","","","","","","","","","","","","","","","","","","","","","","","","","","","","","","","","","",""
"54405001","NANCY-OCHEY",48.581,5.959833,336,1982101221,"","","","",11.,1,200,1,"","","","","","","","","","","","","","","","","","","","","","","","","","","","",9.5,1,8.3,1,"","","","","","","","","","","","","","","","","","","","","","","","","","",94,1,"","","","","","","","","","","","",11.2,1,1001.8,1,"","","","","","","","","","","","","","","","","","","","","","","","","","","","","","","","","","","","","","","","","","","","","","","","","","","","","","","","","","","","","","","","","","","","","","","","","","","","","","","","","","","","","","","","","","","","","","","","","","","","","","","","","","","","","","","","","",""
"54405001","NANCY-OCHEY",48.581,5.959833,336,1982101300,"","","","",9.,1,200,1,"","","","","","","","","","","","","","","","","","","","","","","","","","","","",10.9,1,9.8,1,"","","","","","","","","","","","","","","","","","","","","","","","","","",95,1,"","","","","","","","","","","","",12.4,1,1000.1,1,"","","","","","","","","","","","","","","","","","","","","","","","","","","","","","","","","","","","","","","","","","","","","","","","","","","","","","","","","","","","","","","","","","","","","","","","","","","","","","","","","","","","","","","","","","","","","","","","","","","","","","","","","","","","","","","","","",""
"54405001","NANCY-OCHEY",48.581,5.959833,336,1982101303,"","","","",6.,1,180,1,"","","","","","","","","","","","","","","","","","","","","","","","","","","","",10.6,1,9.5,1,"","","","","","","","","","","","","","","","","","","","","","","","","","",95,1,"","","","","","","","","","","","",12.1,1,998.1,1,"","","","","","","","","","","","","","","","","","","","","","","","","","","","","","","","","","","","","","","","","","","","","","","","","","","","","","","","","","","","","","","","","","","","","","","","","","","","","","","","","","","","","","","","","","","","","","","","","","","","","","","","","","","","","","","","","",""
"54405001","NANCY-OCHEY",48.581,5.959833,336,1982101306,"","","","",4.,1,200,1,"","","","","","","","","","","","","","","","","","","","","","","","","","","","",10.9,1,9.8,1,"","","","","","","","","","","","","","","","","","","","","","","","","","",95,1,"","","","","","","","","","","","",12.4,1,993.4,1,"","","","","","",8,1,8,1,7,1,"","","","","","","","","","","","","","","","","","","","","","","","","","","","",3500,1,"","",63,1,6,1,"","",0,1,"","","","","","","","","","","","","","","","","","","","","","","","","","","","","","","","","","","","","","","","","","","","","","","","","","","","","","","","","","","","","",""
"54405001","NANCY-OCHEY",48.581,5.959833,336,1982101309,"","","","",6.,1,320,1,"","","","","","","","","","","","","","","","","","","","","","","","","","","","",12.2,1,11.5,1,"","","","","","","","","","","","","","","","","","","","","","","","","","",98,1,"","","","","","","","","","","","",13.9,1,990.4,1,"","","","","","",8,1,8,1,7,1,"","","","","","","","","","","","","","","","","","","","","","","","","","","","",600,1,"","",63,1,6,1,"","","","","","","","","","","","","","","","","","","","","","","","","","","","","","","","","","","","","","","","","","","","","","","","","","","","","","","","","","","","","","","","","",""
"54405001","NANCY-OCHEY",48.581,5.959833,336,1982101312,"","","","",7.,1,220,1,"","","","","","","","","","","","","","","","","","","","","","","","","","","","",11.5,1,10.6,1,"","","","","","","","","","","","","","","","","","","","","","","","","","",96,1,"","","","","","","","","","","","",13.1,1,990.2,1,"","","","","","",8,1,8,1,7,1,2,1,"","","","","","","","","","","","","","","","","","","","","","","","","","",14000,1,"","",61,1,6,1,"","","","","","","","","","","","","","","","","","","","","","","","","","","","","","","","","","","","","","","","","","","","","","","","","","","","","","","","","","","","","","","","","",""
"54405001","NANCY-OCHEY",48.581,5.959833,336,1982101315,"","","","",9.,1,240,1,"","","","","","","","","","","","","","","","","","","","","","","","","","","","",11.5,1,10.1,1,"","","","","","","","","","","","","","","","","","","","","","","","","","",93,1,"","","","","","","","","","","","",12.6,1,989.9,1,"","","","","","",8,1,8,1,8,1,2,1,"","","","","","","","","","","","","","","","","","","","","","","","","","",15000,1,"","",61,1,6,1,"","","","","","","","","","","","","","","","","","","","","","","","","","","","","","","","","","","","","","","","","","","","","","","","","","","","","","","","","","","","","","","","","",""
"54405001","NANCY-OCHEY",48.581,5.959833,336,1982101318,"","","","",7.,1,240,1,"","","","","","","","","","","","","","","","","","","","","","","","","","","","",10.2,1,8.3,1,"","","","","","","","","","","","","","","","","","","","","","","","","","",90,1,"","","","","","","","","","","","",11.2,1,992.8,1,"","","","","","",5,1,0,1,2,1,7,1,0,1,"","","","","","","","","","","","","","","","","","","","","","","","",20000,1,"","",1,1,6,1,"","","","","","","","","","","","","","","","","","","","","","","","","","","","","","","","","","","","","","","","","","","","","","","","","","","","","","","","","","","","","","","","","",""
"54405001","NANCY-OCHEY",48.581,5.959833,336,1982101321,"","","","",8.,1,180,1,"","","","","","","","","","","","","","","","","","","","","","","","","","","","",10.,1,8.1,1,"","","","","","","","","","","","","","","","","","","","","","","","","","",90,1,"","","","","","","","","","","","",11.,1,994.4,1,"","","","","","","","","","","","","","","","","","","","","","","","","","","","","","","","","","","","","","","","","","","","","","","","","","","","","","","","","","","","","","","","","","","","","","","","","","","","","","","","","","","","","","","","","","","","","","","","","","","","","","","","","","","","","","","","","",""
"54405001","NANCY-OCHEY",48.581,5.959833,336,1982101400,"","","","",10.,1,200,1,"","","","","","","","","","","","","","","","","","","","","","","","","","","","",9.9,1,7.3,1,"","","","","","","","","","","","","","","","","","","","","","","","","","",85,1,"","","","","","","","","","","","",10.4,1,993.1,1,"","","","","","","","","","","","","","","","","","","","","","","","","","","","","","","","","","","","","","","","","","","","","","","","","","","","","","","","","","","","","","","","","","","","","","","","","","","","","","","","","","","","","","","","","","","","","","","","","","","","","","","","","","","","","","","","","",""
"54405001","NANCY-OCHEY",48.581,5.959833,336,1982101403,"","","","",13.,1,180,1,"","","","","","","","","","","","","","","","","","","","","","","","","","","","",10.1,1,7.3,1,"","","","","","","","","","","","","","","","","","","","","","","","","","",84,1,"","","","","","","","","","","","",10.4,1,990.2,1,"","","","","","","","","","","","","","","","","","","","","","","","","","","","","","","","","","","","","","","","","","","","","","","","","","","","","","","","","","","","","","","","","","","","","","","","","","","","","","","","","","","","","","","","","","","","","","","","","","","","","","","","","","","","","","","","","",""
"54405001","NANCY-OCHEY",48.581,5.959833,336,1982101406,"","","","",9.,1,200,1,"","","","","","","","","","","","","","","","","","","","","","","","","","","","",9.2,1,8.,1,"","","","","","","","","","","","","","","","","","","","","","","","","","",93,1,"","","","","","","","","","","","",10.9,1,989.4,1,"","","","","","",7,1,5,1,8,1,"","","","","","","","","","","","","","","","","","","","","","","","","","","","",16000,1,"","",25,1,8,1,"","",0,1,"","","","","","","","","","","","","","","","","","","","","","","","","","","","","","","","","","","","","","","","","","","","","","","","","","","","","","","","","","","","","",""
"54405001","NANCY-OCHEY",48.581,5.959833,336,1982101409,"","","","",14.,1,200,1,"","","","","","","","","","","","","","","","","","","","","","","","","","","","",9.9,1,8.2,1,"","","","","","","","","","","","","","","","","","","","","","","","","","",91,1,"","","","","","","","","","","","",11.1,1,989.8,1,"","","","","","",7,1,6,1,8,1,"","","","","","","","","","","","","","","","","","","","","","","","","","","","",17000,1,"","",21,1,6,1,"","","","","","","","","","","","","","","","","","","","","","","","","","","","","","","","","","","","","","","","","","","","","","","","","","","","","","","","","","","","","","","","","",""
"54405001","NANCY-OCHEY",48.581,5.959833,336,1982101412,"","","","",16.,1,220,1,"","","","","","","","","","","","","","","","","","","","","","","","","","","","",11.,1,8.5,1,"","","","","","","","","","","","","","","","","","","","","","","","","","",86,1,"","","","","","","","","","","","",11.3,1,991.4,1,"","","","","","",6,1,0,1,8,1,0,1,0,1,"","","","","","","","","","","","","","","","","","","","","","","","",11000,1,"","",80,1,8,1,"","","","","","","","","","","","","","","","","","","","","","","","","","","","","","","","","","","","","","","","","","","","","","","","","","","","","","","","","","","","","","","","","",""
"54405001","NANCY-OCHEY",48.581,5.959833,336,1982101415,"","","","",9.,1,220,1,"","","","","","","","","","","","","","","","","","","","","","","","","","","","",9.8,1,7.8,1,"","","","","","","","","","","","","","","","","","","","","","","","","","",90,1,"","","","","","","","","","","","",10.8,1,993.7,1,"","","","","","",7,1,7,1,2,1,"","","","","","","","","","","","","","","","","","","","","","","","","","","","",8000,1,"","",25,1,8,1,"","","","","","","","","","","","","","","","","","","","","","","","","","","","","","","","","","","","","","","","","","","","","","","","","","","","","","","","","","","","","","","","","",""
"54405001","NANCY-OCHEY",48.581,5.959833,336,1982101418,"","","","",6.,1,240,1,"","","","","","","","","","","","","","","","","","","","","","","","","","","","",8.6,1,7.3,1,"","","","","","","","","","","","","","","","","","","","","","","","","","",93,1,"","","","","","","","","","","","",10.4,1,998.1,1,"","","","","","",8,1,6,1,3,1,"","","","","","","","","","","","","","","","","","","","","","","","","","","","",12000,1,"","",3,1,8,1,"","","","","","","","","","","","","","","","","","","","","","","","","","","","","","","","","","","","","","","","","","","","","","","","","","","","","","","","","","","","","","","","","",""
"54405001","NANCY-OCHEY",48.581,5.959833,336,1982101421,"","","","",8.,1,260,1,"","","","","","","","","","","","","","","","","","","","","","","","","","","","",8.7,1,7.4,1,"","","","","","","","","","","","","","","","","","","","","","","","","","",93,1,"","","","","","","","","","","","",10.5,1,1001.2,1,"","","","","","","","","","","","","","","","","","","","","","","","","","","","","","","","","","","","","","","","","","","","","","","","","","","","","","","","","","","","","","","","","","","","","","","","","","","","","","","","","","","","","","","","","","","","","","","","","","","","","","","","","","","","","","","","","",""
"54405001","NANCY-OCHEY",48.581,5.959833,336,1982101500,"","","","",7.,1,260,1,"","","","","","","","","","","","","","","","","","","","","","","","","","","","",8.6,1,7.3,1,"","","","","","","","","","","","","","","","","","","","","","","","","","",93,1,"","","","","","","","","","","","",10.4,1,1003.6,1,"","","","","","","","","","","","","","","","","","","","","","","","","","","","","","","","","","","","","","","","","","","","","","","","","","","","","","","","","","","","","","","","","","","","","","","","","","","","","","","","","","","","","","","","","","","","","","","","","","","","","","","","","","","","","","","","","",""
"54405001","NANCY-OCHEY",48.581,5.959833,336,1982101503,"","","","",6.,1,260,1,"","","","","","","","","","","","","","","","","","","","","","","","","","","","",7.9,1,6.6,1,"","","","","","","","","","","","","","","","","","","","","","","","","","",93,1,"","","","","","","","","","","","",9.9,1,1004.8,1,"","","","","","","","","","","","","","","","","","","","","","","","","","","","","","","","","","","","","","","","","","","","","","","","","","","","","","","","","","","","","","","","","","","","","","","","","","","","","","","","","","","","","","","","","","","","","","","","","","","","","","","","","","","","","","","","","",""
"54405001","NANCY-OCHEY",48.581,5.959833,336,1982101506,"","","","",5.,1,280,1,"","","","","","","","","","","","","","","","","","","","","","","","","","","","",7.6,1,6.3,1,"","","","","","","","","","","","","","","","","","","","","","","","","","",93,1,"","","","","","","","","","","","",9.7,1,1007.4,1,"","","","","","",8,1,6,1,7,1,"","","","","","","","","","","","","","","","","","","","","","","","","","","","",5000,1,"","",61,1,6,1,"","",0,1,"","","","","","","","","","","","","","","","","","","","","","","","","","","","","","","","","","","","","","","","","","","","","","","","","","","","","","","","","","","","","",""
"54405001","NANCY-OCHEY",48.581,5.959833,336,1982101509,"","","","",8.,1,260,1,"","","","","","","","","","","","","","","","","","","","","","","","","","","","",7.2,1,6.2,1,"","","","","","","","","","","","","","","","","","","","","","","","","","",94,1,"","","","","","","","","","","","",9.6,1,1010.4,1,"","","","","","",7,1,7,1,7,1,"","","","","","","","","","","","","","","","","","","","","","","","","","","","",7000,1,"","",21,1,6,1,"","","","","","","","","","","","","","","","","","","","","","","","","","","","","","","","","","","","","","","","","","","","","","","","","","","","","","","","","","","","","","","","","",""
"54405001","NANCY-OCHEY",48.581,5.959833,336,1982101512,"","","","",7.,1,240,1,"","","","","","","","","","","","","","","","","","","","","","","","","","","","",8.7,1,5.7,1,"","","","","","","","","","","","","","","","","","","","","","","","","","",82,1,"","","","","","","","","","","","",9.3,1,1011.8,1,"","","","","","",7,1,5,1,8,1,"","","","","","","","","","","","","","","","","","","","","","","","","","","","",20000,1,"","",1,1,6,1,"","","","","","","","","","","","","","","","","","","","","","","","","","","","","","","","","","","","","","","","","","","","","","","","","","","","","","","","","","","","","","","","","",""
"54405001","NANCY-OCHEY",48.581,5.959833,336,1982101515,"","","","",6.,1,240,1,"","","","","","","","","","","","","","","","","","","","","","","","","","","","",8.9,1,5.4,1,"","","","","","","","","","","","","","","","","","","","","","","","","","",80,1,"","","","","","","","","","","","",9.1,1,1012.8,1,"","","","","","",6,1,6,1,8,1,0,1,0,1,"","","","","","","","","","","","","","","","","","","","","","","","",20000,1,"","",1,1,8,1,"","","","","","","","","","","","","","","","","","","","","","","","","","","","","","","","","","","","","","","","","","","","","","","","","","","","","","","","","","","","","","","","","",""
"54405001","NANCY-OCHEY",48.581,5.959833,336,1982101518,"","","","",3.,1,240,1,"","","","","","","","","","","","","","","","","","","","","","","","","","","","",6.7,1,5.6,1,"","","","","","","","","","","","","","","","","","","","","","","","","","",94,1,"","","","","","","","","","","","",9.2,1,1015.9,1,"","","","","","",6,1,6,1,5,1,0,1,0,1,"","","","","","","","","","","","","","","","","","","","","","","","",20000,1,"","",1,1,8,1,"","","","","","","","","","","","","","","","","","","","","","","","","","","","","","","","","","","","","","","","","","","","","","","","","","","","","","","","","","","","","","","","","",""
"54405001","NANCY-OCHEY",48.581,5.959833,336,1982101521,"","","","",3.,1,220,1,"","","","","","","","","","","","","","","","","","","","","","","","","","","","",5.,1,4.5,1,"","","","","","","","","","","","","","","","","","","","","","","","","","",98,1,"","","","","","","","","","","","",8.5,1,1017.6,1,"","","","","","","","","","","","","","","","","","","","","","","","","","","","","","","","","","","","","","","","","","","","","","","","","","","","","","","","","","","","","","","","","","","","","","","","","","","","","","","","","","","","","","","","","","","","","","","","","","","","","","","","","","","","","","","","","",""
"54405001","NANCY-OCHEY",48.581,5.959833,336,1982101600,"","","","",4.,1,220,1,"","","","","","","","","","","","","","","","","","","","","","","","","","","","",4.9,1,4.5,1,"","","","","","","","","","","","","","","","","","","","","","","","","","",98,1,"","","","","","","","","","","","",8.5,1,1017.9,1,"","","","","","","","","","","","","","","","","","","","","","","","","","","","","","","","","","","","","","","","","","","","","","","","","","","","","","","","","","","","","","","","","","","","","","","","","","","","","","","","","","","","","","","","","","","","","","","","","","","","","","","","","","","","","","","","","",""
"54405001","NANCY-OCHEY",48.581,5.959833,336,1982101603,"","","","",3.,1,160,1,"","","","","","","","","","","","","","","","","","","","","","","","","","","","",4.5,1,4.1,1,"","","","","","","","","","","","","","","","","","","","","","","","","","",98,1,"","","","","","","","","","","","",8.3,1,1018.,1,"","","","","","","","","","","","","","","","","","","","","","","","","","","","","","","","","","","","","","","","","","","","","","","","","","","","","","","","","","","","","","","","","","","","","","","","","","","","","","","","","","","","","","","","","","","","","","","","","","","","","","","","","","","","","","","","","",""
"54405001","NANCY-OCHEY",48.581,5.959833,336,1982101606,"","","","",3.,1,140,1,"","","","","","","","","","","","","","","","","","","","","","","","","","","","",4.3,1,4.3,1,"","","","","","","","","","","","","","","","","","","","","","","","","","",100,1,"","","","","","","","","","","","",8.3,1,1017.9,1,"","","","","","",9,1,"","","","","","","","","","","","","","","","","","","","","","","","","","","","","","","","",200,1,"","",45,1,4,1,"","",0,1,"","","","","","","","","","","","","","","","","","","","","","","","","","","","","","","","","","","","","","","","","","","","","","","","","","","","","","","","","","","","","",""
"54405001","NANCY-OCHEY",48.581,5.959833,336,1982101609,"","","","",3.,1,160,1,"","","","","","","","","","","","","","","","","","","","","","","","","","","","",6.3,1,5.4,1,"","","","","","","","","","","","","","","","","","","","","","","","","","",95,1,"","","","","","","","","","","","",9.1,1,1017.4,1,"","","","","","",7,1,7,1,6,1,"","","","","","","","","","","","","","","","","","","","","","","","","","","","",6000,1,"","",1,1,4,1,"","","","","","","","","","","","","","","","","","","","","","","","","","","","","","","","","","","","","","","","","","","","","","","","","","","","","","","","","","","","","","","","","",""
"54405001","NANCY-OCHEY",48.581,5.959833,336,1982101612,"","","","",3.,1,180,1,"","","","","","","","","","","","","","","","","","","","","","","","","","","","",10.6,1,6.2,1,"","","","","","","","","","","","","","","","","","","","","","","","","","",75,1,"","","","","","","","","","","","",9.6,1,1014.4,1,"","","","","","",4,1,0,1,2,1,0,1,1,1,"","","","","","","","","","","","","","","","","","","","","","","","",18000,1,"","",1,1,4,1,"","","","","","","","","","","","","","","","","","","","","","","","","","","","","","","","","","","","","","","","","","","","","","","","","","","","","","","","","","","","","","","","","",""
"54405001","NANCY-OCHEY",48.581,5.959833,336,1982101615,"","","","",4.,1,160,1,"","","","","","","","","","","","","","","","","","","","","","","","","","","","",10.7,1,5.1,1,"","","","","","","","","","","","","","","","","","","","","","","","","","",69,1,"","","","","","","","","","","","",8.9,1,1012.,1,"","","","","","","","","","","","","","","","","","","","","","","","","","","","","","","","","","","","","","","","","","","","","","","","","","","","","","","","","","","","","","","","","","","","","","","","","","","","","","","","","","","","","","","","","","","","","","","","","","","","","","","","","","","","","","","","","",""
"54405001","NANCY-OCHEY",48.581,5.959833,336,1982101618,"","","","",3.,1,120,1,"","","","","","","","","","","","","","","","","","","","","","","","","","","","",10.,1,5.6,1,"","","","","","","","","","","","","","","","","","","","","","","","","","",75,1,"","","","","","","","","","","","",9.2,1,1010.2,1,"","","","","","","","","","","","","","","","","","","","","","","","","","","","","","","","","","","","","","","","","","","","","","","","","","","","","","","","","","","","","","","","","","","","","","","","","","","","","","","","","","","","","","","","","","","","","","","","","","","","","","","","","","","","","","","","","",""
"54405001","NANCY-OCHEY",48.581,5.959833,336,1982101621,"","","","",4.,1,140,1,"","","","","","","","","","","","","","","","","","","","","","","","","","","","",9.9,1,5.4,1,"","","","","","","","","","","","","","","","","","","","","","","","","","",75,1,"","","","","","","","","","","","",9.1,1,1008.8,1,"","","","","","","","","","","","","","","","","","","","","","","","","","","","","","","","","","","","","","","","","","","","","","","","","","","","","","","","","","","","","","","","","","","","","","","","","","","","","","","","","","","","","","","","","","","","","","","","","","","","","","","","","","","","","","","","","",""
"54405001","NANCY-OCHEY",48.581,5.959833,336,1982101700,"","","","",7.,1,180,1,"","","","","","","","","","","","","","","","","","","","","","","","","","","","",10.4,1,5.6,1,"","","","","","","","","","","","","","","","","","","","","","","","","","",73,1,"","","","","","","","","","","","",9.2,1,1008.2,1,"","","","","","","","","","","","","","","","","","","","","","","","","","","","","","","","","","","","","","","","","","","","","","","","","","","","","","","","","","","","","","","","","","","","","","","","","","","","","","","","","","","","","","","","","","","","","","","","","","","","","","","","","","","","","","","","","",""
"54405001","NANCY-OCHEY",48.581,5.959833,336,1982101703,"","","","",8.,1,200,1,"","","","","","","","","","","","","","","","","","","","","","","","","","","","",10.1,1,9.,1,"","","","","","","","","","","","","","","","","","","","","","","","","","",95,1,"","","","","","","","","","","","",11.7,1,1008.1,1,"","","","","","","","","","","","","","","","","","","","","","","","","","","","","","","","","","","","","","","","","","","","","","","","","","","","","","","","","","","","","","","","","","","","","","","","","","","","","","","","","","","","","","","","","","","","","","","","","","","","","","","","","","","","","","","","","",""
"54405001","NANCY-OCHEY",48.581,5.959833,336,1982101706,"","","","",5.,1,180,1,"","","","","","","","","","","","","","","","","","","","","","","","","","","","",10.4,1,9.3,1,"","","","","","","","","","","","","","","","","","","","","","","","","","",95,1,"","","","","","","","","","","","",12.,1,1008.,1,"","","","","","",7,1,6,1,8,1,"","","","","","","","","","","","","","","","","","","","","","","","","","","","",15000,1,"","",2,1,2,1,"","",0,1,"","","","","","","","","","","","","","","","","","","","","","","","","","","","","","","","","","","","","","","","","","","","","","","","","","","","","","","","","","","","","",""
"54405001","NANCY-OCHEY",48.581,5.959833,336,1982101709,"","","","",5.,1,200,1,"","","","","","","","","","","","","","","","","","","","","","","","","","","","",10.4,1,9.1,1,"","","","","","","","","","","","","","","","","","","","","","","","","","",94,1,"","","","","","","","","","","","",11.8,1,1009.1,1,"","","","","","",6,1,5,1,8,1,0,1,0,1,"","","","","","","","","","","","","","","","","","","","","","","","",24000,1,"","",21,1,6,1,"","","","","","","","","","","","","","","","","","","","","","","","","","","","","","","","","","","","","","","","","","","","","","","","","","","","","","","","","","","","","","","","","",""
"54405001","NANCY-OCHEY",48.581,5.959833,336,1982101712,"","","","",8.,1,240,1,"","","","","","","","","","","","","","","","","","","","","","","","","","","","",13.6,1,6.6,1,"","","","","","","","","","","","","","","","","","","","","","","","","","",64,1,"","","","","","","","","","","","",9.9,1,1009.,1,"","","","","","",6,1,5,1,2,1,0,1,1,1,"","","","","","","","","","","","","","","","","","","","","","","","",24000,1,"","",3,1,6,1,"","","","","","","","","","","","","","","","","","","","","","","","","","","","","","","","","","","","","","","","","","","","","","","","","","","","","","","","","","","","","","","","","",""
"54405001","NANCY-OCHEY",48.581,5.959833,336,1982101715,"","","","",5.,1,220,1,"","","","","","","","","","","","","","","","","","","","","","","","","","","","",13.8,1,5.4,1,"","","","","","","","","","","","","","","","","","","","","","","","","","",58,1,"","","","","","","","","","","","",9.1,1,1008.7,1,"","","","","","","","","","","","","","","","","","","","","","","","","","","","","","","","","","","","","","","","","","","","","","","","","","","","","","","","","","","","","","","","","","","","","","","","","","","","","","","","","","","","","","","","","","","","","","","","","","","","","","","","","","","","","","","","","",""
"54405001","NANCY-OCHEY",48.581,5.959833,336,1982101718,"","","","",5.,1,160,1,"","","","","","","","","","","","","","","","","","","","","","","","","","","","",10.,1,8.3,1,"","","","","","","","","","","","","","","","","","","","","","","","","","",91,1,"","","","","","","","","","","","",11.2,1,1009.1,1,"","","","","","","","","","","","","","","","","","","","","","","","","","","","","","","","","","","","","","","","","","","","","","","","","","","","","","","","","","","","","","","","","","","","","","","","","","","","","","","","","","","","","","","","","","","","","","","","","","","","","","","","","","","","","","","","","",""
"54405001","NANCY-OCHEY",48.581,5.959833,336,1982101721,"","","","",5.,1,160,1,"","","","","","","","","","","","","","","","","","","","","","","","","","","","",9.3,1,8.,1,"","","","","","","","","","","","","","","","","","","","","","","","","","",93,1,"","","","","","","","","","","","",10.9,1,1009.5,1,"","","","","","","","","","","","","","","","","","","","","","","","","","","","","","","","","","","","","","","","","","","","","","","","","","","","","","","","","","","","","","","","","","","","","","","","","","","","","","","","","","","","","","","","","","","","","","","","","","","","","","","","","","","","","","","","","",""
"54405001","NANCY-OCHEY",48.581,5.959833,336,1982101800,"","","","",5.,1,160,1,"","","","","","","","","","","","","","","","","","","","","","","","","","","","",9.,1,8.,1,"","","","","","","","","","","","","","","","","","","","","","","","","","",95,1,"","","","","","","","","","","","",10.9,1,1009.5,1,"","","","","","","","","","","","","","","","","","","","","","","","","","","","","","","","","","","","","","","","","","","","","","","","","","","","","","","","","","","","","","","","","","","","","","","","","","","","","","","","","","","","","","","","","","","","","","","","","","","","","","","","","","","","","","","","","",""
"54405001","NANCY-OCHEY",48.581,5.959833,336,1982101803,"","","","",3.,1,180,1,"","","","","","","","","","","","","","","","","","","","","","","","","","","","",9.6,1,8.5,1,"","","","","","","","","","","","","","","","","","","","","","","","","","",95,1,"","","","","","","","","","","","",11.3,1,1008.7,1,"","","","","","","","","","","","","","","","","","","","","","","","","","","","","","","","","","","","","","","","","","","","","","","","","","","","","","","","","","","","","","","","","","","","","","","","","","","","","","","","","","","","","","","","","","","","","","","","","","","","","","","","","","","","","","","","","",""
"54405001","NANCY-OCHEY",48.581,5.959833,336,1982101806,"","","","",3.,1,140,1,"","","","","","","","","","","","","","","","","","","","","","","","","","","","",10.4,1,9.3,1,"","","","","","","","","","","","","","","","","","","","","","","","","","",95,1,"","","","","","","","","","","","",12.,1,1008.1,1,"","","","","","",7,1,5,1,5,1,3,1,1,1,"","","","","","","","","","","","","","","","","","","","","","","","",13000,1,"","",2,1,2,1,"","",0,1,"","","","","","","","","","","","","","","","","","","","","","","","","","","","","","","","","","","","","","","","","","","","","","","","","","","","","","","","","","","","","",""
"54405001","NANCY-OCHEY",48.581,5.959833,336,1982101809,"","","","",2.,1,160,1,"","","","","","","","","","","","","","","","","","","","","","","","","","","","",12.2,1,9.7,1,"","","","","","","","","","","","","","","","","","","","","","","","","","",87,1,"","","","","","","","","","","","",12.3,1,1008.4,1,"","","","","","",7,1,5,1,5,1,8,1,"","","","","","","","","","","","","","","","","","","","","","","","","","",13000,1,"","",3,1,2,1,"","","","","","","","","","","","","","","","","","","","","","","","","","","","","","","","","","","","","","","","","","","","","","","","","","","","","","","","","","","","","","","","","",""
"54405001","NANCY-OCHEY",48.581,5.959833,336,1982101812,"","","","",5.,1,140,1,"","","","","","","","","","","","","","","","","","","","","","","","","","","","",14.,1,9.8,1,"","","","","","","","","","","","","","","","","","","","","","","","","","",78,1,"","","","","","","","","","","","",12.4,1,1008.6,1,"","","","","","",6,1,6,1,5,1,8,1,0,1,"","","","","","","","","","","","","","","","","","","","","","","","",18000,1,"","",1,1,2,1,"","","","","","","","","","","","","","","","","","","","","","","","","","","","","","","","","","","","","","","","","","","","","","","","","","","","","","","","","","","","","","","","","",""
"54405001","NANCY-OCHEY",48.581,5.959833,336,1982101815,"","","","",6.,1,160,1,"","","","","","","","","","","","","","","","","","","","","","","","","","","","",14.,1,11.2,1,"","","","","","","","","","","","","","","","","","","","","","","","","","",85,1,"","","","","","","","","","","","",13.6,1,1008.7,1,"","","","","","",6,1,6,1,2,1,9,1,0,1,"","","","","","","","","","","","","","","","","","","","","","","","",18000,1,"","",3,1,2,1,"","","","","","","","","","","","","","","","","","","","","","","","","","","","","","","","","","","","","","","","","","","","","","","","","","","","","","","","","","","","","","","","","",""
"54405001","NANCY-OCHEY",48.581,5.959833,336,1982101818,"","","","",4.,1,200,1,"","","","","","","","","","","","","","","","","","","","","","","","","","","","",12.3,1,10.6,1,"","","","","","","","","","","","","","","","","","","","","","","","","","",92,1,"","","","","","","","","","","","",13.1,1,1011.2,1,"","","","","","",6,1,6,1,2,1,8,1,1,1,"","","","","","","","","","","","","","","","","","","","","","","","",18000,1,"","",3,1,2,1,"","","","","","","","","","","","","","","","","","","","","","","","","","","","","","","","","","","","","","","","","","","","","","","","","","","","","","","","","","","","","","","","","",""
"54405001","NANCY-OCHEY",48.581,5.959833,336,1982101821,"","","","",3.,1,260,1,"","","","","","","","","","","","","","","","","","","","","","","","","","","","",11.6,1,10.2,1,"","","","","","","","","","","","","","","","","","","","","","","","","","",93,1,"","","","","","","","","","","","",12.7,1,1014.1,1,"","","","","","","","","","","","","","","","","","","","","","","","","","","","","","","","","","","","","","","","","","","","","","","","","","","","","","","","","","","","","","","","","","","","","","","","","","","","","","","","","","","","","","","","","","","","","","","","","","","","","","","","","","","","","","","","","",""
"54405001","NANCY-OCHEY",48.581,5.959833,336,1982101900,"","","","",3.,1,280,1,"","","","","","","","","","","","","","","","","","","","","","","","","","","","",10.,1,7.6,1,"","","","","","","","","","","","","","","","","","","","","","","","","","",86,1,"","","","","","","","","","","","",10.6,1,1015.8,1,"","","","","","","","","","","","","","","","","","","","","","","","","","","","","","","","","","","","","","","","","","","","","","","","","","","","","","","","","","","","","","","","","","","","","","","","","","","","","","","","","","","","","","","","","","","","","","","","","","","","","","","","","","","","","","","","","",""
"54405001","NANCY-OCHEY",48.581,5.959833,336,1982101903,"","","","",2.,1,220,1,"","","","","","","","","","","","","","","","","","","","","","","","","","","","",9.1,1,7.7,1,"","","","","","","","","","","","","","","","","","","","","","","","","","",93,1,"","","","","","","","","","","","",10.7,1,1017.8,1,"","","","","","","","","","","","","","","","","","","","","","","","","","","","","","","","","","","","","","","","","","","","","","","","","","","","","","","","","","","","","","","","","","","","","","","","","","","","","","","","","","","","","","","","","","","","","","","","","","","","","","","","","","","","","","","","","",""
"54405001","NANCY-OCHEY",48.581,5.959833,336,1982101906,"","","","",1.,1,180,1,"","","","","","","","","","","","","","","","","","","","","","","","","","","","",9.,1,7.8,1,"","","","","","","","","","","","","","","","","","","","","","","","","","",95,1,"","","","","","","","","","","","",10.8,1,1019.2,1,"","","","","","",7,1,7,1,5,1,"","","","","","","","","","","","","","","","","","","","","","","","","","","","",18000,1,"","",1,1,2,1,"","",0,1,"","","","","","","","","","","","","","","","","","","","","","","","","","","","","","","","","","","","","","","","","","","","","","","","","","","","","","","","","","","","","",""
"54405001","NANCY-OCHEY",48.581,5.959833,336,1982101909,"","","","",1.,1,260,1,"","","","","","","","","","","","","","","","","","","","","","","","","","","","",12.4,1,8.1,1,"","","","","","","","","","","","","","","","","","","","","","","","","","",76,1,"","","","","","","","","","","","",11.,1,1021.7,1,"","","","","","",2,1,0,1,0,1,3,1,0,1,"","","","","","","","","","","","","","","","","","","","","","","","",20000,1,"","",1,1,1,1,"","","","","","","","","","","","","","","","","","","","","","","","","","","","","","","","","","","","","","","","","","","","","","","","","","","","","","","","","","","","","","","","","",""
"54405001","NANCY-OCHEY",48.581,5.959833,336,1982101912,"","","","",2.,1,200,1,"","","","","","","","","","","","","","","","","","","","","","","","","","","","",14.9,1,7.4,1,"","","","","","","","","","","","","","","","","","","","","","","","","","",62,1,"","","","","","","","","","","","",10.5,1,1021.9,1,"","","","","","",2,1,0,1,2,1,0,1,0,1,"","","","","","","","","","","","","","","","","","","","","","","","",20000,1,"","",1,1,1,1,"","","","","","","","","","","","","","","","","","","","","","","","","","","","","","","","","","","","","","","","","","","","","","","","","","","","","","","","","","","","","","","","","",""
"54405001","NANCY-OCHEY",48.581,5.959833,336,1982101915,"","","","",4.,1,260,1,"","","","","","","","","","","","","","","","","","","","","","","","","","","","",15.2,1,6.6,1,"","","","","","","","","","","","","","","","","","","","","","","","","","",57,1,"","","","","","","","","","","","",9.9,1,1022.,1,"","","","","","",1,1,0,1,2,1,0,1,0,1,"","","","","","","","","","","","","","","","","","","","","","","","",25000,1,"","",1,1,0,1,"","","","","","","","","","","","","","","","","","","","","","","","","","","","","","","","","","","","","","","","","","","","","","","","","","","","","","","","","","","","","","","","","",""
"54405001","NANCY-OCHEY",48.581,5.959833,336,1982101918,"","","","",2.,1,240,1,"","","","","","","","","","","","","","","","","","","","","","","","","","","","",9.7,1,7.6,1,"","","","","","","","","","","","","","","","","","","","","","","","","","",88,1,"","","","","","","","","","","","",10.6,1,1024.2,1,"","","","","","",1,1,0,1,0,1,0,1,1,1,"","","","","","","","","","","","","","","","","","","","","","","","",20000,1,"","",1,1,0,1,"","","","","","","","","","","","","","","","","","","","","","","","","","","","","","","","","","","","","","","","","","","","","","","","","","","","","","","","","","","","","","","","","",""
"54405001","NANCY-OCHEY",48.581,5.959833,336,1982101921,"","","","",2.,1,200,1,"","","","","","","","","","","","","","","","","","","","","","","","","","","","",7.7,1,6.,1,"","","","","","","","","","","","","","","","","","","","","","","","","","",90,1,"","","","","","","","","","","","",9.5,1,1024.6,1,"","","","","","","","","","","","","","","","","","","","","","","","","","","","","","","","","","","","","","","","","","","","","","","","","","","","","","","","","","","","","","","","","","","","","","","","","","","","","","","","","","","","","","","","","","","","","","","","","","","","","","","","","","","","","","","","","",""
"54405001","NANCY-OCHEY",48.581,5.959833,336,1982102000,"","","","",2.,1,160,1,"","","","","","","","","","","","","","","","","","","","","","","","","","","","",6.9,1,5.6,1,"","","","","","","","","","","","","","","","","","","","","","","","","","",93,1,"","","","","","","","","","","","",9.2,1,1024.8,1,"","","","","","","","","","","","","","","","","","","","","","","","","","","","","","","","","","","","","","","","","","","","","","","","","","","","","","","","","","","","","","","","","","","","","","","","","","","","","","","","","","","","","","","","","","","","","","","","","","","","","","","","","","","","","","","","","",""
"54405001","NANCY-OCHEY",48.581,5.959833,336,1982102003,"","","","",2.,1,180,1,"","","","","","","","","","","","","","","","","","","","","","","","","","","","",5.3,1,4.3,1,"","","","","","","","","","","","","","","","","","","","","","","","","","",94,1,"","","","","","","","","","","","",8.4,1,1024.9,1,"","","","","","","","","","","","","","","","","","","","","","","","","","","","","","","","","","","","","","","","","","","","","","","","","","","","","","","","","","","","","","","","","","","","","","","","","","","","","","","","","","","","","","","","","","","","","","","","","","","","","","","","","","","","","","","","","",""
"54405001","NANCY-OCHEY",48.581,5.959833,336,1982102006,"","","","",4.,1,160,1,"","","","","","","","","","","","","","","","","","","","","","","","","","","","",5.5,1,4.6,1,"","","","","","","","","","","","","","","","","","","","","","","","","","",95,1,"","","","","","","","","","","","",8.6,1,1024.7,1,"","","","","","",2,1,0,1,0,1,0,1,1,1,"","","","","","","","","","","","","","","","","","","","","","","","",8000,1,"","",2,1,0,1,"","",0,1,"","","","","","","","","","","","","","","","","","","","","","","","","","","","","","","","","","","","","","","","","","","","","","","","","","","","","","","","","","","","","",""
"54405001","NANCY-OCHEY",48.581,5.959833,336,1982102009,"","","","",0.,1,0,1,"","","","","","","","","","","","","","","","","","","","","","","","","","","","",11.2,1,8.7,1,"","","","","","","","","","","","","","","","","","","","","","","","","","",86,1,"","","","","","","","","","","","",11.5,1,1023.8,1,"","","","","","",1,1,0,1,0,1,0,1,1,1,"","","","","","","","","","","","","","","","","","","","","","","","",10000,1,"","",2,1,0,1,"","","","","","","","","","","","","","","","","","","","","","","","","","","","","","","","","","","","","","","","","","","","","","","","","","","","","","","","","","","","","","","","","",""
"54405001","NANCY-OCHEY",48.581,5.959833,336,1982102012,"","","","",3.,1,240,1,"","","","","","","","","","","","","","","","","","","","","","","","","","","","",15.3,1,9.8,1,"","","","","","","","","","","","","","","","","","","","","","","","","","",71,1,"","","","","","","","","","","","",12.4,1,1021.3,1,"","","","","","",2,1,0,1,1,1,0,1,1,1,"","","","","","","","","","","","","","","","","","","","","","","","",24000,1,"","",1,1,0,1,"","","","","","","","","","","","","","","","","","","","","","","","","","","","","","","","","","","","","","","","","","","","","","","","","","","","","","","","","","","","","","","","","",""
"54405001","NANCY-OCHEY",48.581,5.959833,336,1982102015,"","","","",2.,1,200,1,"","","","","","","","","","","","","","","","","","","","","","","","","","","","",15.5,1,9.8,1,"","","","","","","","","","","","","","","","","","","","","","","","","","",71,1,"","","","","","","","","","","","",12.4,1,1019.6,1,"","","","","","",1,1,0,1,0,1,0,1,1,1,"","","","","","","","","","","","","","","","","","","","","","","","",24000,1,"","",1,1,0,1,"","","","","","","","","","","","","","","","","","","","","","","","","","","","","","","","","","","","","","","","","","","","","","","","","","","","","","","","","","","","","","","","","",""
"54405001","NANCY-OCHEY",48.581,5.959833,336,1982102018,"","","","",3.,1,160,1,"","","","","","","","","","","","","","","","","","","","","","","","","","","","",10.3,1,9.3,1,"","","","","","","","","","","","","","","","","","","","","","","","","","",96,1,"","","","","","","","","","","","",12.,1,1019.8,1,"","","","","","",1,1,0,1,0,1,0,1,1,1,"","","","","","","","","","","","","","","","","","","","","","","","",10000,1,"","",2,1,0,1,"","","","","","","","","","","","","","","","","","","","","","","","","","","","","","","","","","","","","","","","","","","","","","","","","","","","","","","","","","","","","","","","","",""
"54405001","NANCY-OCHEY",48.581,5.959833,336,1982102021,"","","","",2.,1,140,1,"","","","","","","","","","","","","","","","","","","","","","","","","","","","",7.3,1,7.3,1,"","","","","","","","","","","","","","","","","","","","","","","","","","",100,1,"","","","","","","","","","","","",10.2,1,1019.8,1,"","","","","","","","","","","","","","","","","","","","","","","","","","","","","","","","","","","","","","","","","","","","","","","","","","","","","","","","","","","","","","","","","","","","","","","","","","","","","","","","","","","","","","","","","","","","","","","","","","","","","","","","","","","","","","","","","",""
"54405001","NANCY-OCHEY",48.581,5.959833,336,1982102100,"","","","",1.,1,180,1,"","","","","","","","","","","","","","","","","","","","","","","","","","","","",8.4,1,8.4,1,"","","","","","","","","","","","","","","","","","","","","","","","","","",100,1,"","","","","","","","","","","","",11.,1,1018.7,1,"","","","","","","","","","","","","","","","","","","","","","","","","","","","","","","","","","","","","","","","","","","","","","","","","","","","","","","","","","","","","","","","","","","","","","","","","","","","","","","","","","","","","","","","","","","","","","","","","","","","","","","","","","","","","","","","","",""
"54405001","NANCY-OCHEY",48.581,5.959833,336,1982102103,"","","","",2.,1,160,1,"","","","","","","","","","","","","","","","","","","","","","","","","","","","",7.9,1,7.9,1,"","","","","","","","","","","","","","","","","","","","","","","","","","",100,1,"","","","","","","","","","","","",10.6,1,1017.7,1,"","","","","","","","","","","","","","","","","","","","","","","","","","","","","","","","","","","","","","","","","","","","","","","","","","","","","","","","","","","","","","","","","","","","","","","","","","","","","","","","","","","","","","","","","","","","","","","","","","","","","","","","","","","","","","","","","",""
"54405001","NANCY-OCHEY",48.581,5.959833,336,1982102106,"","","","",2.,1,160,1,"","","","","","","","","","","","","","","","","","","","","","","","","","","","",7.5,1,7.5,1,"","","","","","","","","","","","","","","","","","","","","","","","","","",100,1,"","","","","","","","","","","","",10.4,1,1016.6,1,"","","","","","",9,1,"","","","","","","","","","","","","","","","","","","","","","","","","","","","","","","","",80,1,"","",45,1,4,1,"","",0,1,"","","","","","","","","","","","","","","","","","","","","","","","","","","","","","","","","","","","","","","","","","","","","","","","","","","","","","","","","","","","","",""
"54405001","NANCY-OCHEY",48.581,5.959833,336,1982102109,"","","","",3.,1,140,1,"","","","","","","","","","","","","","","","","","","","","","","","","","","","",8.9,1,8.9,1,"","","","","","","","","","","","","","","","","","","","","","","","","","",100,1,"","","","","","","","","","","","",11.4,1,1016.2,1,"","","","","","",8,1,7,1,6,1,"","","","","","","","","","","","","","","","","","","","","","","","","","","","",900,1,"","",42,1,4,1,"","","","","","","","","","","","","","","","","","","","","","","","","","","","","","","","","","","","","","","","","","","","","","","","","","","","","","","","","","","","","","","","","",""
"54405001","NANCY-OCHEY",48.581,5.959833,336,1982102112,"","","","",3.,1,140,1,"","","","","","","","","","","","","","","","","","","","","","","","","","","","",14.8,1,10.8,1,"","","","","","","","","","","","","","","","","","","","","","","","","","",79,1,"","","","","","","","","","","","",13.3,1,1014.1,1,"","","","","","",1,1,0,1,1,1,0,1,0,1,"","","","","","","","","","","","","","","","","","","","","","","","",10000,1,"","",1,1,4,1,"","","","","","","","","","","","","","","","","","","","","","","","","","","","","","","","","","","","","","","","","","","","","","","","","","","","","","","","","","","","","","","","","",""
"54405001","NANCY-OCHEY",48.581,5.959833,336,1982102115,"","","","",3.,1,140,1,"","","","","","","","","","","","","","","","","","","","","","","","","","","","",16.2,1,11.8,1,"","","","","","","","","","","","","","","","","","","","","","","","","","",77,1,"","","","","","","","","","","","",14.2,1,1012.1,1,"","","","","","",0,1,"","",0,1,0,1,0,1,"","","","","","","","","","","","","","","","","","","","","","","","",12000,1,"","",2,1,0,1,"","","","","","","","","","","","","","","","","","","","","","","","","","","","","","","","","","","","","","","","","","","","","","","","","","","","","","","","","","","","","","","","","",""
"54405001","NANCY-OCHEY",48.581,5.959833,336,1982102118,"","","","",3.,1,140,1,"","","","","","","","","","","","","","","","","","","","","","","","","","","","",12.8,1,10.9,1,"","","","","","","","","","","","","","","","","","","","","","","","","","",91,1,"","","","","","","","","","","","",13.4,1,1011.5,1,"","","","","","",1,1,0,1,0,1,0,1,1,1,"","","","","","","","","","","","","","","","","","","","","","","","",9000,1,"","",2,1,0,1,"","","","","","","","","","","","","","","","","","","","","","","","","","","","","","","","","","","","","","","","","","","","","","","","","","","","","","","","","","","","","","","","","",""
"54405001","NANCY-OCHEY",48.581,5.959833,336,1982102121,"","","","",2.,1,120,1,"","","","","","","","","","","","","","","","","","","","","","","","","","","","",11.2,1,10.1,1,"","","","","","","","","","","","","","","","","","","","","","","","","","",95,1,"","","","","","","","","","","","",12.6,1,1010.8,1,"","","","","","","","","","","","","","","","","","","","","","","","","","","","","","","","","","","","","","","","","","","","","","","","","","","","","","","","","","","","","","","","","","","","","","","","","","","","","","","","","","","","","","","","","","","","","","","","","","","","","","","","","","","","","","","","","",""
"54405001","NANCY-OCHEY",48.581,5.959833,336,1982102200,"","","","",2.,1,140,1,"","","","","","","","","","","","","","","","","","","","","","","","","","","","",10.4,1,10.4,1,"","","","","","","","","","","","","","","","","","","","","","","","","","",100,1,"","","","","","","","","","","","",12.6,1,1009.8,1,"","","","","","","","","","","","","","","","","","","","","","","","","","","","","","","","","","","","","","","","","","","","","","","","","","","","","","","","","","","","","","","","","","","","","","","","","","","","","","","","","","","","","","","","","","","","","","","","","","","","","","","","","","","","","","","","","",""
"54405001","NANCY-OCHEY",48.581,5.959833,336,1982102203,"","","","",1.,1,160,1,"","","","","","","","","","","","","","","","","","","","","","","","","","","","",7.3,1,7.3,1,"","","","","","","","","","","","","","","","","","","","","","","","","","",100,1,"","","","","","","","","","","","",10.2,1,1008.5,1,"","","","","","","","","","","","","","","","","","","","","","","","","","","","","","","","","","","","","","","","","","","","","","","","","","","","","","","","","","","","","","","","","","","","","","","","","","","","","","","","","","","","","","","","","","","","","","","","","","","","","","","","","","","","","","","","","",""
"54405001","NANCY-OCHEY",48.581,5.959833,336,1982102206,"","","","",3.,1,140,1,"","","","","","","","","","","","","","","","","","","","","","","","","","","","",6.,1,6.,1,"","","","","","","","","","","","","","","","","","","","","","","","","","",100,1,"","","","","","","","","","","","",9.3,1,1007.2,1,"","","","","","",4,1,0,1,6,1,0,1,1,1,"","","","","","","","","","","","","","","","","","","","","","","","",200,1,"","",46,1,4,1,"","",0,1,"","","","","","","","","","","","","","","","","","","","","","","","","","","","","","","","","","","","","","","","","","","","","","","","","","","","","","","","","","","","","",""
"54405001","NANCY-OCHEY",48.581,5.959833,336,1982102209,"","","","",3.,1,140,1,"","","","","","","","","","","","","","","","","","","","","","","","","","","","",8.7,1,8.7,1,"","","","","","","","","","","","","","","","","","","","","","","","","","",100,1,"","","","","","","","","","","","",11.2,1,1006.,1,"","","","","","",6,1,5,1,6,1,3,1,1,1,"","","","","","","","","","","","","","","","","","","","","","","","",400,1,"","",42,1,4,1,"","","","","","","","","","","","","","","","","","","","","","","","","","","","","","","","","","","","","","","","","","","","","","","","","","","","","","","","","","","","","","","","","",""
"54405001","NANCY-OCHEY",48.581,5.959833,336,1982102212,"","","","",3.,1,140,1,"","","","","","","","","","","","","","","","","","","","","","","","","","","","",14.2,1,11.3,1,"","","","","","","","","","","","","","","","","","","","","","","","","","",84,1,"","","","","","","","","","","","",13.7,1,1003.1,1,"","","","","","",6,1,0,1,6,1,3,1,1,1,"","","","","","","","","","","","","","","","","","","","","","","","",5000,1,"","",1,1,4,1,"","","","","","","","","","","","","","","","","","","","","","","","","","","","","","","","","","","","","","","","","","","","","","","","","","","","","","","","","","","","","","","","","",""
"54405001","NANCY-OCHEY",48.581,5.959833,336,1982102215,"","","","",0.,1,0,1,"","","","","","","","","","","","","","","","","","","","","","","","","","","","",15.3,1,12.9,1,"","","","","","","","","","","","","","","","","","","","","","","","","","",88,1,"","","","","","","","","","","","",15.3,1,1002.8,1,"","","","","","",7,1,7,1,0,1,7,1,"","","","","","","","","","","","","","","","","","","","","","","","","","",7000,1,"","",1,1,2,1,"","","","","","","","","","","","","","","","","","","","","","","","","","","","","","","","","","","","","","","","","","","","","","","","","","","","","","","","","","","","","","","","","",""
"54405001","NANCY-OCHEY",48.581,5.959833,336,1982102218,"","","","",2.,1,120,1,"","","","","","","","","","","","","","","","","","","","","","","","","","","","",12.6,1,11.5,1,"","","","","","","","","","","","","","","","","","","","","","","","","","",95,1,"","","","","","","","","","","","",13.9,1,1003.4,1,"","","","","","",7,1,7,1,0,1,7,1,"","","","","","","","","","","","","","","","","","","","","","","","","","",1200,1,"","",10,1,6,1,"","","","","","","","","","","","","","","","","","","","","","","","","","","","","","","","","","","","","","","","","","","","","","","","","","","","","","","","","","","","","","","","","",""
"54405001","NANCY-OCHEY",48.581,5.959833,336,1982102221,"","","","",3.,1,120,1,"","","","","","","","","","","","","","","","","","","","","","","","","","","","",12.,1,11.2,1,"","","","","","","","","","","","","","","","","","","","","","","","","","",97,1,"","","","","","","","","","","","",13.6,1,1003.6,1,"","","","","","","","","","","","","","","","","","","","","","","","","","","","","","","","","","","","","","","","","","","","","","","","","","","","","","","","","","","","","","","","","","","","","","","","","","","","","","","","","","","","","","","","","","","","","","","","","","","","","","","","","","","","","","","","","",""
"54405001","NANCY-OCHEY",48.581,5.959833,336,1982102300,"","","","",3.,1,120,1,"","","","","","","","","","","","","","","","","","","","","","","","","","","","",11.1,1,10.4,1,"","","","","","","","","","","","","","","","","","","","","","","","","","",98,1,"","","","","","","","","","","","",12.9,1,1003.8,1,"","","","","","","","","","","","","","","","","","","","","","","","","","","","","","","","","","","","","","","","","","","","","","","","","","","","","","","","","","","","","","","","","","","","","","","","","","","","","","","","","","","","","","","","","","","","","","","","","","","","","","","","","","","","","","","","","",""
"54405001","NANCY-OCHEY",48.581,5.959833,336,1982102303,"","","","",1.,1,100,1,"","","","","","","","","","","","","","","","","","","","","","","","","","","","",10.8,1,10.1,1,"","","","","","","","","","","","","","","","","","","","","","","","","","",97,1,"","","","","","","","","","","","",12.6,1,1003.6,1,"","","","","","","","","","","","","","","","","","","","","","","","","","","","","","","","","","","","","","","","","","","","","","","","","","","","","","","","","","","","","","","","","","","","","","","","","","","","","","","","","","","","","","","","","","","","","","","","","","","","","","","","","","","","","","","","","",""
"54405001","NANCY-OCHEY",48.581,5.959833,336,1982102306,"","","","",3.,1,160,1,"","","","","","","","","","","","","","","","","","","","","","","","","","","","",10.2,1,9.5,1,"","","","","","","","","","","","","","","","","","","","","","","","","","",97,1,"","","","","","","","","","","","",12.1,1,1003.5,1,"","","","","","",7,1,7,1,5,1,"","","","","","","","","","","","","","","","","","","","","","","","","","","","",13000,1,"","",2,1,2,1,"","",0,1,"","","","","","","","","","","","","","","","","","","","","","","","","","","","","","","","","","","","","","","","","","","","","","","","","","","","","","","","","","","","","",""
"54405001","NANCY-OCHEY",48.581,5.959833,336,1982102309,"","","","",6.,1,240,1,"","","","","","","","","","","","","","","","","","","","","","","","","","","","",10.2,1,8.5,1,"","","","","","","","","","","","","","","","","","","","","","","","","","",91,1,"","","","","","","","","","","","",11.3,1,1004.4,1,"","","","","","",7,1,6,1,5,1,0,1,1,1,"","","","","","","","","","","","","","","","","","","","","","","","",13000,1,"","",3,1,2,1,"","","","","","","","","","","","","","","","","","","","","","","","","","","","","","","","","","","","","","","","","","","","","","","","","","","","","","","","","","","","","","","","","",""
"54405001","NANCY-OCHEY",48.581,5.959833,336,1982102312,"","","","",5.,1,260,1,"","","","","","","","","","","","","","","","","","","","","","","","","","","","",9.5,1,7.4,1,"","","","","","","","","","","","","","","","","","","","","","","","","","",88,1,"","","","","","","","","","","","",10.5,1,1005.5,1,"","","","","","",8,1,5,1,8,1,"","","","","","","","","","","","","","","","","","","","","","","","","","","","",18000,1,"","",3,1,2,1,"","","","","","","","","","","","","","","","","","","","","","","","","","","","","","","","","","","","","","","","","","","","","","","","","","","","","","","","","","","","","","","","","",""
"54405001","NANCY-OCHEY",48.581,5.959833,336,1982102315,"","","","",5.,1,240,1,"","","","","","","","","","","","","","","","","","","","","","","","","","","","",8.5,1,7.8,1,"","","","","","","","","","","","","","","","","","","","","","","","","","",97,1,"","","","","","","","","","","","",10.8,1,1006.5,1,"","","","","","","","","","","","","","","","","","","","","","","","","","","","","","","","","","","","","","","","","","","","","","","","","","","","","","","","","","","","","","","","","","","","","","","","","","","","","","","","","","","","","","","","","","","","","","","","","","","","","","","","","","","","","","","","","",""
"54405001","NANCY-OCHEY",48.581,5.959833,336,1982102318,"","","","",5.,1,240,1,"","","","","","","","","","","","","","","","","","","","","","","","","","","","",8.4,1,7.7,1,"","","","","","","","","","","","","","","","","","","","","","","","","","",97,1,"","","","","","","","","","","","",10.7,1,1008.2,1,"","","","","","","","","","","","","","","","","","","","","","","","","","","","","","","","","","","","","","","","","","","","","","","","","","","","","","","","","","","","","","","","","","","","","","","","","","","","","","","","","","","","","","","","","","","","","","","","","","","","","","","","","","","","","","","","","",""
"54405001","NANCY-OCHEY",48.581,5.959833,336,1982102321,"","","","",4.,1,280,1,"","","","","","","","","","","","","","","","","","","","","","","","","","","","",8.4,1,7.6,1,"","","","","","","","","","","","","","","","","","","","","","","","","","",96,1,"","","","","","","","","","","","",10.6,1,1009.3,1,"","","","","","","","","","","","","","","","","","","","","","","","","","","","","","","","","","","","","","","","","","","","","","","","","","","","","","","","","","","","","","","","","","","","","","","","","","","","","","","","","","","","","","","","","","","","","","","","","","","","","","","","","","","","","","","","","",""
"54405001","NANCY-OCHEY",48.581,5.959833,336,1982102400,"","","","",4.,1,260,1,"","","","","","","","","","","","","","","","","","","","","","","","","","","","",8.3,1,7.6,1,"","","","","","","","","","","","","","","","","","","","","","","","","","",97,1,"","","","","","","","","","","","",10.6,1,1010.4,1,"","","","","","","","","","","","","","","","","","","","","","","","","","","","","","","","","","","","","","","","","","","","","","","","","","","","","","","","","","","","","","","","","","","","","","","","","","","","","","","","","","","","","","","","","","","","","","","","","","","","","","","","","","","","","","","","","",""
"54405001","NANCY-OCHEY",48.581,5.959833,336,1982102403,"","","","",6.,1,280,1,"","","","","","","","","","","","","","","","","","","","","","","","","","","","",8.4,1,7.7,1,"","","","","","","","","","","","","","","","","","","","","","","","","","",97,1,"","","","","","","","","","","","",10.7,1,1012.4,1,"","","","","","","","","","","","","","","","","","","","","","","","","","","","","","","","","","","","","","","","","","","","","","","","","","","","","","","","","","","","","","","","","","","","","","","","","","","","","","","","","","","","","","","","","","","","","","","","","","","","","","","","","","","","","","","","","",""
"54405001","NANCY-OCHEY",48.581,5.959833,336,1982102406,"","","","",5.,1,300,1,"","","","","","","","","","","","","","","","","","","","","","","","","","","","",8.4,1,7.7,1,"","","","","","","","","","","","","","","","","","","","","","","","","","",97,1,"","","","","","","","","","","","",10.7,1,1015.4,1,"","","","","","",8,1,8,1,5,1,"","","","","","","","","","","","","","","","","","","","","","","","","","","","",8000,1,"","",21,1,6,1,"","",0,1,"","","","","","","","","","","","","","","","","","","","","","","","","","","","","","","","","","","","","","","","","","","","","","","","","","","","","","","","","","","","","",""
"54405001","NANCY-OCHEY",48.581,5.959833,336,1982102409,"","","","",6.,1,320,1,"","","","","","","","","","","","","","","","","","","","","","","","","","","","",8.3,1,7.2,1,"","","","","","","","","","","","","","","","","","","","","","","","","","",94,1,"","","","","","","","","","","","",10.3,1,1018.8,1,"","","","","","",8,1,6,1,8,1,"","","","","","","","","","","","","","","","","","","","","","","","","","","","",9000,1,"","",1,1,2,1,"","","","","","","","","","","","","","","","","","","","","","","","","","","","","","","","","","","","","","","","","","","","","","","","","","","","","","","","","","","","","","","","","",""
"54405001","NANCY-OCHEY",48.581,5.959833,336,1982102412,"","","","",6.,1,320,1,"","","","","","","","","","","","","","","","","","","","","","","","","","","","",10.1,1,7.6,1,"","","","","","","","","","","","","","","","","","","","","","","","","","",86,1,"","","","","","","","","","","","",10.6,1,1020.7,1,"","","","","","",7,1,7,1,8,1,"","","","","","","","","","","","","","","","","","","","","","","","","","","","",13000,1,"","",1,1,2,1,"","","","","","","","","","","","","","","","","","","","","","","","","","","","","","","","","","","","","","","","","","","","","","","","","","","","","","","","","","","","","","","","","",""
"54405001","NANCY-OCHEY",48.581,5.959833,336,1982102415,"","","","",6.,1,340,1,"","","","","","","","","","","","","","","","","","","","","","","","","","","","",11.4,1,4.5,1,"","","","","","","","","","","","","","","","","","","","","","","","","","",63,1,"","","","","","","","","","","","",8.5,1,1022.,1,"","","","","","","","","","","","","","","","","","","","","","","","","","","","","","","","","","","","","","","","","","","","","","","","","","","","","","","","","","","","","","","","","","","","","","","","","","","","","","","","","","","","","","","","","","","","","","","","","","","","","","","","","","","","","","","","","",""
"54405001","NANCY-OCHEY",48.581,5.959833,336,1982102418,"","","","",2.,1,300,1,"","","","","","","","","","","","","","","","","","","","","","","","","","","","",6.7,1,3.6,1,"","","","","","","","","","","","","","","","","","","","","","","","","","",82,1,"","","","","","","","","","","","",8.,1,1024.8,1,"","","","","","","","","","","","","","","","","","","","","","","","","","","","","","","","","","","","","","","","","","","","","","","","","","","","","","","","","","","","","","","","","","","","","","","","","","","","","","","","","","","","","","","","","","","","","","","","","","","","","","","","","","","","","","","","","",""
"54405001","NANCY-OCHEY",48.581,5.959833,336,1982102421,"","","","",2.,1,240,1,"","","","","","","","","","","","","","","","","","","","","","","","","","","","",4.5,1,3.1,1,"","","","","","","","","","","","","","","","","","","","","","","","","","",92,1,"","","","","","","","","","","","",7.7,1,1026.7,1,"","","","","","","","","","","","","","","","","","","","","","","","","","","","","","","","","","","","","","","","","","","","","","","","","","","","","","","","","","","","","","","","","","","","","","","","","","","","","","","","","","","","","","","","","","","","","","","","","","","","","","","","","","","","","","","","","",""
"54405001","NANCY-OCHEY",48.581,5.959833,336,1982102500,"","","","",3.,1,200,1,"","","","","","","","","","","","","","","","","","","","","","","","","","","","",3.6,1,2.4,1,"","","","","","","","","","","","","","","","","","","","","","","","","","",92,1,"","","","","","","","","","","","",7.3,1,1027.,1,"","","","","","","","","","","","","","","","","","","","","","","","","","","","","","","","","","","","","","","","","","","","","","","","","","","","","","","","","","","","","","","","","","","","","","","","","","","","","","","","","","","","","","","","","","","","","","","","","","","","","","","","","","","","","","","","","",""
"54405001","NANCY-OCHEY",48.581,5.959833,336,1982102503,"","","","",3.,1,140,1,"","","","","","","","","","","","","","","","","","","","","","","","","","","","",3.1,1,2.,1,"","","","","","","","","","","","","","","","","","","","","","","","","","",93,1,"","","","","","","","","","","","",7.1,1,1027.,1,"","","","","","","","","","","","","","","","","","","","","","","","","","","","","","","","","","","","","","","","","","","","","","","","","","","","","","","","","","","","","","","","","","","","","","","","","","","","","","","","","","","","","","","","","","","","","","","","","","","","","","","","","","","","","","","","","",""
"54405001","NANCY-OCHEY",48.581,5.959833,336,1982102506,"","","","",3.,1,140,1,"","","","","","","","","","","","","","","","","","","","","","","","","","","","",2.2,1,1.4,1,"","","","","","","","","","","","","","","","","","","","","","","","","","",94,1,"","","","","","","","","","","","",6.8,1,1026.3,1,"","","","","","",1,1,0,1,0,1,0,1,1,1,"","","","","","","","","","","","","","","","","","","","","","","","",8000,1,"","",2,1,0,1,"","",0,1,"","","","","","","","","","","","","","","","","","","","","","","","","","","","","","","","","","","","","","","","","","","","","","","","","","","","","","","","","","","","","",""
"54405001","NANCY-OCHEY",48.581,5.959833,336,1982102509,"","","","",3.,1,140,1,"","","","","","","","","","","","","","","","","","","","","","","","","","","","",5.6,1,3.4,1,"","","","","","","","","","","","","","","","","","","","","","","","","","",87,1,"","","","","","","","","","","","",7.9,1,1025.5,1,"","","","","","",3,1,0,1,0,1,5,1,1,1,"","","","","","","","","","","","","","","","","","","","","","","","",9000,1,"","",3,1,0,1,"","","","","","","","","","","","","","","","","","","","","","","","","","","","","","","","","","","","","","","","","","","","","","","","","","","","","","","","","","","","","","","","","",""
"54405001","NANCY-OCHEY",48.581,5.959833,336,1982102512,"","","","",5.,1,200,1,"","","","","","","","","","","","","","","","","","","","","","","","","","","","",9.5,1,2.2,1,"","","","","","","","","","","","","","","","","","","","","","","","","","",61,1,"","","","","","","","","","","","",7.2,1,1024.,1,"","","","","","",7,1,7,1,1,1,5,1,6,1,"","","","","","","","","","","","","","","","","","","","","","","","",12000,1,"","",3,1,2,1,"","","","","","","","","","","","","","","","","","","","","","","","","","","","","","","","","","","","","","","","","","","","","","","","","","","","","","","","","","","","","","","","","",""
"54405001","NANCY-OCHEY",48.581,5.959833,336,1982102515,"","","","",4.,1,160,1,"","","","","","","","","","","","","","","","","","","","","","","","","","","","",10.,1,2.9,1,"","","","","","","","","","","","","","","","","","","","","","","","","","",62,1,"","","","","","","","","","","","",7.6,1,1023.,1,"","","","","","",4,1,0,1,0,1,3,1,1,1,"","","","","","","","","","","","","","","","","","","","","","","","",20000,1,"","",1,1,2,1,"","","","","","","","","","","","","","","","","","","","","","","","","","","","","","","","","","","","","","","","","","","","","","","","","","","","","","","","","","","","","","","","","",""
"54405001","NANCY-OCHEY",48.581,5.959833,336,1982102518,"","","","",4.,1,180,1,"","","","","","","","","","","","","","","","","","","","","","","","","","","","",8.,1,4.5,1,"","","","","","","","","","","","","","","","","","","","","","","","","","",79,1,"","","","","","","","","","","","",8.5,1,1022.6,1,"","","","","","",7,1,7,1,5,1,"","","","","","","","","","","","","","","","","","","","","","","","","","","","",15000,1,"","",3,1,2,1,"","","","","","","","","","","","","","","","","","","","","","","","","","","","","","","","","","","","","","","","","","","","","","","","","","","","","","","","","","","","","","","","","",""
"54405001","NANCY-OCHEY",48.581,5.959833,336,1982102521,"","","","",3.,1,160,1,"","","","","","","","","","","","","","","","","","","","","","","","","","","","",7.1,1,3.8,1,"","","","","","","","","","","","","","","","","","","","","","","","","","",80,1,"","","","","","","","","","","","",8.1,1,1022.9,1,"","","","","","","","","","","","","","","","","","","","","","","","","","","","","","","","","","","","","","","","","","","","","","","","","","","","","","","","","","","","","","","","","","","","","","","","","","","","","","","","","","","","","","","","","","","","","","","","","","","","","","","","","","","","","","","","","",""
"54405001","NANCY-OCHEY",48.581,5.959833,336,1982102600,"","","","",2.,1,160,1,"","","","","","","","","","","","","","","","","","","","","","","","","","","","",6.8,1,4.5,1,"","","","","","","","","","","","","","","","","","","","","","","","","","",86,1,"","","","","","","","","","","","",8.5,1,1022.6,1,"","","","","","","","","","","","","","","","","","","","","","","","","","","","","","","","","","","","","","","","","","","","","","","","","","","","","","","","","","","","","","","","","","","","","","","","","","","","","","","","","","","","","","","","","","","","","","","","","","","","","","","","","","","","","","","","","",""
"54405001","NANCY-OCHEY",48.581,5.959833,336,1982102603,"","","","",2.,1,140,1,"","","","","","","","","","","","","","","","","","","","","","","","","","","","",5.8,1,4.5,1,"","","","","","","","","","","","","","","","","","","","","","","","","","",92,1,"","","","","","","","","","","","",8.5,1,1022.7,1,"","","","","","","","","","","","","","","","","","","","","","","","","","","","","","","","","","","","","","","","","","","","","","","","","","","","","","","","","","","","","","","","","","","","","","","","","","","","","","","","","","","","","","","","","","","","","","","","","","","","","","","","","","","","","","","","","",""
"54405001","NANCY-OCHEY",48.581,5.959833,336,1982102606,"","","","",4.,1,140,1,"","","","","","","","","","","","","","","","","","","","","","","","","","","","",6.6,1,5.1,1,"","","","","","","","","","","","","","","","","","","","","","","","","","",91,1,"","","","","","","","","","","","",8.9,1,1022.4,1,"","","","","","",6,1,0,1,5,1,0,1,1,1,"","","","","","","","","","","","","","","","","","","","","","","","",8000,1,"","",3,1,2,1,"","",0,1,"","","","","","","","","","","","","","","","","","","","","","","","","","","","","","","","","","","","","","","","","","","","","","","","","","","","","","","","","","","","","",""
"54405001","NANCY-OCHEY",48.581,5.959833,336,1982102609,"","","","",2.,1,180,1,"","","","","","","","","","","","","","","","","","","","","","","","","","","","",9.5,1,6.7,1,"","","","","","","","","","","","","","","","","","","","","","","","","","",84,1,"","","","","","","","","","","","",10.,1,1022.8,1,"","","","","","",7,1,6,1,8,1,"","","","","","","","","","","","","","","","","","","","","","","","","","","","",8000,1,"","",3,1,2,1,"","","","","","","","","","","","","","","","","","","","","","","","","","","","","","","","","","","","","","","","","","","","","","","","","","","","","","","","","","","","","","","","","",""
"54405001","NANCY-OCHEY",48.581,5.959833,336,1982102612,"","","","",3.,1,220,1,"","","","","","","","","","","","","","","","","","","","","","","","","","","","",11.3,1,8.,1,"","","","","","","","","","","","","","","","","","","","","","","","","","",81,1,"","","","","","","","","","","","",10.9,1,1022.4,1,"","","","","","",7,1,7,1,8,1,"","","","","","","","","","","","","","","","","","","","","","","","","","","","",13000,1,"","",1,1,2,1,"","","","","","","","","","","","","","","","","","","","","","","","","","","","","","","","","","","","","","","","","","","","","","","","","","","","","","","","","","","","","","","","","",""
"54405001","NANCY-OCHEY",48.581,5.959833,336,1982102615,"","","","",3.,1,160,1,"","","","","","","","","","","","","","","","","","","","","","","","","","","","",12.2,1,8.7,1,"","","","","","","","","","","","","","","","","","","","","","","","","","",81,1,"","","","","","","","","","","","",11.5,1,1022.2,1,"","","","","","",7,1,5,1,5,1,"","","","","","","","","","","","","","","","","","","","","","","","","","","","",9000,1,"","",3,1,5,1,"","","","","","","","","","","","","","","","","","","","","","","","","","","","","","","","","","","","","","","","","","","","","","","","","","","","","","","","","","","","","","","","","",""
"54405001","NANCY-OCHEY",48.581,5.959833,336,1982102618,"","","","",2.,1,160,1,"","","","","","","","","","","","","","","","","","","","","","","","","","","","",11.3,1,8.3,1,"","","","","","","","","","","","","","","","","","","","","","","","","","",84,1,"","","","","","","","","","","","",11.2,1,1023.,1,"","","","","","",7,1,7,1,5,1,"","","","","","","","","","","","","","","","","","","","","","","","","","","","",13000,1,"","",1,1,5,1,"","","","","","","","","","","","","","","","","","","","","","","","","","","","","","","","","","","","","","","","","","","","","","","","","","","","","","","","","","","","","","","","","",""
"54405001","NANCY-OCHEY",48.581,5.959833,336,1982102621,"","","","",4.,1,200,1,"","","","","","","","","","","","","","","","","","","","","","","","","","","","",11.1,1,9.7,1,"","","","","","","","","","","","","","","","","","","","","","","","","","",93,1,"","","","","","","","","","","","",12.3,1,1023.5,1,"","","","","","","","","","","","","","","","","","","","","","","","","","","","","","","","","","","","","","","","","","","","","","","","","","","","","","","","","","","","","","","","","","","","","","","","","","","","","","","","","","","","","","","","","","","","","","","","","","","","","","","","","","","","","","","","","",""
"54405001","NANCY-OCHEY",48.581,5.959833,336,1982102700,"","","","",2.,1,200,1,"","","","","","","","","","","","","","","","","","","","","","","","","","","","",11.2,1,10.3,1,"","","","","","","","","","","","","","","","","","","","","","","","","","",96,1,"","","","","","","","","","","","",12.8,1,1023.8,1,"","","","","","","","","","","","","","","","","","","","","","","","","","","","","","","","","","","","","","","","","","","","","","","","","","","","","","","","","","","","","","","","","","","","","","","","","","","","","","","","","","","","","","","","","","","","","","","","","","","","","","","","","","","","","","","","","",""
"54405001","NANCY-OCHEY",48.581,5.959833,336,1982102703,"","","","",2.,1,220,1,"","","","","","","","","","","","","","","","","","","","","","","","","","","","",11.,1,10.2,1,"","","","","","","","","","","","","","","","","","","","","","","","","","",97,1,"","","","","","","","","","","","",12.7,1,1024.2,1,"","","","","","","","","","","","","","","","","","","","","","","","","","","","","","","","","","","","","","","","","","","","","","","","","","","","","","","","","","","","","","","","","","","","","","","","","","","","","","","","","","","","","","","","","","","","","","","","","","","","","","","","","","","","","","","","","",""
"54405001","NANCY-OCHEY",48.581,5.959833,336,1982102706,"","","","",1.,1,240,1,"","","","","","","","","","","","","","","","","","","","","","","","","","","","",10.7,1,9.9,1,"","","","","","","","","","","","","","","","","","","","","","","","","","",97,1,"","","","","","","","","","","","",12.5,1,1025.8,1,"","","","","","",6,1,6,1,5,1,0,1,0,1,"","","","","","","","","","","","","","","","","","","","","","","","",5000,1,"","",11,1,2,1,"","",0,1,"","","","","","","","","","","","","","","","","","","","","","","","","","","","","","","","","","","","","","","","","","","","","","","","","","","","","","","","","","","","","",""
"54405001","NANCY-OCHEY",48.581,5.959833,336,1982102709,"","","","",0.,1,0,1,"","","","","","","","","","","","","","","","","","","","","","","","","","","","",11.9,1,11.2,1,"","","","","","","","","","","","","","","","","","","","","","","","","","",98,1,"","","","","","","","","","","","",13.6,1,1027.1,1,"","","","","","",7,1,5,1,6,1,"","","","","","","","","","","","","","","","","","","","","","","","","","","","",5000,1,"","",3,1,2,1,"","","","","","","","","","","","","","","","","","","","","","","","","","","","","","","","","","","","","","","","","","","","","","","","","","","","","","","","","","","","","","","","","",""
"54405001","NANCY-OCHEY",48.581,5.959833,336,1982102712,"","","","",1.,1,20,1,"","","","","","","","","","","","","","","","","","","","","","","","","","","","",13.5,1,10.8,1,"","","","","","","","","","","","","","","","","","","","","","","","","","",86,1,"","","","","","","","","","","","",13.3,1,1027.1,1,"","","","","","",7,1,7,1,8,1,"","","","","","","","","","","","","","","","","","","","","","","","","","","","",10000,1,"","",1,1,2,1,"","","","","","","","","","","","","","","","","","","","","","","","","","","","","","","","","","","","","","","","","","","","","","","","","","","","","","","","","","","","","","","","","",""
"54405001","NANCY-OCHEY",48.581,5.959833,336,1982102715,"","","","",2.,1,60,1,"","","","","","","","","","","","","","","","","","","","","","","","","","","","",14.3,1,11.5,1,"","","","","","","","","","","","","","","","","","","","","","","","","","",85,1,"","","","","","","","","","","","",13.9,1,1026.8,1,"","","","","","",6,1,5,1,8,1,0,1,0,1,"","","","","","","","","","","","","","","","","","","","","","","","",8000,1,"","",3,1,2,1,"","","","","","","","","","","","","","","","","","","","","","","","","","","","","","","","","","","","","","","","","","","","","","","","","","","","","","","","","","","","","","","","","",""
"54405001","NANCY-OCHEY",48.581,5.959833,336,1982102718,"","","","",1.,1,80,1,"","","","","","","","","","","","","","","","","","","","","","","","","","","","",11.5,1,10.5,1,"","","","","","","","","","","","","","","","","","","","","","","","","","",96,1,"","","","","","","","","","","","",13.,1,1028.,1,"","","","","","",3,1,0,1,5,1,0,1,0,1,"","","","","","","","","","","","","","","","","","","","","","","","",5000,1,"","",3,1,1,1,"","","","","","","","","","","","","","","","","","","","","","","","","","","","","","","","","","","","","","","","","","","","","","","","","","","","","","","","","","","","","","","","","",""
"54405001","NANCY-OCHEY",48.581,5.959833,336,1982102721,"","","","",2.,1,40,1,"","","","","","","","","","","","","","","","","","","","","","","","","","","","",10.8,1,10.1,1,"","","","","","","","","","","","","","","","","","","","","","","","","","",97,1,"","","","","","","","","","","","",12.6,1,1028.3,1,"","","","","","","","","","","","","","","","","","","","","","","","","","","","","","","","","","","","","","","","","","","","","","","","","","","","","","","","","","","","","","","","","","","","","","","","","","","","","","","","","","","","","","","","","","","","","","","","","","","","","","","","","","","","","","","","","",""
"54405001","NANCY-OCHEY",48.581,5.959833,336,1982102800,"","","","",2.,1,280,1,"","","","","","","","","","","","","","","","","","","","","","","","","","","","",10.6,1,9.8,1,"","","","","","","","","","","","","","","","","","","","","","","","","","",97,1,"","","","","","","","","","","","",12.4,1,1028.6,1,"","","","","","","","","","","","","","","","","","","","","","","","","","","","","","","","","","","","","","","","","","","","","","","","","","","","","","","","","","","","","","","","","","","","","","","","","","","","","","","","","","","","","","","","","","","","","","","","","","","","","","","","","","","","","","","","","",""
"54405001","NANCY-OCHEY",48.581,5.959833,336,1982102803,"","","","",2.,1,80,1,"","","","","","","","","","","","","","","","","","","","","","","","","","","","",10.1,1,9.3,1,"","","","","","","","","","","","","","","","","","","","","","","","","","",97,1,"","","","","","","","","","","","",12.,1,1028.3,1,"","","","","","","","","","","","","","","","","","","","","","","","","","","","","","","","","","","","","","","","","","","","","","","","","","","","","","","","","","","","","","","","","","","","","","","","","","","","","","","","","","","","","","","","","","","","","","","","","","","","","","","","","","","","","","","","","",""
"54405001","NANCY-OCHEY",48.581,5.959833,336,1982102806,"","","","",0.,1,0,1,"","","","","","","","","","","","","","","","","","","","","","","","","","","","",9.,1,8.3,1,"","","","","","","","","","","","","","","","","","","","","","","","","","",97,1,"","","","","","","","","","","","",11.2,1,1029.,1,"","","","","","",7,1,5,1,5,1,0,1,1,1,"","","","","","","","","","","","","","","","","","","","","","","","",1000,1,"","",10,1,2,1,"","",0,1,"","","","","","","","","","","","","","","","","","","","","","","","","","","","","","","","","","","","","","","","","","","","","","","","","","","","","","","","","","","","","",""
"54405001","NANCY-OCHEY",48.581,5.959833,336,1982102809,"","","","",3.,1,80,1,"","","","","","","","","","","","","","","","","","","","","","","","","","","","",9.9,1,8.2,1,"","","","","","","","","","","","","","","","","","","","","","","","","","",91,1,"","","","","","","","","","","","",11.1,1,1029.9,1,"","","","","","",7,1,5,1,6,1,0,1,1,1,"","","","","","","","","","","","","","","","","","","","","","","","",3000,1,"","",10,1,4,1,"","","","","","","","","","","","","","","","","","","","","","","","","","","","","","","","","","","","","","","","","","","","","","","","","","","","","","","","","","","","","","","","","",""
"54405001","NANCY-OCHEY",48.581,5.959833,336,1982102812,"","","","",3.,1,60,1,"","","","","","","","","","","","","","","","","","","","","","","","","","","","",12.9,1,8.6,1,"","","","","","","","","","","","","","","","","","","","","","","","","","",77,1,"","","","","","","","","","","","",11.4,1,1029.7,1,"","","","","","",7,1,7,1,1,1,0,1,1,1,"","","","","","","","","","","","","","","","","","","","","","","","",7000,1,"","",1,1,4,1,"","","","","","","","","","","","","","","","","","","","","","","","","","","","","","","","","","","","","","","","","","","","","","","","","","","","","","","","","","","","","","","","","",""
"54405001","NANCY-OCHEY",48.581,5.959833,336,1982102815,"","","","",3.,1,40,1,"","","","","","","","","","","","","","","","","","","","","","","","","","","","",12.5,1,8.2,1,"","","","","","","","","","","","","","","","","","","","","","","","","","",76,1,"","","","","","","","","","","","",11.1,1,1029.7,1,"","","","","","",6,1,6,1,1,1,0,1,1,1,"","","","","","","","","","","","","","","","","","","","","","","","",9000,1,"","",1,1,2,1,"","","","","","","","","","","","","","","","","","","","","","","","","","","","","","","","","","","","","","","","","","","","","","","","","","","","","","","","","","","","","","","","","",""
"54405001","NANCY-OCHEY",48.581,5.959833,336,1982102818,"","","","",4.,1,60,1,"","","","","","","","","","","","","","","","","","","","","","","","","","","","",9.4,1,6.7,1,"","","","","","","","","","","","","","","","","","","","","","","","","","",85,1,"","","","","","","","","","","","",10.,1,1030.8,1,"","","","","","",6,1,5,1,5,1,0,1,1,1,"","","","","","","","","","","","","","","","","","","","","","","","",3000,1,"","",10,1,2,1,"","","","","","","","","","","","","","","","","","","","","","","","","","","","","","","","","","","","","","","","","","","","","","","","","","","","","","","","","","","","","","","","","",""
"54405001","NANCY-OCHEY",48.581,5.959833,336,1982102821,"","","","",5.,1,80,1,"","","","","","","","","","","","","","","","","","","","","","","","","","","","",7.1,1,5.7,1,"","","","","","","","","","","","","","","","","","","","","","","","","","",92,1,"","","","","","","","","","","","",9.3,1,1031.5,1,"","","","","","","","","","","","","","","","","","","","","","","","","","","","","","","","","","","","","","","","","","","","","","","","","","","","","","","","","","","","","","","","","","","","","","","","","","","","","","","","","","","","","","","","","","","","","","","","","","","","","","","","","","","","","","","","","",""
"54405001","NANCY-OCHEY",48.581,5.959833,336,1982102900,"","","","",1.,1,80,1,"","","","","","","","","","","","","","","","","","","","","","","","","","","","",5.3,1,4.8,1,"","","","","","","","","","","","","","","","","","","","","","","","","","",98,1,"","","","","","","","","","","","",8.7,1,1031.7,1,"","","","","","","","","","","","","","","","","","","","","","","","","","","","","","","","","","","","","","","","","","","","","","","","","","","","","","","","","","","","","","","","","","","","","","","","","","","","","","","","","","","","","","","","","","","","","","","","","","","","","","","","","","","","","","","","","",""
"54405001","NANCY-OCHEY",48.581,5.959833,336,1982102903,"","","","",1.,1,80,1,"","","","","","","","","","","","","","","","","","","","","","","","","","","","",5.2,1,5.2,1,"","","","","","","","","","","","","","","","","","","","","","","","","","",100,1,"","","","","","","","","","","","",8.8,1,1031.6,1,"","","","","","","","","","","","","","","","","","","","","","","","","","","","","","","","","","","","","","","","","","","","","","","","","","","","","","","","","","","","","","","","","","","","","","","","","","","","","","","","","","","","","","","","","","","","","","","","","","","","","","","","","","","","","","","","","",""
"54405001","NANCY-OCHEY",48.581,5.959833,336,1982102906,"","","","",2.,1,60,1,"","","","","","","","","","","","","","","","","","","","","","","","","","","","",5.2,1,5.2,1,"","","","","","","","","","","","","","","","","","","","","","","","","","",100,1,"","","","","","","","","","","","",8.8,1,1031.8,1,"","","","","","",9,1,"","","","","","","","","","","","","","","","","","","","","","","","","","","","","","","","",300,1,"","",45,1,4,1,"","",0,1,"","","","","","","","","","","","","","","","","","","","","","","","","","","","","","","","","","","","","","","","","","","","","","","","","","","","","","","","","","","","","",""
"54405001","NANCY-OCHEY",48.581,5.959833,336,1982102909,"","","","",2.,1,80,1,"","","","","","","","","","","","","","","","","","","","","","","","","","","","",6.1,1,5.4,1,"","","","","","","","","","","","","","","","","","","","","","","","","","",97,1,"","","","","","","","","","","","",9.1,1,1032.5,1,"","","","","","",8,1,8,1,6,1,"","","","","","","","","","","","","","","","","","","","","","","","","","","","",1200,1,"","",10,1,4,1,"","","","","","","","","","","","","","","","","","","","","","","","","","","","","","","","","","","","","","","","","","","","","","","","","","","","","","","","","","","","","","","","","",""
"54405001","NANCY-OCHEY",48.581,5.959833,336,1982102912,"","","","",3.,1,100,1,"","","","","","","","","","","","","","","","","","","","","","","","","","","","",7.2,1,5.9,1,"","","","","","","","","","","","","","","","","","","","","","","","","","",93,1,"","","","","","","","","","","","",9.4,1,1032.4,1,"","","","","","",8,1,8,1,6,1,"","","","","","","","","","","","","","","","","","","","","","","","","","","","",1100,1,"","",10,1,4,1,"","","","","","","","","","","","","","","","","","","","","","","","","","","","","","","","","","","","","","","","","","","","","","","","","","","","","","","","","","","","","","","","","",""
"54405001","NANCY-OCHEY",48.581,5.959833,336,1982102915,"","","","",3.,1,100,1,"","","","","","","","","","","","","","","","","","","","","","","","","","","","",7.,1,6.2,1,"","","","","","","","","","","","","","","","","","","","","","","","","","",96,1,"","","","","","","","","","","","",9.6,1,1031.9,1,"","","","","","",8,1,8,1,6,1,"","","","","","","","","","","","","","","","","","","","","","","","","","","","",1100,1,"","",10,1,2,1,"","","","","","","","","","","","","","","","","","","","","","","","","","","","","","","","","","","","","","","","","","","","","","","","","","","","","","","","","","","","","","","","","",""
"54405001","NANCY-OCHEY",48.581,5.959833,336,1982102918,"","","","",2.,1,120,1,"","","","","","","","","","","","","","","","","","","","","","","","","","","","",6.2,1,6.2,1,"","","","","","","","","","","","","","","","","","","","","","","","","","",100,1,"","","","","","","","","","","","",9.5,1,1032.4,1,"","","","","","",8,1,8,1,6,1,"","","","","","","","","","","","","","","","","","","","","","","","","","","","",800,1,"","",46,1,4,1,"","","","","","","","","","","","","","","","","","","","","","","","","","","","","","","","","","","","","","","","","","","","","","","","","","","","","","","","","","","","","","","","","",""
"54405001","NANCY-OCHEY",48.581,5.959833,336,1982102921,"","","","",2.,1,100,1,"","","","","","","","","","","","","","","","","","","","","","","","","","","","",6.3,1,6.3,1,"","","","","","","","","","","","","","","","","","","","","","","","","","",100,1,"","","","","","","","","","","","",9.5,1,1032.5,1,"","","","","","","","","","","","","","","","","","","","","","","","","","","","","","","","","","","","","","","","","","","","","","","","","","","","","","","","","","","","","","","","","","","","","","","","","","","","","","","","","","","","","","","","","","","","","","","","","","","","","","","","","","","","","","","","","",""
"54405001","NANCY-OCHEY",48.581,5.959833,336,1982103000,"","","","",2.,1,100,1,"","","","","","","","","","","","","","","","","","","","","","","","","","","","",5.8,1,5.8,1,"","","","","","","","","","","","","","","","","","","","","","","","","","",100,1,"","","","","","","","","","","","",9.2,1,1032.5,1,"","","","","","","","","","","","","","","","","","","","","","","","","","","","","","","","","","","","","","","","","","","","","","","","","","","","","","","","","","","","","","","","","","","","","","","","","","","","","","","","","","","","","","","","","","","","","","","","","","","","","","","","","","","","","","","","","",""
"54405001","NANCY-OCHEY",48.581,5.959833,336,1982103003,"","","","",1.,1,140,1,"","","","","","","","","","","","","","","","","","","","","","","","","","","","",4.9,1,4.9,1,"","","","","","","","","","","","","","","","","","","","","","","","","","",100,1,"","","","","","","","","","","","",8.7,1,1032.4,1,"","","","","","","","","","","","","","","","","","","","","","","","","","","","","","","","","","","","","","","","","","","","","","","","","","","","","","","","","","","","","","","","","","","","","","","","","","","","","","","","","","","","","","","","","","","","","","","","","","","","","","","","","","","","","","","","","",""
"54405001","NANCY-OCHEY",48.581,5.959833,336,1982103006,"","","","",3.,1,140,1,"","","","","","","","","","","","","","","","","","","","","","","","","","","","",4.3,1,4.3,1,"","","","","","","","","","","","","","","","","","","","","","","","","","",100,1,"","","","","","","","","","","","",8.3,1,1031.9,1,"","","","","","",9,1,"","","","","","","","","","","","","","","","","","","","","","","","","","","","","","","","",200,1,"","",45,1,4,1,"","",0,1,"","","","","","","","","","","","","","","","","","","","","","","","","","","","","","","","","","","","","","","","","","","","","","","","","","","","","","","","","","","","","",""
"54405001","NANCY-OCHEY",48.581,5.959833,336,1982103009,"","","","",3.,1,160,1,"","","","","","","","","","","","","","","","","","","","","","","","","","","","",4.5,1,4.5,1,"","","","","","","","","","","","","","","","","","","","","","","","","","",100,1,"","","","","","","","","","","","",8.4,1,1032.2,1,"","","","","","",9,1,"","","","","","","","","","","","","","","","","","","","","","","","","","","","","","","","",300,1,"","",43,1,4,1,"","","","","","","","","","","","","","","","","","","","","","","","","","","","","","","","","","","","","","","","","","","","","","","","","","","","","","","","","","","","","","","","","",""
"54405001","NANCY-OCHEY",48.581,5.959833,336,1982103012,"","","","",3.,1,120,1,"","","","","","","","","","","","","","","","","","","","","","","","","","","","",5.2,1,4.6,1,"","","","","","","","","","","","","","","","","","","","","","","","","","",97,1,"","","","","","","","","","","","",8.6,1,1031.6,1,"","","","","","",8,1,8,1,6,1,"","","","","","","","","","","","","","","","","","","","","","","","","","","","",1100,1,"","",10,1,4,1,"","","","","","","","","","","","","","","","","","","","","","","","","","","","","","","","","","","","","","","","","","","","","","","","","","","","","","","","","","","","","","","","","",""
"54405001","NANCY-OCHEY",48.581,5.959833,336,1982103015,"","","","",2.,1,100,1,"","","","","","","","","","","","","","","","","","","","","","","","","","","","",6.3,1,5.7,1,"","","","","","","","","","","","","","","","","","","","","","","","","","",97,1,"","","","","","","","","","","","",9.3,1,1030.7,1,"","","","","","","","","","","","","","","","","","","","","","","","","","","","","","","","","","","","","","","","","","","","","","","","","","","","","","","","","","","","","","","","","","","","","","","","","","","","","","","","","","","","","","","","","","","","","","","","","","","","","","","","","","","","","","","","","",""
"54405001","NANCY-OCHEY",48.581,5.959833,336,1982103018,"","","","",3.,1,100,1,"","","","","","","","","","","","","","","","","","","","","","","","","","","","",5.3,1,5.3,1,"","","","","","","","","","","","","","","","","","","","","","","","","","",100,1,"","","","","","","","","","","","",8.9,1,1030.5,1,"","","","","","","","","","","","","","","","","","","","","","","","","","","","","","","","","","","","","","","","","","","","","","","","","","","","","","","","","","","","","","","","","","","","","","","","","","","","","","","","","","","","","","","","","","","","","","","","","","","","","","","","","","","","","","","","","",""
"54405001","NANCY-OCHEY",48.581,5.959833,336,1982103021,"","","","",2.,1,120,1,"","","","","","","","","","","","","","","","","","","","","","","","","","","","",3.8,1,3.8,1,"","","","","","","","","","","","","","","","","","","","","","","","","","",100,1,"","","","","","","","","","","","",8.,1,1030.7,1,"","","","","","","","","","","","","","","","","","","","","","","","","","","","","","","","","","","","","","","","","","","","","","","","","","","","","","","","","","","","","","","","","","","","","","","","","","","","","","","","","","","","","","","","","","","","","","","","","","","","","","","","","","","","","","","","","",""
"54405001","NANCY-OCHEY",48.581,5.959833,336,1982103100,"","","","",1.,1,180,1,"","","","","","","","","","","","","","","","","","","","","","","","","","","","",3.3,1,3.3,1,"","","","","","","","","","","","","","","","","","","","","","","","","","",100,1,"","","","","","","","","","","","",7.7,1,1030.4,1,"","","","","","","","","","","","","","","","","","","","","","","","","","","","","","","","","","","","","","","","","","","","","","","","","","","","","","","","","","","","","","","","","","","","","","","","","","","","","","","","","","","","","","","","","","","","","","","","","","","","","","","","","","","","","","","","","",""
"54405001","NANCY-OCHEY",48.581,5.959833,336,1982103103,"","","","",2.,1,160,1,"","","","","","","","","","","","","","","","","","","","","","","","","","","","",3.6,1,3.6,1,"","","","","","","","","","","","","","","","","","","","","","","","","","",100,1,"","","","","","","","","","","","",7.9,1,1030.2,1,"","","","","","","","","","","","","","","","","","","","","","","","","","","","","","","","","","","","","","","","","","","","","","","","","","","","","","","","","","","","","","","","","","","","","","","","","","","","","","","","","","","","","","","","","","","","","","","","","","","","","","","","","","","","","","","","","",""
"54405001","NANCY-OCHEY",48.581,5.959833,336,1982103106,"","","","",2.,1,160,1,"","","","","","","","","","","","","","","","","","","","","","","","","","","","",3.2,1,3.2,1,"","","","","","","","","","","","","","","","","","","","","","","","","","",100,1,"","","","","","","","","","","","",7.7,1,1030.2,1,"","","","","","",9,1,"","","","","","","","","","","","","","","","","","","","","","","","","","","","","","","","",70,1,"","",45,1,4,1,"","",0,1,"","","","","","","","","","","","","","","","","","","","","","","","","","","","","","","","","","","","","","","","","","","","","","","","","","","","","","","","","","","","","",""
"54405001","NANCY-OCHEY",48.581,5.959833,336,1982103109,"","","","",2.,1,160,1,"","","","","","","","","","","","","","","","","","","","","","","","","","","","",5.,1,5.,1,"","","","","","","","","","","","","","","","","","","","","","","","","","",100,1,"","","","","","","","","","","","",8.7,1,1030.6,1,"","","","","","",5,1,0,1,6,1,0,1,1,1,"","","","","","","","","","","","","","","","","","","","","","","","",900,1,"","",42,1,4,1,"","","","","","","","","","","","","","","","","","","","","","","","","","","","","","","","","","","","","","","","","","","","","","","","","","","","","","","","","","","","","","","","","",""
"54405001","NANCY-OCHEY",48.581,5.959833,336,1982103112,"","","","",4.,1,180,1,"","","","","","","","","","","","","","","","","","","","","","","","","","","","",13.2,1,8.5,1,"","","","","","","","","","","","","","","","","","","","","","","","","","",75,1,"","","","","","","","","","","","",11.3,1,1028.9,1,"","","","","","",3,1,0,1,0,1,0,1,1,1,"","","","","","","","","","","","","","","","","","","","","","","","",20000,1,"","",3,1,4,1,"","","","","","","","","","","","","","","","","","","","","","","","","","","","","","","","","","","","","","","","","","","","","","","","","","","","","","","","","","","","","","","","","",""
"54405001","NANCY-OCHEY",48.581,5.959833,336,1982103115,"","","","",1.,1,220,1,"","","","","","","","","","","","","","","","","","","","","","","","","","","","",13.3,1,8.5,1,"","","","","","","","","","","","","","","","","","","","","","","","","","",74,1,"","","","","","","","","","","","",11.3,1,1028.5,1,"","","","","","","","","","","","","","","","","","","","","","","","","","","","","","","","","","","","","","","","","","","","","","","","","","","","","","","","","","","","","","","","","","","","","","","","","","","","","","","","","","","","","","","","","","","","","","","","","","","","","","","","","","","","","","","","","",""
"54405001","NANCY-OCHEY",48.581,5.959833,336,1982103118,"","","","",4.,1,160,1,"","","","","","","","","","","","","","","","","","","","","","","","","","","","",9.,1,7.3,1,"","","","","","","","","","","","","","","","","","","","","","","","","","",91,1,"","","","","","","","","","","","",10.4,1,1029.7,1,"","","","","","","","","","","","","","","","","","","","","","","","","","","","","","","","","","","","","","","","","","","","","","","","","","","","","","","","","","","","","","","","","","","","","","","","","","","","","","","","","","","","","","","","","","","","","","","","","","","","","","","","","","","","","","","","","",""
"54405001","NANCY-OCHEY",48.581,5.959833,336,1982103121,"","","","",4.,1,220,1,"","","","","","","","","","","","","","","","","","","","","","","","","","","","",7.5,1,6.2,1,"","","","","","","","","","","","","","","","","","","","","","","","","","",93,1,"","","","","","","","","","","","",9.6,1,1030.2,1,"","","","","","","","","","","","","","","","","","","","","","","","","","","","","","","","","","","","","","","","","","","","","","","","","","","","","","","","","","","","","","","","","","","","","","","","","","","","","","","","","","","","","","","","","","","","","","","","","","","","","","","","","","","","","","","","","",""
"54405001","NANCY-OCHEY",48.581,5.959833,336,1982110100,"","","","",1.,1,280,1,"","","","","","","","","","","","","","","","","","","","","","","","","","","","",4.8,1,3.6,1,"","","","","","","","","","","","","","","","","","","","","","","","","","",93,1,"","","","","","","","","","","","",8.,1,1030.6,1,"","","","","","","","","","","","","","","","","","","","","","","","","","","","","","","","","","","","","","","","","","","","","","","","","","","","","","","","","","","","","","","","","","","","","","","","","","","","","","","","","","","","","","","","","","","","","","","","","","","","","","","","","","","","","","","","","",""
"54405001","NANCY-OCHEY",48.581,5.959833,336,1982110103,"","","","",1.,1,160,1,"","","","","","","","","","","","","","","","","","","","","","","","","","","","",5.1,1,4.1,1,"","","","","","","","","","","","","","","","","","","","","","","","","","",94,1,"","","","","","","","","","","","",8.3,1,1030.1,1,"","","","","","","","","","","","","","","","","","","","","","","","","","","","","","","","","","","","","","","","","","","","","","","","","","","","","","","","","","","","","","","","","","","","","","","","","","","","","","","","","","","","","","","","","","","","","","","","","","","","","","","","","","","","","","","","","",""
"54405001","NANCY-OCHEY",48.581,5.959833,336,1982110106,"","","","",3.,1,140,1,"","","","","","","","","","","","","","","","","","","","","","","","","","","","",5.8,1,4.6,1,"","","","","","","","","","","","","","","","","","","","","","","","","","",94,1,"","","","","","","","","","","","",8.6,1,1030.,1,"","","","","","",2,1,0,1,5,1,0,1,1,1,"","","","","","","","","","","","","","","","","","","","","","","","",9000,1,"","",3,1,0,1,"","",0,1,"","","","","","","","","","","","","","","","","","","","","","","","","","","","","","","","","","","","","","","","","","","","","","","","","","","","","","","","","","","","","",""
"54405001","NANCY-OCHEY",48.581,5.959833,336,1982110109,"","","","",2.,1,120,1,"","","","","","","","","","","","","","","","","","","","","","","","","","","","",10.1,1,7.3,1,"","","","","","","","","","","","","","","","","","","","","","","","","","",84,1,"","","","","","","","","","","","",10.4,1,1030.,1,"","","","","","",3,1,0,1,0,1,3,1,1,1,"","","","","","","","","","","","","","","","","","","","","","","","",9000,1,"","",2,1,0,1,"","","","","","","","","","","","","","","","","","","","","","","","","","","","","","","","","","","","","","","","","","","","","","","","","","","","","","","","","","","","","","","","","",""
"54405001","NANCY-OCHEY",48.581,5.959833,336,1982110112,"","","","",3.,1,240,1,"","","","","","","","","","","","","","","","","","","","","","","","","","","","",17.3,1,11.3,1,"","","","","","","","","","","","","","","","","","","","","","","","","","",69,1,"","","","","","","","","","","","",13.7,1,1028.5,1,"","","","","","",1,1,0,1,0,1,3,1,1,1,"","","","","","","","","","","","","","","","","","","","","","","","",11000,1,"","",2,1,0,1,"","","","","","","","","","","","","","","","","","","","","","","","","","","","","","","","","","","","","","","","","","","","","","","","","","","","","","","","","","","","","","","","","",""
"54405001","NANCY-OCHEY",48.581,5.959833,336,1982110115,"","","","",3.,1,220,1,"","","","","","","","","","","","","","","","","","","","","","","","","","","","",18.,1,9.8,1,"","","","","","","","","","","","","","","","","","","","","","","","","","",60,1,"","","","","","","","","","","","",12.4,1,1027.7,1,"","","","","","","","","","","","","","","","","","","","","","","","","","","","","","","","","","","","","","","","","","","","","","","","","","","","","","","","","","","","","","","","","","","","","","","","","","","","","","","","","","","","","","","","","","","","","","","","","","","","","","","","","","","","","","","","","",""
"54405001","NANCY-OCHEY",48.581,5.959833,336,1982110118,"","","","",3.,1,160,1,"","","","","","","","","","","","","","","","","","","","","","","","","","","","",11.7,1,9.,1,"","","","","","","","","","","","","","","","","","","","","","","","","","",85,1,"","","","","","","","","","","","",11.7,1,1028.5,1,"","","","","","","","","","","","","","","","","","","","","","","","","","","","","","","","","","","","","","","","","","","","","","","","","","","","","","","","","","","","","","","","","","","","","","","","","","","","","","","","","","","","","","","","","","","","","","","","","","","","","","","","","","","","","","","","","",""
"54405001","NANCY-OCHEY",48.581,5.959833,336,1982110121,"","","","",2.,1,160,1,"","","","","","","","","","","","","","","","","","","","","","","","","","","","",9.8,1,8.2,1,"","","","","","","","","","","","","","","","","","","","","","","","","","",92,1,"","","","","","","","","","","","",11.1,1,1029.1,1,"","","","","","","","","","","","","","","","","","","","","","","","","","","","","","","","","","","","","","","","","","","","","","","","","","","","","","","","","","","","","","","","","","","","","","","","","","","","","","","","","","","","","","","","","","","","","","","","","","","","","","","","","","","","","","","","","",""
"54405001","NANCY-OCHEY",48.581,5.959833,336,1982110200,"","","","",3.,1,160,1,"","","","","","","","","","","","","","","","","","","","","","","","","","","","",7.,1,6.,1,"","","","","","","","","","","","","","","","","","","","","","","","","","",95,1,"","","","","","","","","","","","",9.5,1,1029.6,1,"","","","","","","","","","","","","","","","","","","","","","","","","","","","","","","","","","","","","","","","","","","","","","","","","","","","","","","","","","","","","","","","","","","","","","","","","","","","","","","","","","","","","","","","","","","","","","","","","","","","","","","","","","","","","","","","","",""
"54405001","NANCY-OCHEY",48.581,5.959833,336,1982110203,"","","","",3.,1,160,1,"","","","","","","","","","","","","","","","","","","","","","","","","","","","",6.6,1,5.7,1,"","","","","","","","","","","","","","","","","","","","","","","","","","",95,1,"","","","","","","","","","","","",9.3,1,1029.,1,"","","","","","","","","","","","","","","","","","","","","","","","","","","","","","","","","","","","","","","","","","","","","","","","","","","","","","","","","","","","","","","","","","","","","","","","","","","","","","","","","","","","","","","","","","","","","","","","","","","","","","","","","","","","","","","","","",""
"54405001","NANCY-OCHEY",48.581,5.959833,336,1982110206,"","","","",2.,1,160,1,"","","","","","","","","","","","","","","","","","","","","","","","","","","","",5.,1,4.1,1,"","","","","","","","","","","","","","","","","","","","","","","","","","",95,1,"","","","","","","","","","","","",8.3,1,1029.2,1,"","","","","","",1,1,0,1,0,1,0,1,1,1,"","","","","","","","","","","","","","","","","","","","","","","","",11000,1,"","",2,1,0,1,"","",0,1,"","","","","","","","","","","","","","","","","","","","","","","","","","","","","","","","","","","","","","","","","","","","","","","","","","","","","","","","","","","","","",""
"54405001","NANCY-OCHEY",48.581,5.959833,336,1982110209,"","","","",1.,1,160,1,"","","","","","","","","","","","","","","","","","","","","","","","","","","","",11.2,1,7.4,1,"","","","","","","","","","","","","","","","","","","","","","","","","","",79,1,"","","","","","","","","","","","",10.5,1,1028.7,1,"","","","","","",2,1,0,1,0,1,0,1,1,1,"","","","","","","","","","","","","","","","","","","","","","","","",13000,1,"","",2,1,0,1,"","","","","","","","","","","","","","","","","","","","","","","","","","","","","","","","","","","","","","","","","","","","","","","","","","","","","","","","","","","","","","","","","",""
"54405001","NANCY-OCHEY",48.581,5.959833,336,1982110212,"","","","",2.,1,220,1,"","","","","","","","","","","","","","","","","","","","","","","","","","","","",18.1,1,11.2,1,"","","","","","","","","","","","","","","","","","","","","","","","","","",65,1,"","","","","","","","","","","","",13.6,1,1029.6,1,"","","","","","",3,1,0,1,0,1,0,1,1,1,"","","","","","","","","","","","","","","","","","","","","","","","",18000,1,"","",2,1,0,1,"","","","","","","","","","","","","","","","","","","","","","","","","","","","","","","","","","","","","","","","","","","","","","","","","","","","","","","","","","","","","","","","","",""
"54405001","NANCY-OCHEY",48.581,5.959833,336,1982110215,"","","","",2.,1,140,1,"","","","","","","","","","","","","","","","","","","","","","","","","","","","",17.4,1,11.2,1,"","","","","","","","","","","","","","","","","","","","","","","","","","",68,1,"","","","","","","","","","","","",13.6,1,1026.1,1,"","","","","","",3,1,0,1,0,1,3,1,1,1,"","","","","","","","","","","","","","","","","","","","","","","","",13000,1,"","",3,1,0,1,"","","","","","","","","","","","","","","","","","","","","","","","","","","","","","","","","","","","","","","","","","","","","","","","","","","","","","","","","","","","","","","","","",""
"54405001","NANCY-OCHEY",48.581,5.959833,336,1982110218,"","","","",2.,1,160,1,"","","","","","","","","","","","","","","","","","","","","","","","","","","","",12.1,1,9.6,1,"","","","","","","","","","","","","","","","","","","","","","","","","","",87,1,"","","","","","","","","","","","",12.2,1,1026.9,1,"","","","","","",4,1,0,1,0,1,3,1,1,1,"","","","","","","","","","","","","","","","","","","","","","","","",13000,1,"","",1,1,0,1,"","","","","","","","","","","","","","","","","","","","","","","","","","","","","","","","","","","","","","","","","","","","","","","","","","","","","","","","","","","","","","","","","",""
"54405001","NANCY-OCHEY",48.581,5.959833,336,1982110221,"","","","",1.,1,220,1,"","","","","","","","","","","","","","","","","","","","","","","","","","","","",10.1,1,8.7,1,"","","","","","","","","","","","","","","","","","","","","","","","","","",93,1,"","","","","","","","","","","","",11.5,1,1027.2,1,"","","","","","","","","","","","","","","","","","","","","","","","","","","","","","","","","","","","","","","","","","","","","","","","","","","","","","","","","","","","","","","","","","","","","","","","","","","","","","","","","","","","","","","","","","","","","","","","","","","","","","","","","","","","","","","","","",""
"54405001","NANCY-OCHEY",48.581,5.959833,336,1982110300,"","","","",2.,1,160,1,"","","","","","","","","","","","","","","","","","","","","","","","","","","","",9.3,1,8.3,1,"","","","","","","","","","","","","","","","","","","","","","","","","","",96,1,"","","","","","","","","","","","",11.2,1,1027.,1,"","","","","","","","","","","","","","","","","","","","","","","","","","","","","","","","","","","","","","","","","","","","","","","","","","","","","","","","","","","","","","","","","","","","","","","","","","","","","","","","","","","","","","","","","","","","","","","","","","","","","","","","","","","","","","","","","",""
"54405001","NANCY-OCHEY",48.581,5.959833,336,1982110303,"","","","",2.,1,160,1,"","","","","","","","","","","","","","","","","","","","","","","","","","","","",9.5,1,8.6,1,"","","","","","","","","","","","","","","","","","","","","","","","","","",96,1,"","","","","","","","","","","","",11.4,1,1026.5,1,"","","","","","","","","","","","","","","","","","","","","","","","","","","","","","","","","","","","","","","","","","","","","","","","","","","","","","","","","","","","","","","","","","","","","","","","","","","","","","","","","","","","","","","","","","","","","","","","","","","","","","","","","","","","","","","","","",""
"54405001","NANCY-OCHEY",48.581,5.959833,336,1982110306,"","","","",2.,1,120,1,"","","","","","","","","","","","","","","","","","","","","","","","","","","","",8.2,1,7.6,1,"","","","","","","","","","","","","","","","","","","","","","","","","","",97,1,"","","","","","","","","","","","",10.6,1,1026.3,1,"","","","","","",5,1,5,1,0,1,3,1,0,1,"","","","","","","","","","","","","","","","","","","","","","","","",4500,1,"","",10,1,2,1,"","",0,1,"","","","","","","","","","","","","","","","","","","","","","","","","","","","","","","","","","","","","","","","","","","","","","","","","","","","","","","","","","","","","",""
"54405001","NANCY-OCHEY",48.581,5.959833,336,1982110309,"","","","",2.,1,160,1,"","","","","","","","","","","","","","","","","","","","","","","","","","","","",11.,1,8.7,1,"","","","","","","","","","","","","","","","","","","","","","","","","","",87,1,"","","","","","","","","","","","",11.5,1,1026.1,1,"","","","","","",4,1,0,1,0,1,3,1,0,1,"","","","","","","","","","","","","","","","","","","","","","","","",6000,1,"","",1,1,2,1,"","","","","","","","","","","","","","","","","","","","","","","","","","","","","","","","","","","","","","","","","","","","","","","","","","","","","","","","","","","","","","","","","",""
"54405001","NANCY-OCHEY",48.581,5.959833,336,1982110312,"","","","",3.,1,140,1,"","","","","","","","","","","","","","","","","","","","","","","","","","","","",16.6,1,9.5,1,"","","","","","","","","","","","","","","","","","","","","","","","","","",64,1,"","","","","","","","","","","","",12.1,1,1024.9,1,"","","","","","",2,1,0,1,0,1,3,1,0,1,"","","","","","","","","","","","","","","","","","","","","","","","",9000,1,"","",1,1,1,1,"","","","","","","","","","","","","","","","","","","","","","","","","","","","","","","","","","","","","","","","","","","","","","","","","","","","","","","","","","","","","","","","","",""
"54405001","NANCY-OCHEY",48.581,5.959833,336,1982110315,"","","","",3.,1,140,1,"","","","","","","","","","","","","","","","","","","","","","","","","","","","",14.8,1,8.9,1,"","","","","","","","","","","","","","","","","","","","","","","","","","",69,1,"","","","","","","","","","","","",11.6,1,1024.,1,"","","","","","",2,1,0,1,0,1,3,1,0,1,"","","","","","","","","","","","","","","","","","","","","","","","",11000,1,"","",2,1,0,1,"","","","","","","","","","","","","","","","","","","","","","","","","","","","","","","","","","","","","","","","","","","","","","","","","","","","","","","","","","","","","","","","","",""
"54405001","NANCY-OCHEY",48.581,5.959833,336,1982110318,"","","","",3.,1,160,1,"","","","","","","","","","","","","","","","","","","","","","","","","","","","",9.3,1,6.9,1,"","","","","","","","","","","","","","","","","","","","","","","","","","",87,1,"","","","","","","","","","","","",10.1,1,1024.8,1,"","","","","","",2,1,0,1,0,1,3,1,0,1,"","","","","","","","","","","","","","","","","","","","","","","","",9000,1,"","",2,1,0,1,"","","","","","","","","","","","","","","","","","","","","","","","","","","","","","","","","","","","","","","","","","","","","","","","","","","","","","","","","","","","","","","","","",""
"54405001","NANCY-OCHEY",48.581,5.959833,336,1982110321,"","","","",3.,1,160,1,"","","","","","","","","","","","","","","","","","","","","","","","","","","","",6.5,1,6.,1,"","","","","","","","","","","","","","","","","","","","","","","","","","",98,1,"","","","","","","","","","","","",9.5,1,1025.5,1,"","","","","","","","","","","","","","","","","","","","","","","","","","","","","","","","","","","","","","","","","","","","","","","","","","","","","","","","","","","","","","","","","","","","","","","","","","","","","","","","","","","","","","","","","","","","","","","","","","","","","","","","","","","","","","","","","",""
"54405001","NANCY-OCHEY",48.581,5.959833,336,1982110400,"","","","",3.,1,160,1,"","","","","","","","","","","","","","","","","","","","","","","","","","","","",5.8,1,5.8,1,"","","","","","","","","","","","","","","","","","","","","","","","","","",99,1,"","","","","","","","","","","","",9.1,1,1025.4,1,"","","","","","","","","","","","","","","","","","","","","","","","","","","","","","","","","","","","","","","","","","","","","","","","","","","","","","","","","","","","","","","","","","","","","","","","","","","","","","","","","","","","","","","","","","","","","","","","","","","","","","","","","","","","","","","","","",""
"54405001","NANCY-OCHEY",48.581,5.959833,336,1982110403,"","","","",2.,1,160,1,"","","","","","","","","","","","","","","","","","","","","","","","","","","","",3.4,1,3.4,1,"","","","","","","","","","","","","","","","","","","","","","","","","","",100,1,"","","","","","","","","","","","",7.8,1,1025.2,1,"","","","","","","","","","","","","","","","","","","","","","","","","","","","","","","","","","","","","","","","","","","","","","","","","","","","","","","","","","","","","","","","","","","","","","","","","","","","","","","","","","","","","","","","","","","","","","","","","","","","","","","","","","","","","","","","","",""
"54405001","NANCY-OCHEY",48.581,5.959833,336,1982110406,"","","","",3.,1,160,1,"","","","","","","","","","","","","","","","","","","","","","","","","","","","",3.1,1,3.1,1,"","","","","","","","","","","","","","","","","","","","","","","","","","",100,1,"","","","","","","","","","","","",7.6,1,1025.1,1,"","","","","","",3,1,0,1,0,1,0,1,1,1,"","","","","","","","","","","","","","","","","","","","","","","","",300,1,"","",46,1,4,1,"","",0,1,"","","","","","","","","","","","","","","","","","","","","","","","","","","","","","","","","","","","","","","","","","","","","","","","","","","","","","","","","","","","","",""
"54405001","NANCY-OCHEY",48.581,5.959833,336,1982110409,"","","","",2.,1,160,1,"","","","","","","","","","","","","","","","","","","","","","","","","","","","",5.,1,4.6,1,"","","","","","","","","","","","","","","","","","","","","","","","","","",98,1,"","","","","","","","","","","","",8.6,1,1025.3,1,"","","","","","",8,1,8,1,6,1,"","","","","","","","","","","","","","","","","","","","","","","","","","","","",1800,1,"","",10,1,4,1,"","","","","","","","","","","","","","","","","","","","","","","","","","","","","","","","","","","","","","","","","","","","","","","","","","","","","","","","","","","","","","","","","",""
"54405001","NANCY-OCHEY",48.581,5.959833,336,1982110412,"","","","",1.,1,220,1,"","","","","","","","","","","","","","","","","","","","","","","","","","","","",9.,1,8.3,1,"","","","","","","","","","","","","","","","","","","","","","","","","","",97,1,"","","","","","","","","","","","",11.2,1,1024.4,1,"","","","","","",8,1,8,1,6,1,"","","","","","","","","","","","","","","","","","","","","","","","","","","","",1200,1,"","",10,1,4,1,"","","","","","","","","","","","","","","","","","","","","","","","","","","","","","","","","","","","","","","","","","","","","","","","","","","","","","","","","","","","","","","","","",""
"54405001","NANCY-OCHEY",48.581,5.959833,336,1982110415,"","","","",1.,1,240,1,"","","","","","","","","","","","","","","","","","","","","","","","","","","","",10.5,1,8.7,1,"","","","","","","","","","","","","","","","","","","","","","","","","","",91,1,"","","","","","","","","","","","",11.5,1,1023.2,1,"","","","","","",7,1,7,1,6,1,"","","","","","","","","","","","","","","","","","","","","","","","","","","","",4500,1,"","",10,1,2,1,"","","","","","","","","","","","","","","","","","","","","","","","","","","","","","","","","","","","","","","","","","","","","","","","","","","","","","","","","","","","","","","","","",""
"54405001","NANCY-OCHEY",48.581,5.959833,336,1982110418,"","","","",1.,1,100,1,"","","","","","","","","","","","","","","","","","","","","","","","","","","","",8.3,1,8.3,1,"","","","","","","","","","","","","","","","","","","","","","","","","","",100,1,"","","","","","","","","","","","",10.9,1,1023.4,1,"","","","","","",9,1,"","","","","","","","","","","","","","","","","","","","","","","","","","","","","","","","",100,1,"","",47,1,4,1,"","","","","","","","","","","","","","","","","","","","","","","","","","","","","","","","","","","","","","","","","","","","","","","","","","","","","","","","","","","","","","","","","",""
"54405001","NANCY-OCHEY",48.581,5.959833,336,1982110421,"","","","",2.,1,160,1,"","","","","","","","","","","","","","","","","","","","","","","","","","","","",7.7,1,7.7,1,"","","","","","","","","","","","","","","","","","","","","","","","","","",100,1,"","","","","","","","","","","","",10.5,1,1023.6,1,"","","","","","","","","","","","","","","","","","","","","","","","","","","","","","","","","","","","","","","","","","","","","","","","","","","","","","","","","","","","","","","","","","","","","","","","","","","","","","","","","","","","","","","","","","","","","","","","","","","","","","","","","","","","","","","","","",""
"54405001","NANCY-OCHEY",48.581,5.959833,336,1982110500,"","","","",2.,1,120,1,"","","","","","","","","","","","","","","","","","","","","","","","","","","","",7.1,1,7.1,1,"","","","","","","","","","","","","","","","","","","","","","","","","","",100,1,"","","","","","","","","","","","",10.1,1,1023.4,1,"","","","","","","","","","","","","","","","","","","","","","","","","","","","","","","","","","","","","","","","","","","","","","","","","","","","","","","","","","","","","","","","","","","","","","","","","","","","","","","","","","","","","","","","","","","","","","","","","","","","","","","","","","","","","","","","","",""
"54405001","NANCY-OCHEY",48.581,5.959833,336,1982110503,"","","","",1.,1,140,1,"","","","","","","","","","","","","","","","","","","","","","","","","","","","",6.2,1,6.2,1,"","","","","","","","","","","","","","","","","","","","","","","","","","",100,1,"","","","","","","","","","","","",9.5,1,1023.4,1,"","","","","","","","","","","","","","","","","","","","","","","","","","","","","","","","","","","","","","","","","","","","","","","","","","","","","","","","","","","","","","","","","","","","","","","","","","","","","","","","","","","","","","","","","","","","","","","","","","","","","","","","","","","","","","","","","",""
"54405001","NANCY-OCHEY",48.581,5.959833,336,1982110506,"","","","",1.,1,140,1,"","","","","","","","","","","","","","","","","","","","","","","","","","","","",6.5,1,6.5,1,"","","","","","","","","","","","","","","","","","","","","","","","","","",100,1,"","","","","","","","","","","","",9.7,1,1022.9,1,"","","","","","",8,1,8,1,6,1,"","","","","","","","","","","","","","","","","","","","","","","","","","","","",800,1,"","",44,1,4,1,"","",0,1,"","","","","","","","","","","","","","","","","","","","","","","","","","","","","","","","","","","","","","","","","","","","","","","","","","","","","","","","","","","","","",""
"54405001","NANCY-OCHEY",48.581,5.959833,336,1982110509,"","","","",2.,1,80,1,"","","","","","","","","","","","","","","","","","","","","","","","","","","","",7.4,1,7.4,1,"","","","","","","","","","","","","","","","","","","","","","","","","","",100,1,"","","","","","","","","","","","",10.3,1,1022.8,1,"","","","","","",8,1,8,1,7,1,"","","","","","","","","","","","","","","","","","","","","","","","","","","","",80,1,"","",50,1,5,1,"","","","","","","","","","","","","","","","","","","","","","","","","","","","","","","","","","","","","","","","","","","","","","","","","","","","","","","","","","","","","","","","","",""
"54405001","NANCY-OCHEY",48.581,5.959833,336,1982110512,"","","","",3.,1,40,1,"","","","","","","","","","","","","","","","","","","","","","","","","","","","",8.6,1,7.,1,"","","","","","","","","","","","","","","","","","","","","","","","","","",92,1,"","","","","","","","","","","","",10.2,1,1021.9,1,"","","","","","",7,1,7,1,5,1,"","","","","","","","","","","","","","","","","","","","","","","","","","","","",4500,1,"","",10,1,5,1,"","","","","","","","","","","","","","","","","","","","","","","","","","","","","","","","","","","","","","","","","","","","","","","","","","","","","","","","","","","","","","","","","",""
"54405001","NANCY-OCHEY",48.581,5.959833,336,1982110515,"","","","",4.,1,60,1,"","","","","","","","","","","","","","","","","","","","","","","","","","","","",7.7,1,6.3,1,"","","","","","","","","","","","","","","","","","","","","","","","","","",93,1,"","","","","","","","","","","","",9.7,1,1021.,1,"","","","","","",8,1,8,1,6,1,"","","","","","","","","","","","","","","","","","","","","","","","","","","","",1800,1,"","",10,1,2,1,"","","","","","","","","","","","","","","","","","","","","","","","","","","","","","","","","","","","","","","","","","","","","","","","","","","","","","","","","","","","","","","","","",""
"54405001","NANCY-OCHEY",48.581,5.959833,336,1982110518,"","","","",4.,1,80,1,"","","","","","","","","","","","","","","","","","","","","","","","","","","","",7.4,1,6.4,1,"","","","","","","","","","","","","","","","","","","","","","","","","","",96,1,"","","","","","","","","","","","",9.8,1,1020.6,1,"","","","","","",8,1,8,1,6,1,"","","","","","","","","","","","","","","","","","","","","","","","","","","","",1800,1,"","",10,1,2,1,"","","","","","","","","","","","","","","","","","","","","","","","","","","","","","","","","","","","","","","","","","","","","","","","","","","","","","","","","","","","","","","","","",""
"54405001","NANCY-OCHEY",48.581,5.959833,336,1982110521,"","","","",3.,1,80,1,"","","","","","","","","","","","","","","","","","","","","","","","","","","","",7.5,1,6.6,1,"","","","","","","","","","","","","","","","","","","","","","","","","","",96,1,"","","","","","","","","","","","",9.9,1,1020.2,1,"","","","","","","","","","","","","","","","","","","","","","","","","","","","","","","","","","","","","","","","","","","","","","","","","","","","","","","","","","","","","","","","","","","","","","","","","","","","","","","","","","","","","","","","","","","","","","","","","","","","","","","","","","","","","","","","","",""
"54405001","NANCY-OCHEY",48.581,5.959833,336,1982110600,"","","","",4.,1,80,1,"","","","","","","","","","","","","","","","","","","","","","","","","","","","",6.2,1,5.7,1,"","","","","","","","","","","","","","","","","","","","","","","","","","",98,1,"","","","","","","","","","","","",9.3,1,1018.9,1,"","","","","","","","","","","","","","","","","","","","","","","","","","","","","","","","","","","","","","","","","","","","","","","","","","","","","","","","","","","","","","","","","","","","","","","","","","","","","","","","","","","","","","","","","","","","","","","","","","","","","","","","","","","","","","","","","",""
"54405001","NANCY-OCHEY",48.581,5.959833,336,1982110603,"","","","",3.,1,100,1,"","","","","","","","","","","","","","","","","","","","","","","","","","","","",4.7,1,4.3,1,"","","","","","","","","","","","","","","","","","","","","","","","","","",98,1,"","","","","","","","","","","","",8.4,1,1017.3,1,"","","","","","","","","","","","","","","","","","","","","","","","","","","","","","","","","","","","","","","","","","","","","","","","","","","","","","","","","","","","","","","","","","","","","","","","","","","","","","","","","","","","","","","","","","","","","","","","","","","","","","","","","","","","","","","","","",""
"54405001","NANCY-OCHEY",48.581,5.959833,336,1982110606,"","","","",2.,1,120,1,"","","","","","","","","","","","","","","","","","","","","","","","","","","","",2.1,1,2.1,1,"","","","","","","","","","","","","","","","","","","","","","","","","","",100,1,"","","","","","","","","","","","",7.1,1,1016.6,1,"","","","","","",4,1,0,1,6,1,0,1,0,1,"","","","","","","","","","","","","","","","","","","","","","","","",200,1,"","",44,1,4,1,"","",0,1,"","","","","","","","","","","","","","","","","","","","","","","","","","","","","","","","","","","","","","","","","","","","","","","","","","","","","","","","","","","","","",""
"54405001","NANCY-OCHEY",48.581,5.959833,336,1982110609,"","","","",4.,1,120,1,"","","","","","","","","","","","","","","","","","","","","","","","","","","","",3.3,1,3.3,1,"","","","","","","","","","","","","","","","","","","","","","","","","","",100,1,"","","","","","","","","","","","",7.7,1,1016.,1,"","","","","","",6,1,6,1,6,1,0,1,0,1,"","","","","","","","","","","","","","","","","","","","","","","","",300,1,"","",42,1,4,1,"","","","","","","","","","","","","","","","","","","","","","","","","","","","","","","","","","","","","","","","","","","","","","","","","","","","","","","","","","","","","","","","","",""
"54405001","NANCY-OCHEY",48.581,5.959833,336,1982110612,"","","","",4.,1,80,1,"","","","","","","","","","","","","","","","","","","","","","","","","","","","",8.6,1,5.3,1,"","","","","","","","","","","","","","","","","","","","","","","","","","",81,1,"","","","","","","","","","","","",9.,1,1014.3,1,"","","","","","",0,1,"","",0,1,0,1,0,1,"","","","","","","","","","","","","","","","","","","","","","","","",4000,1,"","",10,1,4,1,"","","","","","","","","","","","","","","","","","","","","","","","","","","","","","","","","","","","","","","","","","","","","","","","","","","","","","","","","","","","","","","","","",""
"54405001","NANCY-OCHEY",48.581,5.959833,336,1982110615,"","","","",6.,1,80,1,"","","","","","","","","","","","","","","","","","","","","","","","","","","","",10.3,1,3.8,1,"","","","","","","","","","","","","","","","","","","","","","","","","","",65,1,"","","","","","","","","","","","",8.1,1,1012.,1,"","","","","","","","","","","","","","","","","","","","","","","","","","","","","","","","","","","","","","","","","","","","","","","","","","","","","","","","","","","","","","","","","","","","","","","","","","","","","","","","","","","","","","","","","","","","","","","","","","","","","","","","","","","","","","","","","",""
"54405001","NANCY-OCHEY",48.581,5.959833,336,1982110618,"","","","",1.,1,40,1,"","","","","","","","","","","","","","","","","","","","","","","","","","","","",4.6,1,2.4,1,"","","","","","","","","","","","","","","","","","","","","","","","","","",86,1,"","","","","","","","","","","","",7.3,1,1011.8,1,"","","","","","","","","","","","","","","","","","","","","","","","","","","","","","","","","","","","","","","","","","","","","","","","","","","","","","","","","","","","","","","","","","","","","","","","","","","","","","","","","","","","","","","","","","","","","","","","","","","","","","","","","","","","","","","","","",""
"54405001","NANCY-OCHEY",48.581,5.959833,336,1982110621,"","","","",6.,1,80,1,"","","","","","","","","","","","","","","","","","","","","","","","","","","","",2.3,1,1.,1,"","","","","","","","","","","","","","","","","","","","","","","","","","",91,1,"","","","","","","","","","","","",6.6,1,1010.3,1,"","","","","","","","","","","","","","","","","","","","","","","","","","","","","","","","","","","","","","","","","","","","","","","","","","","","","","","","","","","","","","","","","","","","","","","","","","","","","","","","","","","","","","","","","","","","","","","","","","","","","","","","","","","","","","","","","",""
"54405001","NANCY-OCHEY",48.581,5.959833,336,1982110700,"","","","",4.,1,80,1,"","","","","","","","","","","","","","","","","","","","","","","","","","","","",1.2,1,0.6,1,"","","","","","","","","","","","","","","","","","","","","","","","","","",96,1,"","","","","","","","","","","","",6.4,1,1008.9,1,"","","","","","","","","","","","","","","","","","","","","","","","","","","","","","","","","","","","","","","","","","","","","","","","","","","","","","","","","","","","","","","","","","","","","","","","","","","","","","","","","","","","","","","","","","","","","","","","","","","","","","","","","","","","","","","","","",""
"54405001","NANCY-OCHEY",48.581,5.959833,336,1982110703,"","","","",5.,1,80,1,"","","","","","","","","","","","","","","","","","","","","","","","","","","","",0.5,1,0.,1,"","","","","","","","","","","","","","","","","","","","","","","","","","",96,1,"","","","","","","","","","","","",6.1,1,1007.1,1,"","","","","","","","","","","","","","","","","","","","","","","","","","","","","","","","","","","","","","","","","","","","","","","","","","","","","","","","","","","","","","","","","","","","","","","","","","","","","","","","","","","","","","","","","","","","","","","","","","","","","","","","","","","","","","","","","",""
"54405001","NANCY-OCHEY",48.581,5.959833,336,1982110706,"","","","",2.,1,80,1,"","","","","","","","","","","","","","","","","","","","","","","","","","","","",0.2,1,-0.4,1,"","","","","","","","","","","","","","","","","","","","","","","","","","",96,1,"","","","","","","","","","","","",5.9,1,1006.9,1,"","","","","","",4,1,0,1,6,1,0,1,1,1,"","","","","","","","","","","","","","","","","","","","","","","","",1500,1,"","",10,1,0,1,"","",0,1,"","","","","","","","","","","","","","","","","","","","","","","","","","","","","","","","","","","","","","","","","","","","","","","","","","","","","","","","","","","","","",""
"54405001","NANCY-OCHEY",48.581,5.959833,336,1982110709,"","","","",6.,1,80,1,"","","","","","","","","","","","","","","","","","","","","","","","","","","","",1.,1,0.,1,"","","","","","","","","","","","","","","","","","","","","","","","","","",92,1,"","","","","","","","","","","","",6.1,1,1006.5,1,"","","","","","",4,1,0,1,6,1,3,1,1,1,"","","","","","","","","","","","","","","","","","","","","","","","",2000,1,"","",10,1,0,1,"","","","","","","","","","","","","","","","","","","","","","","","","","","","","","","","","","","","","","","","","","","","","","","","","","","","","","","","","","","","","","","","","",""
"54405001","NANCY-OCHEY",48.581,5.959833,336,1982110712,"","","","",4.,1,80,1,"","","","","","","","","","","","","","","","","","","","","","","","","","","","",4.,1,1.4,1,"","","","","","","","","","","","","","","","","","","","","","","","","","",83,1,"","","","","","","","","","","","",6.8,1,1004.3,1,"","","","","","",6,1,6,1,0,1,7,1,2,1,"","","","","","","","","","","","","","","","","","","","","","","","",4500,1,"","",10,1,2,1,"","","","","","","","","","","","","","","","","","","","","","","","","","","","","","","","","","","","","","","","","","","","","","","","","","","","","","","","","","","","","","","","","",""
"54405001","NANCY-OCHEY",48.581,5.959833,336,1982110715,"","","","",4.,1,100,1,"","","","","","","","","","","","","","","","","","","","","","","","","","","","",4.9,1,1.4,1,"","","","","","","","","","","","","","","","","","","","","","","","","","",78,1,"","","","","","","","","","","","",6.8,1,1001.6,1,"","","","","","","","","","","","","","","","","","","","","","","","","","","","","","","","","","","","","","","","","","","","","","","","","","","","","","","","","","","","","","","","","","","","","","","","","","","","","","","","","","","","","","","","","","","","","","","","","","","","","","","","","","","","","","","","","",""
"54405001","NANCY-OCHEY",48.581,5.959833,336,1982110718,"","","","",4.,1,100,1,"","","","","","","","","","","","","","","","","","","","","","","","","","","","",5.,1,1.2,1,"","","","","","","","","","","","","","","","","","","","","","","","","","",77,1,"","","","","","","","","","","","",6.7,1,1000.4,1,"","","","","","","","","","","","","","","","","","","","","","","","","","","","","","","","","","","","","","","","","","","","","","","","","","","","","","","","","","","","","","","","","","","","","","","","","","","","","","","","","","","","","","","","","","","","","","","","","","","","","","","","","","","","","","","","","",""
"54405001","NANCY-OCHEY",48.581,5.959833,336,1982110721,"","","","",2.,1,120,1,"","","","","","","","","","","","","","","","","","","","","","","","","","","","",5.7,1,0.6,1,"","","","","","","","","","","","","","","","","","","","","","","","","","",70,1,"","","","","","","","","","","","",6.4,1,1000.,1,"","","","","","","","","","","","","","","","","","","","","","","","","","","","","","","","","","","","","","","","","","","","","","","","","","","","","","","","","","","","","","","","","","","","","","","","","","","","","","","","","","","","","","","","","","","","","","","","","","","","","","","","","","","","","","","","","",""
"54405001","NANCY-OCHEY",48.581,5.959833,336,1982110800,"","","","",4.,1,80,1,"","","","","","","","","","","","","","","","","","","","","","","","","","","","",7.2,1,2.,1,"","","","","","","","","","","","","","","","","","","","","","","","","","",70,1,"","","","","","","","","","","","",7.1,1,998.9,1,"","","","","","","","","","","","","","","","","","","","","","","","","","","","","","","","","","","","","","","","","","","","","","","","","","","","","","","","","","","","","","","","","","","","","","","","","","","","","","","","","","","","","","","","","","","","","","","","","","","","","","","","","","","","","","","","","",""
"54405001","NANCY-OCHEY",48.581,5.959833,336,1982110803,"","","","",3.,1,120,1,"","","","","","","","","","","","","","","","","","","","","","","","","","","","",7.,1,1.2,1,"","","","","","","","","","","","","","","","","","","","","","","","","","",67,1,"","","","","","","","","","","","",6.7,1,998.,1,"","","","","","","","","","","","","","","","","","","","","","","","","","","","","","","","","","","","","","","","","","","","","","","","","","","","","","","","","","","","","","","","","","","","","","","","","","","","","","","","","","","","","","","","","","","","","","","","","","","","","","","","","","","","","","","","","",""
"54405001","NANCY-OCHEY",48.581,5.959833,336,1982110806,"","","","",4.,1,120,1,"","","","","","","","","","","","","","","","","","","","","","","","","","","","",9.8,1,3.1,1,"","","","","","","","","","","","","","","","","","","","","","","","","","",63,1,"","","","","","","","","","","","",7.7,1,997.5,1,"","","","","","",7,1,7,1,0,1,7,1,"","","","","","","","","","","","","","","","","","","","","","","","","","",15000,1,"","",2,1,2,1,"","",0,1,"","","","","","","","","","","","","","","","","","","","","","","","","","","","","","","","","","","","","","","","","","","","","","","","","","","","","","","","","","","","","",""
"54405001","NANCY-OCHEY",48.581,5.959833,336,1982110809,"","","","",3.,1,140,1,"","","","","","","","","","","","","","","","","","","","","","","","","","","","",8.4,1,6.7,1,"","","","","","","","","","","","","","","","","","","","","","","","","","",90,1,"","","","","","","","","","","","",10.,1,1000.,1,"","","","","","",8,1,8,1,5,1,7,1,"","","","","","","","","","","","","","","","","","","","","","","","","","",13000,1,"","",61,1,6,1,"","","","","","","","","","","","","","","","","","","","","","","","","","","","","","","","","","","","","","","","","","","","","","","","","","","","","","","","","","","","","","","","","",""
"54405001","NANCY-OCHEY",48.581,5.959833,336,1982110812,"","","","",10.,1,180,1,"","","","","","","","","","","","","","","","","","","","","","","","","","","","",12.,1,9.,1,"","","","","","","","","","","","","","","","","","","","","","","","","","",83,1,"","","","","","","","","","","","",11.7,1,1000.2,1,"","","","","","",7,1,7,1,5,1,7,1,"","","","","","","","","","","","","","","","","","","","","","","","","","",20000,1,"","",21,1,6,1,"","","","","","","","","","","","","","","","","","","","","","","","","","","","","","","","","","","","","","","","","","","","","","","","","","","","","","","","","","","","","","","","","",""
"54405001","NANCY-OCHEY",48.581,5.959833,336,1982110815,"","","","",13.,1,180,1,"","","","","","","","","","","","","","","","","","","","","","","","","","","","",14.,1,10.6,1,"","","","","","","","","","","","","","","","","","","","","","","","","","",82,1,"","","","","","","","","","","","",13.1,1,1000.8,1,"","","","","","",7,1,7,1,8,1,7,1,"","","","","","","","","","","","","","","","","","","","","","","","","","",15000,1,"","",61,1,6,1,"","","","","","","","","","","","","","","","","","","","","","","","","","","","","","","","","","","","","","","","","","","","","","","","","","","","","","","","","","","","","","","","","",""
"54405001","NANCY-OCHEY",48.581,5.959833,336,1982110818,"","","","",6.,1,200,1,"","","","","","","","","","","","","","","","","","","","","","","","","","","","",11.,1,9.5,1,"","","","","","","","","","","","","","","","","","","","","","","","","","",92,1,"","","","","","","","","","","","",12.1,1,1004.5,1,"","","","","","",7,1,7,1,3,1,7,1,"","","","","","","","","","","","","","","","","","","","","","","","","","",12000,1,"","",80,1,8,1,"","","","","","","","","","","","","","","","","","","","","","","","","","","","","","","","","","","","","","","","","","","","","","","","","","","","","","","","","","","","","","","","","",""
"54405001","NANCY-OCHEY",48.581,5.959833,336,1982110821,"","","","",3.,1,140,1,"","","","","","","","","","","","","","","","","","","","","","","","","","","","",10.9,1,9.3,1,"","","","","","","","","","","","","","","","","","","","","","","","","","",92,1,"","","","","","","","","","","","",12.,1,1005.3,1,"","","","","","","","","","","","","","","","","","","","","","","","","","","","","","","","","","","","","","","","","","","","","","","","","","","","","","","","","","","","","","","","","","","","","","","","","","","","","","","","","","","","","","","","","","","","","","","","","","","","","","","","","","","","","","","","","",""
"54405001","NANCY-OCHEY",48.581,5.959833,336,1982110900,"","","","",4.,1,160,1,"","","","","","","","","","","","","","","","","","","","","","","","","","","","",10.1,1,9.,1,"","","","","","","","","","","","","","","","","","","","","","","","","","",95,1,"","","","","","","","","","","","",11.7,1,1006.1,1,"","","","","","","","","","","","","","","","","","","","","","","","","","","","","","","","","","","","","","","","","","","","","","","","","","","","","","","","","","","","","","","","","","","","","","","","","","","","","","","","","","","","","","","","","","","","","","","","","","","","","","","","","","","","","","","","","",""
"54405001","NANCY-OCHEY",48.581,5.959833,336,1982110903,"","","","",5.,1,160,1,"","","","","","","","","","","","","","","","","","","","","","","","","","","","",10.,1,9.,1,"","","","","","","","","","","","","","","","","","","","","","","","","","",95,1,"","","","","","","","","","","","",11.7,1,1006.7,1,"","","","","","","","","","","","","","","","","","","","","","","","","","","","","","","","","","","","","","","","","","","","","","","","","","","","","","","","","","","","","","","","","","","","","","","","","","","","","","","","","","","","","","","","","","","","","","","","","","","","","","","","","","","","","","","","","",""
"54405001","NANCY-OCHEY",48.581,5.959833,336,1982110906,"","","","",4.,1,160,1,"","","","","","","","","","","","","","","","","","","","","","","","","","","","",10.1,1,8.3,1,"","","","","","","","","","","","","","","","","","","","","","","","","","",91,1,"","","","","","","","","","","","",11.2,1,1007.7,1,"","","","","","",1,1,0,1,5,1,7,1,0,1,"","","","","","","","","","","","","","","","","","","","","","","","",15000,1,"","",1,1,0,1,"","",0,1,"","","","","","","","","","","","","","","","","","","","","","","","","","","","","","","","","","","","","","","","","","","","","","","","","","","","","","","","","","","","","",""
"54405001","NANCY-OCHEY",48.581,5.959833,336,1982110909,"","","","",8.,1,220,1,"","","","","","","","","","","","","","","","","","","","","","","","","","","","",11.4,1,8.3,1,"","","","","","","","","","","","","","","","","","","","","","","","","","",83,1,"","","","","","","","","","","","",11.2,1,1010.,1,"","","","","","",6,1,6,1,2,1,0,1,4,1,"","","","","","","","","","","","","","","","","","","","","","","","",25000,1,"","",3,1,1,1,"","","","","","","","","","","","","","","","","","","","","","","","","","","","","","","","","","","","","","","","","","","","","","","","","","","","","","","","","","","","","","","","","",""
"54405001","NANCY-OCHEY",48.581,5.959833,336,1982110912,"","","","",8.,1,240,1,"","","","","","","","","","","","","","","","","","","","","","","","","","","","",13.6,1,7.,1,"","","","","","","","","","","","","","","","","","","","","","","","","","",66,1,"","","","","","","","","","","","",10.2,1,1011.4,1,"","","","","","",7,1,6,1,8,1,"","","","","","","","","","","","","","","","","","","","","","","","","","","","",25000,1,"","",1,1,1,1,"","","","","","","","","","","","","","","","","","","","","","","","","","","","","","","","","","","","","","","","","","","","","","","","","","","","","","","","","","","","","","","","","",""
"54405001","NANCY-OCHEY",48.581,5.959833,336,1982110915,"","","","",7.,1,240,1,"","","","","","","","","","","","","","","","","","","","","","","","","","","","",12.2,1,7.8,1,"","","","","","","","","","","","","","","","","","","","","","","","","","",76,1,"","","","","","","","","","","","",10.8,1,1012.9,1,"","","","","","",7,1,5,1,8,1,"","","","","","","","","","","","","","","","","","","","","","","","","","","","",25000,1,"","",3,1,2,1,"","","","","","","","","","","","","","","","","","","","","","","","","","","","","","","","","","","","","","","","","","","","","","","","","","","","","","","","","","","","","","","","","",""
"54405001","NANCY-OCHEY",48.581,5.959833,336,1982110918,"","","","",4.,1,200,1,"","","","","","","","","","","","","","","","","","","","","","","","","","","","",10.7,1,8.7,1,"","","","","","","","","","","","","","","","","","","","","","","","","","",90,1,"","","","","","","","","","","","",11.5,1,1015.6,1,"","","","","","",7,1,7,1,8,1,"","","","","","","","","","","","","","","","","","","","","","","","","","","","",20000,1,"","",25,1,8,1,"","","","","","","","","","","","","","","","","","","","","","","","","","","","","","","","","","","","","","","","","","","","","","","","","","","","","","","","","","","","","","","","","",""
"54405001","NANCY-OCHEY",48.581,5.959833,336,1982110921,"","","","",5.,1,220,1,"","","","","","","","","","","","","","","","","","","","","","","","","","","","",9.5,1,8.1,1,"","","","","","","","","","","","","","","","","","","","","","","","","","",93,1,"","","","","","","","","","","","",11.,1,1017.8,1,"","","","","","","","","","","","","","","","","","","","","","","","","","","","","","","","","","","","","","","","","","","","","","","","","","","","","","","","","","","","","","","","","","","","","","","","","","","","","","","","","","","","","","","","","","","","","","","","","","","","","","","","","","","","","","","","","",""
"54405001","NANCY-OCHEY",48.581,5.959833,336,1982111000,"","","","",4.,1,200,1,"","","","","","","","","","","","","","","","","","","","","","","","","","","","",9.2,1,8.3,1,"","","","","","","","","","","","","","","","","","","","","","","","","","",96,1,"","","","","","","","","","","","",11.2,1,1018.8,1,"","","","","","","","","","","","","","","","","","","","","","","","","","","","","","","","","","","","","","","","","","","","","","","","","","","","","","","","","","","","","","","","","","","","","","","","","","","","","","","","","","","","","","","","","","","","","","","","","","","","","","","","","","","","","","","","","",""
"54405001","NANCY-OCHEY",48.581,5.959833,336,1982111003,"","","","",4.,1,200,1,"","","","","","","","","","","","","","","","","","","","","","","","","","","","",7.8,1,7.,1,"","","","","","","","","","","","","","","","","","","","","","","","","","",96,1,"","","","","","","","","","","","",10.2,1,1019.9,1,"","","","","","","","","","","","","","","","","","","","","","","","","","","","","","","","","","","","","","","","","","","","","","","","","","","","","","","","","","","","","","","","","","","","","","","","","","","","","","","","","","","","","","","","","","","","","","","","","","","","","","","","","","","","","","","","","",""
"54405001","NANCY-OCHEY",48.581,5.959833,336,1982111006,"","","","",5.,1,220,1,"","","","","","","","","","","","","","","","","","","","","","","","","","","","",8.3,1,7.4,1,"","","","","","","","","","","","","","","","","","","","","","","","","","",96,1,"","","","","","","","","","","","",10.5,1,1020.6,1,"","","","","","",8,1,8,1,6,1,"","","","","","","","","","","","","","","","","","","","","","","","","","","","",15000,1,"","",3,1,2,1,"","",0,1,"","","","","","","","","","","","","","","","","","","","","","","","","","","","","","","","","","","","","","","","","","","","","","","","","","","","","","","","","","","","","",""
"54405001","NANCY-OCHEY",48.581,5.959833,336,1982111009,"","","","",4.,1,220,1,"","","","","","","","","","","","","","","","","","","","","","","","","","","","",8.9,1,7.4,1,"","","","","","","","","","","","","","","","","","","","","","","","","","",92,1,"","","","","","","","","","","","",10.5,1,1022.,1,"","","","","","",7,1,7,1,2,1,"","","","","","","","","","","","","","","","","","","","","","","","","","","","",13000,1,"","",1,1,2,1,"","","","","","","","","","","","","","","","","","","","","","","","","","","","","","","","","","","","","","","","","","","","","","","","","","","","","","","","","","","","","","","","","",""
"54405001","NANCY-OCHEY",48.581,5.959833,336,1982111012,"","","","",6.,1,200,1,"","","","","","","","","","","","","","","","","","","","","","","","","","","","",11.4,1,6.7,1,"","","","","","","","","","","","","","","","","","","","","","","","","","",74,1,"","","","","","","","","","","","",10.,1,1021.5,1,"","","","","","",5,1,0,1,2,1,0,1,1,1,"","","","","","","","","","","","","","","","","","","","","","","","",24000,1,"","",3,1,2,1,"","","","","","","","","","","","","","","","","","","","","","","","","","","","","","","","","","","","","","","","","","","","","","","","","","","","","","","","","","","","","","","","","",""
"54405001","NANCY-OCHEY",48.581,5.959833,336,1982111015,"","","","",4.,1,200,1,"","","","","","","","","","","","","","","","","","","","","","","","","","","","",11.2,1,7.,1,"","","","","","","","","","","","","","","","","","","","","","","","","","",77,1,"","","","","","","","","","","","",10.2,1,1021.4,1,"","","","","","",7,1,5,1,8,1,3,1,1,1,"","","","","","","","","","","","","","","","","","","","","","","","",24000,1,"","",3,1,2,1,"","","","","","","","","","","","","","","","","","","","","","","","","","","","","","","","","","","","","","","","","","","","","","","","","","","","","","","","","","","","","","","","","",""
"54405001","NANCY-OCHEY",48.581,5.959833,336,1982111018,"","","","",3.,1,200,1,"","","","","","","","","","","","","","","","","","","","","","","","","","","","",10.,1,7.,1,"","","","","","","","","","","","","","","","","","","","","","","","","","",83,1,"","","","","","","","","","","","",10.2,1,1022.9,1,"","","","","","",7,1,7,1,5,1,7,1,"","","","","","","","","","","","","","","","","","","","","","","","","","",15000,1,"","",3,1,2,1,"","","","","","","","","","","","","","","","","","","","","","","","","","","","","","","","","","","","","","","","","","","","","","","","","","","","","","","","","","","","","","","","","",""
"54405001","NANCY-OCHEY",48.581,5.959833,336,1982111021,"","","","",3.,1,200,1,"","","","","","","","","","","","","","","","","","","","","","","","","","","","",10.3,1,6.7,1,"","","","","","","","","","","","","","","","","","","","","","","","","","",80,1,"","","","","","","","","","","","",10.,1,1023.9,1,"","","","","","","","","","","","","","","","","","","","","","","","","","","","","","","","","","","","","","","","","","","","","","","","","","","","","","","","","","","","","","","","","","","","","","","","","","","","","","","","","","","","","","","","","","","","","","","","","","","","","","","","","","","","","","","","","",""
"54405001","NANCY-OCHEY",48.581,5.959833,336,1982111100,"","","","",6.,1,220,1,"","","","","","","","","","","","","","","","","","","","","","","","","","","","",9.4,1,8.2,1,"","","","","","","","","","","","","","","","","","","","","","","","","","",94,1,"","","","","","","","","","","","",11.1,1,1025.,1,"","","","","","","","","","","","","","","","","","","","","","","","","","","","","","","","","","","","","","","","","","","","","","","","","","","","","","","","","","","","","","","","","","","","","","","","","","","","","","","","","","","","","","","","","","","","","","","","","","","","","","","","","","","","","","","","","",""
"54405001","NANCY-OCHEY",48.581,5.959833,336,1982111103,"","","","",4.,1,200,1,"","","","","","","","","","","","","","","","","","","","","","","","","","","","",9.5,1,8.6,1,"","","","","","","","","","","","","","","","","","","","","","","","","","",96,1,"","","","","","","","","","","","",11.4,1,1025.9,1,"","","","","","","","","","","","","","","","","","","","","","","","","","","","","","","","","","","","","","","","","","","","","","","","","","","","","","","","","","","","","","","","","","","","","","","","","","","","","","","","","","","","","","","","","","","","","","","","","","","","","","","","","","","","","","","","","",""
"54405001","NANCY-OCHEY",48.581,5.959833,336,1982111106,"","","","",3.,1,180,1,"","","","","","","","","","","","","","","","","","","","","","","","","","","","",9.8,1,8.9,1,"","","","","","","","","","","","","","","","","","","","","","","","","","",96,1,"","","","","","","","","","","","",11.6,1,1026.8,1,"","","","","","",8,1,8,1,7,1,"","","","","","","","","","","","","","","","","","","","","","","","","","","","",12000,1,"","",3,1,5,1,"","",0,1,"","","","","","","","","","","","","","","","","","","","","","","","","","","","","","","","","","","","","","","","","","","","","","","","","","","","","","","","","","","","","",""
"54405001","NANCY-OCHEY",48.581,5.959833,336,1982111109,"","","","",3.,1,220,1,"","","","","","","","","","","","","","","","","","","","","","","","","","","","",9.9,1,9.2,1,"","","","","","","","","","","","","","","","","","","","","","","","","","",97,1,"","","","","","","","","","","","",11.9,1,1028.5,1,"","","","","","",8,1,8,1,7,1,"","","","","","","","","","","","","","","","","","","","","","","","","","","","",4500,1,"","",10,1,2,1,"","","","","","","","","","","","","","","","","","","","","","","","","","","","","","","","","","","","","","","","","","","","","","","","","","","","","","","","","","","","","","","","","",""
"54405001","NANCY-OCHEY",48.581,5.959833,336,1982111112,"","","","",2.,1,140,1,"","","","","","","","","","","","","","","","","","","","","","","","","","","","",11.6,1,10.3,1,"","","","","","","","","","","","","","","","","","","","","","","","","","",94,1,"","","","","","","","","","","","",12.8,1,1028.,1,"","","","","","",7,1,7,1,5,1,"","","","","","","","","","","","","","","","","","","","","","","","","","","","",12000,1,"","",1,1,2,1,"","","","","","","","","","","","","","","","","","","","","","","","","","","","","","","","","","","","","","","","","","","","","","","","","","","","","","","","","","","","","","","","","",""
"54405001","NANCY-OCHEY",48.581,5.959833,336,1982111115,"","","","",1.,1,120,1,"","","","","","","","","","","","","","","","","","","","","","","","","","","","",12.1,1,9.3,1,"","","","","","","","","","","","","","","","","","","","","","","","","","",85,1,"","","","","","","","","","","","",12.,1,1027.4,1,"","","","","","","","","","","","","","","","","","","","","","","","","","","","","","","","","","","","","","","","","","","","","","","","","","","","","","","","","","","","","","","","","","","","","","","","","","","","","","","","","","","","","","","","","","","","","","","","","","","","","","","","","","","","","","","","","",""
"54405001","NANCY-OCHEY",48.581,5.959833,336,1982111118,"","","","",3.,1,220,1,"","","","","","","","","","","","","","","","","","","","","","","","","","","","",11.5,1,9.6,1,"","","","","","","","","","","","","","","","","","","","","","","","","","",90,1,"","","","","","","","","","","","",12.2,1,1027.5,1,"","","","","","","","","","","","","","","","","","","","","","","","","","","","","","","","","","","","","","","","","","","","","","","","","","","","","","","","","","","","","","","","","","","","","","","","","","","","","","","","","","","","","","","","","","","","","","","","","","","","","","","","","","","","","","","","","",""
"54405001","NANCY-OCHEY",48.581,5.959833,336,1982111121,"","","","",3.,1,160,1,"","","","","","","","","","","","","","","","","","","","","","","","","","","","",8.3,1,7.4,1,"","","","","","","","","","","","","","","","","","","","","","","","","","",96,1,"","","","","","","","","","","","",10.5,1,1027.9,1,"","","","","","","","","","","","","","","","","","","","","","","","","","","","","","","","","","","","","","","","","","","","","","","","","","","","","","","","","","","","","","","","","","","","","","","","","","","","","","","","","","","","","","","","","","","","","","","","","","","","","","","","","","","","","","","","","",""
"54405001","NANCY-OCHEY",48.581,5.959833,336,1982111200,"","","","",4.,1,140,1,"","","","","","","","","","","","","","","","","","","","","","","","","","","","",8.,1,7.2,1,"","","","","","","","","","","","","","","","","","","","","","","","","","",96,1,"","","","","","","","","","","","",10.3,1,1026.8,1,"","","","","","","","","","","","","","","","","","","","","","","","","","","","","","","","","","","","","","","","","","","","","","","","","","","","","","","","","","","","","","","","","","","","","","","","","","","","","","","","","","","","","","","","","","","","","","","","","","","","","","","","","","","","","","","","","",""
"54405001","NANCY-OCHEY",48.581,5.959833,336,1982111203,"","","","",4.,1,140,1,"","","","","","","","","","","","","","","","","","","","","","","","","","","","",5.9,1,5.1,1,"","","","","","","","","","","","","","","","","","","","","","","","","","",96,1,"","","","","","","","","","","","",8.9,1,1025.2,1,"","","","","","","","","","","","","","","","","","","","","","","","","","","","","","","","","","","","","","","","","","","","","","","","","","","","","","","","","","","","","","","","","","","","","","","","","","","","","","","","","","","","","","","","","","","","","","","","","","","","","","","","","","","","","","","","","",""
"54405001","NANCY-OCHEY",48.581,5.959833,336,1982111206,"","","","",5.,1,200,1,"","","","","","","","","","","","","","","","","","","","","","","","","","","","",7.6,1,6.9,1,"","","","","","","","","","","","","","","","","","","","","","","","","","",97,1,"","","","","","","","","","","","",10.1,1,1022.9,1,"","","","","","",8,1,8,1,6,1,"","","","","","","","","","","","","","","","","","","","","","","","","","","","",1500,1,"","",10,1,4,1,"","",0,1,"","","","","","","","","","","","","","","","","","","","","","","","","","","","","","","","","","","","","","","","","","","","","","","","","","","","","","","","","","","","","",""
"54405001","NANCY-OCHEY",48.581,5.959833,336,1982111209,"","","","",4.,1,180,1,"","","","","","","","","","","","","","","","","","","","","","","","","","","","",10.,1,7.4,1,"","","","","","","","","","","","","","","","","","","","","","","","","","",86,1,"","","","","","","","","","","","",10.5,1,1020.7,1,"","","","","","",3,1,0,1,1,1,0,1,1,1,"","","","","","","","","","","","","","","","","","","","","","","","",10000,1,"","",1,1,1,1,"","","","","","","","","","","","","","","","","","","","","","","","","","","","","","","","","","","","","","","","","","","","","","","","","","","","","","","","","","","","","","","","","",""
"54405001","NANCY-OCHEY",48.581,5.959833,336,1982111212,"","","","",9.,1,160,1,"","","","","","","","","","","","","","","","","","","","","","","","","","","","",12.8,1,6.6,1,"","","","","","","","","","","","","","","","","","","","","","","","","","",67,1,"","","","","","","","","","","","",9.9,1,1016.5,1,"","","","","","",7,1,7,1,0,1,0,1,4,1,"","","","","","","","","","","","","","","","","","","","","","","","",15000,1,"","",2,1,2,1,"","","","","","","","","","","","","","","","","","","","","","","","","","","","","","","","","","","","","","","","","","","","","","","","","","","","","","","","","","","","","","","","","",""
"54405001","NANCY-OCHEY",48.581,5.959833,336,1982111215,"","","","",9.,1,200,1,"","","","","","","","","","","","","","","","","","","","","","","","","","","","",13.,1,6.7,1,"","","","","","","","","","","","","","","","","","","","","","","","","","",67,1,"","","","","","","","","","","","",10.,1,1013.8,1,"","","","","","",7,1,5,1,0,1,7,1,2,1,"","","","","","","","","","","","","","","","","","","","","","","","",15000,1,"","",3,1,2,1,"","","","","","","","","","","","","","","","","","","","","","","","","","","","","","","","","","","","","","","","","","","","","","","","","","","","","","","","","","","","","","","","","",""
"54405001","NANCY-OCHEY",48.581,5.959833,336,1982111218,"","","","",9.,1,200,1,"","","","","","","","","","","","","","","","","","","","","","","","","","","","",11.3,1,9.8,1,"","","","","","","","","","","","","","","","","","","","","","","","","","",93,1,"","","","","","","","","","","","",12.4,1,1012.6,1,"","","","","","",8,1,5,1,5,1,2,1,"","","","","","","","","","","","","","","","","","","","","","","","","","",6000,1,"","",61,1,6,1,"","","","","","","","","","","","","","","","","","","","","","","","","","","","","","","","","","","","","","","","","","","","","","","","","","","","","","","","","","","","","","","","","",""
"54405001","NANCY-OCHEY",48.581,5.959833,336,1982111221,"","","","",6.,1,240,1,"","","","","","","","","","","","","","","","","","","","","","","","","","","","",6.9,1,5.4,1,"","","","","","","","","","","","","","","","","","","","","","","","","","",92,1,"","","","","","","","","","","","",9.1,1,1014.8,1,"","","","","","","","","","","","","","","","","","","","","","","","","","","","","","","","","","","","","","","","","","","","","","","","","","","","","","","","","","","","","","","","","","","","","","","","","","","","","","","","","","","","","","","","","","","","","","","","","","","","","","","","","","","","","","","","","",""
"54405001","NANCY-OCHEY",48.581,5.959833,336,1982111300,"","","","",5.,1,260,1,"","","","","","","","","","","","","","","","","","","","","","","","","","","","",6.8,1,5.7,1,"","","","","","","","","","","","","","","","","","","","","","","","","","",94,1,"","","","","","","","","","","","",9.3,1,1014.9,1,"","","","","","","","","","","","","","","","","","","","","","","","","","","","","","","","","","","","","","","","","","","","","","","","","","","","","","","","","","","","","","","","","","","","","","","","","","","","","","","","","","","","","","","","","","","","","","","","","","","","","","","","","","","","","","","","","",""
"54405001","NANCY-OCHEY",48.581,5.959833,336,1982111303,"","","","",4.,1,200,1,"","","","","","","","","","","","","","","","","","","","","","","","","","","","",6.6,1,5.7,1,"","","","","","","","","","","","","","","","","","","","","","","","","","",95,1,"","","","","","","","","","","","",9.3,1,1014.1,1,"","","","","","","","","","","","","","","","","","","","","","","","","","","","","","","","","","","","","","","","","","","","","","","","","","","","","","","","","","","","","","","","","","","","","","","","","","","","","","","","","","","","","","","","","","","","","","","","","","","","","","","","","","","","","","","","","",""
"54405001","NANCY-OCHEY",48.581,5.959833,336,1982111306,"","","","",5.,1,200,1,"","","","","","","","","","","","","","","","","","","","","","","","","","","","",6.5,1,5.6,1,"","","","","","","","","","","","","","","","","","","","","","","","","","",95,1,"","","","","","","","","","","","",9.2,1,1011.7,1,"","","","","","",7,1,5,1,7,1,"","","","","","","","","","","","","","","","","","","","","","","","","","","","",13000,1,"","",61,1,6,1,"","",0,1,"","","","","","","","","","","","","","","","","","","","","","","","","","","","","","","","","","","","","","","","","","","","","","","","","","","","","","","","","","","","","",""
"54405001","NANCY-OCHEY",48.581,5.959833,336,1982111309,"","","","",5.,1,200,1,"","","","","","","","","","","","","","","","","","","","","","","","","","","","",6.,1,5.1,1,"","","","","","","","","","","","","","","","","","","","","","","","","","",95,1,"","","","","","","","","","","","",8.9,1,1011.2,1,"","","","","","",8,1,8,1,8,1,2,1,"","","","","","","","","","","","","","","","","","","","","","","","","","",15000,1,"","",60,1,6,1,"","","","","","","","","","","","","","","","","","","","","","","","","","","","","","","","","","","","","","","","","","","","","","","","","","","","","","","","","","","","","","","","","",""
"54405001","NANCY-OCHEY",48.581,5.959833,336,1982111312,"","","","",6.,1,240,1,"","","","","","","","","","","","","","","","","","","","","","","","","","","","",7.,1,4.9,1,"","","","","","","","","","","","","","","","","","","","","","","","","","",88,1,"","","","","","","","","","","","",8.8,1,1009.8,1,"","","","","","",7,1,6,1,8,1,"","","","","","","","","","","","","","","","","","","","","","","","","","","","",15000,1,"","",21,1,6,1,"","","","","","","","","","","","","","","","","","","","","","","","","","","","","","","","","","","","","","","","","","","","","","","","","","","","","","","","","","","","","","","","","",""
"54405001","NANCY-OCHEY",48.581,5.959833,336,1982111315,"","","","",5.,1,240,1,"","","","","","","","","","","","","","","","","","","","","","","","","","","","",6.7,1,4.3,1,"","","","","","","","","","","","","","","","","","","","","","","","","","",86,1,"","","","","","","","","","","","",8.4,1,1009.8,1,"","","","","","","","","","","","","","","","","","","","","","","","","","","","","","","","","","","","","","","","","","","","","","","","","","","","","","","","","","","","","","","","","","","","","","","","","","","","","","","","","","","","","","","","","","","","","","","","","","","","","","","","","","","","","","","","","",""
"54405001","NANCY-OCHEY",48.581,5.959833,336,1982111318,"","","","",5.,1,220,1,"","","","","","","","","","","","","","","","","","","","","","","","","","","","",4.4,1,2.9,1,"","","","","","","","","","","","","","","","","","","","","","","","","","",91,1,"","","","","","","","","","","","",7.6,1,1010.6,1,"","","","","","","","","","","","","","","","","","","","","","","","","","","","","","","","","","","","","","","","","","","","","","","","","","","","","","","","","","","","","","","","","","","","","","","","","","","","","","","","","","","","","","","","","","","","","","","","","","","","","","","","","","","","","","","","","",""
"54405001","NANCY-OCHEY",48.581,5.959833,336,1982111321,"","","","",6.,1,240,1,"","","","","","","","","","","","","","","","","","","","","","","","","","","","",4.1,1,2.5,1,"","","","","","","","","","","","","","","","","","","","","","","","","","",91,1,"","","","","","","","","","","","",7.4,1,1011.2,1,"","","","","","","","","","","","","","","","","","","","","","","","","","","","","","","","","","","","","","","","","","","","","","","","","","","","","","","","","","","","","","","","","","","","","","","","","","","","","","","","","","","","","","","","","","","","","","","","","","","","","","","","","","","","","","","","","",""
"54405001","NANCY-OCHEY",48.581,5.959833,336,1982111400,"","","","",5.,1,200,1,"","","","","","","","","","","","","","","","","","","","","","","","","","","","",3.5,1,2.,1,"","","","","","","","","","","","","","","","","","","","","","","","","","",91,1,"","","","","","","","","","","","",7.1,1,1011.2,1,"","","","","","","","","","","","","","","","","","","","","","","","","","","","","","","","","","","","","","","","","","","","","","","","","","","","","","","","","","","","","","","","","","","","","","","","","","","","","","","","","","","","","","","","","","","","","","","","","","","","","","","","","","","","","","","","","",""
"54405001","NANCY-OCHEY",48.581,5.959833,336,1982111403,"","","","",9.,1,240,1,"","","","","","","","","","","","","","","","","","","","","","","","","","","","",3.3,1,2.,1,"","","","","","","","","","","","","","","","","","","","","","","","","","",92,1,"","","","","","","","","","","","",7.1,1,1010.1,1,"","","","","","","","","","","","","","","","","","","","","","","","","","","","","","","","","","","","","","","","","","","","","","","","","","","","","","","","","","","","","","","","","","","","","","","","","","","","","","","","","","","","","","","","","","","","","","","","","","","","","","","","","","","","","","","","","",""
"54405001","NANCY-OCHEY",48.581,5.959833,336,1982111406,"","","","",8.,1,260,1,"","","","","","","","","","","","","","","","","","","","","","","","","","","","",4.3,1,2.9,1,"","","","","","","","","","","","","","","","","","","","","","","","","","",92,1,"","","","","","","","","","","","",7.6,1,1009.8,1,"","","","","","",7,1,7,1,5,1,"","","","","","","","","","","","","","","","","","","","","","","","","","","","",15000,1,"","",21,1,6,1,"","",0,1,"","","","","","","","","","","","","","","","","","","","","","","","","","","","","","","","","","","","","","","","","","","","","","","","","","","","","","","","","","","","","",""
"54405001","NANCY-OCHEY",48.581,5.959833,336,1982111409,"","","","",8.,1,240,1,"","","","","","","","","","","","","","","","","","","","","","","","","","","","",4.2,1,2.4,1,"","","","","","","","","","","","","","","","","","","","","","","","","","",88,1,"","","","","","","","","","","","",7.3,1,1010.9,1,"","","","","","",7,1,7,1,2,1,"","","","","","","","","","","","","","","","","","","","","","","","","","","","",17000,1,"","",3,1,2,1,"","","","","","","","","","","","","","","","","","","","","","","","","","","","","","","","","","","","","","","","","","","","","","","","","","","","","","","","","","","","","","","","","",""
"54405001","NANCY-OCHEY",48.581,5.959833,336,1982111412,"","","","",10.,1,220,1,"","","","","","","","","","","","","","","","","","","","","","","","","","","","",5.5,1,2.2,1,"","","","","","","","","","","","","","","","","","","","","","","","","","",80,1,"","","","","","","","","","","","",7.2,1,1009.7,1,"","","","","","",7,1,6,1,8,1,"","","","","","","","","","","","","","","","","","","","","","","","","","","","",25000,1,"","",3,1,2,1,"","","","","","","","","","","","","","","","","","","","","","","","","","","","","","","","","","","","","","","","","","","","","","","","","","","","","","","","","","","","","","","","","",""
"54405001","NANCY-OCHEY",48.581,5.959833,336,1982111415,"","","","",7.,1,180,1,"","","","","","","","","","","","","","","","","","","","","","","","","","","","",6.,1,0.6,1,"","","","","","","","","","","","","","","","","","","","","","","","","","",68,1,"","","","","","","","","","","","",6.4,1,1007.6,1,"","","","","","","","","","","","","","","","","","","","","","","","","","","","","","","","","","","","","","","","","","","","","","","","","","","","","","","","","","","","","","","","","","","","","","","","","","","","","","","","","","","","","","","","","","","","","","","","","","","","","","","","","","","","","","","","","",""
"54405001","NANCY-OCHEY",48.581,5.959833,336,1982111418,"","","","",9.,1,160,1,"","","","","","","","","","","","","","","","","","","","","","","","","","","","",4.3,1,1.6,1,"","","","","","","","","","","","","","","","","","","","","","","","","","",83,1,"","","","","","","","","","","","",6.9,1,1004.9,1,"","","","","","","","","","","","","","","","","","","","","","","","","","","","","","","","","","","","","","","","","","","","","","","","","","","","","","","","","","","","","","","","","","","","","","","","","","","","","","","","","","","","","","","","","","","","","","","","","","","","","","","","","","","","","","","","","",""
"54405001","NANCY-OCHEY",48.581,5.959833,336,1982111421,"","","","",10.,1,200,1,"","","","","","","","","","","","","","","","","","","","","","","","","","","","",4.3,1,2.,1,"","","","","","","","","","","","","","","","","","","","","","","","","","",86,1,"","","","","","","","","","","","",7.1,1,1002.7,1,"","","","","","","","","","","","","","","","","","","","","","","","","","","","","","","","","","","","","","","","","","","","","","","","","","","","","","","","","","","","","","","","","","","","","","","","","","","","","","","","","","","","","","","","","","","","","","","","","","","","","","","","","","","","","","","","","",""
"54405001","NANCY-OCHEY",48.581,5.959833,336,1982111500,"","","","",7.,1,220,1,"","","","","","","","","","","","","","","","","","","","","","","","","","","","",2.6,1,1.2,1,"","","","","","","","","","","","","","","","","","","","","","","","","","",91,1,"","","","","","","","","","","","",6.7,1,1002.9,1,"","","","","","","","","","","","","","","","","","","","","","","","","","","","","","","","","","","","","","","","","","","","","","","","","","","","","","","","","","","","","","","","","","","","","","","","","","","","","","","","","","","","","","","","","","","","","","","","","","","","","","","","","","","","","","","","","",""
"54405001","NANCY-OCHEY",48.581,5.959833,336,1982111503,"","","","",7.,1,240,1,"","","","","","","","","","","","","","","","","","","","","","","","","","","","",2.3,1,1.,1,"","","","","","","","","","","","","","","","","","","","","","","","","","",92,1,"","","","","","","","","","","","",6.6,1,1003.4,1,"","","","","","","","","","","","","","","","","","","","","","","","","","","","","","","","","","","","","","","","","","","","","","","","","","","","","","","","","","","","","","","","","","","","","","","","","","","","","","","","","","","","","","","","","","","","","","","","","","","","","","","","","","","","","","","","","",""
"54405001","NANCY-OCHEY",48.581,5.959833,336,1982111506,"","","","",3.,1,180,1,"","","","","","","","","","","","","","","","","","","","","","","","","","","","",0.4,1,-0.6,1,"","","","","","","","","","","","","","","","","","","","","","","","","","",92,1,"","","","","","","","","","","","",5.8,1,1006.1,1,"","","","","","",1,1,0,1,5,1,0,1,0,1,"","","","","","","","","","","","","","","","","","","","","","","","",15000,1,"","",1,1,6,1,"","",0,1,"","","","","","","","","","","","","","","","","","","","","","","","","","","","","","","","","","","","","","","","","","","","","","","","","","","","","","","","","","","","","",""
"54405001","NANCY-OCHEY",48.581,5.959833,336,1982111509,"","","","",3.,1,160,1,"","","","","","","","","","","","","","","","","","","","","","","","","","","","",2.,1,0.4,1,"","","","","","","","","","","","","","","","","","","","","","","","","","",89,1,"","","","","","","","","","","","",6.3,1,1008.7,1,"","","","","","",7,1,7,1,5,1,"","","","","","","","","","","","","","","","","","","","","","","","","","","","",17000,1,"","",1,1,1,1,"","","","","","","","","","","","","","","","","","","","","","","","","","","","","","","","","","","","","","","","","","","","","","","","","","","","","","","","","","","","","","","","","",""
"54405001","NANCY-OCHEY",48.581,5.959833,336,1982111512,"","","","",2.,1,280,1,"","","","","","","","","","","","","","","","","","","","","","","","","","","","",3.3,1,1.6,1,"","","","","","","","","","","","","","","","","","","","","","","","","","",90,1,"","","","","","","","","","","","",6.9,1,1010.1,1,"","","","","","",7,1,7,1,8,1,"","","","","","","","","","","","","","","","","","","","","","","","","","","","",13000,1,"","",21,1,6,1,"","","","","","","","","","","","","","","","","","","","","","","","","","","","","","","","","","","","","","","","","","","","","","","","","","","","","","","","","","","","","","","","","",""
"54405001","NANCY-OCHEY",48.581,5.959833,336,1982111515,"","","","",3.,1,40,1,"","","","","","","","","","","","","","","","","","","","","","","","","","","","",3.4,1,1.8,1,"","","","","","","","","","","","","","","","","","","","","","","","","","",90,1,"","","","","","","","","","","","",7.,1,1012.2,1,"","","","","","",6,1,0,1,8,1,3,1,0,1,"","","","","","","","","","","","","","","","","","","","","","","","",24000,1,"","",1,1,2,1,"","","","","","","","","","","","","","","","","","","","","","","","","","","","","","","","","","","","","","","","","","","","","","","","","","","","","","","","","","","","","","","","","",""
"54405001","NANCY-OCHEY",48.581,5.959833,336,1982111518,"","","","",1.,1,40,1,"","","","","","","","","","","","","","","","","","","","","","","","","","","","",1.8,1,1.2,1,"","","","","","","","","","","","","","","","","","","","","","","","","","",96,1,"","","","","","","","","","","","",6.7,1,1015.8,1,"","","","","","",6,1,6,1,5,1,0,1,0,1,"","","","","","","","","","","","","","","","","","","","","","","","",24000,1,"","",1,1,2,1,"","","","","","","","","","","","","","","","","","","","","","","","","","","","","","","","","","","","","","","","","","","","","","","","","","","","","","","","","","","","","","","","","",""
"54405001","NANCY-OCHEY",48.581,5.959833,336,1982111521,"","","","",2.,1,300,1,"","","","","","","","","","","","","","","","","","","","","","","","","","","","",0.6,1,0.1,1,"","","","","","","","","","","","","","","","","","","","","","","","","","",97,1,"","","","","","","","","","","","",6.2,1,1018.1,1,"","","","","","","","","","","","","","","","","","","","","","","","","","","","","","","","","","","","","","","","","","","","","","","","","","","","","","","","","","","","","","","","","","","","","","","","","","","","","","","","","","","","","","","","","","","","","","","","","","","","","","","","","","","","","","","","","",""
"54405001","NANCY-OCHEY",48.581,5.959833,336,1982111600,"","","","",3.,1,260,1,"","","","","","","","","","","","","","","","","","","","","","","","","","","","",-1.5,1,-1.6,1,"","","","","","","","","","","","","","","","","","","","","","","","","","",98,1,"","","","","","","","","","","","",5.4,1,1020.,1,"","","","","","","","","","","","","","","","","","","","","","","","","","","","","","","","","","","","","","","","","","","","","","","","","","","","","","","","","","","","","","","","","","","","","","","","","","","","","","","","","","","","","","","","","","","","","","","","","","","","","","","","","","","","","","","","","",""
"54405001","NANCY-OCHEY",48.581,5.959833,336,1982111603,"","","","",2.,1,280,1,"","","","","","","","","","","","","","","","","","","","","","","","","","","","",-0.8,1,-0.8,1,"","","","","","","","","","","","","","","","","","","","","","","","","","",99,1,"","","","","","","","","","","","",5.7,1,1020.1,1,"","","","","","","","","","","","","","","","","","","","","","","","","","","","","","","","","","","","","","","","","","","","","","","","","","","","","","","","","","","","","","","","","","","","","","","","","","","","","","","","","","","","","","","","","","","","","","","","","","","","","","","","","","","","","","","","","",""
"54405001","NANCY-OCHEY",48.581,5.959833,336,1982111606,"","","","",5.,1,220,1,"","","","","","","","","","","","","","","","","","","","","","","","","","","","",-0.9,1,-0.9,1,"","","","","","","","","","","","","","","","","","","","","","","","","","",100,1,"","","","","","","","","","","","",5.7,1,1020.9,1,"","","","","","",9,1,"","","","","","","","","","","","","","","","","","","","","","","","","","","","","","","","",200,1,"","",49,1,4,1,"","",0,1,"","","","","","","","","","","","","","","","","","","","","","","","","","","","","","","","","","","","","","","","","","","","","","","","","","","","","","","","","","","","","",""
"54405001","NANCY-OCHEY",48.581,5.959833,336,1982111609,"","","","",4.,1,220,1,"","","","","","","","","","","","","","","","","","","","","","","","","","","","",-0.6,1,-0.6,1,"","","","","","","","","","","","","","","","","","","","","","","","","","",100,1,"","","","","","","","","","","","",5.8,1,1021.,1,"","","","","","",9,1,"","","","","","","","","","","","","","","","","","","","","","","","","","","","","","","","",400,1,"","",49,1,4,1,"","","","","","","","","","","","","","","","","","","","","","","","","","","","","","","","","","","","","","","","","","","","","","","","","","","","","","","","","","","","","","","","","",""
"54405001","NANCY-OCHEY",48.581,5.959833,336,1982111612,"","","","",9.,1,220,1,"","","","","","","","","","","","","","","","","","","","","","","","","","","","",1.3,1,0.8,1,"","","","","","","","","","","","","","","","","","","","","","","","","","",96,1,"","","","","","","","","","","","",6.5,1,1019.7,1,"","","","","","",8,1,8,1,6,1,"","","","","","","","","","","","","","","","","","","","","","","","","","","","",3500,1,"","",10,1,2,1,"","","","","","","","","","","","","","","","","","","","","","","","","","","","","","","","","","","","","","","","","","","","","","","","","","","","","","","","","","","","","","","","","",""
"54405001","NANCY-OCHEY",48.581,5.959833,336,1982111615,"","","","",8.,1,220,1,"","","","","","","","","","","","","","","","","","","","","","","","","","","","",2.3,1,1.2,1,"","","","","","","","","","","","","","","","","","","","","","","","","","",93,1,"","","","","","","","","","","","",6.7,1,1017.4,1,"","","","","","",7,1,6,1,6,1,"","","","","","","","","","","","","","","","","","","","","","","","","","","","",7000,1,"","",1,1,2,1,"","","","","","","","","","","","","","","","","","","","","","","","","","","","","","","","","","","","","","","","","","","","","","","","","","","","","","","","","","","","","","","","","",""
"54405001","NANCY-OCHEY",48.581,5.959833,336,1982111618,"","","","",10.,1,200,1,"","","","","","","","","","","","","","","","","","","","","","","","","","","","",2.9,1,1.,1,"","","","","","","","","","","","","","","","","","","","","","","","","","",88,1,"","","","","","","","","","","","",6.6,1,1014.7,1,"","","","","","",7,1,7,1,5,1,"","","","","","","","","","","","","","","","","","","","","","","","","","","","",12000,1,"","",60,1,6,1,"","","","","","","","","","","","","","","","","","","","","","","","","","","","","","","","","","","","","","","","","","","","","","","","","","","","","","","","","","","","","","","","","",""
"54405001","NANCY-OCHEY",48.581,5.959833,336,1982111621,"","","","",9.,1,220,1,"","","","","","","","","","","","","","","","","","","","","","","","","","","","",2.1,1,0.6,1,"","","","","","","","","","","","","","","","","","","","","","","","","","",90,1,"","","","","","","","","","","","",6.4,1,1013.2,1,"","","","","","","","","","","","","","","","","","","","","","","","","","","","","","","","","","","","","","","","","","","","","","","","","","","","","","","","","","","","","","","","","","","","","","","","","","","","","","","","","","","","","","","","","","","","","","","","","","","","","","","","","","","","","","","","","",""
"54405001","NANCY-OCHEY",48.581,5.959833,336,1982111700,"","","","",6.,1,280,1,"","","","","","","","","","","","","","","","","","","","","","","","","","","","",4.4,1,2.9,1,"","","","","","","","","","","","","","","","","","","","","","","","","","",91,1,"","","","","","","","","","","","",7.6,1,1014.2,1,"","","","","","","","","","","","","","","","","","","","","","","","","","","","","","","","","","","","","","","","","","","","","","","","","","","","","","","","","","","","","","","","","","","","","","","","","","","","","","","","","","","","","","","","","","","","","","","","","","","","","","","","","","","","","","","","","",""
"54405001","NANCY-OCHEY",48.581,5.959833,336,1982111703,"","","","",5.,1,280,1,"","","","","","","","","","","","","","","","","","","","","","","","","","","","",2.9,1,1.4,1,"","","","","","","","","","","","","","","","","","","","","","","","","","",90,1,"","","","","","","","","","","","",6.8,1,1016.7,1,"","","","","","","","","","","","","","","","","","","","","","","","","","","","","","","","","","","","","","","","","","","","","","","","","","","","","","","","","","","","","","","","","","","","","","","","","","","","","","","","","","","","","","","","","","","","","","","","","","","","","","","","","","","","","","","","","",""
"54405001","NANCY-OCHEY",48.581,5.959833,336,1982111706,"","","","",6.,1,260,1,"","","","","","","","","","","","","","","","","","","","","","","","","","","","",2.,1,0.4,1,"","","","","","","","","","","","","","","","","","","","","","","","","","",89,1,"","","","","","","","","","","","",6.3,1,1019.2,1,"","","","","","",4,1,0,1,8,1,0,1,0,1,"","","","","","","","","","","","","","","","","","","","","","","","",15000,1,"","",1,1,1,1,"","",0,1,"","","","","","","","","","","","","","","","","","","","","","","","","","","","","","","","","","","","","","","","","","","","","","","","","","","","","","","","","","","","","",""
"54405001","NANCY-OCHEY",48.581,5.959833,336,1982111709,"","","","",6.,1,240,1,"","","","","","","","","","","","","","","","","","","","","","","","","","","","",3.,1,1.,1,"","","","","","","","","","","","","","","","","","","","","","","","","","",88,1,"","","","","","","","","","","","",6.6,1,1020.2,1,"","","","","","",6,1,5,1,2,1,0,1,4,1,"","","","","","","","","","","","","","","","","","","","","","","","",13000,1,"","",3,1,0,1,"","","","","","","","","","","","","","","","","","","","","","","","","","","","","","","","","","","","","","","","","","","","","","","","","","","","","","","","","","","","","","","","","",""
"54405001","NANCY-OCHEY",48.581,5.959833,336,1982111712,"","","","",8.,1,260,1,"","","","","","","","","","","","","","","","","","","","","","","","","","","","",4.9,1,2.4,1,"","","","","","","","","","","","","","","","","","","","","","","","","","",84,1,"","","","","","","","","","","","",7.3,1,1019.5,1,"","","","","","",7,1,6,1,8,1,5,1,"","","","","","","","","","","","","","","","","","","","","","","","","","",14000,1,"","",3,1,1,1,"","","","","","","","","","","","","","","","","","","","","","","","","","","","","","","","","","","","","","","","","","","","","","","","","","","","","","","","","","","","","","","","","",""
"54405001","NANCY-OCHEY",48.581,5.959833,336,1982111715,"","","","",6.,1,240,1,"","","","","","","","","","","","","","","","","","","","","","","","","","","","",4.2,1,3.1,1,"","","","","","","","","","","","","","","","","","","","","","","","","","",93,1,"","","","","","","","","","","","",7.7,1,1018.6,1,"","","","","","",8,1,7,1,7,1,"","","","","","","","","","","","","","","","","","","","","","","","","","","","",5000,1,"","",58,1,6,1,"","","","","","","","","","","","","","","","","","","","","","","","","","","","","","","","","","","","","","","","","","","","","","","","","","","","","","","","","","","","","","","","","",""
"54405001","NANCY-OCHEY",48.581,5.959833,336,1982111718,"","","","",9.,1,240,1,"","","","","","","","","","","","","","","","","","","","","","","","","","","","",5.,1,4.1,1,"","","","","","","","","","","","","","","","","","","","","","","","","","",95,1,"","","","","","","","","","","","",8.3,1,1017.,1,"","","","","","",8,1,7,1,7,1,"","","","","","","","","","","","","","","","","","","","","","","","","","","","",15000,1,"","",21,1,6,1,"","","","","","","","","","","","","","","","","","","","","","","","","","","","","","","","","","","","","","","","","","","","","","","","","","","","","","","","","","","","","","","","","",""
"54405001","NANCY-OCHEY",48.581,5.959833,336,1982111721,"","","","",9.,1,240,1,"","","","","","","","","","","","","","","","","","","","","","","","","","","","",5.2,1,4.,1,"","","","","","","","","","","","","","","","","","","","","","","","","","",93,1,"","","","","","","","","","","","",8.2,1,1016.,1,"","","","","","","","","","","","","","","","","","","","","","","","","","","","","","","","","","","","","","","","","","","","","","","","","","","","","","","","","","","","","","","","","","","","","","","","","","","","","","","","","","","","","","","","","","","","","","","","","","","","","","","","","","","","","","","","","",""
"54405001","NANCY-OCHEY",48.581,5.959833,336,1982111800,"","","","",9.,1,220,1,"","","","","","","","","","","","","","","","","","","","","","","","","","","","",4.9,1,3.8,1,"","","","","","","","","","","","","","","","","","","","","","","","","","",93,1,"","","","","","","","","","","","",8.1,1,1014.5,1,"","","","","","","","","","","","","","","","","","","","","","","","","","","","","","","","","","","","","","","","","","","","","","","","","","","","","","","","","","","","","","","","","","","","","","","","","","","","","","","","","","","","","","","","","","","","","","","","","","","","","","","","","","","","","","","","","",""
"54405001","NANCY-OCHEY",48.581,5.959833,336,1982111803,"","","","",11.,1,220,1,"","","","","","","","","","","","","","","","","","","","","","","","","","","","",5.7,1,5.1,1,"","","","","","","","","","","","","","","","","","","","","","","","","","",97,1,"","","","","","","","","","","","",8.9,1,1011.5,1,"","","","","","","","","","","","","","","","","","","","","","","","","","","","","","","","","","","","","","","","","","","","","","","","","","","","","","","","","","","","","","","","","","","","","","","","","","","","","","","","","","","","","","","","","","","","","","","","","","","","","","","","","","","","","","","","","",""
"54405001","NANCY-OCHEY",48.581,5.959833,336,1982111806,"","","","",8.,1,240,1,"","","","","","","","","","","","","","","","","","","","","","","","","","","","",7.2,1,7.2,1,"","","","","","","","","","","","","","","","","","","","","","","","","","",99,1,"","","","","","","","","","","","",10.,1,1011.3,1,"","","","","","",8,1,8,1,7,1,"","","","","","","","","","","","","","","","","","","","","","","","","","","","",6000,1,"","",51,1,5,1,"","",0,1,"","","","","","","","","","","","","","","","","","","","","","","","","","","","","","","","","","","","","","","","","","","","","","","","","","","","","","","","","","","","","",""
"54405001","NANCY-OCHEY",48.581,5.959833,336,1982111809,"","","","",10.,1,260,1,"","","","","","","","","","","","","","","","","","","","","","","","","","","","",8.9,1,8.2,1,"","","","","","","","","","","","","","","","","","","","","","","","","","",97,1,"","","","","","","","","","","","",11.1,1,1013.,1,"","","","","","",8,1,8,1,7,1,"","","","","","","","","","","","","","","","","","","","","","","","","","","","",6000,1,"","",50,1,5,1,"","","","","","","","","","","","","","","","","","","","","","","","","","","","","","","","","","","","","","","","","","","","","","","","","","","","","","","","","","","","","","","","","",""
"54405001","NANCY-OCHEY",48.581,5.959833,336,1982111812,"","","","",7.,1,240,1,"","","","","","","","","","","","","","","","","","","","","","","","","","","","",9.,1,7.8,1,"","","","","","","","","","","","","","","","","","","","","","","","","","",95,1,"","","","","","","","","","","","",10.8,1,1014.5,1,"","","","","","",8,1,5,1,5,1,"","","","","","","","","","","","","","","","","","","","","","","","","","","","",13000,1,"","",20,1,5,1,"","","","","","","","","","","","","","","","","","","","","","","","","","","","","","","","","","","","","","","","","","","","","","","","","","","","","","","","","","","","","","","","","",""
"54405001","NANCY-OCHEY",48.581,5.959833,336,1982111815,"","","","",7.,1,220,1,"","","","","","","","","","","","","","","","","","","","","","","","","","","","",9.,1,8.1,1,"","","","","","","","","","","","","","","","","","","","","","","","","","",96,1,"","","","","","","","","","","","",11.,1,1014.7,1,"","","","","","",8,1,7,1,7,1,"","","","","","","","","","","","","","","","","","","","","","","","","","","","",6000,1,"","",50,1,5,1,"","","","","","","","","","","","","","","","","","","","","","","","","","","","","","","","","","","","","","","","","","","","","","","","","","","","","","","","","","","","","","","","","",""
"54405001","NANCY-OCHEY",48.581,5.959833,336,1982111818,"","","","",6.,1,240,1,"","","","","","","","","","","","","","","","","","","","","","","","","","","","",8.7,1,8.,1,"","","","","","","","","","","","","","","","","","","","","","","","","","",97,1,"","","","","","","","","","","","",10.9,1,1016.1,1,"","","","","","",8,1,6,1,7,1,"","","","","","","","","","","","","","","","","","","","","","","","","","","","",5000,1,"","",50,1,5,1,"","","","","","","","","","","","","","","","","","","","","","","","","","","","","","","","","","","","","","","","","","","","","","","","","","","","","","","","","","","","","","","","","",""
"54405001","NANCY-OCHEY",48.581,5.959833,336,1982111821,"","","","",7.,1,240,1,"","","","","","","","","","","","","","","","","","","","","","","","","","","","",8.,1,8.,1,"","","","","","","","","","","","","","","","","","","","","","","","","","",99,1,"","","","","","","","","","","","",10.6,1,1016.3,1,"","","","","","","","","","","","","","","","","","","","","","","","","","","","","","","","","","","","","","","","","","","","","","","","","","","","","","","","","","","","","","","","","","","","","","","","","","","","","","","","","","","","","","","","","","","","","","","","","","","","","","","","","","","","","","","","","",""
"54405001","NANCY-OCHEY",48.581,5.959833,336,1982111900,"","","","",9.,1,220,1,"","","","","","","","","","","","","","","","","","","","","","","","","","","","",8.8,1,7.4,1,"","","","","","","","","","","","","","","","","","","","","","","","","","",93,1,"","","","","","","","","","","","",10.5,1,1016.3,1,"","","","","","","","","","","","","","","","","","","","","","","","","","","","","","","","","","","","","","","","","","","","","","","","","","","","","","","","","","","","","","","","","","","","","","","","","","","","","","","","","","","","","","","","","","","","","","","","","","","","","","","","","","","","","","","","","",""
"54405001","NANCY-OCHEY",48.581,5.959833,336,1982111903,"","","","",6.,1,220,1,"","","","","","","","","","","","","","","","","","","","","","","","","","","","",8.2,1,8.2,1,"","","","","","","","","","","","","","","","","","","","","","","","","","",99,1,"","","","","","","","","","","","",10.8,1,1017.1,1,"","","","","","","","","","","","","","","","","","","","","","","","","","","","","","","","","","","","","","","","","","","","","","","","","","","","","","","","","","","","","","","","","","","","","","","","","","","","","","","","","","","","","","","","","","","","","","","","","","","","","","","","","","","","","","","","","",""
"54405001","NANCY-OCHEY",48.581,5.959833,336,1982111906,"","","","",6.,1,260,1,"","","","","","","","","","","","","","","","","","","","","","","","","","","","",7.7,1,7.7,1,"","","","","","","","","","","","","","","","","","","","","","","","","","",99,1,"","","","","","","","","","","","",10.4,1,1019.,1,"","","","","","",7,1,6,1,8,1,"","","","","","","","","","","","","","","","","","","","","","","","","","","","",7000,1,"","",58,1,6,1,"","",0,1,"","","","","","","","","","","","","","","","","","","","","","","","","","","","","","","","","","","","","","","","","","","","","","","","","","","","","","","","","","","","","",""
"54405001","NANCY-OCHEY",48.581,5.959833,336,1982111909,"","","","",6.,1,220,1,"","","","","","","","","","","","","","","","","","","","","","","","","","","","",7.9,1,6.6,1,"","","","","","","","","","","","","","","","","","","","","","","","","","",93,1,"","","","","","","","","","","","",9.9,1,1020.6,1,"","","","","","",6,1,6,1,8,1,0,1,0,1,"","","","","","","","","","","","","","","","","","","","","","","","",18000,1,"","",1,1,6,1,"","","","","","","","","","","","","","","","","","","","","","","","","","","","","","","","","","","","","","","","","","","","","","","","","","","","","","","","","","","","","","","","","",""
"54405001","NANCY-OCHEY",48.581,5.959833,336,1982111912,"","","","",6.,1,260,1,"","","","","","","","","","","","","","","","","","","","","","","","","","","","",8.7,1,4.6,1,"","","","","","","","","","","","","","","","","","","","","","","","","","",77,1,"","","","","","","","","","","","",8.6,1,1021.3,1,"","","","","","",6,1,5,1,8,1,0,1,0,1,"","","","","","","","","","","","","","","","","","","","","","","","",25000,1,"","",1,1,6,1,"","","","","","","","","","","","","","","","","","","","","","","","","","","","","","","","","","","","","","","","","","","","","","","","","","","","","","","","","","","","","","","","","",""
"54405001","NANCY-OCHEY",48.581,5.959833,336,1982111915,"","","","",6.,1,240,1,"","","","","","","","","","","","","","","","","","","","","","","","","","","","",8.2,1,5.3,1,"","","","","","","","","","","","","","","","","","","","","","","","","","",83,1,"","","","","","","","","","","","",9.,1,1022.,1,"","","","","","","","","","","","","","","","","","","","","","","","","","","","","","","","","","","","","","","","","","","","","","","","","","","","","","","","","","","","","","","","","","","","","","","","","","","","","","","","","","","","","","","","","","","","","","","","","","","","","","","","","","","","","","","","","",""
"54405001","NANCY-OCHEY",48.581,5.959833,336,1982111918,"","","","",7.,1,240,1,"","","","","","","","","","","","","","","","","","","","","","","","","","","","",6.3,1,4.3,1,"","","","","","","","","","","","","","","","","","","","","","","","","","",88,1,"","","","","","","","","","","","",8.4,1,1024.3,1,"","","","","","","","","","","","","","","","","","","","","","","","","","","","","","","","","","","","","","","","","","","","","","","","","","","","","","","","","","","","","","","","","","","","","","","","","","","","","","","","","","","","","","","","","","","","","","","","","","","","","","","","","","","","","","","","","",""
"54405001","NANCY-OCHEY",48.581,5.959833,336,1982111921,"","","","",8.,1,240,1,"","","","","","","","","","","","","","","","","","","","","","","","","","","","",5.4,1,3.4,1,"","","","","","","","","","","","","","","","","","","","","","","","","","",88,1,"","","","","","","","","","","","",7.9,1,1025.4,1,"","","","","","","","","","","","","","","","","","","","","","","","","","","","","","","","","","","","","","","","","","","","","","","","","","","","","","","","","","","","","","","","","","","","","","","","","","","","","","","","","","","","","","","","","","","","","","","","","","","","","","","","","","","","","","","","","",""
"54405001","NANCY-OCHEY",48.581,5.959833,336,1982112000,"","","","",7.,1,220,1,"","","","","","","","","","","","","","","","","","","","","","","","","","","","",5.2,1,3.1,1,"","","","","","","","","","","","","","","","","","","","","","","","","","",87,1,"","","","","","","","","","","","",7.7,1,1026.5,1,"","","","","","","","","","","","","","","","","","","","","","","","","","","","","","","","","","","","","","","","","","","","","","","","","","","","","","","","","","","","","","","","","","","","","","","","","","","","","","","","","","","","","","","","","","","","","","","","","","","","","","","","","","","","","","","","","",""
"54405001","NANCY-OCHEY",48.581,5.959833,336,1982112003,"","","","",7.,1,240,1,"","","","","","","","","","","","","","","","","","","","","","","","","","","","",4.1,1,2.4,1,"","","","","","","","","","","","","","","","","","","","","","","","","","",89,1,"","","","","","","","","","","","",7.3,1,1027.9,1,"","","","","","","","","","","","","","","","","","","","","","","","","","","","","","","","","","","","","","","","","","","","","","","","","","","","","","","","","","","","","","","","","","","","","","","","","","","","","","","","","","","","","","","","","","","","","","","","","","","","","","","","","","","","","","","","","",""
"54405001","NANCY-OCHEY",48.581,5.959833,336,1982112006,"","","","",6.,1,220,1,"","","","","","","","","","","","","","","","","","","","","","","","","","","","",3.7,1,2.,1,"","","","","","","","","","","","","","","","","","","","","","","","","","",90,1,"","","","","","","","","","","","",7.1,1,1028.8,1,"","","","","","",1,1,0,1,5,1,0,1,0,1,"","","","","","","","","","","","","","","","","","","","","","","","",15000,1,"","",0,1,0,1,"","","","","","","","","","","","","","","","","","","","","","","","","","","","","","","","","","","","","","","","","","","","","","","","","","","","","","","","","","","","","","","","","",""
"54405001","NANCY-OCHEY",48.581,5.959833,336,1982112009,"","","","",4.,1,180,1,"","","","","","","","","","","","","","","","","","","","","","","","","","","","",5.3,1,3.4,1,"","","","","","","","","","","","","","","","","","","","","","","","","","",89,1,"","","","","","","","","","","","",7.9,1,1029.8,1,"","","","","","",6,1,6,1,8,1,0,1,0,1,"","","","","","","","","","","","","","","","","","","","","","","","",18000,1,"","",3,1,1,1,"","","","","","","","","","","","","","","","","","","","","","","","","","","","","","","","","","","","","","","","","","","","","","","","","","","","","","","","","","","","","","","","","",""
"54405001","NANCY-OCHEY",48.581,5.959833,336,1982112012,"","","","",5.,1,200,1,"","","","","","","","","","","","","","","","","","","","","","","","","","","","",8.7,1,4.9,1,"","","","","","","","","","","","","","","","","","","","","","","","","","",78,1,"","","","","","","","","","","","",8.8,1,1029.5,1,"","","","","","",4,1,0,1,2,1,0,1,1,1,"","","","","","","","","","","","","","","","","","","","","","","","",25000,1,"","",3,1,0,1,"","","","","","","","","","","","","","","","","","","","","","","","","","","","","","","","","","","","","","","","","","","","","","","","","","","","","","","","","","","","","","","","","",""
"54405001","NANCY-OCHEY",48.581,5.959833,336,1982112015,"","","","",4.,1,220,1,"","","","","","","","","","","","","","","","","","","","","","","","","","","","",8.2,1,4.5,1,"","","","","","","","","","","","","","","","","","","","","","","","","","",78,1,"","","","","","","","","","","","",8.5,1,1029.4,1,"","","","","","","","","","","","","","","","","","","","","","","","","","","","","","","","","","","","","","","","","","","","","","","","","","","","","","","","","","","","","","","","","","","","","","","","","","","","","","","","","","","","","","","","","","","","","","","","","","","","","","","","","","","","","","","","","",""
"54405001","NANCY-OCHEY",48.581,5.959833,336,1982112018,"","","","",4.,1,180,1,"","","","","","","","","","","","","","","","","","","","","","","","","","","","",4.8,1,2.7,1,"","","","","","","","","","","","","","","","","","","","","","","","","","",87,1,"","","","","","","","","","","","",7.5,1,1030.4,1,"","","","","","","","","","","","","","","","","","","","","","","","","","","","","","","","","","","","","","","","","","","","","","","","","","","","","","","","","","","","","","","","","","","","","","","","","","","","","","","","","","","","","","","","","","","","","","","","","","","","","","","","","","","","","","","","","",""
"54405001","NANCY-OCHEY",48.581,5.959833,336,1982112021,"","","","",3.,1,200,1,"","","","","","","","","","","","","","","","","","","","","","","","","","","","",3.6,1,2.4,1,"","","","","","","","","","","","","","","","","","","","","","","","","","",92,1,"","","","","","","","","","","","",7.3,1,1030.9,1,"","","","","","","","","","","","","","","","","","","","","","","","","","","","","","","","","","","","","","","","","","","","","","","","","","","","","","","","","","","","","","","","","","","","","","","","","","","","","","","","","","","","","","","","","","","","","","","","","","","","","","","","","","","","","","","","","",""
"54405001","NANCY-OCHEY",48.581,5.959833,336,1982112100,"","","","",4.,1,160,1,"","","","","","","","","","","","","","","","","","","","","","","","","","","","",1.5,1,0.8,1,"","","","","","","","","","","","","","","","","","","","","","","","","","",95,1,"","","","","","","","","","","","",6.5,1,1030.6,1,"","","","","","","","","","","","","","","","","","","","","","","","","","","","","","","","","","","","","","","","","","","","","","","","","","","","","","","","","","","","","","","","","","","","","","","","","","","","","","","","","","","","","","","","","","","","","","","","","","","","","","","","","","","","","","","","","",""
"54405001","NANCY-OCHEY",48.581,5.959833,336,1982112103,"","","","",2.,1,320,1,"","","","","","","","","","","","","","","","","","","","","","","","","","","","",0.4,1,-0.2,1,"","","","","","","","","","","","","","","","","","","","","","","","","","",96,1,"","","","","","","","","","","","",6.,1,1029.5,1,"","","","","","","","","","","","","","","","","","","","","","","","","","","","","","","","","","","","","","","","","","","","","","","","","","","","","","","","","","","","","","","","","","","","","","","","","","","","","","","","","","","","","","","","","","","","","","","","","","","","","","","","","","","","","","","","","",""
"54405001","NANCY-OCHEY",48.581,5.959833,336,1982112106,"","","","",4.,1,160,1,"","","","","","","","","","","","","","","","","","","","","","","","","","","","",-1.8,1,-2.3,1,"","","","","","","","","","","","","","","","","","","","","","","","","","",95,1,"","","","","","","","","","","","",5.1,1,1028.7,1,"","","","","","",2,1,0,1,0,1,0,1,1,1,"","","","","","","","","","","","","","","","","","","","","","","","",5000,1,"","",2,1,0,1,"","",0,1,"","","","","","","","","","","","","","","","","","","","","","","","","","","","","","","","","","","","","","","","","","","","","","","","","","","","","","","","","","","","","",""
"54405001","NANCY-OCHEY",48.581,5.959833,336,1982112109,"","","","",3.,1,140,1,"","","","","","","","","","","","","","","","","","","","","","","","","","","","",1.2,1,0.4,1,"","","","","","","","","","","","","","","","","","","","","","","","","","",94,1,"","","","","","","","","","","","",6.3,1,1027.4,1,"","","","","","",6,1,6,1,0,1,0,1,1,1,"","","","","","","","","","","","","","","","","","","","","","","","",4000,1,"","",10,1,1,1,"","","","","","","","","","","","","","","","","","","","","","","","","","","","","","","","","","","","","","","","","","","","","","","","","","","","","","","","","","","","","","","","","",""
"54405001","NANCY-OCHEY",48.581,5.959833,336,1982112112,"","","","",5.,1,180,1,"","","","","","","","","","","","","","","","","","","","","","","","","","","","",7.9,1,1.4,1,"","","","","","","","","","","","","","","","","","","","","","","","","","",64,1,"","","","","","","","","","","","",6.8,1,1025.1,1,"","","","","","",5,1,5,1,0,1,0,1,1,1,"","","","","","","","","","","","","","","","","","","","","","","","",20000,1,"","",2,1,1,1,"","","","","","","","","","","","","","","","","","","","","","","","","","","","","","","","","","","","","","","","","","","","","","","","","","","","","","","","","","","","","","","","","",""
"54405001","NANCY-OCHEY",48.581,5.959833,336,1982112115,"","","","",4.,1,160,1,"","","","","","","","","","","","","","","","","","","","","","","","","","","","",7.3,1,-0.2,1,"","","","","","","","","","","","","","","","","","","","","","","","","","",59,1,"","","","","","","","","","","","",6.,1,1023.,1,"","","","","","","","","","","","","","","","","","","","","","","","","","","","","","","","","","","","","","","","","","","","","","","","","","","","","","","","","","","","","","","","","","","","","","","","","","","","","","","","","","","","","","","","","","","","","","","","","","","","","","","","","","","","","","","","","",""
"54405001","NANCY-OCHEY",48.581,5.959833,336,1982112118,"","","","",3.,1,160,1,"","","","","","","","","","","","","","","","","","","","","","","","","","","","",4.2,1,0.4,1,"","","","","","","","","","","","","","","","","","","","","","","","","","",77,1,"","","","","","","","","","","","",6.3,1,1023.4,1,"","","","","","","","","","","","","","","","","","","","","","","","","","","","","","","","","","","","","","","","","","","","","","","","","","","","","","","","","","","","","","","","","","","","","","","","","","","","","","","","","","","","","","","","","","","","","","","","","","","","","","","","","","","","","","","","","",""
"54405001","NANCY-OCHEY",48.581,5.959833,336,1982112121,"","","","",3.,1,140,1,"","","","","","","","","","","","","","","","","","","","","","","","","","","","",3.4,1,0.6,1,"","","","","","","","","","","","","","","","","","","","","","","","","","",82,1,"","","","","","","","","","","","",6.4,1,1023.4,1,"","","","","","","","","","","","","","","","","","","","","","","","","","","","","","","","","","","","","","","","","","","","","","","","","","","","","","","","","","","","","","","","","","","","","","","","","","","","","","","","","","","","","","","","","","","","","","","","","","","","","","","","","","","","","","","","","",""
"54405001","NANCY-OCHEY",48.581,5.959833,336,1982112200,"","","","",3.,1,180,1,"","","","","","","","","","","","","","","","","","","","","","","","","","","","",5.5,1,3.3,1,"","","","","","","","","","","","","","","","","","","","","","","","","","",86,1,"","","","","","","","","","","","",7.8,1,1022.6,1,"","","","","","","","","","","","","","","","","","","","","","","","","","","","","","","","","","","","","","","","","","","","","","","","","","","","","","","","","","","","","","","","","","","","","","","","","","","","","","","","","","","","","","","","","","","","","","","","","","","","","","","","","","","","","","","","","",""
"54405001","NANCY-OCHEY",48.581,5.959833,336,1982112203,"","","","",4.,1,160,1,"","","","","","","","","","","","","","","","","","","","","","","","","","","","",5.6,1,2.2,1,"","","","","","","","","","","","","","","","","","","","","","","","","","",79,1,"","","","","","","","","","","","",7.2,1,1022.,1,"","","","","","","","","","","","","","","","","","","","","","","","","","","","","","","","","","","","","","","","","","","","","","","","","","","","","","","","","","","","","","","","","","","","","","","","","","","","","","","","","","","","","","","","","","","","","","","","","","","","","","","","","","","","","","","","","",""
"54405001","NANCY-OCHEY",48.581,5.959833,336,1982112206,"","","","",7.,1,180,1,"","","","","","","","","","","","","","","","","","","","","","","","","","","","",6.6,1,2.9,1,"","","","","","","","","","","","","","","","","","","","","","","","","","",78,1,"","","","","","","","","","","","",7.6,1,1020.9,1,"","","","","","",2,1,0,1,0,1,0,1,1,1,"","","","","","","","","","","","","","","","","","","","","","","","",15000,1,"","",2,1,0,1,"","",0,1,"","","","","","","","","","","","","","","","","","","","","","","","","","","","","","","","","","","","","","","","","","","","","","","","","","","","","","","","","","","","","",""
"54405001","NANCY-OCHEY",48.581,5.959833,336,1982112209,"","","","",8.,1,200,1,"","","","","","","","","","","","","","","","","","","","","","","","","","","","",9.6,1,4.5,1,"","","","","","","","","","","","","","","","","","","","","","","","","","",71,1,"","","","","","","","","","","","",8.5,1,1021.3,1,"","","","","","",7,1,7,1,5,1,"","","","","","","","","","","","","","","","","","","","","","","","","","","","",17000,1,"","",3,1,1,1,"","","","","","","","","","","","","","","","","","","","","","","","","","","","","","","","","","","","","","","","","","","","","","","","","","","","","","","","","","","","","","","","","",""
"54405001","NANCY-OCHEY",48.581,5.959833,336,1982112212,"","","","",5.,1,220,1,"","","","","","","","","","","","","","","","","","","","","","","","","","","","",11.5,1,6.,1,"","","","","","","","","","","","","","","","","","","","","","","","","","",70,1,"","","","","","","","","","","","",9.5,1,1022.1,1,"","","","","","",7,1,7,1,5,1,"","","","","","","","","","","","","","","","","","","","","","","","","","","","",17000,1,"","",3,1,2,1,"","","","","","","","","","","","","","","","","","","","","","","","","","","","","","","","","","","","","","","","","","","","","","","","","","","","","","","","","","","","","","","","","",""
"54405001","NANCY-OCHEY",48.581,5.959833,336,1982112215,"","","","",5.,1,200,1,"","","","","","","","","","","","","","","","","","","","","","","","","","","","",11.3,1,6.6,1,"","","","","","","","","","","","","","","","","","","","","","","","","","",74,1,"","","","","","","","","","","","",9.9,1,1022.1,1,"","","","","","",7,1,7,1,5,1,7,1,"","","","","","","","","","","","","","","","","","","","","","","","","","",12000,1,"","",2,1,2,1,"","","","","","","","","","","","","","","","","","","","","","","","","","","","","","","","","","","","","","","","","","","","","","","","","","","","","","","","","","","","","","","","","",""
"54405001","NANCY-OCHEY",48.581,5.959833,336,1982112218,"","","","",3.,1,180,1,"","","","","","","","","","","","","","","","","","","","","","","","","","","","",10.7,1,7.6,1,"","","","","","","","","","","","","","","","","","","","","","","","","","",82,1,"","","","","","","","","","","","",10.6,1,1022.4,1,"","","","","","",7,1,7,1,0,1,7,1,"","","","","","","","","","","","","","","","","","","","","","","","","","",12000,1,"","",1,1,2,1,"","","","","","","","","","","","","","","","","","","","","","","","","","","","","","","","","","","","","","","","","","","","","","","","","","","","","","","","","","","","","","","","","",""
"54405001","NANCY-OCHEY",48.581,5.959833,336,1982112221,"","","","",4.,1,220,1,"","","","","","","","","","","","","","","","","","","","","","","","","","","","",9.7,1,6.7,1,"","","","","","","","","","","","","","","","","","","","","","","","","","",83,1,"","","","","","","","","","","","",10.,1,1022.7,1,"","","","","","","","","","","","","","","","","","","","","","","","","","","","","","","","","","","","","","","","","","","","","","","","","","","","","","","","","","","","","","","","","","","","","","","","","","","","","","","","","","","","","","","","","","","","","","","","","","","","","","","","","","","","","","","","","",""
"54405001","NANCY-OCHEY",48.581,5.959833,336,1982112300,"","","","",5.,1,180,1,"","","","","","","","","","","","","","","","","","","","","","","","","","","","",9.8,1,6.7,1,"","","","","","","","","","","","","","","","","","","","","","","","","","",83,1,"","","","","","","","","","","","",10.,1,1023.,1,"","","","","","","","","","","","","","","","","","","","","","","","","","","","","","","","","","","","","","","","","","","","","","","","","","","","","","","","","","","","","","","","","","","","","","","","","","","","","","","","","","","","","","","","","","","","","","","","","","","","","","","","","","","","","","","","","",""
"54405001","NANCY-OCHEY",48.581,5.959833,336,1982112303,"","","","",8.,1,180,1,"","","","","","","","","","","","","","","","","","","","","","","","","","","","",10.3,1,7.3,1,"","","","","","","","","","","","","","","","","","","","","","","","","","",83,1,"","","","","","","","","","","","",10.4,1,1022.6,1,"","","","","","","","","","","","","","","","","","","","","","","","","","","","","","","","","","","","","","","","","","","","","","","","","","","","","","","","","","","","","","","","","","","","","","","","","","","","","","","","","","","","","","","","","","","","","","","","","","","","","","","","","","","","","","","","","",""
"54405001","NANCY-OCHEY",48.581,5.959833,336,1982112306,"","","","",8.,1,200,1,"","","","","","","","","","","","","","","","","","","","","","","","","","","","",10.,1,7.,1,"","","","","","","","","","","","","","","","","","","","","","","","","","",83,1,"","","","","","","","","","","","",10.2,1,1022.,1,"","","","","","",2,1,0,1,5,1,0,1,0,1,"","","","","","","","","","","","","","","","","","","","","","","","",12000,1,"","",1,1,0,1,"","",0,1,"","","","","","","","","","","","","","","","","","","","","","","","","","","","","","","","","","","","","","","","","","","","","","","","","","","","","","","","","","","","","",""
"54405001","NANCY-OCHEY",48.581,5.959833,336,1982112309,"","","","",10.,1,200,1,"","","","","","","","","","","","","","","","","","","","","","","","","","","","",11.1,1,6.9,1,"","","","","","","","","","","","","","","","","","","","","","","","","","",76,1,"","","","","","","","","","","","",10.1,1,1020.6,1,"","","","","","",4,1,0,1,1,1,3,1,0,1,"","","","","","","","","","","","","","","","","","","","","","","","",18000,1,"","",1,1,1,1,"","","","","","","","","","","","","","","","","","","","","","","","","","","","","","","","","","","","","","","","","","","","","","","","","","","","","","","","","","","","","","","","","",""
"54405001","NANCY-OCHEY",48.581,5.959833,336,1982112312,"","","","",8.,1,200,1,"","","","","","","","","","","","","","","","","","","","","","","","","","","","",14.4,1,7.3,1,"","","","","","","","","","","","","","","","","","","","","","","","","","",63,1,"","","","","","","","","","","","",10.4,1,1019.,1,"","","","","","",4,1,0,1,0,1,4,1,1,1,"","","","","","","","","","","","","","","","","","","","","","","","",25000,1,"","",2,1,1,1,"","","","","","","","","","","","","","","","","","","","","","","","","","","","","","","","","","","","","","","","","","","","","","","","","","","","","","","","","","","","","","","","","",""
"54405001","NANCY-OCHEY",48.581,5.959833,336,1982112315,"","","","",9.,1,180,1,"","","","","","","","","","","","","","","","","","","","","","","","","","","","",14.1,1,7.4,1,"","","","","","","","","","","","","","","","","","","","","","","","","","",65,1,"","","","","","","","","","","","",10.5,1,1017.1,1,"","","","","","",2,1,0,1,0,1,3,1,1,1,"","","","","","","","","","","","","","","","","","","","","","","","",20000,1,"","",1,1,0,1,"","","","","","","","","","","","","","","","","","","","","","","","","","","","","","","","","","","","","","","","","","","","","","","","","","","","","","","","","","","","","","","","","",""
"54405001","NANCY-OCHEY",48.581,5.959833,336,1982112318,"","","","",10.,1,180,1,"","","","","","","","","","","","","","","","","","","","","","","","","","","","",12.7,1,5.7,1,"","","","","","","","","","","","","","","","","","","","","","","","","","",63,1,"","","","","","","","","","","","",9.3,1,1015.7,1,"","","","","","",7,1,5,1,0,1,5,1,1,1,"","","","","","","","","","","","","","","","","","","","","","","","",20000,1,"","",3,1,1,1,"","","","","","","","","","","","","","","","","","","","","","","","","","","","","","","","","","","","","","","","","","","","","","","","","","","","","","","","","","","","","","","","","",""
"54405001","NANCY-OCHEY",48.581,5.959833,336,1982112321,"","","","",9.,1,180,1,"","","","","","","","","","","","","","","","","","","","","","","","","","","","",12.2,1,4.9,1,"","","","","","","","","","","","","","","","","","","","","","","","","","",62,1,"","","","","","","","","","","","",8.8,1,1015.,1,"","","","","","","","","","","","","","","","","","","","","","","","","","","","","","","","","","","","","","","","","","","","","","","","","","","","","","","","","","","","","","","","","","","","","","","","","","","","","","","","","","","","","","","","","","","","","","","","","","","","","","","","","","","","","","","","","",""
"54405001","NANCY-OCHEY",48.581,5.959833,336,1982112400,"","","","",9.,1,200,1,"","","","","","","","","","","","","","","","","","","","","","","","","","","","",12.3,1,6.3,1,"","","","","","","","","","","","","","","","","","","","","","","","","","",68,1,"","","","","","","","","","","","",9.7,1,1014.,1,"","","","","","","","","","","","","","","","","","","","","","","","","","","","","","","","","","","","","","","","","","","","","","","","","","","","","","","","","","","","","","","","","","","","","","","","","","","","","","","","","","","","","","","","","","","","","","","","","","","","","","","","","","","","","","","","","",""
"54405001","NANCY-OCHEY",48.581,5.959833,336,1982112403,"","","","",10.,1,200,1,"","","","","","","","","","","","","","","","","","","","","","","","","","","","",11.9,1,6.,1,"","","","","","","","","","","","","","","","","","","","","","","","","","",68,1,"","","","","","","","","","","","",9.5,1,1011.8,1,"","","","","","","","","","","","","","","","","","","","","","","","","","","","","","","","","","","","","","","","","","","","","","","","","","","","","","","","","","","","","","","","","","","","","","","","","","","","","","","","","","","","","","","","","","","","","","","","","","","","","","","","","","","","","","","","","",""
"54405001","NANCY-OCHEY",48.581,5.959833,336,1982112406,"","","","",10.,1,200,1,"","","","","","","","","","","","","","","","","","","","","","","","","","","","",12.2,1,6.3,1,"","","","","","","","","","","","","","","","","","","","","","","","","","",68,1,"","","","","","","","","","","","",9.7,1,1011.4,1,"","","","","","",7,1,7,1,5,1,7,1,"","","","","","","","","","","","","","","","","","","","","","","","","","",15000,1,"","",3,1,2,1,"","",0,1,"","","","","","","","","","","","","","","","","","","","","","","","","","","","","","","","","","","","","","","","","","","","","","","","","","","","","","","","","","","","","",""
"54405001","NANCY-OCHEY",48.581,5.959833,336,1982112409,"","","","",8.,1,220,1,"","","","","","","","","","","","","","","","","","","","","","","","","","","","",8.6,1,7.4,1,"","","","","","","","","","","","","","","","","","","","","","","","","","",94,1,"","","","","","","","","","","","",10.5,1,1014.3,1,"","","","","","",8,1,8,1,5,1,7,1,"","","","","","","","","","","","","","","","","","","","","","","","","","",14000,1,"","",61,1,6,1,"","","","","","","","","","","","","","","","","","","","","","","","","","","","","","","","","","","","","","","","","","","","","","","","","","","","","","","","","","","","","","","","","",""
"54405001","NANCY-OCHEY",48.581,5.959833,336,1982112412,"","","","",7.,1,260,1,"","","","","","","","","","","","","","","","","","","","","","","","","","","","",7.3,1,5.3,1,"","","","","","","","","","","","","","","","","","","","","","","","","","",88,1,"","","","","","","","","","","","",9.,1,1016.3,1,"","","","","","",5,1,5,1,8,1,3,1,0,1,"","","","","","","","","","","","","","","","","","","","","","","","",25000,1,"","",21,1,6,1,"","","","","","","","","","","","","","","","","","","","","","","","","","","","","","","","","","","","","","","","","","","","","","","","","","","","","","","","","","","","","","","","","",""
"54405001","NANCY-OCHEY",48.581,5.959833,336,1982112415,"","","","",6.,1,220,1,"","","","","","","","","","","","","","","","","","","","","","","","","","","","",7.7,1,4.1,1,"","","","","","","","","","","","","","","","","","","","","","","","","","",79,1,"","","","","","","","","","","","",8.3,1,1017.7,1,"","","","","","",3,1,0,1,8,1,0,1,0,1,"","","","","","","","","","","","","","","","","","","","","","","","",25000,1,"","",1,1,1,1,"","","","","","","","","","","","","","","","","","","","","","","","","","","","","","","","","","","","","","","","","","","","","","","","","","","","","","","","","","","","","","","","","",""
"54405001","NANCY-OCHEY",48.581,5.959833,336,1982112418,"","","","",5.,1,200,1,"","","","","","","","","","","","","","","","","","","","","","","","","","","","",6.,1,2.9,1,"","","","","","","","","","","","","","","","","","","","","","","","","","",82,1,"","","","","","","","","","","","",7.6,1,1018.4,1,"","","","","","",3,1,0,1,5,1,0,1,1,1,"","","","","","","","","","","","","","","","","","","","","","","","",25000,1,"","",1,1,0,1,"","","","","","","","","","","","","","","","","","","","","","","","","","","","","","","","","","","","","","","","","","","","","","","","","","","","","","","","","","","","","","","","","",""
"54405001","NANCY-OCHEY",48.581,5.959833,336,1982112421,"","","","",6.,1,180,1,"","","","","","","","","","","","","","","","","","","","","","","","","","","","",5.1,1,3.6,1,"","","","","","","","","","","","","","","","","","","","","","","","","","",91,1,"","","","","","","","","","","","",8.,1,1017.7,1,"","","","","","","","","","","","","","","","","","","","","","","","","","","","","","","","","","","","","","","","","","","","","","","","","","","","","","","","","","","","","","","","","","","","","","","","","","","","","","","","","","","","","","","","","","","","","","","","","","","","","","","","","","","","","","","","","",""
"54405001","NANCY-OCHEY",48.581,5.959833,336,1982112500,"","","","",5.,1,200,1,"","","","","","","","","","","","","","","","","","","","","","","","","","","","",5.4,1,3.6,1,"","","","","","","","","","","","","","","","","","","","","","","","","","",89,1,"","","","","","","","","","","","",8.,1,1016.4,1,"","","","","","","","","","","","","","","","","","","","","","","","","","","","","","","","","","","","","","","","","","","","","","","","","","","","","","","","","","","","","","","","","","","","","","","","","","","","","","","","","","","","","","","","","","","","","","","","","","","","","","","","","","","","","","","","","",""
"54405001","NANCY-OCHEY",48.581,5.959833,336,1982112503,"","","","",4.,1,160,1,"","","","","","","","","","","","","","","","","","","","","","","","","","","","",3.7,1,2.4,1,"","","","","","","","","","","","","","","","","","","","","","","","","","",92,1,"","","","","","","","","","","","",7.3,1,1015.3,1,"","","","","","","","","","","","","","","","","","","","","","","","","","","","","","","","","","","","","","","","","","","","","","","","","","","","","","","","","","","","","","","","","","","","","","","","","","","","","","","","","","","","","","","","","","","","","","","","","","","","","","","","","","","","","","","","","",""
"54405001","NANCY-OCHEY",48.581,5.959833,336,1982112506,"","","","",4.,1,140,1,"","","","","","","","","","","","","","","","","","","","","","","","","","","","",2.7,1,2.,1,"","","","","","","","","","","","","","","","","","","","","","","","","","",96,1,"","","","","","","","","","","","",7.1,1,1013.8,1,"","","","","","",2,1,0,1,0,1,0,1,1,1,"","","","","","","","","","","","","","","","","","","","","","","","",20000,1,"","",3,1,0,1,"","",0,1,"","","","","","","","","","","","","","","","","","","","","","","","","","","","","","","","","","","","","","","","","","","","","","","","","","","","","","","","","","","","","",""
"54405001","NANCY-OCHEY",48.581,5.959833,336,1982112509,"","","","",5.,1,180,1,"","","","","","","","","","","","","","","","","","","","","","","","","","","","",5.2,1,3.4,1,"","","","","","","","","","","","","","","","","","","","","","","","","","",89,1,"","","","","","","","","","","","",7.9,1,1012.9,1,"","","","","","",5,1,0,1,1,1,3,1,1,1,"","","","","","","","","","","","","","","","","","","","","","","","",13000,1,"","",3,1,2,1,"","","","","","","","","","","","","","","","","","","","","","","","","","","","","","","","","","","","","","","","","","","","","","","","","","","","","","","","","","","","","","","","","",""
"54405001","NANCY-OCHEY",48.581,5.959833,336,1982112512,"","","","",8.,1,180,1,"","","","","","","","","","","","","","","","","","","","","","","","","","","","",8.7,1,2.7,1,"","","","","","","","","","","","","","","","","","","","","","","","","","",67,1,"","","","","","","","","","","","",7.5,1,1012.,1,"","","","","","",2,1,0,1,0,1,3,1,1,1,"","","","","","","","","","","","","","","","","","","","","","","","",25000,1,"","",1,1,1,1,"","","","","","","","","","","","","","","","","","","","","","","","","","","","","","","","","","","","","","","","","","","","","","","","","","","","","","","","","","","","","","","","","",""
"54405001","NANCY-OCHEY",48.581,5.959833,336,1982112515,"","","","",5.,1,160,1,"","","","","","","","","","","","","","","","","","","","","","","","","","","","",7.9,1,3.3,1,"","","","","","","","","","","","","","","","","","","","","","","","","","",74,1,"","","","","","","","","","","","",7.8,1,1010.8,1,"","","","","","",7,1,7,1,0,1,5,1,"","","","","","","","","","","","","","","","","","","","","","","","","","",20000,1,"","",3,1,1,1,"","","","","","","","","","","","","","","","","","","","","","","","","","","","","","","","","","","","","","","","","","","","","","","","","","","","","","","","","","","","","","","","","",""
"54405001","NANCY-OCHEY",48.581,5.959833,336,1982112518,"","","","",6.,1,200,1,"","","","","","","","","","","","","","","","","","","","","","","","","","","","",7.2,1,2.7,1,"","","","","","","","","","","","","","","","","","","","","","","","","","",74,1,"","","","","","","","","","","","",7.5,1,1010.8,1,"","","","","","",8,1,7,1,0,1,7,1,"","","","","","","","","","","","","","","","","","","","","","","","","","",16000,1,"","",21,1,6,1,"","","","","","","","","","","","","","","","","","","","","","","","","","","","","","","","","","","","","","","","","","","","","","","","","","","","","","","","","","","","","","","","","",""
"54405001","NANCY-OCHEY",48.581,5.959833,336,1982112521,"","","","","","","","","","","","","","","","","","","","","","","","","","","","","","","","","","","","",5.6,1,3.1,1,"","","","","","","","","","","","","","","","","","","","","","","","","","",85,1,"","","","","","","","","","","","",7.7,1,1010.2,1,"","","","","","","","","","","","","","","","","","","","","","","","","","","","","","","","","","","","","","","","","","","","","","","","","","","","","","","","","","","","","","","","","","","","","","","","","","","","","","","","","","","","","","","","","","","","","","","","","","","","","","","","","","","","","","","","","",""
"54405001","NANCY-OCHEY",48.581,5.959833,336,1982112600,"","","","","","","","","","","","","","","","","","","","","","","","","","","","","","","","","","","","",5.,1,3.4,1,"","","","","","","","","","","","","","","","","","","","","","","","","","",91,1,"","","","","","","","","","","","",7.9,1,1008.8,1,"","","","","","","","","","","","","","","","","","","","","","","","","","","","","","","","","","","","","","","","","","","","","","","","","","","","","","","","","","","","","","","","","","","","","","","","","","","","","","","","","","","","","","","","","","","","","","","","","","","","","","","","","","","","","","","","","",""
"54405001","NANCY-OCHEY",48.581,5.959833,336,1982112603,"","","","","","","","","","","","","","","","","","","","","","","","","","","","","","","","","","","","",5.,1,3.6,1,"","","","","","","","","","","","","","","","","","","","","","","","","","",92,1,"","","","","","","","","","","","",8.,1,1006.7,1,"","","","","","","","","","","","","","","","","","","","","","","","","","","","","","","","","","","","","","","","","","","","","","","","","","","","","","","","","","","","","","","","","","","","","","","","","","","","","","","","","","","","","","","","","","","","","","","","","","","","","","","","","","","","","","","","","",""
"54405001","NANCY-OCHEY",48.581,5.959833,336,1982112606,"","","","",9.,1,220,1,"","","","","","","","","","","","","","","","","","","","","","","","","","","","",6.6,1,4.8,1,"","","","","","","","","","","","","","","","","","","","","","","","","","",90,1,"","","","","","","","","","","","",8.7,1,1006.4,1,"","","","","","",8,1,6,1,8,1,7,1,"","","","","","","","","","","","","","","","","","","","","","","","","","",15000,1,"","",3,1,2,1,"","",0,1,"","","","","","","","","","","","","","","","","","","","","","","","","","","","","","","","","","","","","","","","","","","","","","","","","","","","","","","","","","","","","",""
"54405001","NANCY-OCHEY",48.581,5.959833,336,1982112609,"","","","",3.,1,180,1,"","","","","","","","","","","","","","","","","","","","","","","","","","","","",5.8,1,3.4,1,"","","","","","","","","","","","","","","","","","","","","","","","","","",86,1,"","","","","","","","","","","","",7.9,1,1008.9,1,"","","","","","",8,1,6,1,8,1,"","","","","","","","","","","","","","","","","","","","","","","","","","","","",25000,1,"","",1,1,2,1,"","","","","","","","","","","","","","","","","","","","","","","","","","","","","","","","","","","","","","","","","","","","","","","","","","","","","","","","","","","","","","","","","",""
"54405001","NANCY-OCHEY",48.581,5.959833,336,1982112612,"","","","",4.,1,220,1,"","","","","","","","","","","","","","","","","","","","","","","","","","","","",6.1,1,3.6,1,"","","","","","","","","","","","","","","","","","","","","","","","","","",85,1,"","","","","","","","","","","","",8.,1,1009.2,1,"","","","","","",7,1,6,1,2,1,7,1,"","","","","","","","","","","","","","","","","","","","","","","","","","",25000,1,"","",1,1,2,1,"","","","","","","","","","","","","","","","","","","","","","","","","","","","","","","","","","","","","","","","","","","","","","","","","","","","","","","","","","","","","","","","","",""
"54405001","NANCY-OCHEY",48.581,5.959833,336,1982112615,"","","","",2.,1,140,1,"","","","","","","","","","","","","","","","","","","","","","","","","","","","",6.4,1,3.6,1,"","","","","","","","","","","","","","","","","","","","","","","","","","",84,1,"","","","","","","","","","","","",8.,1,1008.4,1,"","","","","","",8,1,8,1,2,1,2,1,"","","","","","","","","","","","","","","","","","","","","","","","","","",25000,1,"","",1,1,2,1,"","","","","","","","","","","","","","","","","","","","","","","","","","","","","","","","","","","","","","","","","","","","","","","","","","","","","","","","","","","","","","","","","",""
"54405001","NANCY-OCHEY",48.581,5.959833,336,1982112618,"","","","",2.,1,120,1,"","","","","","","","","","","","","","","","","","","","","","","","","","","","",6.2,1,2.4,1,"","","","","","","","","","","","","","","","","","","","","","","","","","",78,1,"","","","","","","","","","","","",7.3,1,1007.8,1,"","","","","","",8,1,5,1,5,1,2,1,"","","","","","","","","","","","","","","","","","","","","","","","","","",20000,1,"","",3,1,2,1,"","","","","","","","","","","","","","","","","","","","","","","","","","","","","","","","","","","","","","","","","","","","","","","","","","","","","","","","","","","","","","","","","",""
"54405001","NANCY-OCHEY",48.581,5.959833,336,1982112621,"","","","",2.,1,160,1,"","","","","","","","","","","","","","","","","","","","","","","","","","","","",5.1,1,3.8,1,"","","","","","","","","","","","","","","","","","","","","","","","","","",92,1,"","","","","","","","","","","","",8.1,1,1007.9,1,"","","","","","","","","","","","","","","","","","","","","","","","","","","","","","","","","","","","","","","","","","","","","","","","","","","","","","","","","","","","","","","","","","","","","","","","","","","","","","","","","","","","","","","","","","","","","","","","","","","","","","","","","","","","","","","","","",""
"54405001","NANCY-OCHEY",48.581,5.959833,336,1982112700,"","","","",2.,1,240,1,"","","","","","","","","","","","","","","","","","","","","","","","","","","","",4.3,1,3.7,1,"","","","","","","","","","","","","","","","","","","","","","","","","","",96,1,"","","","","","","","","","","","",8.,1,1007.4,1,"","","","","","","","","","","","","","","","","","","","","","","","","","","","","","","","","","","","","","","","","","","","","","","","","","","","","","","","","","","","","","","","","","","","","","","","","","","","","","","","","","","","","","","","","","","","","","","","","","","","","","","","","","","","","","","","","",""
"54405001","NANCY-OCHEY",48.581,5.959833,336,1982112703,"","","","",2.,1,360,1,"","","","","","","","","","","","","","","","","","","","","","","","","","","","",3.6,1,3.1,1,"","","","","","","","","","","","","","","","","","","","","","","","","","",97,1,"","","","","","","","","","","","",7.7,1,1006.5,1,"","","","","","","","","","","","","","","","","","","","","","","","","","","","","","","","","","","","","","","","","","","","","","","","","","","","","","","","","","","","","","","","","","","","","","","","","","","","","","","","","","","","","","","","","","","","","","","","","","","","","","","","","","","","","","","","","",""
"54405001","NANCY-OCHEY",48.581,5.959833,336,1982112706,"","","","",4.,1,340,1,"","","","","","","","","","","","","","","","","","","","","","","","","","","","",3.9,1,3.3,1,"","","","","","","","","","","","","","","","","","","","","","","","","","",97,1,"","","","","","","","","","","","",7.8,1,1006.,1,"","","","","","",8,1,8,1,7,1,"","","","","","","","","","","","","","","","","","","","","","","","","","","","",5000,1,"","",61,1,6,1,"","",0,1,"","","","","","","","","","","","","","","","","","","","","","","","","","","","","","","","","","","","","","","","","","","","","","","","","","","","","","","","","","","","","",""
"54405001","NANCY-OCHEY",48.581,5.959833,336,1982112709,"","","","",3.,1,340,1,"","","","","","","","","","","","","","","","","","","","","","","","","","","","",4.1,1,3.5,1,"","","","","","","","","","","","","","","","","","","","","","","","","","",97,1,"","","","","","","","","","","","",7.9,1,1006.8,1,"","","","","","",8,1,6,1,5,1,"","","","","","","","","","","","","","","","","","","","","","","","","","","","",5000,1,"","",1,1,6,1,"","","","","","","","","","","","","","","","","","","","","","","","","","","","","","","","","","","","","","","","","","","","","","","","","","","","","","","","","","","","","","","","","",""
"54405001","NANCY-OCHEY",48.581,5.959833,336,1982112712,"","","","",4.,1,360,1,"","","","","","","","","","","","","","","","","","","","","","","","","","","","",4.8,1,3.7,1,"","","","","","","","","","","","","","","","","","","","","","","","","","",94,1,"","","","","","","","","","","","",8.,1,1006.2,1,"","","","","","",8,1,6,1,5,1,"","","","","","","","","","","","","","","","","","","","","","","","","","","","",6000,1,"","",21,1,6,1,"","","","","","","","","","","","","","","","","","","","","","","","","","","","","","","","","","","","","","","","","","","","","","","","","","","","","","","","","","","","","","","","","",""
"54405001","NANCY-OCHEY",48.581,5.959833,336,1982112715,"","","","",4.,1,320,1,"","","","","","","","","","","","","","","","","","","","","","","","","","","","",4.6,1,3.5,1,"","","","","","","","","","","","","","","","","","","","","","","","","","",93,1,"","","","","","","","","","","","",7.9,1,1006.2,1,"","","","","","","","","","","","","","","","","","","","","","","","","","","","","","","","","","","","","","","","","","","","","","","","","","","","","","","","","","","","","","","","","","","","","","","","","","","","","","","","","","","","","","","","","","","","","","","","","","","","","","","","","","","","","","","","","",""
"54405001","NANCY-OCHEY",48.581,5.959833,336,1982112718,"","","","",4.,1,320,1,"","","","","","","","","","","","","","","","","","","","","","","","","","","","",4.,1,3.7,1,"","","","","","","","","","","","","","","","","","","","","","","","","","",98,1,"","","","","","","","","","","","",8.,1,1007.5,1,"","","","","","","","","","","","","","","","","","","","","","","","","","","","","","","","","","","","","","","","","","","","","","","","","","","","","","","","","","","","","","","","","","","","","","","","","","","","","","","","","","","","","","","","","","","","","","","","","","","","","","","","","","","","","","","","","",""
"54405001","NANCY-OCHEY",48.581,5.959833,336,1982112721,"","","","",3.,1,320,1,"","","","","","","","","","","","","","","","","","","","","","","","","","","","",3.6,1,3.1,1,"","","","","","","","","","","","","","","","","","","","","","","","","","",98,1,"","","","","","","","","","","","",7.7,1,1009.,1,"","","","","","","","","","","","","","","","","","","","","","","","","","","","","","","","","","","","","","","","","","","","","","","","","","","","","","","","","","","","","","","","","","","","","","","","","","","","","","","","","","","","","","","","","","","","","","","","","","","","","","","","","","","","","","","","","",""
"54405001","NANCY-OCHEY",48.581,5.959833,336,1982112800,"","","","",2.,1,200,1,"","","","","","","","","","","","","","","","","","","","","","","","","","","","",3.6,1,3.1,1,"","","","","","","","","","","","","","","","","","","","","","","","","","",98,1,"","","","","","","","","","","","",7.7,1,1010.1,1,"","","","","","","","","","","","","","","","","","","","","","","","","","","","","","","","","","","","","","","","","","","","","","","","","","","","","","","","","","","","","","","","","","","","","","","","","","","","","","","","","","","","","","","","","","","","","","","","","","","","","","","","","","","","","","","","","",""
"54405001","NANCY-OCHEY",48.581,5.959833,336,1982112803,"","","","",2.,1,160,1,"","","","","","","","","","","","","","","","","","","","","","","","","","","","",3.6,1,3.1,1,"","","","","","","","","","","","","","","","","","","","","","","","","","",98,1,"","","","","","","","","","","","",7.7,1,1011.4,1,"","","","","","","","","","","","","","","","","","","","","","","","","","","","","","","","","","","","","","","","","","","","","","","","","","","","","","","","","","","","","","","","","","","","","","","","","","","","","","","","","","","","","","","","","","","","","","","","","","","","","","","","","","","","","","","","","",""
"54405001","NANCY-OCHEY",48.581,5.959833,336,1982112806,"","","","",2.,1,240,1,"","","","","","","","","","","","","","","","","","","","","","","","","","","","",3.6,1,3.3,1,"","","","","","","","","","","","","","","","","","","","","","","","","","",98,1,"","","","","","","","","","","","",7.8,1,1013.4,1,"","","","","","",7,1,6,1,8,1,"","","","","","","","","","","","","","","","","","","","","","","","","","","","",13000,1,"","",1,1,2,1,"","",0,1,"","","","","","","","","","","","","","","","","","","","","","","","","","","","","","","","","","","","","","","","","","","","","","","","","","","","","","","","","","","","","",""
"54405001","NANCY-OCHEY",48.581,5.959833,336,1982112809,"","","","",4.,1,320,1,"","","","","","","","","","","","","","","","","","","","","","","","","","","","",3.3,1,2.2,1,"","","","","","","","","","","","","","","","","","","","","","","","","","",93,1,"","","","","","","","","","","","",7.2,1,1015.8,1,"","","","","","",7,1,7,1,8,1,"","","","","","","","","","","","","","","","","","","","","","","","","","","","",11000,1,"","",2,1,2,1,"","","","","","","","","","","","","","","","","","","","","","","","","","","","","","","","","","","","","","","","","","","","","","","","","","","","","","","","","","","","","","","","","",""
"54405001","NANCY-OCHEY",48.581,5.959833,336,1982112812,"","","","",4.,1,320,1,"","","","","","","","","","","","","","","","","","","","","","","","","","","","",2.7,1,1.4,1,"","","","","","","","","","","","","","","","","","","","","","","","","","",91,1,"","","","","","","","","","","","",6.8,1,1017.2,1,"","","","","","",8,1,5,1,8,1,"","","","","","","","","","","","","","","","","","","","","","","","","","","","",9000,1,"","",1,1,2,1,"","","","","","","","","","","","","","","","","","","","","","","","","","","","","","","","","","","","","","","","","","","","","","","","","","","","","","","","","","","","","","","","","",""
"54405001","NANCY-OCHEY",48.581,5.959833,336,1982112815,"","","","",5.,1,320,1,"","","","","","","","","","","","","","","","","","","","","","","","","","","","",2.3,1,1.,1,"","","","","","","","","","","","","","","","","","","","","","","","","","",91,1,"","","","","","","","","","","","",6.6,1,1018.2,1,"","","","","","","","","","","","","","","","","","","","","","","","","","","","","","","","","","","","","","","","","","","","","","","","","","","","","","","","","","","","","","","","","","","","","","","","","","","","","","","","","","","","","","","","","","","","","","","","","","","","","","","","","","","","","","","","","",""
"54405001","NANCY-OCHEY",48.581,5.959833,336,1982112818,"","","","",2.,1,20,1,"","","","","","","","","","","","","","","","","","","","","","","","","","","","",1.9,1,0.6,1,"","","","","","","","","","","","","","","","","","","","","","","","","","",91,1,"","","","","","","","","","","","",6.4,1,1020.3,1,"","","","","","","","","","","","","","","","","","","","","","","","","","","","","","","","","","","","","","","","","","","","","","","","","","","","","","","","","","","","","","","","","","","","","","","","","","","","","","","","","","","","","","","","","","","","","","","","","","","","","","","","","","","","","","","","","",""
"54405001","NANCY-OCHEY",48.581,5.959833,336,1982112821,"","","","",3.,1,360,1,"","","","","","","","","","","","","","","","","","","","","","","","","","","","",1.7,1,0.,1,"","","","","","","","","","","","","","","","","","","","","","","","","","",89,1,"","","","","","","","","","","","",6.1,1,1021.7,1,"","","","","","","","","","","","","","","","","","","","","","","","","","","","","","","","","","","","","","","","","","","","","","","","","","","","","","","","","","","","","","","","","","","","","","","","","","","","","","","","","","","","","","","","","","","","","","","","","","","","","","","","","","","","","","","","","",""
"54405001","NANCY-OCHEY",48.581,5.959833,336,1982112900,"","","","",4.,1,360,1,"","","","","","","","","","","","","","","","","","","","","","","","","","","","",0.3,1,-0.9,1,"","","","","","","","","","","","","","","","","","","","","","","","","","",91,1,"","","","","","","","","","","","",5.7,1,1022.6,1,"","","","","","","","","","","","","","","","","","","","","","","","","","","","","","","","","","","","","","","","","","","","","","","","","","","","","","","","","","","","","","","","","","","","","","","","","","","","","","","","","","","","","","","","","","","","","","","","","","","","","","","","","","","","","","","","","",""
"54405001","NANCY-OCHEY",48.581,5.959833,336,1982112903,"","","","",3.,1,360,1,"","","","","","","","","","","","","","","","","","","","","","","","","","","","",0.1,1,-0.6,1,"","","","","","","","","","","","","","","","","","","","","","","","","","",94,1,"","","","","","","","","","","","",5.8,1,1023.7,1,"","","","","","","","","","","","","","","","","","","","","","","","","","","","","","","","","","","","","","","","","","","","","","","","","","","","","","","","","","","","","","","","","","","","","","","","","","","","","","","","","","","","","","","","","","","","","","","","","","","","","","","","","","","","","","","","","",""
"54405001","NANCY-OCHEY",48.581,5.959833,336,1982112906,"","","","",4.,1,360,1,"","","","","","","","","","","","","","","","","","","","","","","","","","","","",0.2,1,0.2,1,"","","","","","","","","","","","","","","","","","","","","","","","","","",100,1,"","","","","","","","","","","","",6.2,1,1025.1,1,"","","","","","",9,1,"","","","","","","","","","","","","","","","","","","","","","","","","","","","","","","","",600,1,"","",47,1,4,1,"","",0,1,"","","","","","","","","","","","","","","","","","","","","","","","","","","","","","","","","","","","","","","","","","","","","","","","","","","","","","","","","","","","","",""
"54405001","NANCY-OCHEY",48.581,5.959833,336,1982112909,"","","","",6.,1,360,1,"","","","","","","","","","","","","","","","","","","","","","","","","","","","",-0.2,1,-0.2,1,"","","","","","","","","","","","","","","","","","","","","","","","","","",100,1,"","","","","","","","","","","","",6.,1,1027.1,1,"","","","","","",9,1,"","","","","","","","","","","","","","","","","","","","","","","","","","","","","","","","",700,1,"","",43,1,4,1,"","","","","","","","","","","","","","","","","","","","","","","","","","","","","","","","","","","","","","","","","","","","","","","","","","","","","","","","","","","","","","","","","",""
"54405001","NANCY-OCHEY",48.581,5.959833,336,1982112912,"","","","",7.,1,40,1,"","","","","","","","","","","","","","","","","","","","","","","","","","","","",2.8,1,-0.2,1,"","","","","","","","","","","","","","","","","","","","","","","","","","",81,1,"","","","","","","","","","","","",6.,1,1026.5,1,"","","","","","",3,1,0,1,1,1,0,1,0,1,"","","","","","","","","","","","","","","","","","","","","","","","",8000,1,"","",1,1,4,1,"","","","","","","","","","","","","","","","","","","","","","","","","","","","","","","","","","","","","","","","","","","","","","","","","","","","","","","","","","","","","","","","","",""
"54405001","NANCY-OCHEY",48.581,5.959833,336,1982112915,"","","","",7.,1,20,1,"","","","","","","","","","","","","","","","","","","","","","","","","","","","",2.7,1,0.8,1,"","","","","","","","","","","","","","","","","","","","","","","","","","",87,1,"","","","","","","","","","","","",6.5,1,1026.7,1,"","","","","","",1,1,0,1,1,1,0,1,0,1,"","","","","","","","","","","","","","","","","","","","","","","","",8000,1,"","",1,1,0,1,"","","","","","","","","","","","","","","","","","","","","","","","","","","","","","","","","","","","","","","","","","","","","","","","","","","","","","","","","","","","","","","","","",""
"54405001","NANCY-OCHEY",48.581,5.959833,336,1982112918,"","","","",6.,1,20,1,"","","","","","","","","","","","","","","","","","","","","","","","","","","","",1.4,1,-0.2,1,"","","","","","","","","","","","","","","","","","","","","","","","","","",89,1,"","","","","","","","","","","","",6.,1,1028.9,1,"","","","","","",4,1,0,1,5,1,0,1,0,1,"","","","","","","","","","","","","","","","","","","","","","","","",5000,1,"","",2,1,0,1,"","","","","","","","","","","","","","","","","","","","","","","","","","","","","","","","","","","","","","","","","","","","","","","","","","","","","","","","","","","","","","","","","",""
"54405001","NANCY-OCHEY",48.581,5.959833,336,1982112921,"","","","",6.,1,40,1,"","","","","","","","","","","","","","","","","","","","","","","","","","","","",2.2,1,-0.2,1,"","","","","","","","","","","","","","","","","","","","","","","","","","",84,1,"","","","","","","","","","","","",6.,1,1028.5,1,"","","","","","","","","","","","","","","","","","","","","","","","","","","","","","","","","","","","","","","","","","","","","","","","","","","","","","","","","","","","","","","","","","","","","","","","","","","","","","","","","","","","","","","","","","","","","","","","","","","","","","","","","","","","","","","","","",""
"54405001","NANCY-OCHEY",48.581,5.959833,336,1982113000,"","","","",6.,1,40,1,"","","","","","","","","","","","","","","","","","","","","","","","","","","","",1.5,1,-0.4,1,"","","","","","","","","","","","","","","","","","","","","","","","","","",87,1,"","","","","","","","","","","","",5.9,1,1028.7,1,"","","","","","","","","","","","","","","","","","","","","","","","","","","","","","","","","","","","","","","","","","","","","","","","","","","","","","","","","","","","","","","","","","","","","","","","","","","","","","","","","","","","","","","","","","","","","","","","","","","","","","","","","","","","","","","","","",""
"54405001","NANCY-OCHEY",48.581,5.959833,336,1982113003,"","","","",7.,1,20,1,"","","","","","","","","","","","","","","","","","","","","","","","","","","","",1.4,1,-0.4,1,"","","","","","","","","","","","","","","","","","","","","","","","","","",87,1,"","","","","","","","","","","","",5.9,1,1028.8,1,"","","","","","","","","","","","","","","","","","","","","","","","","","","","","","","","","","","","","","","","","","","","","","","","","","","","","","","","","","","","","","","","","","","","","","","","","","","","","","","","","","","","","","","","","","","","","","","","","","","","","","","","","","","","","","","","","",""
"54405001","NANCY-OCHEY",48.581,5.959833,336,1982113006,"","","","",8.,1,40,1,"","","","","","","","","","","","","","","","","","","","","","","","","","","","",2.4,1,0.,1,"","","","","","","","","","","","","","","","","","","","","","","","","","",84,1,"","","","","","","","","","","","",6.1,1,1028.6,1,"","","","","","",7,1,7,1,8,1,"","","","","","","","","","","","","","","","","","","","","","","","","","","","",8000,1,"","",3,1,2,1,"","",0,1,"","","","","","","","","","","","","","","","","","","","","","","","","","","","","","","","","","","","","","","","","","","","","","","","","","","","","","","","","","","","","",""
"54405001","NANCY-OCHEY",48.581,5.959833,336,1982113009,"","","","",8.,1,40,1,"","","","","","","","","","","","","","","","","","","","","","","","","","","","",2.7,1,-0.2,1,"","","","","","","","","","","","","","","","","","","","","","","","","","",80,1,"","","","","","","","","","","","",6.,1,1028.7,1,"","","","","","",7,1,5,1,5,1,"","","","","","","","","","","","","","","","","","","","","","","","","","","","",9000,1,"","",3,1,2,1,"","","","","","","","","","","","","","","","","","","","","","","","","","","","","","","","","","","","","","","","","","","","","","","","","","","","","","","","","","","","","","","","","",""
"54405001","NANCY-OCHEY",48.581,5.959833,336,1982113012,"","","","",10.,1,60,1,"","","","","","","","","","","","","","","","","","","","","","","","","","","","",4.2,1,0.8,1,"","","","","","","","","","","","","","","","","","","","","","","","","","",78,1,"","","","","","","","","","","","",6.5,1,1027.3,1,"","","","","","",5,1,0,1,8,1,0,1,0,1,"","","","","","","","","","","","","","","","","","","","","","","","",9000,1,"","",1,1,2,1,"","","","","","","","","","","","","","","","","","","","","","","","","","","","","","","","","","","","","","","","","","","","","","","","","","","","","","","","","","","","","","","","","",""
"54405001","NANCY-OCHEY",48.581,5.959833,336,1982113015,"","","","",6.,1,60,1,"","","","","","","","","","","","","","","","","","","","","","","","","","","","",3.6,1,0.4,1,"","","","","","","","","","","","","","","","","","","","","","","","","","",80,1,"","","","","","","","","","","","",6.3,1,1026.7,1,"","","","","","",5,1,0,1,5,1,0,1,0,1,"","","","","","","","","","","","","","","","","","","","","","","","",8000,1,"","",1,1,1,1,"","","","","","","","","","","","","","","","","","","","","","","","","","","","","","","","","","","","","","","","","","","","","","","","","","","","","","","","","","","","","","","","","",""
"54405001","NANCY-OCHEY",48.581,5.959833,336,1982113018,"","","","",9.,1,60,1,"","","","","","","","","","","","","","","","","","","","","","","","","","","","",3.2,1,0.8,1,"","","","","","","","","","","","","","","","","","","","","","","","","","",84,1,"","","","","","","","","","","","",6.5,1,1026.8,1,"","","","","","",7,1,7,1,5,1,"","","","","","","","","","","","","","","","","","","","","","","","","","","","",12000,1,"","",3,1,2,1,"","","","","","","","","","","","","","","","","","","","","","","","","","","","","","","","","","","","","","","","","","","","","","","","","","","","","","","","","","","","","","","","","",""
"54405001","NANCY-OCHEY",48.581,5.959833,336,1982113021,"","","","",4.,1,40,1,"","","","","","","","","","","","","","","","","","","","","","","","","","","","",3.2,1,0.8,1,"","","","","","","","","","","","","","","","","","","","","","","","","","",84,1,"","","","","","","","","","","","",6.5,1,1026.5,1,"","","","","","","","","","","","","","","","","","","","","","","","","","","","","","","","","","","","","","","","","","","","","","","","","","","","","","","","","","","","","","","","","","","","","","","","","","","","","","","","","","","","","","","","","","","","","","","","","","","","","","","","","","","","","","","","","",""
"54405001","NANCY-OCHEY",48.581,5.959833,336,1982120100,"","","","",4.,1,40,1,"","","","","","","","","","","","","","","","","","","","","","","","","","","","",3.4,1,1.,1,"","","","","","","","","","","","","","","","","","","","","","","","","","",85,1,"","","","","","","","","","","","",6.6,1,1026.2,1,"","","","","","","","","","","","","","","","","","","","","","","","","","","","","","","","","","","","","","","","","","","","","","","","","","","","","","","","","","","","","","","","","","","","","","","","","","","","","","","","","","","","","","","","","","","","","","","","","","","","","","","","","","","","","","","","","",""
"54405001","NANCY-OCHEY",48.581,5.959833,336,1982120103,"","","","",5.,1,40,1,"","","","","","","","","","","","","","","","","","","","","","","","","","","","",2.6,1,0.6,1,"","","","","","","","","","","","","","","","","","","","","","","","","","",87,1,"","","","","","","","","","","","",6.4,1,1025.6,1,"","","","","","","","","","","","","","","","","","","","","","","","","","","","","","","","","","","","","","","","","","","","","","","","","","","","","","","","","","","","","","","","","","","","","","","","","","","","","","","","","","","","","","","","","","","","","","","","","","","","","","","","","","","","","","","","","",""
"54405001","NANCY-OCHEY",48.581,5.959833,336,1982120106,"","","","",5.,1,40,1,"","","","","","","","","","","","","","","","","","","","","","","","","","","","",2.3,1,0.4,1,"","","","","","","","","","","","","","","","","","","","","","","","","","",87,1,"","","","","","","","","","","","",6.3,1,1025.2,1,"","","","","","",8,1,8,1,5,1,"","","","","","","","","","","","","","","","","","","","","","","","","","","","",9000,1,"","",3,1,2,1,"","",0,1,"","","","","","","","","","","","","","","","","","","","","","","","","","","","","","","","","","","","","","","","","","","","","","","","","","","","","","","","","","","","","",""
"54405001","NANCY-OCHEY",48.581,5.959833,336,1982120109,"","","","",5.,1,60,1,"","","","","","","","","","","","","","","","","","","","","","","","","","","","",2.,1,0.,1,"","","","","","","","","","","","","","","","","","","","","","","","","","",87,1,"","","","","","","","","","","","",6.1,1,1025.1,1,"","","","","","",8,1,6,1,5,1,"","","","","","","","","","","","","","","","","","","","","","","","","","","","",4000,1,"","",10,1,2,1,"","","","","","","","","","","","","","","","","","","","","","","","","","","","","","","","","","","","","","","","","","","","","","","","","","","","","","","","","","","","","","","","","",""
"54405001","NANCY-OCHEY",48.581,5.959833,336,1982120112,"","","","",6.,1,60,1,"","","","","","","","","","","","","","","","","","","","","","","","","","","","",2.1,1,0.1,1,"","","","","","","","","","","","","","","","","","","","","","","","","","",87,1,"","","","","","","","","","","","",6.2,1,1023.7,1,"","","","","","",8,1,5,1,5,1,"","","","","","","","","","","","","","","","","","","","","","","","","","","","",4800,1,"","",10,1,2,1,"","","","","","","","","","","","","","","","","","","","","","","","","","","","","","","","","","","","","","","","","","","","","","","","","","","","","","","","","","","","","","","","","",""
"54405001","NANCY-OCHEY",48.581,5.959833,336,1982120115,"","","","",6.,1,60,1,"","","","","","","","","","","","","","","","","","","","","","","","","","","","",1.3,1,0.4,1,"","","","","","","","","","","","","","","","","","","","","","","","","","",94,1,"","","","","","","","","","","","",6.3,1,1023.5,1,"","","","","","",8,1,5,1,5,1,"","","","","","","","","","","","","","","","","","","","","","","","","","","","",3500,1,"","",10,1,2,1,"","","","","","","","","","","","","","","","","","","","","","","","","","","","","","","","","","","","","","","","","","","","","","","","","","","","","","","","","","","","","","","","","",""
"54405001","NANCY-OCHEY",48.581,5.959833,336,1982120118,"","","","",3.,1,120,1,"","","","","","","","","","","","","","","","","","","","","","","","","","","","",1.2,1,-0.2,1,"","","","","","","","","","","","","","","","","","","","","","","","","","",90,1,"","","","","","","","","","","","",6.,1,1024.,1,"","","","","","",8,1,7,1,7,1,"","","","","","","","","","","","","","","","","","","","","","","","","","","","",1500,1,"","",10,1,2,1,"","","","","","","","","","","","","","","","","","","","","","","","","","","","","","","","","","","","","","","","","","","","","","","","","","","","","","","","","","","","","","","","","",""
"54405001","NANCY-OCHEY",48.581,5.959833,336,1982120121,"","","","",4.,1,20,1,"","","","","","","","","","","","","","","","","","","","","","","","","","","","",1.2,1,-0.2,1,"","","","","","","","","","","","","","","","","","","","","","","","","","",90,1,"","","","","","","","","","","","",6.,1,1023.8,1,"","","","","","","","","","","","","","","","","","","","","","","","","","","","","","","","","","","","","","","","","","","","","","","","","","","","","","","","","","","","","","","","","","","","","","","","","","","","","","","","","","","","","","","","","","","","","","","","","","","","","","","","","","","","","","","","","",""
"54405001","NANCY-OCHEY",48.581,5.959833,336,1982120200,"","","","",3.,1,60,1,"","","","","","","","","","","","","","","","","","","","","","","","","","","","",1.2,1,-0.2,1,"","","","","","","","","","","","","","","","","","","","","","","","","","",90,1,"","","","","","","","","","","","",6.,1,1024.2,1,"","","","","","","","","","","","","","","","","","","","","","","","","","","","","","","","","","","","","","","","","","","","","","","","","","","","","","","","","","","","","","","","","","","","","","","","","","","","","","","","","","","","","","","","","","","","","","","","","","","","","","","","","","","","","","","","","",""
"54405001","NANCY-OCHEY",48.581,5.959833,336,1982120203,"","","","",3.,1,320,1,"","","","","","","","","","","","","","","","","","","","","","","","","","","","",1.2,1,-0.6,1,"","","","","","","","","","","","","","","","","","","","","","","","","","",87,1,"","","","","","","","","","","","",5.8,1,1024.4,1,"","","","","","","","","","","","","","","","","","","","","","","","","","","","","","","","","","","","","","","","","","","","","","","","","","","","","","","","","","","","","","","","","","","","","","","","","","","","","","","","","","","","","","","","","","","","","","","","","","","","","","","","","","","","","","","","","",""
"54405001","NANCY-OCHEY",48.581,5.959833,336,1982120206,"","","","",3.,1,80,1,"","","","","","","","","","","","","","","","","","","","","","","","","","","","",1.7,1,-0.2,1,"","","","","","","","","","","","","","","","","","","","","","","","","","",87,1,"","","","","","","","","","","","",6.,1,1024.5,1,"","","","","","",8,1,8,1,5,1,"","","","","","","","","","","","","","","","","","","","","","","","","","","","",6000,1,"","",2,1,2,1,"","",0,1,"","","","","","","","","","","","","","","","","","","","","","","","","","","","","","","","","","","","","","","","","","","","","","","","","","","","","","","","","","","","","",""
"54405001","NANCY-OCHEY",48.581,5.959833,336,1982120209,"","","","",2.,1,20,1,"","","","","","","","","","","","","","","","","","","","","","","","","","","","",2.,1,-0.2,1,"","","","","","","","","","","","","","","","","","","","","","","","","","",85,1,"","","","","","","","","","","","",6.,1,1025.4,1,"","","","","","",7,1,7,1,5,1,"","","","","","","","","","","","","","","","","","","","","","","","","","","","",8000,1,"","",1,1,2,1,"","","","","","","","","","","","","","","","","","","","","","","","","","","","","","","","","","","","","","","","","","","","","","","","","","","","","","","","","","","","","","","","","",""
"54405001","NANCY-OCHEY",48.581,5.959833,336,1982120212,"","","","",2.,1,100,1,"","","","","","","","","","","","","","","","","","","","","","","","","","","","",2.5,1,0.,1,"","","","","","","","","","","","","","","","","","","","","","","","","","",84,1,"","","","","","","","","","","","",6.1,1,1026.1,1,"","","","","","",8,1,6,1,5,1,"","","","","","","","","","","","","","","","","","","","","","","","","","","","",4500,1,"","",10,1,2,1,"","","","","","","","","","","","","","","","","","","","","","","","","","","","","","","","","","","","","","","","","","","","","","","","","","","","","","","","","","","","","","","","","",""
"54405001","NANCY-OCHEY",48.581,5.959833,336,1982120215,"","","","",3.,1,40,1,"","","","","","","","","","","","","","","","","","","","","","","","","","","","",1.9,1,-0.6,1,"","","","","","","","","","","","","","","","","","","","","","","","","","",83,1,"","","","","","","","","","","","",5.8,1,1026.2,1,"","","","","","",8,1,8,1,5,1,"","","","","","","","","","","","","","","","","","","","","","","","","","","","",5000,1,"","",3,1,2,1,"","","","","","","","","","","","","","","","","","","","","","","","","","","","","","","","","","","","","","","","","","","","","","","","","","","","","","","","","","","","","","","","","",""
"54405001","NANCY-OCHEY",48.581,5.959833,336,1982120218,"","","","",3.,1,60,1,"","","","","","","","","","","","","","","","","","","","","","","","","","","","",1.2,1,-0.6,1,"","","","","","","","","","","","","","","","","","","","","","","","","","",87,1,"","","","","","","","","","","","",5.8,1,1026.8,1,"","","","","","",8,1,8,1,7,1,"","","","","","","","","","","","","","","","","","","","","","","","","","","","",3000,1,"","",10,1,2,1,"","","","","","","","","","","","","","","","","","","","","","","","","","","","","","","","","","","","","","","","","","","","","","","","","","","","","","","","","","","","","","","","","",""
"54405001","NANCY-OCHEY",48.581,5.959833,336,1982120221,"","","","",4.,1,40,1,"","","","","","","","","","","","","","","","","","","","","","","","","","","","",1.2,1,-0.9,1,"","","","","","","","","","","","","","","","","","","","","","","","","","",85,1,"","","","","","","","","","","","",5.7,1,1027.3,1,"","","","","","","","","","","","","","","","","","","","","","","","","","","","","","","","","","","","","","","","","","","","","","","","","","","","","","","","","","","","","","","","","","","","","","","","","","","","","","","","","","","","","","","","","","","","","","","","","","","","","","","","","","","","","","","","","",""
"54405001","NANCY-OCHEY",48.581,5.959833,336,1982120300,"","","","",2.,1,40,1,"","","","","","","","","","","","","","","","","","","","","","","","","","","","",1.1,1,-1.1,1,"","","","","","","","","","","","","","","","","","","","","","","","","","",85,1,"","","","","","","","","","","","",5.6,1,1028.,1,"","","","","","","","","","","","","","","","","","","","","","","","","","","","","","","","","","","","","","","","","","","","","","","","","","","","","","","","","","","","","","","","","","","","","","","","","","","","","","","","","","","","","","","","","","","","","","","","","","","","","","","","","","","","","","","","","",""
"54405001","NANCY-OCHEY",48.581,5.959833,336,1982120303,"","","","",2.,1,20,1,"","","","","","","","","","","","","","","","","","","","","","","","","","","","",1.,1,-1.1,1,"","","","","","","","","","","","","","","","","","","","","","","","","","",85,1,"","","","","","","","","","","","",5.6,1,1028.3,1,"","","","","","","","","","","","","","","","","","","","","","","","","","","","","","","","","","","","","","","","","","","","","","","","","","","","","","","","","","","","","","","","","","","","","","","","","","","","","","","","","","","","","","","","","","","","","","","","","","","","","","","","","","","","","","","","","",""
"54405001","NANCY-OCHEY",48.581,5.959833,336,1982120306,"","","","",2.,1,40,1,"","","","","","","","","","","","","","","","","","","","","","","","","","","","",1.,1,-0.9,1,"","","","","","","","","","","","","","","","","","","","","","","","","","",86,1,"","","","","","","","","","","","",5.7,1,1029.,1,"","","","","","",8,1,8,1,7,1,"","","","","","","","","","","","","","","","","","","","","","","","","","","","",3500,1,"","",50,1,5,1,"","",0,1,"","","","","","","","","","","","","","","","","","","","","","","","","","","","","","","","","","","","","","","","","","","","","","","","","","","","","","","","","","","","","",""
"54405001","NANCY-OCHEY",48.581,5.959833,336,1982120309,"","","","",1.,1,120,1,"","","","","","","","","","","","","","","","","","","","","","","","","","","","",0.7,1,0.1,1,"","","","","","","","","","","","","","","","","","","","","","","","","","",96,1,"","","","","","","","","","","","",6.2,1,1030.3,1,"","","","","","",8,1,8,1,7,1,"","","","","","","","","","","","","","","","","","","","","","","","","","","","",2000,1,"","",50,1,5,1,"","","","","","","","","","","","","","","","","","","","","","","","","","","","","","","","","","","","","","","","","","","","","","","","","","","","","","","","","","","","","","","","","",""
"54405001","NANCY-OCHEY",48.581,5.959833,336,1982120312,"","","","",1.,1,160,1,"","","","","","","","","","","","","","","","","","","","","","","","","","","","",0.8,1,0.,1,"","","","","","","","","","","","","","","","","","","","","","","","","","",94,1,"","","","","","","","","","","","",6.1,1,1031.,1,"","","","","","",8,1,8,1,7,1,"","","","","","","","","","","","","","","","","","","","","","","","","","","","",1800,1,"","",50,1,5,1,"","","","","","","","","","","","","","","","","","","","","","","","","","","","","","","","","","","","","","","","","","","","","","","","","","","","","","","","","","","","","","","","","",""
"54405001","NANCY-OCHEY",48.581,5.959833,336,1982120315,"","","","",2.,1,20,1,"","","","","","","","","","","","","","","","","","","","","","","","","","","","",0.6,1,-0.2,1,"","","","","","","","","","","","","","","","","","","","","","","","","","",94,1,"","","","","","","","","","","","",6.,1,1031.,1,"","","","","","",8,1,8,1,7,1,"","","","","","","","","","","","","","","","","","","","","","","","","","","","",2000,1,"","",50,1,5,1,"","","","","","","","","","","","","","","","","","","","","","","","","","","","","","","","","","","","","","","","","","","","","","","","","","","","","","","","","","","","","","","","","",""
"54405001","NANCY-OCHEY",48.581,5.959833,336,1982120318,"","","","",1.,1,20,1,"","","","","","","","","","","","","","","","","","","","","","","","","","","","",0.5,1,-0.6,1,"","","","","","","","","","","","","","","","","","","","","","","","","","",92,1,"","","","","","","","","","","","",5.8,1,1031.8,1,"","","","","","",8,1,8,1,7,1,"","","","","","","","","","","","","","","","","","","","","","","","","","","","",3000,1,"","",10,1,5,1,"","","","","","","","","","","","","","","","","","","","","","","","","","","","","","","","","","","","","","","","","","","","","","","","","","","","","","","","","","","","","","","","","",""
"54405001","NANCY-OCHEY",48.581,5.959833,336,1982120321,"","","","",1.,1,40,1,"","","","","","","","","","","","","","","","","","","","","","","","","","","","",0.4,1,-0.6,1,"","","","","","","","","","","","","","","","","","","","","","","","","","",92,1,"","","","","","","","","","","","",5.8,1,1032.5,1,"","","","","","","","","","","","","","","","","","","","","","","","","","","","","","","","","","","","","","","","","","","","","","","","","","","","","","","","","","","","","","","","","","","","","","","","","","","","","","","","","","","","","","","","","","","","","","","","","","","","","","","","","","","","","","","","","",""
"54405001","NANCY-OCHEY",48.581,5.959833,336,1982120400,"","","","",2.,1,220,1,"","","","","","","","","","","","","","","","","","","","","","","","","","","","",0.1,1,-0.6,1,"","","","","","","","","","","","","","","","","","","","","","","","","","",94,1,"","","","","","","","","","","","",5.8,1,1033.2,1,"","","","","","","","","","","","","","","","","","","","","","","","","","","","","","","","","","","","","","","","","","","","","","","","","","","","","","","","","","","","","","","","","","","","","","","","","","","","","","","","","","","","","","","","","","","","","","","","","","","","","","","","","","","","","","","","","",""
"54405001","NANCY-OCHEY",48.581,5.959833,336,1982120403,"","","","",2.,1,200,1,"","","","","","","","","","","","","","","","","","","","","","","","","","","","",-0.1,1,-0.9,1,"","","","","","","","","","","","","","","","","","","","","","","","","","",94,1,"","","","","","","","","","","","",5.7,1,1033.6,1,"","","","","","","","","","","","","","","","","","","","","","","","","","","","","","","","","","","","","","","","","","","","","","","","","","","","","","","","","","","","","","","","","","","","","","","","","","","","","","","","","","","","","","","","","","","","","","","","","","","","","","","","","","","","","","","","","",""
"54405001","NANCY-OCHEY",48.581,5.959833,336,1982120406,"","","","",2.,1,180,1,"","","","","","","","","","","","","","","","","","","","","","","","","","","","",0.1,1,-0.6,1,"","","","","","","","","","","","","","","","","","","","","","","","","","",94,1,"","","","","","","","","","","","",5.8,1,1034.8,1,"","","","","","",8,1,8,1,6,1,"","","","","","","","","","","","","","","","","","","","","","","","","","","","",3000,1,"","",10,1,2,1,"","",0,1,"","","","","","","","","","","","","","","","","","","","","","","","","","","","","","","","","","","","","","","","","","","","","","","","","","","","","","","","","","","","","",""
"54405001","NANCY-OCHEY",48.581,5.959833,336,1982120409,"","","","",3.,1,220,1,"","","","","","","","","","","","","","","","","","","","","","","","","","","","",0.7,1,-0.4,1,"","","","","","","","","","","","","","","","","","","","","","","","","","",92,1,"","","","","","","","","","","","",5.9,1,1036.4,1,"","","","","","",8,1,8,1,6,1,"","","","","","","","","","","","","","","","","","","","","","","","","","","","",4700,1,"","",10,1,2,1,"","","","","","","","","","","","","","","","","","","","","","","","","","","","","","","","","","","","","","","","","","","","","","","","","","","","","","","","","","","","","","","","","",""
"54405001","NANCY-OCHEY",48.581,5.959833,336,1982120412,"","","","",3.,1,180,1,"","","","","","","","","","","","","","","","","","","","","","","","","","","","",1.2,1,0.,1,"","","","","","","","","","","","","","","","","","","","","","","","","","",92,1,"","","","","","","","","","","","",6.1,1,1036.4,1,"","","","","","",8,1,8,1,6,1,"","","","","","","","","","","","","","","","","","","","","","","","","","","","",5000,1,"","",1,1,2,1,"","","","","","","","","","","","","","","","","","","","","","","","","","","","","","","","","","","","","","","","","","","","","","","","","","","","","","","","","","","","","","","","","",""
"54405001","NANCY-OCHEY",48.581,5.959833,336,1982120415,"","","","",3.,1,200,1,"","","","","","","","","","","","","","","","","","","","","","","","","","","","",1.2,1,-0.4,1,"","","","","","","","","","","","","","","","","","","","","","","","","","",89,1,"","","","","","","","","","","","",5.9,1,1036.4,1,"","","","","","","","","","","","","","","","","","","","","","","","","","","","","","","","","","","","","","","","","","","","","","","","","","","","","","","","","","","","","","","","","","","","","","","","","","","","","","","","","","","","","","","","","","","","","","","","","","","","","","","","","","","","","","","","","",""
"54405001","NANCY-OCHEY",48.581,5.959833,336,1982120418,"","","","",2.,1,180,1,"","","","","","","","","","","","","","","","","","","","","","","","","","","","",1.2,1,-0.4,1,"","","","","","","","","","","","","","","","","","","","","","","","","","",89,1,"","","","","","","","","","","","",5.9,1,1037.2,1,"","","","","","","","","","","","","","","","","","","","","","","","","","","","","","","","","","","","","","","","","","","","","","","","","","","","","","","","","","","","","","","","","","","","","","","","","","","","","","","","","","","","","","","","","","","","","","","","","","","","","","","","","","","","","","","","","",""
"54405001","NANCY-OCHEY",48.581,5.959833,336,1982120421,"","","","",3.,1,180,1,"","","","","","","","","","","","","","","","","","","","","","","","","","","","",0.6,1,0.,1,"","","","","","","","","","","","","","","","","","","","","","","","","","",95,1,"","","","","","","","","","","","",6.1,1,1037.9,1,"","","","","","","","","","","","","","","","","","","","","","","","","","","","","","","","","","","","","","","","","","","","","","","","","","","","","","","","","","","","","","","","","","","","","","","","","","","","","","","","","","","","","","","","","","","","","","","","","","","","","","","","","","","","","","","","","",""
"54405001","NANCY-OCHEY",48.581,5.959833,336,1982120500,"","","","",2.,1,180,1,"","","","","","","","","","","","","","","","","","","","","","","","","","","","",0.3,1,0.3,1,"","","","","","","","","","","","","","","","","","","","","","","","","","",100,1,"","","","","","","","","","","","",6.2,1,1038.6,1,"","","","","","","","","","","","","","","","","","","","","","","","","","","","","","","","","","","","","","","","","","","","","","","","","","","","","","","","","","","","","","","","","","","","","","","","","","","","","","","","","","","","","","","","","","","","","","","","","","","","","","","","","","","","","","","","","",""
"54405001","NANCY-OCHEY",48.581,5.959833,336,1982120503,"","","","",3.,1,160,1,"","","","","","","","","","","","","","","","","","","","","","","","","","","","",-0.1,1,-0.1,1,"","","","","","","","","","","","","","","","","","","","","","","","","","",100,1,"","","","","","","","","","","","",6.1,1,1038.3,1,"","","","","","","","","","","","","","","","","","","","","","","","","","","","","","","","","","","","","","","","","","","","","","","","","","","","","","","","","","","","","","","","","","","","","","","","","","","","","","","","","","","","","","","","","","","","","","","","","","","","","","","","","","","","","","","","","",""
"54405001","NANCY-OCHEY",48.581,5.959833,336,1982120506,"","","","",2.,1,160,1,"","","","","","","","","","","","","","","","","","","","","","","","","","","","",-0.3,1,-0.3,1,"","","","","","","","","","","","","","","","","","","","","","","","","","",100,1,"","","","","","","","","","","","",6.,1,1038.2,1,"","","","","","",9,1,"","","","","","","","","","","","","","","","","","","","","","","","","","","","","","","","",100,1,"","",47,1,4,1,"","",0,1,"","","","","","","","","","","","","","","","","","","","","","","","","","","","","","","","","","","","","","","","","","","","","","","","","","","","","","","","","","","","","",""
"54405001","NANCY-OCHEY",48.581,5.959833,336,1982120509,"","","","",3.,1,180,1,"","","","","","","","","","","","","","","","","","","","","","","","","","","","",-0.1,1,-0.1,1,"","","","","","","","","","","","","","","","","","","","","","","","","","",100,1,"","","","","","","","","","","","",6.1,1,1038.,1,"","","","","","",9,1,"","","","","","","","","","","","","","","","","","","","","","","","","","","","","","","","",200,1,"","",43,1,4,1,"","","","","","","","","","","","","","","","","","","","","","","","","","","","","","","","","","","","","","","","","","","","","","","","","","","","","","","","","","","","","","","","","",""
"54405001","NANCY-OCHEY",48.581,5.959833,336,1982120512,"","","","",3.,1,160,1,"","","","","","","","","","","","","","","","","","","","","","","","","","","","",3.8,1,2.2,1,"","","","","","","","","","","","","","","","","","","","","","","","","","",90,1,"","","","","","","","","","","","",7.2,1,1036.3,1,"","","","","","",1,1,0,1,6,1,0,1,1,1,"","","","","","","","","","","","","","","","","","","","","","","","",6000,1,"","",1,1,4,1,"","","","","","","","","","","","","","","","","","","","","","","","","","","","","","","","","","","","","","","","","","","","","","","","","","","","","","","","","","","","","","","","","",""
"54405001","NANCY-OCHEY",48.581,5.959833,336,1982120515,"","","","",3.,1,160,1,"","","","","","","","","","","","","","","","","","","","","","","","","","","","",4.,1,2.4,1,"","","","","","","","","","","","","","","","","","","","","","","","","","",90,1,"","","","","","","","","","","","",7.3,1,1035.,1,"","","","","","","","","","","","","","","","","","","","","","","","","","","","","","","","","","","","","","","","","","","","","","","","","","","","","","","","","","","","","","","","","","","","","","","","","","","","","","","","","","","","","","","","","","","","","","","","","","","","","","","","","","","","","","","","","",""
"54405001","NANCY-OCHEY",48.581,5.959833,336,1982120518,"","","","",3.,1,160,1,"","","","","","","","","","","","","","","","","","","","","","","","","","","","",-0.6,1,-1.8,1,"","","","","","","","","","","","","","","","","","","","","","","","","","",90,1,"","","","","","","","","","","","",5.3,1,1034.8,1,"","","","","","","","","","","","","","","","","","","","","","","","","","","","","","","","","","","","","","","","","","","","","","","","","","","","","","","","","","","","","","","","","","","","","","","","","","","","","","","","","","","","","","","","","","","","","","","","","","","","","","","","","","","","","","","","","",""
"54405001","NANCY-OCHEY",48.581,5.959833,336,1982120521,"","","","",3.,1,180,1,"","","","","","","","","","","","","","","","","","","","","","","","","","","","",-0.2,1,-1.3,1,"","","","","","","","","","","","","","","","","","","","","","","","","","",91,1,"","","","","","","","","","","","",5.5,1,1033.1,1,"","","","","","","","","","","","","","","","","","","","","","","","","","","","","","","","","","","","","","","","","","","","","","","","","","","","","","","","","","","","","","","","","","","","","","","","","","","","","","","","","","","","","","","","","","","","","","","","","","","","","","","","","","","","","","","","","",""
"54405001","NANCY-OCHEY",48.581,5.959833,336,1982120600,"","","","",4.,1,160,1,"","","","","","","","","","","","","","","","","","","","","","","","","","","","",1.,1,-0.2,1,"","","","","","","","","","","","","","","","","","","","","","","","","","",91,1,"","","","","","","","","","","","",6.,1,1030.8,1,"","","","","","","","","","","","","","","","","","","","","","","","","","","","","","","","","","","","","","","","","","","","","","","","","","","","","","","","","","","","","","","","","","","","","","","","","","","","","","","","","","","","","","","","","","","","","","","","","","","","","","","","","","","","","","","","","",""
"54405001","NANCY-OCHEY",48.581,5.959833,336,1982120603,"","","","",6.,1,180,1,"","","","","","","","","","","","","","","","","","","","","","","","","","","","",4.6,1,3.4,1,"","","","","","","","","","","","","","","","","","","","","","","","","","",93,1,"","","","","","","","","","","","",7.9,1,1027.7,1,"","","","","","","","","","","","","","","","","","","","","","","","","","","","","","","","","","","","","","","","","","","","","","","","","","","","","","","","","","","","","","","","","","","","","","","","","","","","","","","","","","","","","","","","","","","","","","","","","","","","","","","","","","","","","","","","","",""
"54405001","NANCY-OCHEY",48.581,5.959833,336,1982120606,"","","","",9.,1,220,1,"","","","","","","","","","","","","","","","","","","","","","","","","","","","",5.,1,3.6,1,"","","","","","","","","","","","","","","","","","","","","","","","","","",92,1,"","","","","","","","","","","","",8.,1,1024.,1,"","","","","","",8,1,8,1,7,1,2,1,"","","","","","","","","","","","","","","","","","","","","","","","","","",5000,1,"","",61,1,6,1,"","",0,1,"","","","","","","","","","","","","","","","","","","","","","","","","","","","","","","","","","","","","","","","","","","","","","","","","","","","","","","","","","","","","",""
"54405001","NANCY-OCHEY",48.581,5.959833,336,1982120609,"","","","",9.,1,220,1,"","","","","","","","","","","","","","","","","","","","","","","","","","","","",5.5,1,4.6,1,"","","","","","","","","","","","","","","","","","","","","","","","","","",95,1,"","","","","","","","","","","","",8.6,1,1023.4,1,"","","","","","",8,1,6,1,5,1,2,1,"","","","","","","","","","","","","","","","","","","","","","","","","","",5000,1,"","",60,1,6,1,"","","","","","","","","","","","","","","","","","","","","","","","","","","","","","","","","","","","","","","","","","","","","","","","","","","","","","","","","","","","","","","","","",""
"54405001","NANCY-OCHEY",48.581,5.959833,336,1982120612,"","","","",9.,1,200,1,"","","","","","","","","","","","","","","","","","","","","","","","","","","","",6.5,1,5.6,1,"","","","","","","","","","","","","","","","","","","","","","","","","","",95,1,"","","","","","","","","","","","",9.2,1,1022.2,1,"","","","","","",8,1,7,1,7,1,"","","","","","","","","","","","","","","","","","","","","","","","","","","","",9000,1,"","",60,1,6,1,"","","","","","","","","","","","","","","","","","","","","","","","","","","","","","","","","","","","","","","","","","","","","","","","","","","","","","","","","","","","","","","","","",""
"54405001","NANCY-OCHEY",48.581,5.959833,336,1982120615,"","","","",7.,1,220,1,"","","","","","","","","","","","","","","","","","","","","","","","","","","","",7.,1,6.2,1,"","","","","","","","","","","","","","","","","","","","","","","","","","",96,1,"","","","","","","","","","","","",9.6,1,1021.8,1,"","","","","","",8,1,6,1,5,1,"","","","","","","","","","","","","","","","","","","","","","","","","","","","",4000,1,"","",61,1,6,1,"","","","","","","","","","","","","","","","","","","","","","","","","","","","","","","","","","","","","","","","","","","","","","","","","","","","","","","","","","","","","","","","","",""
"54405001","NANCY-OCHEY",48.581,5.959833,336,1982120618,"","","","",6.,1,220,1,"","","","","","","","","","","","","","","","","","","","","","","","","","","","",7.6,1,6.9,1,"","","","","","","","","","","","","","","","","","","","","","","","","","",97,1,"","","","","","","","","","","","",10.1,1,1021.7,1,"","","","","","",8,1,8,1,7,1,"","","","","","","","","","","","","","","","","","","","","","","","","","","","",4000,1,"","",53,1,6,1,"","","","","","","","","","","","","","","","","","","","","","","","","","","","","","","","","","","","","","","","","","","","","","","","","","","","","","","","","","","","","","","","","",""
"54405001","NANCY-OCHEY",48.581,5.959833,336,1982120621,"","","","",6.,1,220,1,"","","","","","","","","","","","","","","","","","","","","","","","","","","","",7.7,1,7.,1,"","","","","","","","","","","","","","","","","","","","","","","","","","",97,1,"","","","","","","","","","","","",10.2,1,1021.5,1,"","","","","","","","","","","","","","","","","","","","","","","","","","","","","","","","","","","","","","","","","","","","","","","","","","","","","","","","","","","","","","","","","","","","","","","","","","","","","","","","","","","","","","","","","","","","","","","","","","","","","","","","","","","","","","","","","",""
"54405001","NANCY-OCHEY",48.581,5.959833,336,1982120700,"","","","",6.,1,200,1,"","","","","","","","","","","","","","","","","","","","","","","","","","","","",7.8,1,7.2,1,"","","","","","","","","","","","","","","","","","","","","","","","","","",97,1,"","","","","","","","","","","","",10.3,1,1020.7,1,"","","","","","","","","","","","","","","","","","","","","","","","","","","","","","","","","","","","","","","","","","","","","","","","","","","","","","","","","","","","","","","","","","","","","","","","","","","","","","","","","","","","","","","","","","","","","","","","","","","","","","","","","","","","","","","","","",""
"54405001","NANCY-OCHEY",48.581,5.959833,336,1982120703,"","","","",5.,1,200,1,"","","","","","","","","","","","","","","","","","","","","","","","","","","","",7.8,1,7.2,1,"","","","","","","","","","","","","","","","","","","","","","","","","","",97,1,"","","","","","","","","","","","",10.3,1,1019.6,1,"","","","","","","","","","","","","","","","","","","","","","","","","","","","","","","","","","","","","","","","","","","","","","","","","","","","","","","","","","","","","","","","","","","","","","","","","","","","","","","","","","","","","","","","","","","","","","","","","","","","","","","","","","","","","","","","","",""
"54405001","NANCY-OCHEY",48.581,5.959833,336,1982120706,"","","","",4.,1,200,1,"","","","","","","","","","","","","","","","","","","","","","","","","","","","",7.8,1,7.2,1,"","","","","","","","","","","","","","","","","","","","","","","","","","",97,1,"","","","","","","","","","","","",10.3,1,1018.,1,"","","","","","",8,1,8,1,7,1,"","","","","","","","","","","","","","","","","","","","","","","","","","","","",4000,1,"","",53,1,6,1,"","",0,1,"","","","","","","","","","","","","","","","","","","","","","","","","","","","","","","","","","","","","","","","","","","","","","","","","","","","","","","","","","","","","",""
"54405001","NANCY-OCHEY",48.581,5.959833,336,1982120709,"","","","",6.,1,220,1,"","","","","","","","","","","","","","","","","","","","","","","","","","","","",8.2,1,7.2,1,"","","","","","","","","","","","","","","","","","","","","","","","","","",94,1,"","","","","","","","","","","","",10.3,1,1017.1,1,"","","","","","",8,1,6,1,5,1,"","","","","","","","","","","","","","","","","","","","","","","","","","","","",8000,1,"","",51,1,5,1,"","","","","","","","","","","","","","","","","","","","","","","","","","","","","","","","","","","","","","","","","","","","","","","","","","","","","","","","","","","","","","","","","",""
"54405001","NANCY-OCHEY",48.581,5.959833,336,1982120712,"","","","",6.,1,200,1,"","","","","","","","","","","","","","","","","","","","","","","","","","","","",8.9,1,8.,1,"","","","","","","","","","","","","","","","","","","","","","","","","","",96,1,"","","","","","","","","","","","",10.9,1,1015.,1,"","","","","","",7,1,7,1,7,1,"","","","","","","","","","","","","","","","","","","","","","","","","","","","",4500,1,"","",50,1,5,1,"","","","","","","","","","","","","","","","","","","","","","","","","","","","","","","","","","","","","","","","","","","","","","","","","","","","","","","","","","","","","","","","","",""
"54405001","NANCY-OCHEY",48.581,5.959833,336,1982120715,"","","","",6.,1,200,1,"","","","","","","","","","","","","","","","","","","","","","","","","","","","",9.1,1,8.,1,"","","","","","","","","","","","","","","","","","","","","","","","","","",95,1,"","","","","","","","","","","","",10.9,1,1012.6,1,"","","","","","",8,1,7,1,7,1,"","","","","","","","","","","","","","","","","","","","","","","","","","","","",9000,1,"","",3,1,5,1,"","","","","","","","","","","","","","","","","","","","","","","","","","","","","","","","","","","","","","","","","","","","","","","","","","","","","","","","","","","","","","","","","",""
"54405001","NANCY-OCHEY",48.581,5.959833,336,1982120718,"","","","",9.,1,200,1,"","","","","","","","","","","","","","","","","","","","","","","","","","","","",9.5,1,8.2,1,"","","","","","","","","","","","","","","","","","","","","","","","","","",93,1,"","","","","","","","","","","","",11.1,1,1010.3,1,"","","","","","",8,1,7,1,7,1,"","","","","","","","","","","","","","","","","","","","","","","","","","","","",9000,1,"","",60,1,6,1,"","","","","","","","","","","","","","","","","","","","","","","","","","","","","","","","","","","","","","","","","","","","","","","","","","","","","","","","","","","","","","","","","",""
"54405001","NANCY-OCHEY",48.581,5.959833,336,1982120721,"","","","",9.,1,220,1,"","","","","","","","","","","","","","","","","","","","","","","","","","","","",10.1,1,8.7,1,"","","","","","","","","","","","","","","","","","","","","","","","","","",93,1,"","","","","","","","","","","","",11.5,1,1010.,1,"","","","","","","","","","","","","","","","","","","","","","","","","","","","","","","","","","","","","","","","","","","","","","","","","","","","","","","","","","","","","","","","","","","","","","","","","","","","","","","","","","","","","","","","","","","","","","","","","","","","","","","","","","","","","","","","","",""
"54405001","NANCY-OCHEY",48.581,5.959833,336,1982120800,"","","","",9.,1,200,1,"","","","","","","","","","","","","","","","","","","","","","","","","","","","",10.6,1,9.2,1,"","","","","","","","","","","","","","","","","","","","","","","","","","",93,1,"","","","","","","","","","","","",11.9,1,1010.2,1,"","","","","","","","","","","","","","","","","","","","","","","","","","","","","","","","","","","","","","","","","","","","","","","","","","","","","","","","","","","","","","","","","","","","","","","","","","","","","","","","","","","","","","","","","","","","","","","","","","","","","","","","","","","","","","","","","",""
"54405001","NANCY-OCHEY",48.581,5.959833,336,1982120803,"","","","",10.,1,200,1,"","","","","","","","","","","","","","","","","","","","","","","","","","","","",10.7,1,9.,1,"","","","","","","","","","","","","","","","","","","","","","","","","","",91,1,"","","","","","","","","","","","",11.7,1,1010.4,1,"","","","","","","","","","","","","","","","","","","","","","","","","","","","","","","","","","","","","","","","","","","","","","","","","","","","","","","","","","","","","","","","","","","","","","","","","","","","","","","","","","","","","","","","","","","","","","","","","","","","","","","","","","","","","","","","","",""
"54405001","NANCY-OCHEY",48.581,5.959833,336,1982120806,"","","","",8.,1,220,1,"","","","","","","","","","","","","","","","","","","","","","","","","","","","",10.2,1,8.5,1,"","","","","","","","","","","","","","","","","","","","","","","","","","",91,1,"","","","","","","","","","","","",11.3,1,1010.5,1,"","","","","","",7,1,6,1,8,1,"","","","","","","","","","","","","","","","","","","","","","","","","","","","",13000,1,"","",3,1,2,1,"","",0,1,"","","","","","","","","","","","","","","","","","","","","","","","","","","","","","","","","","","","","","","","","","","","","","","","","","","","","","","","","","","","","",""
"54405001","NANCY-OCHEY",48.581,5.959833,336,1982120809,"","","","",10.,1,240,1,"","","","","","","","","","","","","","","","","","","","","","","","","","","","",9.3,1,7.4,1,"","","","","","","","","","","","","","","","","","","","","","","","","","",89,1,"","","","","","","","","","","","",10.5,1,1011.8,1,"","","","","","",8,1,7,1,8,1,2,1,"","","","","","","","","","","","","","","","","","","","","","","","","","",20000,1,"","",60,1,6,1,"","","","","","","","","","","","","","","","","","","","","","","","","","","","","","","","","","","","","","","","","","","","","","","","","","","","","","","","","","","","","","","","","",""
"54405001","NANCY-OCHEY",48.581,5.959833,336,1982120812,"","","","",4.,1,240,1,"","","","","","","","","","","","","","","","","","","","","","","","","","","","",8.3,1,7.6,1,"","","","","","","","","","","","","","","","","","","","","","","","","","",97,1,"","","","","","","","","","","","",10.6,1,1011.4,1,"","","","","","",8,1,5,1,8,1,2,1,"","","","","","","","","","","","","","","","","","","","","","","","","","",8000,1,"","",61,1,6,1,"","","","","","","","","","","","","","","","","","","","","","","","","","","","","","","","","","","","","","","","","","","","","","","","","","","","","","","","","","","","","","","","","",""
"54405001","NANCY-OCHEY",48.581,5.959833,336,1982120815,"","","","",7.,1,240,1,"","","","","","","","","","","","","","","","","","","","","","","","","","","","",7.8,1,6.4,1,"","","","","","","","","","","","","","","","","","","","","","","","","","",93,1,"","","","","","","","","","","","",9.8,1,1010.7,1,"","","","","","",7,1,5,1,8,1,2,1,"","","","","","","","","","","","","","","","","","","","","","","","","","",20000,1,"","",61,1,6,1,"","","","","","","","","","","","","","","","","","","","","","","","","","","","","","","","","","","","","","","","","","","","","","","","","","","","","","","","","","","","","","","","","",""
"54405001","NANCY-OCHEY",48.581,5.959833,336,1982120818,"","","","",5.,1,200,1,"","","","","","","","","","","","","","","","","","","","","","","","","","","","",7.,1,5.4,1,"","","","","","","","","","","","","","","","","","","","","","","","","","",91,1,"","","","","","","","","","","","",9.1,1,1011.1,1,"","","","","","",7,1,7,1,0,1,2,1,"","","","","","","","","","","","","","","","","","","","","","","","","","",15000,1,"","",1,1,6,1,"","","","","","","","","","","","","","","","","","","","","","","","","","","","","","","","","","","","","","","","","","","","","","","","","","","","","","","","","","","","","","","","","",""
"54405001","NANCY-OCHEY",48.581,5.959833,336,1982120821,"","","","",7.,1,200,1,"","","","","","","","","","","","","","","","","","","","","","","","","","","","",7.5,1,5.6,1,"","","","","","","","","","","","","","","","","","","","","","","","","","",89,1,"","","","","","","","","","","","",9.2,1,1010.8,1,"","","","","","","","","","","","","","","","","","","","","","","","","","","","","","","","","","","","","","","","","","","","","","","","","","","","","","","","","","","","","","","","","","","","","","","","","","","","","","","","","","","","","","","","","","","","","","","","","","","","","","","","","","","","","","","","","",""
"54405001","NANCY-OCHEY",48.581,5.959833,336,1982120900,"","","","",7.,1,220,1,"","","","","","","","","","","","","","","","","","","","","","","","","","","","",7.5,1,5.6,1,"","","","","","","","","","","","","","","","","","","","","","","","","","",89,1,"","","","","","","","","","","","",9.2,1,1010.2,1,"","","","","","","","","","","","","","","","","","","","","","","","","","","","","","","","","","","","","","","","","","","","","","","","","","","","","","","","","","","","","","","","","","","","","","","","","","","","","","","","","","","","","","","","","","","","","","","","","","","","","","","","","","","","","","","","","",""
"54405001","NANCY-OCHEY",48.581,5.959833,336,1982120903,"","","","",8.,1,200,1,"","","","","","","","","","","","","","","","","","","","","","","","","","","","",5.8,1,4.1,1,"","","","","","","","","","","","","","","","","","","","","","","","","","",90,1,"","","","","","","","","","","","",8.3,1,1008.5,1,"","","","","","","","","","","","","","","","","","","","","","","","","","","","","","","","","","","","","","","","","","","","","","","","","","","","","","","","","","","","","","","","","","","","","","","","","","","","","","","","","","","","","","","","","","","","","","","","","","","","","","","","","","","","","","","","","",""
"54405001","NANCY-OCHEY",48.581,5.959833,336,1982120906,"","","","",9.,1,200,1,"","","","","","","","","","","","","","","","","","","","","","","","","","","","",6.9,1,4.6,1,"","","","","","","","","","","","","","","","","","","","","","","","","","",87,1,"","","","","","","","","","","","",8.6,1,1006.5,1,"","","","","","",4,1,0,1,8,1,0,1,0,1,"","","","","","","","","","","","","","","","","","","","","","","","",13000,1,"","",3,1,1,1,"","",0,1,"","","","","","","","","","","","","","","","","","","","","","","","","","","","","","","","","","","","","","","","","","","","","","","","","","","","","","","","","","","","","",""
"54405001","NANCY-OCHEY",48.581,5.959833,336,1982120909,"","","","",11.,1,220,1,"","","","","","","","","","","","","","","","","","","","","","","","","","","","",6.6,1,5.6,1,"","","","","","","","","","","","","","","","","","","","","","","","","","",94,1,"","","","","","","","","","","","",9.2,1,1005.7,1,"","","","","","",8,1,6,1,5,1,7,1,"","","","","","","","","","","","","","","","","","","","","","","","","","",8000,1,"","",61,1,6,1,"","","","","","","","","","","","","","","","","","","","","","","","","","","","","","","","","","","","","","","","","","","","","","","","","","","","","","","","","","","","","","","","","",""
"54405001","NANCY-OCHEY",48.581,5.959833,336,1982120912,"","","","",12.,1,240,1,"","","","","","","","","","","","","","","","","","","","","","","","","","","","",8.5,1,5.7,1,"","","","","","","","","","","","","","","","","","","","","","","","","","",84,1,"","","","","","","","","","","","",9.3,1,1006.1,1,"","","","","","",7,1,6,1,8,1,"","","","","","","","","","","","","","","","","","","","","","","","","","","","",25000,1,"","",3,1,6,1,"","","","","","","","","","","","","","","","","","","","","","","","","","","","","","","","","","","","","","","","","","","","","","","","","","","","","","","","","","","","","","","","","",""
"54405001","NANCY-OCHEY",48.581,5.959833,336,1982120915,"","","","",6.,1,260,1,"","","","","","","","","","","","","","","","","","","","","","","","","","","","",8.1,1,6.6,1,"","","","","","","","","","","","","","","","","","","","","","","","","","",92,1,"","","","","","","","","","","","",9.9,1,1007.2,1,"","","","","","",7,1,7,1,2,1,"","","","","","","","","","","","","","","","","","","","","","","","","","","","",6000,1,"","",80,1,8,1,"","","","","","","","","","","","","","","","","","","","","","","","","","","","","","","","","","","","","","","","","","","","","","","","","","","","","","","","","","","","","","","","","",""
"54405001","NANCY-OCHEY",48.581,5.959833,336,1982120918,"","","","",9.,1,220,1,"","","","","","","","","","","","","","","","","","","","","","","","","","","","",8.6,1,6.2,1,"","","","","","","","","","","","","","","","","","","","","","","","","","",86,1,"","","","","","","","","","","","",9.6,1,1007.8,1,"","","","","","",7,1,6,1,8,1,"","","","","","","","","","","","","","","","","","","","","","","","","","","","",18000,1,"","",3,1,8,1,"","","","","","","","","","","","","","","","","","","","","","","","","","","","","","","","","","","","","","","","","","","","","","","","","","","","","","","","","","","","","","","","","",""
"54405001","NANCY-OCHEY",48.581,5.959833,336,1982120921,"","","","",11.,1,200,1,"","","","","","","","","","","","","","","","","","","","","","","","","","","","",8.9,1,5.1,1,"","","","","","","","","","","","","","","","","","","","","","","","","","",78,1,"","","","","","","","","","","","",8.9,1,1005.9,1,"","","","","","","","","","","","","","","","","","","","","","","","","","","","","","","","","","","","","","","","","","","","","","","","","","","","","","","","","","","","","","","","","","","","","","","","","","","","","","","","","","","","","","","","","","","","","","","","","","","","","","","","","","","","","","","","","",""
"54405001","NANCY-OCHEY",48.581,5.959833,336,1982121000,"","","","",13.,1,220,1,"","","","","","","","","","","","","","","","","","","","","","","","","","","","",8.8,1,7.3,1,"","","","","","","","","","","","","","","","","","","","","","","","","","",92,1,"","","","","","","","","","","","",10.4,1,1003.3,1,"","","","","","","","","","","","","","","","","","","","","","","","","","","","","","","","","","","","","","","","","","","","","","","","","","","","","","","","","","","","","","","","","","","","","","","","","","","","","","","","","","","","","","","","","","","","","","","","","","","","","","","","","","","","","","","","","",""
"54405001","NANCY-OCHEY",48.581,5.959833,336,1982121003,"","","","",12.,1,220,1,"","","","","","","","","","","","","","","","","","","","","","","","","","","","",9.2,1,8.,1,"","","","","","","","","","","","","","","","","","","","","","","","","","",94,1,"","","","","","","","","","","","",10.9,1,1001.6,1,"","","","","","","","","","","","","","","","","","","","","","","","","","","","","","","","","","","","","","","","","","","","","","","","","","","","","","","","","","","","","","","","","","","","","","","","","","","","","","","","","","","","","","","","","","","","","","","","","","","","","","","","","","","","","","","","","",""
"54405001","NANCY-OCHEY",48.581,5.959833,336,1982121006,"","","","",14.,1,220,1,"","","","","","","","","","","","","","","","","","","","","","","","","","","","",10.,1,8.7,1,"","","","","","","","","","","","","","","","","","","","","","","","","","",93,1,"","","","","","","","","","","","",11.5,1,997.4,1,"","","","","","",8,1,7,1,2,1,2,1,"","","","","","","","","","","","","","","","","","","","","","","","","","",15000,1,"","",21,1,6,1,"","",0,1,"","","","","","","","","","","","","","","","","","","","","","","","","","","","","","","","","","","","","","","","","","","","","","","","","","","","","","","","","","","","","",""
"54405001","NANCY-OCHEY",48.581,5.959833,336,1982121009,"","","","",10.,1,240,1,"","","","","","","","","","","","","","","","","","","","","","","","","","","","",9.2,1,6.9,1,"","","","","","","","","","","","","","","","","","","","","","","","","","",87,1,"","","","","","","","","","","","",10.1,1,996.6,1,"","","","","","",6,1,5,1,3,1,3,1,0,1,"","","","","","","","","","","","","","","","","","","","","","","","",25000,1,"","",1,1,9,1,"","","","","","","","","","","","","","","","","","","","","","","","","","","","","","","","","","","","","","","","","","","","","","","","","","","","","","","","","","","","","","","","","",""
"54405001","NANCY-OCHEY",48.581,5.959833,336,1982121012,"","","","",12.,1,240,1,"","","","","","","","","","","","","","","","","","","","","","","","","","","","",7.3,1,4.6,1,"","","","","","","","","","","","","","","","","","","","","","","","","","",84,1,"","","","","","","","","","","","",8.6,1,996.5,1,"","","","","","",7,1,7,1,9,1,"","","","","","","","","","","","","","","","","","","","","","","","","","","","",25000,1,"","",25,1,9,1,"","","","","","","","","","","","","","","","","","","","","","","","","","","","","","","","","","","","","","","","","","","","","","","","","","","","","","","","","","","","","","","","","",""
"54405001","NANCY-OCHEY",48.581,5.959833,336,1982121015,"","","","",12.,1,240,1,"","","","","","","","","","","","","","","","","","","","","","","","","","","","",6.,1,1.4,1,"","","","","","","","","","","","","","","","","","","","","","","","","","",73,1,"","","","","","","","","","","","",6.8,1,997.9,1,"","","","","","",4,1,0,1,9,1,0,1,0,1,"","","","","","","","","","","","","","","","","","","","","","","","",30000,1,"","",1,1,8,1,"","","","","","","","","","","","","","","","","","","","","","","","","","","","","","","","","","","","","","","","","","","","","","","","","","","","","","","","","","","","","","","","","",""
"54405001","NANCY-OCHEY",48.581,5.959833,336,1982121018,"","","","",12.,1,240,1,"","","","","","","","","","","","","","","","","","","","","","","","","","","","",4.5,1,1.4,1,"","","","","","","","","","","","","","","","","","","","","","","","","","",81,1,"","","","","","","","","","","","",6.8,1,1000.5,1,"","","","","","",5,1,5,1,2,1,0,1,0,1,"","","","","","","","","","","","","","","","","","","","","","","","",20000,1,"","",1,1,8,1,"","","","","","","","","","","","","","","","","","","","","","","","","","","","","","","","","","","","","","","","","","","","","","","","","","","","","","","","","","","","","","","","","",""
"54405001","NANCY-OCHEY",48.581,5.959833,336,1982121021,"","","","",10.,1,240,1,"","","","","","","","","","","","","","","","","","","","","","","","","","","","",2.8,1,1.,1,"","","","","","","","","","","","","","","","","","","","","","","","","","",89,1,"","","","","","","","","","","","",6.6,1,1000.7,1,"","","","","","","","","","","","","","","","","","","","","","","","","","","","","","","","","","","","","","","","","","","","","","","","","","","","","","","","","","","","","","","","","","","","","","","","","","","","","","","","","","","","","","","","","","","","","","","","","","","","","","","","","","","","","","","","","",""
"54405001","NANCY-OCHEY",48.581,5.959833,336,1982121100,"","","","",9.,1,260,1,"","","","","","","","","","","","","","","","","","","","","","","","","","","","",3.4,1,1.,1,"","","","","","","","","","","","","","","","","","","","","","","","","","",85,1,"","","","","","","","","","","","",6.6,1,1000.5,1,"","","","","","","","","","","","","","","","","","","","","","","","","","","","","","","","","","","","","","","","","","","","","","","","","","","","","","","","","","","","","","","","","","","","","","","","","","","","","","","","","","","","","","","","","","","","","","","","","","","","","","","","","","","","","","","","","",""
"54405001","NANCY-OCHEY",48.581,5.959833,336,1982121103,"","","","",5.,1,200,1,"","","","","","","","","","","","","","","","","","","","","","","","","","","","",2.6,1,0.4,1,"","","","","","","","","","","","","","","","","","","","","","","","","","",86,1,"","","","","","","","","","","","",6.3,1,1000.7,1,"","","","","","","","","","","","","","","","","","","","","","","","","","","","","","","","","","","","","","","","","","","","","","","","","","","","","","","","","","","","","","","","","","","","","","","","","","","","","","","","","","","","","","","","","","","","","","","","","","","","","","","","","","","","","","","","","",""
"54405001","NANCY-OCHEY",48.581,5.959833,336,1982121106,"","","","",6.,1,240,1,"","","","","","","","","","","","","","","","","","","","","","","","","","","","",2.8,1,1.4,1,"","","","","","","","","","","","","","","","","","","","","","","","","","",91,1,"","","","","","","","","","","","",6.8,1,999.7,1,"","","","","","",7,1,7,1,2,1,"","","","","","","","","","","","","","","","","","","","","","","","","","","","",15000,1,"","",3,1,8,1,"","",0,1,"","","","","","","","","","","","","","","","","","","","","","","","","","","","","","","","","","","","","","","","","","","","","","","","","","","","","","","","","","","","","",""
"54405001","NANCY-OCHEY",48.581,5.959833,336,1982121109,"","","","",7.,1,260,1,"","","","","","","","","","","","","","","","","","","","","","","","","","","","",2.8,1,1.6,1,"","","","","","","","","","","","","","","","","","","","","","","","","","",93,1,"","","","","","","","","","","","",6.9,1,1000.1,1,"","","","","","",8,1,7,1,2,1,"","","","","","","","","","","","","","","","","","","","","","","","","","","","",20000,1,"","",25,1,8,1,"","","","","","","","","","","","","","","","","","","","","","","","","","","","","","","","","","","","","","","","","","","","","","","","","","","","","","","","","","","","","","","","","",""
"54405001","NANCY-OCHEY",48.581,5.959833,336,1982121112,"","","","",8.,1,260,1,"","","","","","","","","","","","","","","","","","","","","","","","","","","","",3.,1,2.2,1,"","","","","","","","","","","","","","","","","","","","","","","","","","",95,1,"","","","","","","","","","","","",7.2,1,1001.,1,"","","","","","",8,1,8,1,2,1,"","","","","","","","","","","","","","","","","","","","","","","","","","","","",8000,1,"","",80,1,8,1,"","","","","","","","","","","","","","","","","","","","","","","","","","","","","","","","","","","","","","","","","","","","","","","","","","","","","","","","","","","","","","","","","",""
"54405001","NANCY-OCHEY",48.581,5.959833,336,1982121115,"","","","",7.,1,300,1,"","","","","","","","","","","","","","","","","","","","","","","","","","","","",2.5,1,0.,1,"","","","","","","","","","","","","","","","","","","","","","","","","","",83,1,"","","","","","","","","","","","",6.1,1,1004.1,1,"","","","","","","","","","","","","","","","","","","","","","","","","","","","","","","","","","","","","","","","","","","","","","","","","","","","","","","","","","","","","","","","","","","","","","","","","","","","","","","","","","","","","","","","","","","","","","","","","","","","","","","","","","","","","","","","","",""
"54405001","NANCY-OCHEY",48.581,5.959833,336,1982121118,"","","","",6.,1,240,1,"","","","","","","","","","","","","","","","","","","","","","","","","","","","",0.9,1,-1.1,1,"","","","","","","","","","","","","","","","","","","","","","","","","","",86,1,"","","","","","","","","","","","",5.6,1,1006.,1,"","","","","","","","","","","","","","","","","","","","","","","","","","","","","","","","","","","","","","","","","","","","","","","","","","","","","","","","","","","","","","","","","","","","","","","","","","","","","","","","","","","","","","","","","","","","","","","","","","","","","","","","","","","","","","","","","",""
"54405001","NANCY-OCHEY",48.581,5.959833,336,1982121121,"","","","",5.,1,200,1,"","","","","","","","","","","","","","","","","","","","","","","","","","","","",0.7,1,-0.9,1,"","","","","","","","","","","","","","","","","","","","","","","","","","",88,1,"","","","","","","","","","","","",5.7,1,1005.9,1,"","","","","","","","","","","","","","","","","","","","","","","","","","","","","","","","","","","","","","","","","","","","","","","","","","","","","","","","","","","","","","","","","","","","","","","","","","","","","","","","","","","","","","","","","","","","","","","","","","","","","","","","","","","","","","","","","",""
"54405001","NANCY-OCHEY",48.581,5.959833,336,1982121200,"","","","",3.,1,200,1,"","","","","","","","","","","","","","","","","","","","","","","","","","","","",1.1,1,0.,1,"","","","","","","","","","","","","","","","","","","","","","","","","","",93,1,"","","","","","","","","","","","",6.1,1,1004.4,1,"","","","","","","","","","","","","","","","","","","","","","","","","","","","","","","","","","","","","","","","","","","","","","","","","","","","","","","","","","","","","","","","","","","","","","","","","","","","","","","","","","","","","","","","","","","","","","","","","","","","","","","","","","","","","","","","","",""
"54405001","NANCY-OCHEY",48.581,5.959833,336,1982121203,"","","","",6.,1,200,1,"","","","","","","","","","","","","","","","","","","","","","","","","","","","",2.3,1,1.4,1,"","","","","","","","","","","","","","","","","","","","","","","","","","",95,1,"","","","","","","","","","","","",6.8,1,1001.2,1,"","","","","","","","","","","","","","","","","","","","","","","","","","","","","","","","","","","","","","","","","","","","","","","","","","","","","","","","","","","","","","","","","","","","","","","","","","","","","","","","","","","","","","","","","","","","","","","","","","","","","","","","","","","","","","","","","",""
"54405001","NANCY-OCHEY",48.581,5.959833,336,1982121206,"","","","",6.,1,180,1,"","","","","","","","","","","","","","","","","","","","","","","","","","","","",4.,1,2.9,1,"","","","","","","","","","","","","","","","","","","","","","","","","","",93,1,"","","","","","","","","","","","",7.6,1,996.6,1,"","","","","","",7,1,7,1,7,1,"","","","","","","","","","","","","","","","","","","","","","","","","","","","",13000,1,"","",1,1,2,1,"","",0,1,"","","","","","","","","","","","","","","","","","","","","","","","","","","","","","","","","","","","","","","","","","","","","","","","","","","","","","","","","","","","","",""
"54405001","NANCY-OCHEY",48.581,5.959833,336,1982121209,"","","","",9.,1,200,1,"","","","","","","","","","","","","","","","","","","","","","","","","","","","",3.5,1,2.2,1,"","","","","","","","","","","","","","","","","","","","","","","","","","",92,1,"","","","","","","","","","","","",7.2,1,992.7,1,"","","","","","",8,1,5,1,8,1,2,1,"","","","","","","","","","","","","","","","","","","","","","","","","","",9000,1,"","",60,1,6,1,"","","","","","","","","","","","","","","","","","","","","","","","","","","","","","","","","","","","","","","","","","","","","","","","","","","","","","","","","","","","","","","","","",""
"54405001","NANCY-OCHEY",48.581,5.959833,336,1982121212,"","","","",10.,1,260,1,"","","","","","","","","","","","","","","","","","","","","","","","","","","","",5.5,1,4.1,1,"","","","","","","","","","","","","","","","","","","","","","","","","","",92,1,"","","","","","","","","","","","",8.3,1,991.6,1,"","","","","","",8,1,5,1,2,1,2,1,"","","","","","","","","","","","","","","","","","","","","","","","","","",13000,1,"","",21,1,6,1,"","","","","","","","","","","","","","","","","","","","","","","","","","","","","","","","","","","","","","","","","","","","","","","","","","","","","","","","","","","","","","","","","",""
"54405001","NANCY-OCHEY",48.581,5.959833,336,1982121215,"","","","",11.,1,260,1,"","","","","","","","","","","","","","","","","","","","","","","","","","","","",5.6,1,2.5,1,"","","","","","","","","","","","","","","","","","","","","","","","","","",81,1,"","","","","","","","","","","","",7.4,1,993.7,1,"","","","","","","","","","","","","","","","","","","","","","","","","","","","","","","","","","","","","","","","","","","","","","","","","","","","","","","","","","","","","","","","","","","","","","","","","","","","","","","","","","","","","","","","","","","","","","","","","","","","","","","","","","","","","","","","","",""
"54405001","NANCY-OCHEY",48.581,5.959833,336,1982121218,"","","","",10.,1,240,1,"","","","","","","","","","","","","","","","","","","","","","","","","","","","",5.3,1,2.5,1,"","","","","","","","","","","","","","","","","","","","","","","","","","",83,1,"","","","","","","","","","","","",7.4,1,994.7,1,"","","","","","","","","","","","","","","","","","","","","","","","","","","","","","","","","","","","","","","","","","","","","","","","","","","","","","","","","","","","","","","","","","","","","","","","","","","","","","","","","","","","","","","","","","","","","","","","","","","","","","","","","","","","","","","","","",""
"54405001","NANCY-OCHEY",48.581,5.959833,336,1982121221,"","","","",9.,1,240,1,"","","","","","","","","","","","","","","","","","","","","","","","","","","","",4.4,1,1.8,1,"","","","","","","","","","","","","","","","","","","","","","","","","","",84,1,"","","","","","","","","","","","",7.,1,995.9,1,"","","","","","","","","","","","","","","","","","","","","","","","","","","","","","","","","","","","","","","","","","","","","","","","","","","","","","","","","","","","","","","","","","","","","","","","","","","","","","","","","","","","","","","","","","","","","","","","","","","","","","","","","","","","","","","","","",""
"54405001","NANCY-OCHEY",48.581,5.959833,336,1982121300,"","","","",8.,1,240,1,"","","","","","","","","","","","","","","","","","","","","","","","","","","","",3.1,1,1.2,1,"","","","","","","","","","","","","","","","","","","","","","","","","","",88,1,"","","","","","","","","","","","",6.7,1,997.3,1,"","","","","","","","","","","","","","","","","","","","","","","","","","","","","","","","","","","","","","","","","","","","","","","","","","","","","","","","","","","","","","","","","","","","","","","","","","","","","","","","","","","","","","","","","","","","","","","","","","","","","","","","","","","","","","","","","",""
"54405001","NANCY-OCHEY",48.581,5.959833,336,1982121303,"","","","",5.,1,280,1,"","","","","","","","","","","","","","","","","","","","","","","","","","","","",3.4,1,2.4,1,"","","","","","","","","","","","","","","","","","","","","","","","","","",94,1,"","","","","","","","","","","","",7.3,1,998.6,1,"","","","","","","","","","","","","","","","","","","","","","","","","","","","","","","","","","","","","","","","","","","","","","","","","","","","","","","","","","","","","","","","","","","","","","","","","","","","","","","","","","","","","","","","","","","","","","","","","","","","","","","","","","","","","","","","","",""
"54405001","NANCY-OCHEY",48.581,5.959833,336,1982121306,"","","","",5.,1,240,1,"","","","","","","","","","","","","","","","","","","","","","","","","","","","",3.8,1,2.9,1,"","","","","","","","","","","","","","","","","","","","","","","","","","",95,1,"","","","","","","","","","","","",7.6,1,1000.1,1,"","","","","","",8,1,8,1,7,1,"","","","","","","","","","","","","","","","","","","","","","","","","","","","",8000,1,"","",61,1,6,1,"","",0,1,"","","","","","","","","","","","","","","","","","","","","","","","","","","","","","","","","","","","","","","","","","","","","","","","","","","","","","","","","","","","","",""
"54405001","NANCY-OCHEY",48.581,5.959833,336,1982121309,"","","","",2.,1,220,1,"","","","","","","","","","","","","","","","","","","","","","","","","","","","",4.,1,3.1,1,"","","","","","","","","","","","","","","","","","","","","","","","","","",95,1,"","","","","","","","","","","","",7.7,1,1002.1,1,"","","","","","",7,1,7,1,5,1,"","","","","","","","","","","","","","","","","","","","","","","","","","","","",13000,1,"","",21,1,6,1,"","","","","","","","","","","","","","","","","","","","","","","","","","","","","","","","","","","","","","","","","","","","","","","","","","","","","","","","","","","","","","","","","",""
"54405001","NANCY-OCHEY",48.581,5.959833,336,1982121312,"","","","",2.,1,260,1,"","","","","","","","","","","","","","","","","","","","","","","","","","","","",5.3,1,2.7,1,"","","","","","","","","","","","","","","","","","","","","","","","","","",84,1,"","","","","","","","","","","","",7.5,1,1003.4,1,"","","","","","",7,1,6,1,8,1,"","","","","","","","","","","","","","","","","","","","","","","","","","","","",24000,1,"","",2,1,6,1,"","","","","","","","","","","","","","","","","","","","","","","","","","","","","","","","","","","","","","","","","","","","","","","","","","","","","","","","","","","","","","","","","",""
"54405001","NANCY-OCHEY",48.581,5.959833,336,1982121315,"","","","",2.,1,20,1,"","","","","","","","","","","","","","","","","","","","","","","","","","","","",5.1,1,3.3,1,"","","","","","","","","","","","","","","","","","","","","","","","","","",89,1,"","","","","","","","","","","","",7.8,1,1004.7,1,"","","","","","",7,1,7,1,8,1,"","","","","","","","","","","","","","","","","","","","","","","","","","","","",13000,1,"","",3,1,2,1,"","","","","","","","","","","","","","","","","","","","","","","","","","","","","","","","","","","","","","","","","","","","","","","","","","","","","","","","","","","","","","","","","",""
"54405001","NANCY-OCHEY",48.581,5.959833,336,1982121318,"","","","",3.,1,40,1,"","","","","","","","","","","","","","","","","","","","","","","","","","","","",4.,1,2.5,1,"","","","","","","","","","","","","","","","","","","","","","","","","","",92,1,"","","","","","","","","","","","",7.4,1,1007.5,1,"","","","","","",7,1,7,1,8,1,"","","","","","","","","","","","","","","","","","","","","","","","","","","","",8000,1,"","",1,1,2,1,"","","","","","","","","","","","","","","","","","","","","","","","","","","","","","","","","","","","","","","","","","","","","","","","","","","","","","","","","","","","","","","","","",""
"54405001","NANCY-OCHEY",48.581,5.959833,336,1982121321,"","","","",2.,1,40,1,"","","","","","","","","","","","","","","","","","","","","","","","","","","","",2.3,1,0.6,1,"","","","","","","","","","","","","","","","","","","","","","","","","","",89,1,"","","","","","","","","","","","",6.4,1,1008.,1,"","","","","","","","","","","","","","","","","","","","","","","","","","","","","","","","","","","","","","","","","","","","","","","","","","","","","","","","","","","","","","","","","","","","","","","","","","","","","","","","","","","","","","","","","","","","","","","","","","","","","","","","","","","","","","","","","",""
"54405001","NANCY-OCHEY",48.581,5.959833,336,1982121400,"","","","",2.,1,40,1,"","","","","","","","","","","","","","","","","","","","","","","","","","","","",0.8,1,-0.2,1,"","","","","","","","","","","","","","","","","","","","","","","","","","",93,1,"","","","","","","","","","","","",6.,1,1012.7,1,"","","","","","","","","","","","","","","","","","","","","","","","","","","","","","","","","","","","","","","","","","","","","","","","","","","","","","","","","","","","","","","","","","","","","","","","","","","","","","","","","","","","","","","","","","","","","","","","","","","","","","","","","","","","","","","","","",""
"54405001","NANCY-OCHEY",48.581,5.959833,336,1982121403,"","","","",2.,1,360,1,"","","","","","","","","","","","","","","","","","","","","","","","","","","","",1.8,1,0.8,1,"","","","","","","","","","","","","","","","","","","","","","","","","","",93,1,"","","","","","","","","","","","",6.5,1,1014.,1,"","","","","","","","","","","","","","","","","","","","","","","","","","","","","","","","","","","","","","","","","","","","","","","","","","","","","","","","","","","","","","","","","","","","","","","","","","","","","","","","","","","","","","","","","","","","","","","","","","","","","","","","","","","","","","","","","",""
"54405001","NANCY-OCHEY",48.581,5.959833,336,1982121406,"","","","",3.,1,360,1,"","","","","","","","","","","","","","","","","","","","","","","","","","","","",1.9,1,0.8,1,"","","","","","","","","","","","","","","","","","","","","","","","","","",93,1,"","","","","","","","","","","","",6.5,1,1016.4,1,"","","","","","",8,1,5,1,5,1,"","","","","","","","","","","","","","","","","","","","","","","","","","","","",4000,1,"","",10,1,2,1,"","",0,1,"","","","","","","","","","","","","","","","","","","","","","","","","","","","","","","","","","","","","","","","","","","","","","","","","","","","","","","","","","","","","",""
"54405001","NANCY-OCHEY",48.581,5.959833,336,1982121409,"","","","",3.,1,340,1,"","","","","","","","","","","","","","","","","","","","","","","","","","","","",1.5,1,0.4,1,"","","","","","","","","","","","","","","","","","","","","","","","","","",92,1,"","","","","","","","","","","","",6.3,1,1019.1,1,"","","","","","",8,1,8,1,6,1,"","","","","","","","","","","","","","","","","","","","","","","","","","","","",3000,1,"","",10,1,2,1,"","","","","","","","","","","","","","","","","","","","","","","","","","","","","","","","","","","","","","","","","","","","","","","","","","","","","","","","","","","","","","","","","",""
"54405001","NANCY-OCHEY",48.581,5.959833,336,1982121412,"","","","",2.,1,320,1,"","","","","","","","","","","","","","","","","","","","","","","","","","","","",2.1,1,0.1,1,"","","","","","","","","","","","","","","","","","","","","","","","","","",87,1,"","","","","","","","","","","","",6.2,1,1020.2,1,"","","","","","",7,1,7,1,5,1,"","","","","","","","","","","","","","","","","","","","","","","","","","","","",5000,1,"","",3,1,2,1,"","","","","","","","","","","","","","","","","","","","","","","","","","","","","","","","","","","","","","","","","","","","","","","","","","","","","","","","","","","","","","","","","",""
"54405001","NANCY-OCHEY",48.581,5.959833,336,1982121415,"","","","",4.,1,260,1,"","","","","","","","","","","","","","","","","","","","","","","","","","","","",2.7,1,-1.1,1,"","","","","","","","","","","","","","","","","","","","","","","","","","",75,1,"","","","","","","","","","","","",5.6,1,1020.1,1,"","","","","","",7,1,7,1,5,1,"","","","","","","","","","","","","","","","","","","","","","","","","","","","",12000,1,"","",3,1,2,1,"","","","","","","","","","","","","","","","","","","","","","","","","","","","","","","","","","","","","","","","","","","","","","","","","","","","","","","","","","","","","","","","","",""
"54405001","NANCY-OCHEY",48.581,5.959833,336,1982121418,"","","","",4.,1,240,1,"","","","","","","","","","","","","","","","","","","","","","","","","","","","",1.8,1,-2.1,1,"","","","","","","","","","","","","","","","","","","","","","","","","","",74,1,"","","","","","","","","","","","",5.2,1,1021.,1,"","","","","","",8,1,8,1,5,1,"","","","","","","","","","","","","","","","","","","","","","","","","","","","",12000,1,"","",3,1,2,1,"","","","","","","","","","","","","","","","","","","","","","","","","","","","","","","","","","","","","","","","","","","","","","","","","","","","","","","","","","","","","","","","","",""
"54405001","NANCY-OCHEY",48.581,5.959833,336,1982121421,"","","","",6.,1,220,1,"","","","","","","","","","","","","","","","","","","","","","","","","","","","",1.4,1,-2.6,1,"","","","","","","","","","","","","","","","","","","","","","","","","","",74,1,"","","","","","","","","","","","",5.,1,1020.7,1,"","","","","","","","","","","","","","","","","","","","","","","","","","","","","","","","","","","","","","","","","","","","","","","","","","","","","","","","","","","","","","","","","","","","","","","","","","","","","","","","","","","","","","","","","","","","","","","","","","","","","","","","","","","","","","","","","",""
"54405001","NANCY-OCHEY",48.581,5.959833,336,1982121500,"","","","",10.,1,240,1,"","","","","","","","","","","","","","","","","","","","","","","","","","","","",0.7,1,-2.9,1,"","","","","","","","","","","","","","","","","","","","","","","","","","",76,1,"","","","","","","","","","","","",4.9,1,1018.7,1,"","","","","","","","","","","","","","","","","","","","","","","","","","","","","","","","","","","","","","","","","","","","","","","","","","","","","","","","","","","","","","","","","","","","","","","","","","","","","","","","","","","","","","","","","","","","","","","","","","","","","","","","","","","","","","","","","",""
"54405001","NANCY-OCHEY",48.581,5.959833,336,1982121503,"","","","",9.,1,200,1,"","","","","","","","","","","","","","","","","","","","","","","","","","","","",0.6,1,-1.3,1,"","","","","","","","","","","","","","","","","","","","","","","","","","",86,1,"","","","","","","","","","","","",5.5,1,1015.4,1,"","","","","","","","","","","","","","","","","","","","","","","","","","","","","","","","","","","","","","","","","","","","","","","","","","","","","","","","","","","","","","","","","","","","","","","","","","","","","","","","","","","","","","","","","","","","","","","","","","","","","","","","","","","","","","","","","",""
"54405001","NANCY-OCHEY",48.581,5.959833,336,1982121506,"","","","",13.,1,220,1,"","","","","","","","","","","","","","","","","","","","","","","","","","","","",1.8,1,0.1,1,"","","","","","","","","","","","","","","","","","","","","","","","","","",89,1,"","","","","","","","","","","","",6.2,1,1012.1,1,"","","","","","",8,1,8,1,7,1,"","","","","","","","","","","","","","","","","","","","","","","","","","","","",5000,1,"","",21,1,6,1,"","",0,1,"","","","","","","","","","","","","","","","","","","","","","","","","","","","","","","","","","","","","","","","","","","","","","","","","","","","","","","","","","","","","",""
"54405001","NANCY-OCHEY",48.581,5.959833,336,1982121509,"","","","",12.,1,220,1,"","","","","","","","","","","","","","","","","","","","","","","","","","","","",2.3,1,1.2,1,"","","","","","","","","","","","","","","","","","","","","","","","","","",93,1,"","","","","","","","","","","","",6.7,1,1011.3,1,"","","","","","",8,1,8,1,7,1,"","","","","","","","","","","","","","","","","","","","","","","","","","","","",5000,1,"","",58,1,6,1,"","","","","","","","","","","","","","","","","","","","","","","","","","","","","","","","","","","","","","","","","","","","","","","","","","","","","","","","","","","","","","","","","",""
"54405001","NANCY-OCHEY",48.581,5.959833,336,1982121512,"","","","",10.,1,220,1,"","","","","","","","","","","","","","","","","","","","","","","","","","","","",4.,1,2.9,1,"","","","","","","","","","","","","","","","","","","","","","","","","","",93,1,"","","","","","","","","","","","",7.6,1,1010.3,1,"","","","","","",8,1,7,1,7,1,"","","","","","","","","","","","","","","","","","","","","","","","","","","","",6000,1,"","",58,1,6,1,"","","","","","","","","","","","","","","","","","","","","","","","","","","","","","","","","","","","","","","","","","","","","","","","","","","","","","","","","","","","","","","","","",""
"54405001","NANCY-OCHEY",48.581,5.959833,336,1982121515,"","","","",11.,1,220,1,"","","","","","","","","","","","","","","","","","","","","","","","","","","","",5.5,1,4.8,1,"","","","","","","","","","","","","","","","","","","","","","","","","","",97,1,"","","","","","","","","","","","",8.7,1,1009.3,1,"","","","","","",8,1,5,1,7,1,"","","","","","","","","","","","","","","","","","","","","","","","","","","","",5000,1,"","",58,1,6,1,"","","","","","","","","","","","","","","","","","","","","","","","","","","","","","","","","","","","","","","","","","","","","","","","","","","","","","","","","","","","","","","","","",""
"54405001","NANCY-OCHEY",48.581,5.959833,336,1982121518,"","","","",12.,1,220,1,"","","","","","","","","","","","","","","","","","","","","","","","","","","","",7.5,1,7.5,1,"","","","","","","","","","","","","","","","","","","","","","","","","","",99,1,"","","","","","","","","","","","",10.2,1,1008.4,1,"","","","","","",8,1,7,1,7,1,"","","","","","","","","","","","","","","","","","","","","","","","","","","","",1500,1,"","",59,1,6,1,"","","","","","","","","","","","","","","","","","","","","","","","","","","","","","","","","","","","","","","","","","","","","","","","","","","","","","","","","","","","","","","","","",""
"54405001","NANCY-OCHEY",48.581,5.959833,336,1982121521,"","","","",12.,1,240,1,"","","","","","","","","","","","","","","","","","","","","","","","","","","","",10.6,1,8.2,1,"","","","","","","","","","","","","","","","","","","","","","","","","","",87,1,"","","","","","","","","","","","",11.1,1,1007.7,1,"","","","","","","","","","","","","","","","","","","","","","","","","","","","","","","","","","","","","","","","","","","","","","","","","","","","","","","","","","","","","","","","","","","","","","","","","","","","","","","","","","","","","","","","","","","","","","","","","","","","","","","","","","","","","","","","","",""
"54405001","NANCY-OCHEY",48.581,5.959833,336,1982121600,"","","","",12.,1,240,1,"","","","","","","","","","","","","","","","","","","","","","","","","","","","",10.3,1,9.1,1,"","","","","","","","","","","","","","","","","","","","","","","","","","",94,1,"","","","","","","","","","","","",11.8,1,1007.4,1,"","","","","","","","","","","","","","","","","","","","","","","","","","","","","","","","","","","","","","","","","","","","","","","","","","","","","","","","","","","","","","","","","","","","","","","","","","","","","","","","","","","","","","","","","","","","","","","","","","","","","","","","","","","","","","","","","",""
"54405001","NANCY-OCHEY",48.581,5.959833,336,1982121603,"","","","",12.,1,240,1,"","","","","","","","","","","","","","","","","","","","","","","","","","","","",9.1,1,8.2,1,"","","","","","","","","","","","","","","","","","","","","","","","","","",96,1,"","","","","","","","","","","","",11.1,1,1007.2,1,"","","","","","","","","","","","","","","","","","","","","","","","","","","","","","","","","","","","","","","","","","","","","","","","","","","","","","","","","","","","","","","","","","","","","","","","","","","","","","","","","","","","","","","","","","","","","","","","","","","","","","","","","","","","","","","","","",""
"54405001","NANCY-OCHEY",48.581,5.959833,336,1982121606,"","","","",12.,1,240,1,"","","","","","","","","","","","","","","","","","","","","","","","","","","","",9.3,1,8.3,1,"","","","","","","","","","","","","","","","","","","","","","","","","","",96,1,"","","","","","","","","","","","",11.2,1,1006.6,1,"","","","","","",8,1,7,1,5,1,"","","","","","","","","","","","","","","","","","","","","","","","","","","","",5000,1,"","",61,1,6,1,"","",0,1,"","","","","","","","","","","","","","","","","","","","","","","","","","","","","","","","","","","","","","","","","","","","","","","","","","","","","","","","","","","","","",""
"54405001","NANCY-OCHEY",48.581,5.959833,336,1982121609,"","","","",13.,1,240,1,"","","","","","","","","","","","","","","","","","","","","","","","","","","","",9.6,1,8.7,1,"","","","","","","","","","","","","","","","","","","","","","","","","","",96,1,"","","","","","","","","","","","",11.5,1,1005.7,1,"","","","","","",8,1,6,1,5,1,"","","","","","","","","","","","","","","","","","","","","","","","","","","","",4500,1,"","",59,1,6,1,"","","","","","","","","","","","","","","","","","","","","","","","","","","","","","","","","","","","","","","","","","","","","","","","","","","","","","","","","","","","","","","","","",""
"54405001","NANCY-OCHEY",48.581,5.959833,336,1982121612,"","","","",12.,1,260,1,"","","","","","","","","","","","","","","","","","","","","","","","","","","","",7.5,1,6.6,1,"","","","","","","","","","","","","","","","","","","","","","","","","","",96,1,"","","","","","","","","","","","",9.9,1,1006.2,1,"","","","","","",8,1,7,1,8,1,"","","","","","","","","","","","","","","","","","","","","","","","","","","","",6000,1,"","",58,1,6,1,"","","","","","","","","","","","","","","","","","","","","","","","","","","","","","","","","","","","","","","","","","","","","","","","","","","","","","","","","","","","","","","","","",""
"54405001","NANCY-OCHEY",48.581,5.959833,336,1982121615,"","","","",10.,1,260,1,"","","","","","","","","","","","","","","","","","","","","","","","","","","","",8.4,1,7.7,1,"","","","","","","","","","","","","","","","","","","","","","","","","","",97,1,"","","","","","","","","","","","",10.7,1,1003.8,1,"","","","","","",8,1,6,1,5,1,"","","","","","","","","","","","","","","","","","","","","","","","","","","","",7000,1,"","",58,1,6,1,"","","","","","","","","","","","","","","","","","","","","","","","","","","","","","","","","","","","","","","","","","","","","","","","","","","","","","","","","","","","","","","","","",""
"54405001","NANCY-OCHEY",48.581,5.959833,336,1982121618,"","","","",10.,1,220,1,"","","","","","","","","","","","","","","","","","","","","","","","","","","","",9.4,1,8.5,1,"","","","","","","","","","","","","","","","","","","","","","","","","","",96,1,"","","","","","","","","","","","",11.3,1,999.2,1,"","","","","","",8,1,6,1,7,1,"","","","","","","","","","","","","","","","","","","","","","","","","","","","",6000,1,"","",61,1,6,1,"","","","","","","","","","","","","","","","","","","","","","","","","","","","","","","","","","","","","","","","","","","","","","","","","","","","","","","","","","","","","","","","","",""
"54405001","NANCY-OCHEY",48.581,5.959833,336,1982121621,"","","","",8.,1,300,1,"","","","","","","","","","","","","","","","","","","","","","","","","","","","",6.2,1,5.3,1,"","","","","","","","","","","","","","","","","","","","","","","","","","",95,1,"","","","","","","","","","","","",9.,1,999.9,1,"","","","","","","","","","","","","","","","","","","","","","","","","","","","","","","","","","","","","","","","","","","","","","","","","","","","","","","","","","","","","","","","","","","","","","","","","","","","","","","","","","","","","","","","","","","","","","","","","","","","","","","","","","","","","","","","","",""
"54405001","NANCY-OCHEY",48.581,5.959833,336,1982121700,"","","","",8.,1,260,1,"","","","","","","","","","","","","","","","","","","","","","","","","","","","",5.2,1,4.3,1,"","","","","","","","","","","","","","","","","","","","","","","","","","",95,1,"","","","","","","","","","","","",8.4,1,1000.5,1,"","","","","","","","","","","","","","","","","","","","","","","","","","","","","","","","","","","","","","","","","","","","","","","","","","","","","","","","","","","","","","","","","","","","","","","","","","","","","","","","","","","","","","","","","","","","","","","","","","","","","","","","","","","","","","","","","",""
"54405001","NANCY-OCHEY",48.581,5.959833,336,1982121703,"","","","",3.,1,260,1,"","","","","","","","","","","","","","","","","","","","","","","","","","","","",1.7,1,1.,1,"","","","","","","","","","","","","","","","","","","","","","","","","","",96,1,"","","","","","","","","","","","",6.6,1,1001.1,1,"","","","","","","","","","","","","","","","","","","","","","","","","","","","","","","","","","","","","","","","","","","","","","","","","","","","","","","","","","","","","","","","","","","","","","","","","","","","","","","","","","","","","","","","","","","","","","","","","","","","","","","","","","","","","","","","","",""
"54405001","NANCY-OCHEY",48.581,5.959833,336,1982121706,"","","","",4.,1,180,1,"","","","","","","","","","","","","","","","","","","","","","","","","","","","",2.1,1,1.2,1,"","","","","","","","","","","","","","","","","","","","","","","","","","",95,1,"","","","","","","","","","","","",6.7,1,999.7,1,"","","","","","",7,1,7,1,5,1,"","","","","","","","","","","","","","","","","","","","","","","","","","","","",12000,1,"","",3,1,6,1,"","",0,1,"","","","","","","","","","","","","","","","","","","","","","","","","","","","","","","","","","","","","","","","","","","","","","","","","","","","","","","","","","","","","",""
"54405001","NANCY-OCHEY",48.581,5.959833,336,1982121709,"","","","",4.,1,140,1,"","","","","","","","","","","","","","","","","","","","","","","","","","","","",2.5,1,1.6,1,"","","","","","","","","","","","","","","","","","","","","","","","","","",95,1,"","","","","","","","","","","","",6.9,1,997.,1,"","","","","","",7,1,7,1,5,1,"","","","","","","","","","","","","","","","","","","","","","","","","","","","",12000,1,"","",21,1,6,1,"","","","","","","","","","","","","","","","","","","","","","","","","","","","","","","","","","","","","","","","","","","","","","","","","","","","","","","","","","","","","","","","","",""
"54405001","NANCY-OCHEY",48.581,5.959833,336,1982121712,"","","","",2.,1,100,1,"","","","","","","","","","","","","","","","","","","","","","","","","","","","",3.,1,1.8,1,"","","","","","","","","","","","","","","","","","","","","","","","","","",93,1,"","","","","","","","","","","","",7.,1,992.1,1,"","","","","","",8,1,7,1,7,1,"","","","","","","","","","","","","","","","","","","","","","","","","","","","",5000,1,"","",61,1,6,1,"","","","","","","","","","","","","","","","","","","","","","","","","","","","","","","","","","","","","","","","","","","","","","","","","","","","","","","","","","","","","","","","","",""
"54405001","NANCY-OCHEY",48.581,5.959833,336,1982121715,"","","","",0.,1,0,1,"","","","","","","","","","","","","","","","","","","","","","","","","","","","",0.5,1,-0.2,1,"","","","","","","","","","","","","","","","","","","","","","","","","","",94,1,"","","","","","","","","","","","",6.,1,990.4,1,"","","","","","",8,1,8,1,7,1,"","","","","","","","","","","","","","","","","","","","","","","","","","","","",500,1,"","",73,1,7,1,"","","","","","","","","","","","","","","","","","","","","","","","","","","","","","","","","","","","","","","","","","","","","","","","","","","","","","","","","","","","","","","","","",""
"54405001","NANCY-OCHEY",48.581,5.959833,336,1982121718,"","","","",1.,1,200,1,"","","","","","","","","","","","","","","","","","","","","","","","","","","","",0.1,1,-0.2,1,"","","","","","","","","","","","","","","","","","","","","","","","","","",98,1,"","","","","","","","","","","","",6.,1,991.7,1,"","","","","","",8,1,8,1,7,1,"","","","","","","","","","","","","","","","","","","","","","","","","","","","",1300,1,"","",71,1,7,1,"","","","","","","","","","","","","","","","","","","","","","","","","","","","","","","","","","","","","","","","","","","","","","","","","","","","","","","","","","","","","","","","","",""
"54405001","NANCY-OCHEY",48.581,5.959833,336,1982121721,"","","","",3.,1,160,1,"","","","","","","","","","","","","","","","","","","","","","","","","","","","",0.4,1,0.1,1,"","","","","","","","","","","","","","","","","","","","","","","","","","",98,1,"","","","","","","","","","","","",6.2,1,992.7,1,"","","","","","","","","","","","","","","","","","","","","","","","","","","","","","","","","","","","","","","","","","","","","","","","","","","","","","","","","","","","","","","","","","","","","","","","","","","","","","","","","","","","","","","","","","","","","","","","","","","","","","","","","","","","","","","","","",""
"54405001","NANCY-OCHEY",48.581,5.959833,336,1982121800,"","","","",6.,1,300,1,"","","","","","","","","","","","","","","","","","","","","","","","","","","","",0.7,1,0.1,1,"","","","","","","","","","","","","","","","","","","","","","","","","","",97,1,"","","","","","","","","","","","",6.2,1,994.5,1,"","","","","","","","","","","","","","","","","","","","","","","","","","","","","","","","","","","","","","","","","","","","","","","","","","","","","","","","","","","","","","","","","","","","","","","","","","","","","","","","","","","","","","","","","","","","","","","","","","","","","","","","","","","","","","","","","",""
"54405001","NANCY-OCHEY",48.581,5.959833,336,1982121803,"","","","",4.,1,300,1,"","","","","","","","","","","","","","","","","","","","","","","","","","","","",0.3,1,-0.9,1,"","","","","","","","","","","","","","","","","","","","","","","","","","",92,1,"","","","","","","","","","","","",5.7,1,997.,1,"","","","","","","","","","","","","","","","","","","","","","","","","","","","","","","","","","","","","","","","","","","","","","","","","","","","","","","","","","","","","","","","","","","","","","","","","","","","","","","","","","","","","","","","","","","","","","","","","","","","","","","","","","","","","","","","","",""
"54405001","NANCY-OCHEY",48.581,5.959833,336,1982121806,"","","","",3.,1,280,1,"","","","","","","","","","","","","","","","","","","","","","","","","","","","",0.4,1,-1.3,1,"","","","","","","","","","","","","","","","","","","","","","","","","","",88,1,"","","","","","","","","","","","",5.5,1,999.4,1,"","","","","","",8,1,7,1,8,1,"","","","","","","","","","","","","","","","","","","","","","","","","","","","",18000,1,"","",1,1,2,1,"","","","","","","","","","","","","","","","","","","","","","","","","","","","","","","","","","","","","","","","","","","","","","","","","","","","","","","","","","","","","","","","","",""
"54405001","NANCY-OCHEY",48.581,5.959833,336,1982121809,"","","","",4.,1,260,1,"","","","","","","","","","","","","","","","","","","","","","","","","","","","",0.4,1,-0.6,1,"","","","","","","","","","","","","","","","","","","","","","","","","","",92,1,"","","","","","","","","","","","",5.8,1,1001.5,1,"","","","","","",8,1,7,1,8,1,"","","","","","","","","","","","","","","","","","","","","","","","","","","","",6000,1,"","",22,1,7,1,"","","","","","","","","","","","","","","","","","","","","","","","","","","","","","","","","","","","","","","","","","","","","","","","","","","","","","","","","","","","","","","","","",""
"54405001","NANCY-OCHEY",48.581,5.959833,336,1982121812,"","","","",3.,1,300,1,"","","","","","","","","","","","","","","","","","","","","","","","","","","","",1.1,1,-0.9,1,"","","","","","","","","","","","","","","","","","","","","","","","","","",87,1,"","","","","","","","","","","","",5.7,1,1002.7,1,"","","","","","",8,1,5,1,8,1,"","","","","","","","","","","","","","","","","","","","","","","","","","","","",13000,1,"","",22,1,7,1,"","","","","","","","","","","","","","","","","","","","","","","","","","","","","","","","","","","","","","","","","","","","","","","","","","","","","","","","","","","","","","","","","",""
"54405001","NANCY-OCHEY",48.581,5.959833,336,1982121815,"","","","",4.,1,320,1,"","","","","","","","","","","","","","","","","","","","","","","","","","","","",0.7,1,0.1,1,"","","","","","","","","","","","","","","","","","","","","","","","","","",96,1,"","","","","","","","","","","","",6.2,1,1005.2,1,"","","","","","","","","","","","","","","","","","","","","","","","","","","","","","","","","","","","","","","","","","","","","","","","","","","","","","","","","","","","","","","","","","","","","","","","","","","","","","","","","","","","","","","","","","","","","","","","","","","","","","","","","","","","","","","","","",""
"54405001","NANCY-OCHEY",48.581,5.959833,336,1982121818,"","","","",5.,1,320,1,"","","","","","","","","","","","","","","","","","","","","","","","","","","","",-0.2,1,-0.6,1,"","","","","","","","","","","","","","","","","","","","","","","","","","",97,1,"","","","","","","","","","","","",5.8,1,1008.,1,"","","","","","","","","","","","","","","","","","","","","","","","","","","","","","","","","","","","","","","","","","","","","","","","","","","","","","","","","","","","","","","","","","","","","","","","","","","","","","","","","","","","","","","","","","","","","","","","","","","","","","","","","","","","","","","","","",""
"54405001","NANCY-OCHEY",48.581,5.959833,336,1982121821,"","","","",3.,1,340,1,"","","","","","","","","","","","","","","","","","","","","","","","","","","","",-0.3,1,-1.3,1,"","","","","","","","","","","","","","","","","","","","","","","","","","",92,1,"","","","","","","","","","","","",5.5,1,1010.9,1,"","","","","","","","","","","","","","","","","","","","","","","","","","","","","","","","","","","","","","","","","","","","","","","","","","","","","","","","","","","","","","","","","","","","","","","","","","","","","","","","","","","","","","","","","","","","","","","","","","","","","","","","","","","","","","","","","",""
"54405001","NANCY-OCHEY",48.581,5.959833,336,1982121900,"","","","",2.,1,300,1,"","","","","","","","","","","","","","","","","","","","","","","","","","","","",-0.4,1,-0.9,1,"","","","","","","","","","","","","","","","","","","","","","","","","","",96,1,"","","","","","","","","","","","",5.7,1,1012.5,1,"","","","","","","","","","","","","","","","","","","","","","","","","","","","","","","","","","","","","","","","","","","","","","","","","","","","","","","","","","","","","","","","","","","","","","","","","","","","","","","","","","","","","","","","","","","","","","","","","","","","","","","","","","","","","","","","","",""
"54405001","NANCY-OCHEY",48.581,5.959833,336,1982121903,"","","","",3.,1,280,1,"","","","","","","","","","","","","","","","","","","","","","","","","","","","",-1.8,1,-2.3,1,"","","","","","","","","","","","","","","","","","","","","","","","","","",96,1,"","","","","","","","","","","","",5.1,1,1014.9,1,"","","","","","","","","","","","","","","","","","","","","","","","","","","","","","","","","","","","","","","","","","","","","","","","","","","","","","","","","","","","","","","","","","","","","","","","","","","","","","","","","","","","","","","","","","","","","","","","","","","","","","","","","","","","","","","","","",""
"54405001","NANCY-OCHEY",48.581,5.959833,336,1982121906,"","","","",4.,1,260,1,"","","","","","","","","","","","","","","","","","","","","","","","","","","","",-3.3,1,-4.3,1,"","","","","","","","","","","","","","","","","","","","","","","","","","",92,1,"","","","","","","","","","","","",4.4,1,1016.7,1,"","","","","","",1,1,0,1,1,1,0,1,0,1,"","","","","","","","","","","","","","","","","","","","","","","","",10000,1,"","",2,1,0,1,"","","","","","","","","","","","","","","","","","","","","","","","","","","","","","","","","","","","","","","","","","","","","","","","","","","","","","","","","","","","","","","","","",""
"54405001","NANCY-OCHEY",48.581,5.959833,336,1982121909,"","","","",3.,1,160,1,"","","","","","","","","","","","","","","","","","","","","","","","","","","","",-2.5,1,-3.4,1,"","","","","","","","","","","","","","","","","","","","","","","","","","",93,1,"","","","","","","","","","","","",4.7,1,1017.5,1,"","","","","","",1,1,0,1,8,1,0,1,0,1,"","","","","","","","","","","","","","","","","","","","","","","","",6000,1,"","",3,1,0,1,"","","","","","","","","","","","","","","","","","","","","","","","","","","","","","","","","","","","","","","","","","","","","","","","","","","","","","","","","","","","","","","","","",""
"54405001","NANCY-OCHEY",48.581,5.959833,336,1982121912,"","","","",5.,1,180,1,"","","","","","","","","","","","","","","","","","","","","","","","","","","","",0.,1,-3.7,1,"","","","","","","","","","","","","","","","","","","","","","","","","","",75,1,"","","","","","","","","","","","",4.6,1,1015.,1,"","","","","","",1,1,0,1,5,1,0,1,0,1,"","","","","","","","","","","","","","","","","","","","","","","","",15000,1,"","",1,1,0,1,"","","","","","","","","","","","","","","","","","","","","","","","","","","","","","","","","","","","","","","","","","","","","","","","","","","","","","","","","","","","","","","","","",""
"54405001","NANCY-OCHEY",48.581,5.959833,336,1982121915,"","","","",8.,1,180,1,"","","","","","","","","","","","","","","","","","","","","","","","","","","","",-0.1,1,-4.3,1,"","","","","","","","","","","","","","","","","","","","","","","","","","",73,1,"","","","","","","","","","","","",4.4,1,1012.3,1,"","","","","","","","","","","","","","","","","","","","","","","","","","","","","","","","","","","","","","","","","","","","","","","","","","","","","","","","","","","","","","","","","","","","","","","","","","","","","","","","","","","","","","","","","","","","","","","","","","","","","","","","","","","","","","","","","",""
"54405001","NANCY-OCHEY",48.581,5.959833,336,1982121918,"","","","",13.,1,200,1,"","","","","","","","","","","","","","","","","","","","","","","","","","","","",0.3,1,-3.7,1,"","","","","","","","","","","","","","","","","","","","","","","","","","",73,1,"","","","","","","","","","","","",4.6,1,1009.,1,"","","","","","","","","","","","","","","","","","","","","","","","","","","","","","","","","","","","","","","","","","","","","","","","","","","","","","","","","","","","","","","","","","","","","","","","","","","","","","","","","","","","","","","","","","","","","","","","","","","","","","","","","","","","","","","","","",""
"54405001","NANCY-OCHEY",48.581,5.959833,336,1982121921,"","","","",11.,1,180,1,"","","","","","","","","","","","","","","","","","","","","","","","","","","","",0.9,1,-1.8,1,"","","","","","","","","","","","","","","","","","","","","","","","","","",82,1,"","","","","","","","","","","","",5.3,1,1005.1,1,"","","","","","","","","","","","","","","","","","","","","","","","","","","","","","","","","","","","","","","","","","","","","","","","","","","","","","","","","","","","","","","","","","","","","","","","","","","","","","","","","","","","","","","","","","","","","","","","","","","","","","","","","","","","","","","","","",""
"54405001","NANCY-OCHEY",48.581,5.959833,336,1982122000,"","","","",12.,1,200,1,"","","","","","","","","","","","","","","","","","","","","","","","","","","","",2.5,1,1.2,1,"","","","","","","","","","","","","","","","","","","","","","","","","","",92,1,"","","","","","","","","","","","",6.7,1,1001.9,1,"","","","","","","","","","","","","","","","","","","","","","","","","","","","","","","","","","","","","","","","","","","","","","","","","","","","","","","","","","","","","","","","","","","","","","","","","","","","","","","","","","","","","","","","","","","","","","","","","","","","","","","","","","","","","","","","","",""
"54405001","NANCY-OCHEY",48.581,5.959833,336,1982122003,"","","","",13.,1,200,1,"","","","","","","","","","","","","","","","","","","","","","","","","","","","",4.1,1,3.1,1,"","","","","","","","","","","","","","","","","","","","","","","","","","",94,1,"","","","","","","","","","","","",7.7,1,998.6,1,"","","","","","","","","","","","","","","","","","","","","","","","","","","","","","","","","","","","","","","","","","","","","","","","","","","","","","","","","","","","","","","","","","","","","","","","","","","","","","","","","","","","","","","","","","","","","","","","","","","","","","","","","","","","","","","","","",""
"54405001","NANCY-OCHEY",48.581,5.959833,336,1982122006,"","","","",13.,1,200,1,"","","","","","","","","","","","","","","","","","","","","","","","","","","","",5.5,1,4.5,1,"","","","","","","","","","","","","","","","","","","","","","","","","","",94,1,"","","","","","","","","","","","",8.5,1,994.3,1,"","","","","","",8,1,8,1,7,1,"","","","","","","","","","","","","","","","","","","","","","","","","","","","",5000,1,"","",61,1,6,1,"","",0,1,"","","","","","","","","","","","","","","","","","","","","","","","","","","","","","","","","","","","","","","","","","","","","","","","","","","","","","","","","","","","","",""
"54405001","NANCY-OCHEY",48.581,5.959833,336,1982122009,"","","","",12.,1,220,1,"","","","","","","","","","","","","","","","","","","","","","","","","","","","",5.3,1,4.6,1,"","","","","","","","","","","","","","","","","","","","","","","","","","",97,1,"","","","","","","","","","","","",8.6,1,994.1,1,"","","","","","",8,1,6,1,5,1,"","","","","","","","","","","","","","","","","","","","","","","","","","","","",5000,1,"","",63,1,6,1,"","","","","","","","","","","","","","","","","","","","","","","","","","","","","","","","","","","","","","","","","","","","","","","","","","","","","","","","","","","","","","","","","",""
"54405001","NANCY-OCHEY",48.581,5.959833,336,1982122012,"","","","",9.,1,220,1,"","","","","","","","","","","","","","","","","","","","","","","","","","","","",5.7,1,4.8,1,"","","","","","","","","","","","","","","","","","","","","","","","","","",95,1,"","","","","","","","","","","","",8.7,1,992.,1,"","","","","","",8,1,7,1,5,1,"","","","","","","","","","","","","","","","","","","","","","","","","","","","",5000,1,"","",61,1,6,1,"","","","","","","","","","","","","","","","","","","","","","","","","","","","","","","","","","","","","","","","","","","","","","","","","","","","","","","","","","","","","","","","","",""
"54405001","NANCY-OCHEY",48.581,5.959833,336,1982122015,"","","","",10.,1,260,1,"","","","","","","","","","","","","","","","","","","","","","","","","","","","",6.3,1,5.4,1,"","","","","","","","","","","","","","","","","","","","","","","","","","",95,1,"","","","","","","","","","","","",9.1,1,990.7,1,"","","","","","",8,1,7,1,5,1,"","","","","","","","","","","","","","","","","","","","","","","","","","","","",9000,1,"","",61,1,6,1,"","","","","","","","","","","","","","","","","","","","","","","","","","","","","","","","","","","","","","","","","","","","","","","","","","","","","","","","","","","","","","","","","",""
"54405001","NANCY-OCHEY",48.581,5.959833,336,1982122018,"","","","",11.,1,240,1,"","","","","","","","","","","","","","","","","","","","","","","","","","","","",3.,1,1.6,1,"","","","","","","","","","","","","","","","","","","","","","","","","","",91,1,"","","","","","","","","","","","",6.9,1,993.4,1,"","","","","","",8,1,7,1,8,1,"","","","","","","","","","","","","","","","","","","","","","","","","","","","",9000,1,"","",61,1,6,1,"","","","","","","","","","","","","","","","","","","","","","","","","","","","","","","","","","","","","","","","","","","","","","","","","","","","","","","","","","","","","","","","","",""
"54405001","NANCY-OCHEY",48.581,5.959833,336,1982122021,"","","","",10.,1,240,1,"","","","","","","","","","","","","","","","","","","","","","","","","","","","",4.1,1,1.8,1,"","","","","","","","","","","","","","","","","","","","","","","","","","",85,1,"","","","","","","","","","","","",7.,1,993.6,1,"","","","","","","","","","","","","","","","","","","","","","","","","","","","","","","","","","","","","","","","","","","","","","","","","","","","","","","","","","","","","","","","","","","","","","","","","","","","","","","","","","","","","","","","","","","","","","","","","","","","","","","","","","","","","","","","","",""
"54405001","NANCY-OCHEY",48.581,5.959833,336,1982122100,"","","","",11.,1,240,1,"","","","","","","","","","","","","","","","","","","","","","","","","","","","",3.8,1,0.4,1,"","","","","","","","","","","","","","","","","","","","","","","","","","",78,1,"","","","","","","","","","","","",6.3,1,995.3,1,"","","","","","","","","","","","","","","","","","","","","","","","","","","","","","","","","","","","","","","","","","","","","","","","","","","","","","","","","","","","","","","","","","","","","","","","","","","","","","","","","","","","","","","","","","","","","","","","","","","","","","","","","","","","","","","","","",""
"54405001","NANCY-OCHEY",48.581,5.959833,336,1982122103,"","","","",12.,1,220,1,"","","","","","","","","","","","","","","","","","","","","","","","","","","","",3.4,1,0.1,1,"","","","","","","","","","","","","","","","","","","","","","","","","","",80,1,"","","","","","","","","","","","",6.2,1,996.1,1,"","","","","","","","","","","","","","","","","","","","","","","","","","","","","","","","","","","","","","","","","","","","","","","","","","","","","","","","","","","","","","","","","","","","","","","","","","","","","","","","","","","","","","","","","","","","","","","","","","","","","","","","","","","","","","","","","",""
"54405001","NANCY-OCHEY",48.581,5.959833,336,1982122106,"","","","",9.,1,220,1,"","","","","","","","","","","","","","","","","","","","","","","","","","","","",3.,1,-0.2,1,"","","","","","","","","","","","","","","","","","","","","","","","","","",79,1,"","","","","","","","","","","","",6.,1,996.9,1,"","","","","","",7,1,7,1,8,1,"","","","","","","","","","","","","","","","","","","","","","","","","","","","",18000,1,"","",3,1,2,1,"","",0,1,"","","","","","","","","","","","","","","","","","","","","","","","","","","","","","","","","","","","","","","","","","","","","","","","","","","","","","","","","","","","","",""
"54405001","NANCY-OCHEY",48.581,5.959833,336,1982122109,"","","","",9.,1,220,1,"","","","","","","","","","","","","","","","","","","","","","","","","","","","",2.5,1,0.6,1,"","","","","","","","","","","","","","","","","","","","","","","","","","",88,1,"","","","","","","","","","","","",6.4,1,997.7,1,"","","","","","",7,1,6,1,8,1,"","","","","","","","","","","","","","","","","","","","","","","","","","","","",18000,1,"","",25,1,8,1,"","","","","","","","","","","","","","","","","","","","","","","","","","","","","","","","","","","","","","","","","","","","","","","","","","","","","","","","","","","","","","","","","",""
"54405001","NANCY-OCHEY",48.581,5.959833,336,1982122112,"","","","",11.,1,240,1,"","","","","","","","","","","","","","","","","","","","","","","","","","","","",3.4,1,0.1,1,"","","","","","","","","","","","","","","","","","","","","","","","","","",80,1,"","","","","","","","","","","","",6.2,1,997.6,1,"","","","","","",7,1,7,1,2,1,"","","","","","","","","","","","","","","","","","","","","","","","","","","","",25000,1,"","",1,1,8,1,"","","","","","","","","","","","","","","","","","","","","","","","","","","","","","","","","","","","","","","","","","","","","","","","","","","","","","","","","","","","","","","","","",""
"54405001","NANCY-OCHEY",48.581,5.959833,336,1982122115,"","","","",7.,1,200,1,"","","","","","","","","","","","","","","","","","","","","","","","","","","","",3.4,1,0.1,1,"","","","","","","","","","","","","","","","","","","","","","","","","","",80,1,"","","","","","","","","","","","",6.2,1,998.4,1,"","","","","","",6,1,6,1,8,1,0,1,0,1,"","","","","","","","","","","","","","","","","","","","","","","","",20000,1,"","",1,1,8,1,"","","","","","","","","","","","","","","","","","","","","","","","","","","","","","","","","","","","","","","","","","","","","","","","","","","","","","","","","","","","","","","","","",""
"54405001","NANCY-OCHEY",48.581,5.959833,336,1982122118,"","","","",6.,1,200,1,"","","","","","","","","","","","","","","","","","","","","","","","","","","","",2.4,1,-0.2,1,"","","","","","","","","","","","","","","","","","","","","","","","","","",82,1,"","","","","","","","","","","","",6.,1,999.3,1,"","","","","","",3,1,0,1,8,1,0,1,0,1,"","","","","","","","","","","","","","","","","","","","","","","","",15000,1,"","",1,1,8,1,"","","","","","","","","","","","","","","","","","","","","","","","","","","","","","","","","","","","","","","","","","","","","","","","","","","","","","","","","","","","","","","","","",""
"54405001","NANCY-OCHEY",48.581,5.959833,336,1982122121,"","","","",8.,1,220,1,"","","","","","","","","","","","","","","","","","","","","","","","","","","","",1.9,1,-0.2,1,"","","","","","","","","","","","","","","","","","","","","","","","","","",85,1,"","","","","","","","","","","","",6.,1,1000.2,1,"","","","","","","","","","","","","","","","","","","","","","","","","","","","","","","","","","","","","","","","","","","","","","","","","","","","","","","","","","","","","","","","","","","","","","","","","","","","","","","","","","","","","","","","","","","","","","","","","","","","","","","","","","","","","","","","","",""
"54405001","NANCY-OCHEY",48.581,5.959833,336,1982122200,"","","","",7.,1,200,1,"","","","","","","","","","","","","","","","","","","","","","","","","","","","",2.8,1,0.4,1,"","","","","","","","","","","","","","","","","","","","","","","","","","",84,1,"","","","","","","","","","","","",6.3,1,1001.1,1,"","","","","","","","","","","","","","","","","","","","","","","","","","","","","","","","","","","","","","","","","","","","","","","","","","","","","","","","","","","","","","","","","","","","","","","","","","","","","","","","","","","","","","","","","","","","","","","","","","","","","","","","","","","","","","","","","",""
"54405001","NANCY-OCHEY",48.581,5.959833,336,1982122203,"","","","",8.,1,220,1,"","","","","","","","","","","","","","","","","","","","","","","","","","","","",2.8,1,0.4,1,"","","","","","","","","","","","","","","","","","","","","","","","","","",85,1,"","","","","","","","","","","","",6.3,1,1001.9,1,"","","","","","","","","","","","","","","","","","","","","","","","","","","","","","","","","","","","","","","","","","","","","","","","","","","","","","","","","","","","","","","","","","","","","","","","","","","","","","","","","","","","","","","","","","","","","","","","","","","","","","","","","","","","","","","","","",""
"54405001","NANCY-OCHEY",48.581,5.959833,336,1982122206,"","","","",6.,1,220,1,"","","","","","","","","","","","","","","","","","","","","","","","","","","","",2.3,1,1.,1,"","","","","","","","","","","","","","","","","","","","","","","","","","",91,1,"","","","","","","","","","","","",6.6,1,1002.6,1,"","","","","","",7,1,6,1,5,1,"","","","","","","","","","","","","","","","","","","","","","","","","","","","",15000,1,"","",60,1,6,1,"","",0,1,"","","","","","","","","","","","","","","","","","","","","","","","","","","","","","","","","","","","","","","","","","","","","","","","","","","","","","","","","","","","","",""
"54405001","NANCY-OCHEY",48.581,5.959833,336,1982122209,"","","","",5.,1,220,1,"","","","","","","","","","","","","","","","","","","","","","","","","","","","",2.1,1,1.,1,"","","","","","","","","","","","","","","","","","","","","","","","","","",93,1,"","","","","","","","","","","","",6.6,1,1004.2,1,"","","","","","",7,1,7,1,7,1,"","","","","","","","","","","","","","","","","","","","","","","","","","","","",9000,1,"","",61,1,7,1,"","","","","","","","","","","","","","","","","","","","","","","","","","","","","","","","","","","","","","","","","","","","","","","","","","","","","","","","","","","","","","","","","",""
"54405001","NANCY-OCHEY",48.581,5.959833,336,1982122212,"","","","",4.,1,240,1,"","","","","","","","","","","","","","","","","","","","","","","","","","","","",2.7,1,1.6,1,"","","","","","","","","","","","","","","","","","","","","","","","","","",93,1,"","","","","","","","","","","","",6.9,1,1004.6,1,"","","","","","",7,1,6,1,8,1,"","","","","","","","","","","","","","","","","","","","","","","","","","","","",8000,1,"","",21,1,7,1,"","","","","","","","","","","","","","","","","","","","","","","","","","","","","","","","","","","","","","","","","","","","","","","","","","","","","","","","","","","","","","","","","",""
"54405001","NANCY-OCHEY",48.581,5.959833,336,1982122215,"","","","",5.,1,260,1,"","","","","","","","","","","","","","","","","","","","","","","","","","","","",2.1,1,0.,1,"","","","","","","","","","","","","","","","","","","","","","","","","","",85,1,"","","","","","","","","","","","",6.1,1,1005.8,1,"","","","","","",6,1,0,1,8,1,0,1,1,1,"","","","","","","","","","","","","","","","","","","","","","","","",11000,1,"","",3,1,8,1,"","","","","","","","","","","","","","","","","","","","","","","","","","","","","","","","","","","","","","","","","","","","","","","","","","","","","","","","","","","","","","","","","",""
"54405001","NANCY-OCHEY",48.581,5.959833,336,1982122218,"","","","",3.,1,280,1,"","","","","","","","","","","","","","","","","","","","","","","","","","","","",0.2,1,-0.6,1,"","","","","","","","","","","","","","","","","","","","","","","","","","",94,1,"","","","","","","","","","","","",5.8,1,1008.5,1,"","","","","","",7,1,7,1,8,1,"","","","","","","","","","","","","","","","","","","","","","","","","","","","",12000,1,"","",3,1,8,1,"","","","","","","","","","","","","","","","","","","","","","","","","","","","","","","","","","","","","","","","","","","","","","","","","","","","","","","","","","","","","","","","","",""
"54405001","NANCY-OCHEY",48.581,5.959833,336,1982122221,"","","","",2.,1,280,1,"","","","","","","","","","","","","","","","","","","","","","","","","","","","",-0.2,1,-1.1,1,"","","","","","","","","","","","","","","","","","","","","","","","","","",93,1,"","","","","","","","","","","","",5.6,1,1010.6,1,"","","","","","","","","","","","","","","","","","","","","","","","","","","","","","","","","","","","","","","","","","","","","","","","","","","","","","","","","","","","","","","","","","","","","","","","","","","","","","","","","","","","","","","","","","","","","","","","","","","","","","","","","","","","","","","","","",""
"54405001","NANCY-OCHEY",48.581,5.959833,336,1982122300,"","","","",2.,1,260,1,"","","","","","","","","","","","","","","","","","","","","","","","","","","","",-1.9,1,-2.9,1,"","","","","","","","","","","","","","","","","","","","","","","","","","",93,1,"","","","","","","","","","","","",4.9,1,1012.1,1,"","","","","","","","","","","","","","","","","","","","","","","","","","","","","","","","","","","","","","","","","","","","","","","","","","","","","","","","","","","","","","","","","","","","","","","","","","","","","","","","","","","","","","","","","","","","","","","","","","","","","","","","","","","","","","","","","",""
"54405001","NANCY-OCHEY",48.581,5.959833,336,1982122303,"","","","",2.,1,240,1,"","","","","","","","","","","","","","","","","","","","","","","","","","","","",-3.4,1,-4.3,1,"","","","","","","","","","","","","","","","","","","","","","","","","","",93,1,"","","","","","","","","","","","",4.4,1,1014.,1,"","","","","","","","","","","","","","","","","","","","","","","","","","","","","","","","","","","","","","","","","","","","","","","","","","","","","","","","","","","","","","","","","","","","","","","","","","","","","","","","","","","","","","","","","","","","","","","","","","","","","","","","","","","","","","","","","",""
"54405001","NANCY-OCHEY",48.581,5.959833,336,1982122306,"","","","",3.,1,240,1,"","","","","","","","","","","","","","","","","","","","","","","","","","","","",-2.8,1,-3.7,1,"","","","","","","","","","","","","","","","","","","","","","","","","","",93,1,"","","","","","","","","","","","",4.6,1,1014.8,1,"","","","","","",4,1,0,1,5,1,0,1,0,1,"","","","","","","","","","","","","","","","","","","","","","","","",7000,1,"","",22,1,7,1,"","","","","","","","","","","","","","","","","","","","","","","","","","","","","","","","","","","","","","","","","","","","","","","","","","","","","","","","","","","","","","","","","",""
"54405001","NANCY-OCHEY",48.581,5.959833,336,1982122309,"","","","",2.,1,260,1,"","","","","","","","","","","","","","","","","","","","","","","","","","","","",-4.,1,-5.2,1,"","","","","","","","","","","","","","","","","","","","","","","","","","",89,1,"","","","","","","","","","","","",4.1,1,1017.7,1,"","","","","","",1,1,0,1,5,1,0,1,0,1,"","","","","","","","","","","","","","","","","","","","","","","","",6000,1,"","",1,1,0,1,"","","","","","","","","","","","","","","","","","","","","","","","","","","","","","","","","","","","","","","","","","","","","","","","","","","","","","","","","","","","","","","","","",""
"54405001","NANCY-OCHEY",48.581,5.959833,336,1982122312,"","","","",2.,1,340,1,"","","","","","","","","","","","","","","","","","","","","","","","","","","","",-1.2,1,-2.6,1,"","","","","","","","","","","","","","","","","","","","","","","","","","",89,1,"","","","","","","","","","","","",5.,1,1019.,1,"","","","","","",1,1,0,1,1,1,0,1,0,1,"","","","","","","","","","","","","","","","","","","","","","","","",7000,1,"","",2,1,0,1,"","","","","","","","","","","","","","","","","","","","","","","","","","","","","","","","","","","","","","","","","","","","","","","","","","","","","","","","","","","","","","","","","",""
"54405001","NANCY-OCHEY",48.581,5.959833,336,1982122315,"","","","",2.,1,320,1,"","","","","","","","","","","","","","","","","","","","","","","","","","","","",-1.4,1,-2.9,1,"","","","","","","","","","","","","","","","","","","","","","","","","","",88,1,"","","","","","","","","","","","",4.9,1,1020.2,1,"","","","","","",1,1,0,1,8,1,0,1,0,1,"","","","","","","","","","","","","","","","","","","","","","","","",8000,1,"","",2,1,0,1,"","","","","","","","","","","","","","","","","","","","","","","","","","","","","","","","","","","","","","","","","","","","","","","","","","","","","","","","","","","","","","","","","",""
"54405001","NANCY-OCHEY",48.581,5.959833,336,1982122318,"","","","",2.,1,320,1,"","","","","","","","","","","","","","","","","","","","","","","","","","","","",-1.7,1,-2.6,1,"","","","","","","","","","","","","","","","","","","","","","","","","","",92,1,"","","","","","","","","","","","",5.,1,1023.1,1,"","","","","","",7,1,6,1,8,1,"","","","","","","","","","","","","","","","","","","","","","","","","","","","",5000,1,"","",1,1,1,1,"","","","","","","","","","","","","","","","","","","","","","","","","","","","","","","","","","","","","","","","","","","","","","","","","","","","","","","","","","","","","","","","","",""
"54405001","NANCY-OCHEY",48.581,5.959833,336,1982122321,"","","","",1.,1,300,1,"","","","","","","","","","","","","","","","","","","","","","","","","","","","",-1.6,1,-2.6,1,"","","","","","","","","","","","","","","","","","","","","","","","","","",92,1,"","","","","","","","","","","","",5.,1,1024.8,1,"","","","","","","","","","","","","","","","","","","","","","","","","","","","","","","","","","","","","","","","","","","","","","","","","","","","","","","","","","","","","","","","","","","","","","","","","","","","","","","","","","","","","","","","","","","","","","","","","","","","","","","","","","","","","","","","","",""
"54405001","NANCY-OCHEY",48.581,5.959833,336,1982122400,"","","","",1.,1,320,1,"","","","","","","","","","","","","","","","","","","","","","","","","","","","",-1.7,1,-2.6,1,"","","","","","","","","","","","","","","","","","","","","","","","","","",92,1,"","","","","","","","","","","","",5.,1,1025.2,1,"","","","","","","","","","","","","","","","","","","","","","","","","","","","","","","","","","","","","","","","","","","","","","","","","","","","","","","","","","","","","","","","","","","","","","","","","","","","","","","","","","","","","","","","","","","","","","","","","","","","","","","","","","","","","","","","","",""
"54405001","NANCY-OCHEY",48.581,5.959833,336,1982122403,"","","","",1.,1,180,1,"","","","","","","","","","","","","","","","","","","","","","","","","","","","",-3.8,1,-4.9,1,"","","","","","","","","","","","","","","","","","","","","","","","","","",90,1,"","","","","","","","","","","","",4.2,1,1025.8,1,"","","","","","","","","","","","","","","","","","","","","","","","","","","","","","","","","","","","","","","","","","","","","","","","","","","","","","","","","","","","","","","","","","","","","","","","","","","","","","","","","","","","","","","","","","","","","","","","","","","","","","","","","","","","","","","","","",""
"54405001","NANCY-OCHEY",48.581,5.959833,336,1982122406,"","","","",1.,1,220,1,"","","","","","","","","","","","","","","","","","","","","","","","","","","","",-5.8,1,-7.2,1,"","","","","","","","","","","","","","","","","","","","","","","","","","",89,1,"","","","","","","","","","","","",3.5,1,1027.4,1,"","","","","","",2,1,0,1,5,1,0,1,0,1,"","","","","","","","","","","","","","","","","","","","","","","","",12000,1,"","",3,1,0,1,"","","","","","","","","","","","","","","","","","","","","","","","","","","","","","","","","","","","","","","","","","","","","","","","","","","","","","","","","","","","","","","","","",""
"54405001","NANCY-OCHEY",48.581,5.959833,336,1982122409,"","","","",1.,1,180,1,"","","","","","","","","","","","","","","","","","","","","","","","","","","","",-4.,1,-5.8,1,"","","","","","","","","","","","","","","","","","","","","","","","","","",87,1,"","","","","","","","","","","","",3.9,1,1027.9,1,"","","","","","",1,1,0,1,5,1,0,1,0,1,"","","","","","","","","","","","","","","","","","","","","","","","",7000,1,"","",1,1,0,1,"","","","","","","","","","","","","","","","","","","","","","","","","","","","","","","","","","","","","","","","","","","","","","","","","","","","","","","","","","","","","","","","","",""
"54405001","NANCY-OCHEY",48.581,5.959833,336,1982122412,"","","","",2.,1,240,1,"","","","","","","","","","","","","","","","","","","","","","","","","","","","",-0.4,1,-4.9,1,"","","","","","","","","","","","","","","","","","","","","","","","","","",71,1,"","","","","","","","","","","","",4.2,1,1026.6,1,"","","","","","",3,1,0,1,0,1,3,1,1,1,"","","","","","","","","","","","","","","","","","","","","","","","",8000,1,"","",2,1,0,1,"","","","","","","","","","","","","","","","","","","","","","","","","","","","","","","","","","","","","","","","","","","","","","","","","","","","","","","","","","","","","","","","","",""
"54405001","NANCY-OCHEY",48.581,5.959833,336,1982122415,"","","","",2.,1,220,1,"","","","","","","","","","","","","","","","","","","","","","","","","","","","",-0.4,1,-4.9,1,"","","","","","","","","","","","","","","","","","","","","","","","","","",70,1,"","","","","","","","","","","","",4.2,1,1026.3,1,"","","","","","","","","","","","","","","","","","","","","","","","","","","","","","","","","","","","","","","","","","","","","","","","","","","","","","","","","","","","","","","","","","","","","","","","","","","","","","","","","","","","","","","","","","","","","","","","","","","","","","","","","","","","","","","","","",""
"54405001","NANCY-OCHEY",48.581,5.959833,336,1982122418,"","","","",2.,1,160,1,"","","","","","","","","","","","","","","","","","","","","","","","","","","","",-1.8,1,-3.7,1,"","","","","","","","","","","","","","","","","","","","","","","","","","",85,1,"","","","","","","","","","","","",4.6,1,1026.9,1,"","","","","","","","","","","","","","","","","","","","","","","","","","","","","","","","","","","","","","","","","","","","","","","","","","","","","","","","","","","","","","","","","","","","","","","","","","","","","","","","","","","","","","","","","","","","","","","","","","","","","","","","","","","","","","","","","",""
"54405001","NANCY-OCHEY",48.581,5.959833,336,1982122421,"","","","",2.,1,220,1,"","","","","","","","","","","","","","","","","","","","","","","","","","","","",-0.7,1,-3.1,1,"","","","","","","","","","","","","","","","","","","","","","","","","","",82,1,"","","","","","","","","","","","",4.8,1,1028.2,1,"","","","","","","","","","","","","","","","","","","","","","","","","","","","","","","","","","","","","","","","","","","","","","","","","","","","","","","","","","","","","","","","","","","","","","","","","","","","","","","","","","","","","","","","","","","","","","","","","","","","","","","","","","","","","","","","","",""
"54405001","NANCY-OCHEY",48.581,5.959833,336,1982122500,"","","","",3.,1,220,1,"","","","","","","","","","","","","","","","","","","","","","","","","","","","",-0.6,1,-2.9,1,"","","","","","","","","","","","","","","","","","","","","","","","","","",84,1,"","","","","","","","","","","","",4.9,1,1027.1,1,"","","","","","","","","","","","","","","","","","","","","","","","","","","","","","","","","","","","","","","","","","","","","","","","","","","","","","","","","","","","","","","","","","","","","","","","","","","","","","","","","","","","","","","","","","","","","","","","","","","","","","","","","","","","","","","","","",""
"54405001","NANCY-OCHEY",48.581,5.959833,336,1982122503,"","","","",3.,1,240,1,"","","","","","","","","","","","","","","","","","","","","","","","","","","","",-0.5,1,-2.3,1,"","","","","","","","","","","","","","","","","","","","","","","","","","",87,1,"","","","","","","","","","","","",5.1,1,1027.4,1,"","","","","","","","","","","","","","","","","","","","","","","","","","","","","","","","","","","","","","","","","","","","","","","","","","","","","","","","","","","","","","","","","","","","","","","","","","","","","","","","","","","","","","","","","","","","","","","","","","","","","","","","","","","","","","","","","",""
"54405001","NANCY-OCHEY",48.581,5.959833,336,1982122506,"","","","",3.,1,200,1,"","","","","","","","","","","","","","","","","","","","","","","","","","","","",-0.6,1,-1.1,1,"","","","","","","","","","","","","","","","","","","","","","","","","","",95,1,"","","","","","","","","","","","",5.6,1,1027.8,1,"","","","","","",8,1,5,1,7,1,"","","","","","","","","","","","","","","","","","","","","","","","","","","","",1500,1,"","",10,1,2,1,"","","","","","","","","","","","","","","","","","","","","","","","","","","","","","","","","","","","","","","","","","","","","","","","","","","","","","","","","","","","","","","","","",""
"54405001","NANCY-OCHEY",48.581,5.959833,336,1982122509,"","","","",2.,1,220,1,"","","","","","","","","","","","","","","","","","","","","","","","","","","","",0.,1,-0.4,1,"","","","","","","","","","","","","","","","","","","","","","","","","","",96,1,"","","","","","","","","","","","",5.9,1,1029.5,1,"","","","","","",8,1,7,1,7,1,"","","","","","","","","","","","","","","","","","","","","","","","","","","","",2000,1,"","",50,1,5,1,"","","","","","","","","","","","","","","","","","","","","","","","","","","","","","","","","","","","","","","","","","","","","","","","","","","","","","","","","","","","","","","","","",""
"54405001","NANCY-OCHEY",48.581,5.959833,336,1982122512,"","","","",3.,1,220,1,"","","","","","","","","","","","","","","","","","","","","","","","","","","","",0.9,1,-0.2,1,"","","","","","","","","","","","","","","","","","","","","","","","","","",92,1,"","","","","","","","","","","","",6.,1,1029.9,1,"","","","","","",8,1,7,1,7,1,"","","","","","","","","","","","","","","","","","","","","","","","","","","","",3000,1,"","",10,1,5,1,"","","","","","","","","","","","","","","","","","","","","","","","","","","","","","","","","","","","","","","","","","","","","","","","","","","","","","","","","","","","","","","","","",""
"54405001","NANCY-OCHEY",48.581,5.959833,336,1982122515,"","","","","","","","","","","","","","","","","","","","","","","","","","","","","","","","","","","","",1.3,1,0.1,1,"","","","","","","","","","","","","","","","","","","","","","","","","","",92,1,"","","","","","","","","","","","",6.2,1,1029.5,1,"","","","","","","","","","","","","","","","","","","","","","","","","","","","","","","","","","","","","","","","","","","","","","","","","","","","","","","","","","","","","","","","","","","","","","","","","","","","","","","","","","","","","","","","","","","","","","","","","","","","","","","","","","","","","","","","","",""
"54405001","NANCY-OCHEY",48.581,5.959833,336,1982122518,"","","","","","","","","","","","","","","","","","","","","","","","","","","","","","","","","","","","",1.2,1,0.4,1,"","","","","","","","","","","","","","","","","","","","","","","","","","",94,1,"","","","","","","","","","","","",6.3,1,1029.9,1,"","","","","","","","","","","","","","","","","","","","","","","","","","","","","","","","","","","","","","","","","","","","","","","","","","","","","","","","","","","","","","","","","","","","","","","","","","","","","","","","","","","","","","","","","","","","","","","","","","","","","","","","","","","","","","","","","",""
"54405001","NANCY-OCHEY",48.581,5.959833,336,1982122521,"","","","","","","","","","","","","","","","","","","","","","","","","","","","","","","","","","","","",1.4,1,0.6,1,"","","","","","","","","","","","","","","","","","","","","","","","","","",95,1,"","","","","","","","","","","","",6.4,1,1030.6,1,"","","","","","","","","","","","","","","","","","","","","","","","","","","","","","","","","","","","","","","","","","","","","","","","","","","","","","","","","","","","","","","","","","","","","","","","","","","","","","","","","","","","","","","","","","","","","","","","","","","","","","","","","","","","","","","","","",""
"54405001","NANCY-OCHEY",48.581,5.959833,336,1982122600,"","","","","","","","","","","","","","","","","","","","","","","","","","","","","","","","","","","","",1.8,1,1.2,1,"","","","","","","","","","","","","","","","","","","","","","","","","","",97,1,"","","","","","","","","","","","",6.7,1,1030.5,1,"","","","","","","","","","","","","","","","","","","","","","","","","","","","","","","","","","","","","","","","","","","","","","","","","","","","","","","","","","","","","","","","","","","","","","","","","","","","","","","","","","","","","","","","","","","","","","","","","","","","","","","","","","","","","","","","","",""
"54405001","NANCY-OCHEY",48.581,5.959833,336,1982122603,"","","","","","","","","","","","","","","","","","","","","","","","","","","","","","","","","","","","",2.2,1,1.8,1,"","","","","","","","","","","","","","","","","","","","","","","","","","",98,1,"","","","","","","","","","","","",7.,1,1030.6,1,"","","","","","","","","","","","","","","","","","","","","","","","","","","","","","","","","","","","","","","","","","","","","","","","","","","","","","","","","","","","","","","","","","","","","","","","","","","","","","","","","","","","","","","","","","","","","","","","","","","","","","","","","","","","","","","","","",""
"54405001","NANCY-OCHEY",48.581,5.959833,336,1982122606,"","","","",2.,1,200,1,"","","","","","","","","","","","","","","","","","","","","","","","","","","","",2.8,1,2.4,1,"","","","","","","","","","","","","","","","","","","","","","","","","","",98,1,"","","","","","","","","","","","",7.3,1,1030.7,1,"","","","","","",8,1,8,1,7,1,"","","","","","","","","","","","","","","","","","","","","","","","","","","","",2500,1,"","",50,1,5,1,"","",0,1,"","","","","","","","","","","","","","","","","","","","","","","","","","","","","","","","","","","","","","","","","","","","","","","","","","","","","","","","","","","","","",""
"54405001","NANCY-OCHEY",48.581,5.959833,336,1982122609,"","","","",2.,1,220,1,"","","","","","","","","","","","","","","","","","","","","","","","","","","","",3.4,1,2.7,1,"","","","","","","","","","","","","","","","","","","","","","","","","","",97,1,"","","","","","","","","","","","",7.5,1,1031.6,1,"","","","","","",8,1,8,1,7,1,"","","","","","","","","","","","","","","","","","","","","","","","","","","","",1000,1,"","",28,1,5,1,"","","","","","","","","","","","","","","","","","","","","","","","","","","","","","","","","","","","","","","","","","","","","","","","","","","","","","","","","","","","","","","","","",""
"54405001","NANCY-OCHEY",48.581,5.959833,336,1982122612,"","","","",2.,1,220,1,"","","","","","","","","","","","","","","","","","","","","","","","","","","","",5.6,1,4.9,1,"","","","","","","","","","","","","","","","","","","","","","","","","","",97,1,"","","","","","","","","","","","",8.8,1,1030.9,1,"","","","","","",8,1,7,1,7,1,"","","","","","","","","","","","","","","","","","","","","","","","","","","","",4000,1,"","",10,1,5,1,"","","","","","","","","","","","","","","","","","","","","","","","","","","","","","","","","","","","","","","","","","","","","","","","","","","","","","","","","","","","","","","","","",""
"54405001","NANCY-OCHEY",48.581,5.959833,336,1982122615,"","","","","","","","","","","","","","","","","","","","","","","","","","","","","","","","","","","","",5.4,1,4.8,1,"","","","","","","","","","","","","","","","","","","","","","","","","","",97,1,"","","","","","","","","","","","",8.7,1,1030.8,1,"","","","","","","","","","","","","","","","","","","","","","","","","","","","","","","","","","","","","","","","","","","","","","","","","","","","","","","","","","","","","","","","","","","","","","","","","","","","","","","","","","","","","","","","","","","","","","","","","","","","","","","","","","","","","","","","","",""
"54405001","NANCY-OCHEY",48.581,5.959833,336,1982122618,"","","","","","","","","","","","","","","","","","","","","","","","","","","","","","","","","","","","",5.2,1,4.6,1,"","","","","","","","","","","","","","","","","","","","","","","","","","",97,1,"","","","","","","","","","","","",8.6,1,1031.1,1,"","","","","","","","","","","","","","","","","","","","","","","","","","","","","","","","","","","","","","","","","","","","","","","","","","","","","","","","","","","","","","","","","","","","","","","","","","","","","","","","","","","","","","","","","","","","","","","","","","","","","","","","","","","","","","","","","",""
"54405001","NANCY-OCHEY",48.581,5.959833,336,1982122621,"","","","","","","","","","","","","","","","","","","","","","","","","","","","","","","","","","","","",5.2,1,4.6,1,"","","","","","","","","","","","","","","","","","","","","","","","","","",97,1,"","","","","","","","","","","","",8.6,1,1031.1,1,"","","","","","","","","","","","","","","","","","","","","","","","","","","","","","","","","","","","","","","","","","","","","","","","","","","","","","","","","","","","","","","","","","","","","","","","","","","","","","","","","","","","","","","","","","","","","","","","","","","","","","","","","","","","","","","","","",""
"54405001","NANCY-OCHEY",48.581,5.959833,336,1982122700,"","","","","","","","","","","","","","","","","","","","","","","","","","","","","","","","","","","","",5.1,1,4.5,1,"","","","","","","","","","","","","","","","","","","","","","","","","","",97,1,"","","","","","","","","","","","",8.5,1,1031.4,1,"","","","","","","","","","","","","","","","","","","","","","","","","","","","","","","","","","","","","","","","","","","","","","","","","","","","","","","","","","","","","","","","","","","","","","","","","","","","","","","","","","","","","","","","","","","","","","","","","","","","","","","","","","","","","","","","","",""
"54405001","NANCY-OCHEY",48.581,5.959833,336,1982122703,"","","","","","","","","","","","","","","","","","","","","","","","","","","","","","","","","","","","",5.,1,4.5,1,"","","","","","","","","","","","","","","","","","","","","","","","","","",97,1,"","","","","","","","","","","","",8.5,1,1031.2,1,"","","","","","","","","","","","","","","","","","","","","","","","","","","","","","","","","","","","","","","","","","","","","","","","","","","","","","","","","","","","","","","","","","","","","","","","","","","","","","","","","","","","","","","","","","","","","","","","","","","","","","","","","","","","","","","","","",""
"54405001","NANCY-OCHEY",48.581,5.959833,336,1982122706,"","","","",5.,1,240,1,"","","","","","","","","","","","","","","","","","","","","","","","","","","","",4.7,1,4.1,1,"","","","","","","","","","","","","","","","","","","","","","","","","","",97,1,"","","","","","","","","","","","",8.3,1,1031.,1,"","","","","","",7,1,7,1,7,1,"","","","","","","","","","","","","","","","","","","","","","","","","","","","",7000,1,"","",50,1,5,1,"","",0,1,"","","","","","","","","","","","","","","","","","","","","","","","","","","","","","","","","","","","","","","","","","","","","","","","","","","","","","","","","","","","","",""
"54405001","NANCY-OCHEY",48.581,5.959833,336,1982122709,"","","","",6.,1,220,1,"","","","","","","","","","","","","","","","","","","","","","","","","","","","",4.5,1,3.4,1,"","","","","","","","","","","","","","","","","","","","","","","","","","",93,1,"","","","","","","","","","","","",7.9,1,1031.3,1,"","","","","","",7,1,6,1,5,1,"","","","","","","","","","","","","","","","","","","","","","","","","","","","",25000,1,"","",20,1,5,1,"","","","","","","","","","","","","","","","","","","","","","","","","","","","","","","","","","","","","","","","","","","","","","","","","","","","","","","","","","","","","","","","","",""
"54405001","NANCY-OCHEY",48.581,5.959833,336,1982122712,"","","","",6.,1,220,1,"","","","","","","","","","","","","","","","","","","","","","","","","","","","",5.1,1,4.3,1,"","","","","","","","","","","","","","","","","","","","","","","","","","",95,1,"","","","","","","","","","","","",8.4,1,1030.4,1,"","","","","","",7,1,7,1,7,1,"","","","","","","","","","","","","","","","","","","","","","","","","","","","",6000,1,"","",20,1,5,1,"","","","","","","","","","","","","","","","","","","","","","","","","","","","","","","","","","","","","","","","","","","","","","","","","","","","","","","","","","","","","","","","","",""
"54405001","NANCY-OCHEY",48.581,5.959833,336,1982122715,"","","","",8.,1,220,1,"","","","","","","","","","","","","","","","","","","","","","","","","","","","",5.8,1,4.9,1,"","","","","","","","","","","","","","","","","","","","","","","","","","",95,1,"","","","","","","","","","","","",8.8,1,1028.8,1,"","","","","","",7,1,6,1,7,1,"","","","","","","","","","","","","","","","","","","","","","","","","","","","",8000,1,"","",20,1,5,1,"","","","","","","","","","","","","","","","","","","","","","","","","","","","","","","","","","","","","","","","","","","","","","","","","","","","","","","","","","","","","","","","","",""
"54405001","NANCY-OCHEY",48.581,5.959833,336,1982122718,"","","","",7.,1,220,1,"","","","","","","","","","","","","","","","","","","","","","","","","","","","",6.3,1,5.6,1,"","","","","","","","","","","","","","","","","","","","","","","","","","",97,1,"","","","","","","","","","","","",9.2,1,1028.4,1,"","","","","","",8,1,8,1,7,1,"","","","","","","","","","","","","","","","","","","","","","","","","","","","",4500,1,"","",58,1,6,1,"","","","","","","","","","","","","","","","","","","","","","","","","","","","","","","","","","","","","","","","","","","","","","","","","","","","","","","","","","","","","","","","","",""
"54405001","NANCY-OCHEY",48.581,5.959833,336,1982122721,"","","","",8.,1,260,1,"","","","","","","","","","","","","","","","","","","","","","","","","","","","",7.,1,6.3,1,"","","","","","","","","","","","","","","","","","","","","","","","","","",97,1,"","","","","","","","","","","","",9.7,1,1028.3,1,"","","","","","","","","","","","","","","","","","","","","","","","","","","","","","","","","","","","","","","","","","","","","","","","","","","","","","","","","","","","","","","","","","","","","","","","","","","","","","","","","","","","","","","","","","","","","","","","","","","","","","","","","","","","","","","","","",""
"54405001","NANCY-OCHEY",48.581,5.959833,336,1982122800,"","","","",8.,1,300,1,"","","","","","","","","","","","","","","","","","","","","","","","","","","","",5.7,1,3.6,1,"","","","","","","","","","","","","","","","","","","","","","","","","","",87,1,"","","","","","","","","","","","",8.,1,1028.7,1,"","","","","","","","","","","","","","","","","","","","","","","","","","","","","","","","","","","","","","","","","","","","","","","","","","","","","","","","","","","","","","","","","","","","","","","","","","","","","","","","","","","","","","","","","","","","","","","","","","","","","","","","","","","","","","","","","",""
"54405001","NANCY-OCHEY",48.581,5.959833,336,1982122803,"","","","",6.,1,300,1,"","","","","","","","","","","","","","","","","","","","","","","","","","","","",4.9,1,3.8,1,"","","","","","","","","","","","","","","","","","","","","","","","","","",94,1,"","","","","","","","","","","","",8.1,1,1029.4,1,"","","","","","","","","","","","","","","","","","","","","","","","","","","","","","","","","","","","","","","","","","","","","","","","","","","","","","","","","","","","","","","","","","","","","","","","","","","","","","","","","","","","","","","","","","","","","","","","","","","","","","","","","","","","","","","","","",""
"54405001","NANCY-OCHEY",48.581,5.959833,336,1982122806,"","","","",4.,1,260,1,"","","","","","","","","","","","","","","","","","","","","","","","","","","","",3.4,1,2.5,1,"","","","","","","","","","","","","","","","","","","","","","","","","","",95,1,"","","","","","","","","","","","",7.4,1,1030.8,1,"","","","","","",7,1,5,1,5,1,0,1,1,1,"","","","","","","","","","","","","","","","","","","","","","","","",15000,1,"","",1,1,6,1,"","",0,1,"","","","","","","","","","","","","","","","","","","","","","","","","","","","","","","","","","","","","","","","","","","","","","","","","","","","","","","","","","","","","",""
"54405001","NANCY-OCHEY",48.581,5.959833,336,1982122809,"","","","",5.,1,260,1,"","","","","","","","","","","","","","","","","","","","","","","","","","","","",3.,1,1.6,1,"","","","","","","","","","","","","","","","","","","","","","","","","","",91,1,"","","","","","","","","","","","",6.9,1,1032.4,1,"","","","","","",6,1,0,1,8,1,0,1,1,1,"","","","","","","","","","","","","","","","","","","","","","","","",13000,1,"","",1,1,2,1,"","","","","","","","","","","","","","","","","","","","","","","","","","","","","","","","","","","","","","","","","","","","","","","","","","","","","","","","","","","","","","","","","",""
"54405001","NANCY-OCHEY",48.581,5.959833,336,1982122812,"","","","",7.,1,280,1,"","","","","","","","","","","","","","","","","","","","","","","","","","","","",4.1,1,0.6,1,"","","","","","","","","","","","","","","","","","","","","","","","","","",78,1,"","","","","","","","","","","","",6.4,1,1032.6,1,"","","","","","",6,1,0,1,8,1,0,1,1,1,"","","","","","","","","","","","","","","","","","","","","","","","",24000,1,"","",1,1,2,1,"","","","","","","","","","","","","","","","","","","","","","","","","","","","","","","","","","","","","","","","","","","","","","","","","","","","","","","","","","","","","","","","","",""
"54405001","NANCY-OCHEY",48.581,5.959833,336,1982122815,"","","","",4.,1,300,1,"","","","","","","","","","","","","","","","","","","","","","","","","","","","",4.1,1,0.4,1,"","","","","","","","","","","","","","","","","","","","","","","","","","",77,1,"","","","","","","","","","","","",6.3,1,1032.2,1,"","","","","","",7,1,6,1,8,1,"","","","","","","","","","","","","","","","","","","","","","","","","","","","",24000,1,"","",3,1,2,1,"","","","","","","","","","","","","","","","","","","","","","","","","","","","","","","","","","","","","","","","","","","","","","","","","","","","","","","","","","","","","","","","","",""
"54405001","NANCY-OCHEY",48.581,5.959833,336,1982122818,"","","","",4.,1,260,1,"","","","","","","","","","","","","","","","","","","","","","","","","","","","",2.8,1,1.4,1,"","","","","","","","","","","","","","","","","","","","","","","","","","",91,1,"","","","","","","","","","","","",6.8,1,1033.2,1,"","","","","","",7,1,6,1,8,1,"","","","","","","","","","","","","","","","","","","","","","","","","","","","",15000,1,"","",3,1,2,1,"","","","","","","","","","","","","","","","","","","","","","","","","","","","","","","","","","","","","","","","","","","","","","","","","","","","","","","","","","","","","","","","","",""
"54405001","NANCY-OCHEY",48.581,5.959833,336,1982122821,"","","","",3.,1,300,1,"","","","","","","","","","","","","","","","","","","","","","","","","","","","",2.7,1,1.6,1,"","","","","","","","","","","","","","","","","","","","","","","","","","",93,1,"","","","","","","","","","","","",6.9,1,1033.5,1,"","","","","","","","","","","","","","","","","","","","","","","","","","","","","","","","","","","","","","","","","","","","","","","","","","","","","","","","","","","","","","","","","","","","","","","","","","","","","","","","","","","","","","","","","","","","","","","","","","","","","","","","","","","","","","","","","",""
"54405001","NANCY-OCHEY",48.581,5.959833,336,1982122900,"","","","",3.,1,300,1,"","","","","","","","","","","","","","","","","","","","","","","","","","","","",0.7,1,0.1,1,"","","","","","","","","","","","","","","","","","","","","","","","","","",97,1,"","","","","","","","","","","","",6.2,1,1034.,1,"","","","","","","","","","","","","","","","","","","","","","","","","","","","","","","","","","","","","","","","","","","","","","","","","","","","","","","","","","","","","","","","","","","","","","","","","","","","","","","","","","","","","","","","","","","","","","","","","","","","","","","","","","","","","","","","","",""
"54405001","NANCY-OCHEY",48.581,5.959833,336,1982122903,"","","","",3.,1,320,1,"","","","","","","","","","","","","","","","","","","","","","","","","","","","",1.,1,0.6,1,"","","","","","","","","","","","","","","","","","","","","","","","","","",98,1,"","","","","","","","","","","","",6.4,1,1034.1,1,"","","","","","","","","","","","","","","","","","","","","","","","","","","","","","","","","","","","","","","","","","","","","","","","","","","","","","","","","","","","","","","","","","","","","","","","","","","","","","","","","","","","","","","","","","","","","","","","","","","","","","","","","","","","","","","","","",""
"54405001","NANCY-OCHEY",48.581,5.959833,336,1982122906,"","","","",2.,1,320,1,"","","","","","","","","","","","","","","","","","","","","","","","","","","","",1.,1,1.,1,"","","","","","","","","","","","","","","","","","","","","","","","","","",100,1,"","","","","","","","","","","","",6.6,1,1034.6,1,"","","","","","",9,1,"","","","","","","","","","","","","","","","","","","","","","","","","","","","","","","","",700,1,"","",43,1,4,1,"","",0,1,"","","","","","","","","","","","","","","","","","","","","","","","","","","","","","","","","","","","","","","","","","","","","","","","","","","","","","","","","","","","","",""
"54405001","NANCY-OCHEY",48.581,5.959833,336,1982122909,"","","","",2.,1,60,1,"","","","","","","","","","","","","","","","","","","","","","","","","","","","",1.2,1,0.6,1,"","","","","","","","","","","","","","","","","","","","","","","","","","",96,1,"","","","","","","","","","","","",6.4,1,1036.6,1,"","","","","","",7,1,6,1,6,1,"","","","","","","","","","","","","","","","","","","","","","","","","","","","",2000,1,"","",10,1,4,1,"","","","","","","","","","","","","","","","","","","","","","","","","","","","","","","","","","","","","","","","","","","","","","","","","","","","","","","","","","","","","","","","","",""
"54405001","NANCY-OCHEY",48.581,5.959833,336,1982122912,"","","","",3.,1,40,1,"","","","","","","","","","","","","","","","","","","","","","","","","","","","",3.7,1,0.,1,"","","","","","","","","","","","","","","","","","","","","","","","","","",76,1,"","","","","","","","","","","","",6.1,1,1036.4,1,"","","","","","",2,1,0,1,2,1,0,1,0,1,"","","","","","","","","","","","","","","","","","","","","","","","",8000,1,"","",1,1,1,1,"","","","","","","","","","","","","","","","","","","","","","","","","","","","","","","","","","","","","","","","","","","","","","","","","","","","","","","","","","","","","","","","","",""
"54405001","NANCY-OCHEY",48.581,5.959833,336,1982122915,"","","","",3.,1,60,1,"","","","","","","","","","","","","","","","","","","","","","","","","","","","",2.9,1,-0.9,1,"","","","","","","","","","","","","","","","","","","","","","","","","","",75,1,"","","","","","","","","","","","",5.7,1,1036.6,1,"","","","","","",2,1,0,1,2,1,0,1,0,1,"","","","","","","","","","","","","","","","","","","","","","","","",10000,1,"","",2,1,0,1,"","","","","","","","","","","","","","","","","","","","","","","","","","","","","","","","","","","","","","","","","","","","","","","","","","","","","","","","","","","","","","","","","",""
"54405001","NANCY-OCHEY",48.581,5.959833,336,1982122918,"","","","",2.,1,40,1,"","","","","","","","","","","","","","","","","","","","","","","","","","","","",-0.3,1,-1.3,1,"","","","","","","","","","","","","","","","","","","","","","","","","","",92,1,"","","","","","","","","","","","",5.5,1,1037.7,1,"","","","","","",0,1,"","",0,1,0,1,0,1,"","","","","","","","","","","","","","","","","","","","","","","","",5000,1,"","",2,1,0,1,"","","","","","","","","","","","","","","","","","","","","","","","","","","","","","","","","","","","","","","","","","","","","","","","","","","","","","","","","","","","","","","","","",""
"54405001","NANCY-OCHEY",48.581,5.959833,336,1982122921,"","","","",1.,1,340,1,"","","","","","","","","","","","","","","","","","","","","","","","","","","","",-3.3,1,-4.,1,"","","","","","","","","","","","","","","","","","","","","","","","","","",94,1,"","","","","","","","","","","","",4.5,1,1038.5,1,"","","","","","","","","","","","","","","","","","","","","","","","","","","","","","","","","","","","","","","","","","","","","","","","","","","","","","","","","","","","","","","","","","","","","","","","","","","","","","","","","","","","","","","","","","","","","","","","","","","","","","","","","","","","","","","","","",""
"54405001","NANCY-OCHEY",48.581,5.959833,336,1982123000,"","","","",1.,1,360,1,"","","","","","","","","","","","","","","","","","","","","","","","","","","","",-2.4,1,-3.1,1,"","","","","","","","","","","","","","","","","","","","","","","","","","",94,1,"","","","","","","","","","","","",4.8,1,1038.7,1,"","","","","","","","","","","","","","","","","","","","","","","","","","","","","","","","","","","","","","","","","","","","","","","","","","","","","","","","","","","","","","","","","","","","","","","","","","","","","","","","","","","","","","","","","","","","","","","","","","","","","","","","","","","","","","","","","",""
"54405001","NANCY-OCHEY",48.581,5.959833,336,1982123003,"","","","",1.,1,40,1,"","","","","","","","","","","","","","","","","","","","","","","","","","","","",-2.2,1,-2.9,1,"","","","","","","","","","","","","","","","","","","","","","","","","","",95,1,"","","","","","","","","","","","",4.9,1,1038.8,1,"","","","","","","","","","","","","","","","","","","","","","","","","","","","","","","","","","","","","","","","","","","","","","","","","","","","","","","","","","","","","","","","","","","","","","","","","","","","","","","","","","","","","","","","","","","","","","","","","","","","","","","","","","","","","","","","","",""
"54405001","NANCY-OCHEY",48.581,5.959833,336,1982123006,"","","","",1.,1,80,1,"","","","","","","","","","","","","","","","","","","","","","","","","","","","",-2.9,1,-3.4,1,"","","","","","","","","","","","","","","","","","","","","","","","","","",95,1,"","","","","","","","","","","","",4.7,1,1038.9,1,"","","","","","",9,1,"","","","","","","","","","","","","","","","","","","","","","","","","","","","","","","","",200,1,"","",49,1,4,1,"","",0,1,"","","","","","","","","","","","","","","","","","","","","","","","","","","","","","","","","","","","","","","","","","","","","","","","","","","","","","","","","","","","","",""
"54405001","NANCY-OCHEY",48.581,5.959833,336,1982123009,"","","","",4.,1,80,1,"","","","","","","","","","","","","","","","","","","","","","","","","","","","",-2.2,1,-2.3,1,"","","","","","","","","","","","","","","","","","","","","","","","","","",98,1,"","","","","","","","","","","","",5.1,1,1039.2,1,"","","","","","",9,1,"","","","","","","","","","","","","","","","","","","","","","","","","","","","","","","","",200,1,"","",49,1,4,1,"","","","","","","","","","","","","","","","","","","","","","","","","","","","","","","","","","","","","","","","","","","","","","","","","","","","","","","","","","","","","","","","","",""
"54405001","NANCY-OCHEY",48.581,5.959833,336,1982123012,"","","","",2.,1,40,1,"","","","","","","","","","","","","","","","","","","","","","","","","","","","",-0.8,1,-1.1,1,"","","","","","","","","","","","","","","","","","","","","","","","","","",97,1,"","","","","","","","","","","","",5.6,1,1038.8,1,"","","","","","",7,1,7,1,6,1,"","","","","","","","","","","","","","","","","","","","","","","","","","","","",3000,1,"","",10,1,4,1,"","","","","","","","","","","","","","","","","","","","","","","","","","","","","","","","","","","","","","","","","","","","","","","","","","","","","","","","","","","","","","","","","",""
"54405001","NANCY-OCHEY",48.581,5.959833,336,1982123015,"","","","",2.,1,100,1,"","","","","","","","","","","","","","","","","","","","","","","","","","","","",-0.7,1,-1.1,1,"","","","","","","","","","","","","","","","","","","","","","","","","","",97,1,"","","","","","","","","","","","",5.6,1,1038.,1,"","","","","","",3,1,0,1,6,1,0,1,0,1,"","","","","","","","","","","","","","","","","","","","","","","","",3000,1,"","",10,1,1,1,"","","","","","","","","","","","","","","","","","","","","","","","","","","","","","","","","","","","","","","","","","","","","","","","","","","","","","","","","","","","","","","","","",""
"54405001","NANCY-OCHEY",48.581,5.959833,336,1982123018,"","","","",1.,1,360,1,"","","","","","","","","","","","","","","","","","","","","","","","","","","","",-2.8,1,-3.1,1,"","","","","","","","","","","","","","","","","","","","","","","","","","",97,1,"","","","","","","","","","","","",4.8,1,1038.,1,"","","","","","",1,1,0,1,0,1,0,1,1,1,"","","","","","","","","","","","","","","","","","","","","","","","",700,1,"","",48,1,4,1,"","","","","","","","","","","","","","","","","","","","","","","","","","","","","","","","","","","","","","","","","","","","","","","","","","","","","","","","","","","","","","","","","",""
"54405001","NANCY-OCHEY",48.581,5.959833,336,1982123021,"","","","",0.,1,0,1,"","","","","","","","","","","","","","","","","","","","","","","","","","","","",-4.,1,-4.3,1,"","","","","","","","","","","","","","","","","","","","","","","","","","",96,1,"","","","","","","","","","","","",4.4,1,1037.7,1,"","","","","","","","","","","","","","","","","","","","","","","","","","","","","","","","","","","","","","","","","","","","","","","","","","","","","","","","","","","","","","","","","","","","","","","","","","","","","","","","","","","","","","","","","","","","","","","","","","","","","","","","","","","","","","","","","",""
"54405001","NANCY-OCHEY",48.581,5.959833,336,1982123100,"","","","",1.,1,340,1,"","","","","","","","","","","","","","","","","","","","","","","","","","","","",-5.,1,-5.5,1,"","","","","","","","","","","","","","","","","","","","","","","","","","",95,1,"","","","","","","","","","","","",4.,1,1037.9,1,"","","","","","","","","","","","","","","","","","","","","","","","","","","","","","","","","","","","","","","","","","","","","","","","","","","","","","","","","","","","","","","","","","","","","","","","","","","","","","","","","","","","","","","","","","","","","","","","","","","","","","","","","","","","","","","","","",""
"54405001","NANCY-OCHEY",48.581,5.959833,336,1982123103,"","","","",1.,1,280,1,"","","","","","","","","","","","","","","","","","","","","","","","","","","","",-6.7,1,-7.2,1,"","","","","","","","","","","","","","","","","","","","","","","","","","",95,1,"","","","","","","","","","","","",3.5,1,1037.8,1,"","","","","","","","","","","","","","","","","","","","","","","","","","","","","","","","","","","","","","","","","","","","","","","","","","","","","","","","","","","","","","","","","","","","","","","","","","","","","","","","","","","","","","","","","","","","","","","","","","","","","","","","","","","","","","","","","",""
"54405001","NANCY-OCHEY",48.581,5.959833,336,1982123106,"","","","",1.,1,220,1,"","","","","","","","","","","","","","","","","","","","","","","","","","","","",-5.6,1,-6.1,1,"","","","","","","","","","","","","","","","","","","","","","","","","","",95,1,"","","","","","","","","","","","",3.8,1,1037.3,1,"","","","","","",9,1,"","","","","","","","","","","","","","","","","","","","","","","","","","","","","","","","",90,1,"","",49,1,4,1,"","",0,1,"","","","","","","","","","","","","","","","","","","","","","","","","","","","","","","","","","","","","","","","","","","","","","","","","","","","","","","","","","","","","",""
"54405001","NANCY-OCHEY",48.581,5.959833,336,1982123109,"","","","",0.,1,0,1,"","","","","","","","","","","","","","","","","","","","","","","","","","","","",-6.,1,-6.5,1,"","","","","","","","","","","","","","","","","","","","","","","","","","",94,1,"","","","","","","","","","","","",3.7,1,1037.7,1,"","","","","","",8,1,8,1,6,1,"","","","","","","","","","","","","","","","","","","","","","","","","","","","",100,1,"","",48,1,4,1,"","","","","","","","","","","","","","","","","","","","","","","","","","","","","","","","","","","","","","","","","","","","","","","","","","","","","","","","","","","","","","","","","",""
"54405001","NANCY-OCHEY",48.581,5.959833,336,1982123112,"","","","",1.,1,120,1,"","","","","","","","","","","","","","","","","","","","","","","","","","","","",-2.6,1,-3.1,1,"","","","","","","","","","","","","","","","","","","","","","","","","","",95,1,"","","","","","","","","","","","",4.8,1,1037.,1,"","","","","","",4,1,0,1,6,1,0,1,0,1,"","","","","","","","","","","","","","","","","","","","","","","","",1500,1,"","",10,1,1,1,"","","","","","","","","","","","","","","","","","","","","","","","","","","","","","","","","","","","","","","","","","","","","","","","","","","","","","","","","","","","","","","","","",""
"54405001","NANCY-OCHEY",48.581,5.959833,336,1982123115,"","","","",1.,1,220,1,"","","","","","","","","","","","","","","","","","","","","","","","","","","","",-2.1,1,-2.9,1,"","","","","","","","","","","","","","","","","","","","","","","","","","",94,1,"","","","","","","","","","","","",4.9,1,1036.3,1,"","","","","","",7,1,7,1,6,1,"","","","","","","","","","","","","","","","","","","","","","","","","","","","",2000,1,"","",10,1,2,1,"","","","","","","","","","","","","","","","","","","","","","","","","","","","","","","","","","","","","","","","","","","","","","","","","","","","","","","","","","","","","","","","","",""
"54405001","NANCY-OCHEY",48.581,5.959833,336,1982123118,"","","","",1.,1,200,1,"","","","","","","","","","","","","","","","","","","","","","","","","","","","",-3.4,1,-4.3,1,"","","","","","","","","","","","","","","","","","","","","","","","","","",92,1,"","","","","","","","","","","","",4.4,1,1036.2,1,"","","","","","",8,1,8,1,6,1,"","","","","","","","","","","","","","","","","","","","","","","","","","","","",1200,1,"","",10,1,2,1,"","","","","","","","","","","","","","","","","","","","","","","","","","","","","","","","","","","","","","","","","","","","","","","","","","","","","","","","","","","","","","","","","",""
"54405001","NANCY-OCHEY",48.581,5.959833,336,1982123121,"","","","",1.,1,200,1,"","","","","","","","","","","","","","","","","","","","","","","","","","","","",-3.6,1,-4.6,1,"","","","","","","","","","","","","","","","","","","","","","","","","","",92,1,"","","","","","","","","","","","",4.3,1,1035.9,1,"","","","","","","","","","","","","","","","","","","","","","","","","","","","","","","","","","","","","","","","","","","","","","","","","","","","","","","","","","","","","","","","","","","","","","","","","","","","","","","","","","","","","","","","","","","","","","","","","","","","","","","","","","","","","","","","","",""
