"NUM_POSTE","NOM_USUEL","LAT","LON","ALTI","AAAAMMJJHH","RR1","QRR1","DRR1","QDRR1","FF","QFF","DD","QDD","FXY","QFXY","DXY","QDXY","HXY","QHXY","FXI","QFXI","DXI","QDXI","HXI","QHXI","FF2","QFF2","DD2","QDD2","FXI2","QFXI2","DXI2","QDXI2","HXI2","QHXI2","FXI3S","QFXI3S","DXI3S","QDXI3S","HFXI3S","QHFXI3S","T","QT","TD","QTD","TN","QTN","HTN","QHTN","TX","QTX","HTX","QHTX","DG","QDG","T10","QT10","T20","QT20","T50","QT50","T100","QT100","TNSOL","QTNSOL","TN50","QTN50","TCHAUSSEE","QTCHAUSSEE","DHUMEC","QDHUMEC","U","QU","UN","QUN","HUN","QHUN","UX","QUX","HUX","QHUX","DHUMI40","QDHUMI40","DHUMI80","QDHUMI80","TSV","QTSV","PMER","QPMER","PSTAT","QPSTAT","PMERMIN","QPMERMIN","GEOP","QGEOP","N","QN","NBAS","QNBAS","CL","QCL","CM","QCM","CH","QCH","N1","QN1","C1","QC1","B1","QB1","N2","QN2","C2","QC2","B2","QB2","N3","QN3","C3","QC3","B3","QB3","N4","QN4","C4","QC4","B4","QB4","VV","QVV","DVV200","QDVV200","WW","QWW","W1","QW1","W2","QW2","SOL","QSOL","SOLNG","QSOLNG","TMER","QTMER","VVMER","QVVMER","ETATMER","QETATMER","DIRHOULE","QDIRHOULE","HVAGUE","QHVAGUE","PVAGUE","QPVAGUE","HNEIGEF","QHNEIGEF","NEIGETOT","QNEIGETOT","TSNEIGE","QTSNEIGE","TUBENEIGE","QTUBENEIGE","HNEIGEFI3","QHNEIGEFI3","HNEIGEFI1","QHNEIGEFI1","ESNEIGE","QESNEIGE","CHARGENEIGE","QCHARGENEIGE","GLO","QGLO","GLO2","QGLO2","DIR","QDIR","DIR2","QDIR2","DIF","QDIF","DIF2","QDIF2","UV","QUV","UV2","QUV2","UV_INDICE","QUV_INDICE","INFRAR","QINFRAR","INFRAR2","QINFRAR2","INS","QINS","INS2","QINS2","TLAGON","QTLAGON","TVEGETAUX","QTVEGETAUX","ECOULEMENT","QECOULEMENT"
"59343001","LILLE-LESQUIN",50.57,3.0975,47,1959010100,"","","","",4.,1,"","","","","","","","","","","","","","","","","","","","","","","","","","","","","","",2.8,1,1.6,1,"","","","","","","","","","","","","","","","","","","","","","","","","","",93,1,"","","","","","","","","","","","",6.9,1,1016.9,1,"","","","","","",1,1,0,1,0,1,4,1,1,1,"","","","","","","","","","","","","","","","","","","","","","","","",5000,1,"","",2,1,6,1,"","","","","","","","","","","","","","","","","","","","","","","","","","","","","","","","","","","","","","","","","","","","","","","","","","","","","","","","","","","","","","","","","",""
"59343001","LILLE-LESQUIN",50.57,3.0975,47,1959010103,"","","","",5.,1,"","","","","","","","","","","","","","","","","","","","","","","","","","","","","","",1.8,1,0.4,1,"","","","","","","","","","","","","","","","","","","","","","","","","","",91,1,"","","","","","","","","","","","",6.3,1,1018.2,1,"","","","","","",1,1,0,1,0,1,0,1,1,1,"","","","","","","","","","","","","","","","","","","","","","","","",5000,1,"","",2,1,0,1,"","","","","","","","","","","","","","","","","","","","","","","","","","","","","","","","","","","","","","","","","","","","","","","","","","","","","","","","","","","","","","","","","",""
"59343001","LILLE-LESQUIN",50.57,3.0975,47,1959010106,"","","","",5.,1,"","","","","","","","","","","","","","","","","","","","","","","","","","","","","","",2.8,1,1.,1,"","","","","","","","","","","","","","","","","","","","","","","","","","",88,1,"","","","","","","","","","","","",6.6,1,1019.4,1,"","","","","","",1,1,0,1,5,1,0,1,0,1,"","","","","","","","","","","","","","","","","","","","","","","","",15000,1,"","",2,1,0,1,"","",0,1,"","","","","","","","","","","","","","","","","","","","","","","","","","","","","","","","","","","","","","","","","","","","","","","","","","","","","","","","","","","","","",""
"59343001","LILLE-LESQUIN",50.57,3.0975,47,1959010109,"","","","",6.,1,"","","","","","","","","","","","","","","","","","","","","","","","","","","","","","",3.1,1,1.6,1,"","","","","","","","","","","","","","","","","","","","","","","","","","",91,1,"","","","","","","","","","","","",6.9,1,1019.7,1,"","","","","","",0,1,"","",0,1,0,1,0,1,"","","","","","","","","","","","","","","","","","","","","","","","",7000,1,"","",2,1,0,1,"","","","","","","","","","","","","","","","","","","","","","","","","","","","","","","","","","","","","","","","","","","","","","","","","","","","","","","","","","","","","","","","","",""
"59343001","LILLE-LESQUIN",50.57,3.0975,47,1959010112,"","","","",8.,1,"","","","","","","","","","","","","","","","","","","","","","","","","","","","","","",7.6,1,3.8,1,"","","","","","","","","","","","","","","","","","","","","","","","","","",77,1,"","","","","","","","","","","","",8.1,1,1019.3,1,"","","","","","",1,1,0,1,5,1,0,1,0,1,"","","","","","","","","","","","","","","","","","","","","","","","",10000,1,"","",3,1,0,1,"","","","","","","","","","","","","","","","","","","","","","","","","","","","","","","","","","","","","","","","","","","","","","","","","","","","","","","","","","","","","","","","","",""
"59343001","LILLE-LESQUIN",50.57,3.0975,47,1959010115,"","","","",10.,1,"","","","","","","","","","","","","","","","","","","","","","","","","","","","","","",8.1,1,4.2,1,"","","","","","","","","","","","","","","","","","","","","","","","","","",76,1,"","","","","","","","","","","","",8.3,1,1017.2,1,"","","","","","",7,1,0,1,8,1,4,1,2,1,"","","","","","","","","","","","","","","","","","","","","","","","",20000,1,"","",3,1,2,1,"","","","","","","","","","","","","","","","","","","","","","","","","","","","","","","","","","","","","","","","","","","","","","","","","","","","","","","","","","","","","","","","","",""
"59343001","LILLE-LESQUIN",50.57,3.0975,47,1959010118,"","","","",13.,1,"","","","","","","","","","","","","","","","","","","","","","","","","","","","","","",7.,1,3.1,1,"","","","","","","","","","","","","","","","","","","","","","","","","","",77,1,"","","","","","","","","","","","",7.7,1,1015.2,1,"","","","","","",8,1,5,1,5,1,4,1,2,1,"","","","","","","","","","","","","","","","","","","","","","","","",20000,1,"","",3,1,2,1,"","","","","","","","","","","","","","","","","","","","","","","","","","","","","","","","","","","","","","","","","","","","","","","","","","","","","","","","","","","","","","","","","",""
"59343001","LILLE-LESQUIN",50.57,3.0975,47,1959010121,"","","","",11.,1,"","","","","","","","","","","","","","","","","","","","","","","","","","","","","","",6.6,1,3.1,1,"","","","","","","","","","","","","","","","","","","","","","","","","","",79,1,"","","","","","","","","","","","",7.7,1,1012.1,1,"","","","","","",8,1,8,1,5,1,"","","","","","","","","","","","","","","","","","","","","","","","","","","","",15000,1,"","",2,1,2,1,"","","","","","","","","","","","","","","","","","","","","","","","","","","","","","","","","","","","","","","","","","","","","","","","","","","","","","","","","","","","","","","","","",""
"59343001","LILLE-LESQUIN",50.57,3.0975,47,1959010200,"","","","",12.,1,"","","","","","","","","","","","","","","","","","","","","","","","","","","","","","",6.9,1,3.3,1,"","","","","","","","","","","","","","","","","","","","","","","","","","",78,1,"","","","","","","","","","","","",7.8,1,1007.6,1,"","","","","","",8,1,8,1,5,1,"","","","","","","","","","","","","","","","","","","","","","","","","","","","",15000,1,"","",2,1,2,1,"","","","","","","","","","","","","","","","","","","","","","","","","","","","","","","","","","","","","","","","","","","","","","","","","","","","","","","","","","","","","","","","","",""
"59343001","LILLE-LESQUIN",50.57,3.0975,47,1959010203,"","","","",13.,1,"","","","","","","","","","","","","","","","","","","","","","","","","","","","","","",7.9,1,4.5,1,"","","","","","","","","","","","","","","","","","","","","","","","","","",80,1,"","","","","","","","","","","","",8.5,1,1002.9,1,"","","","","","",8,1,8,1,5,1,"","","","","","","","","","","","","","","","","","","","","","","","","","","","",15000,1,"","",2,1,2,1,"","","","","","","","","","","","","","","","","","","","","","","","","","","","","","","","","","","","","","","","","","","","","","","","","","","","","","","","","","","","","","","","","",""
"59343001","LILLE-LESQUIN",50.57,3.0975,47,1959010206,"","","","",7.,1,"","","","","","","","","","","","","","","","","","","","","","","","","","","","","","",3.4,1,2.,1,"","","","","","","","","","","","","","","","","","","","","","","","","","",91,1,"","","","","","","","","","","","",7.1,1,1001.2,1,"","","","","","",8,1,8,1,7,1,"","","","","","","","","","","","","","","","","","","","","","","","","","","","",9000,1,"","",61,1,8,1,"","",0,1,"","","","","","","","","","","","","","","","","","","","","","","","","","","","","","","","","","","","","","","","","","","","","","","","","","","","","","","","","","","","","",""
"59343001","LILLE-LESQUIN",50.57,3.0975,47,1959010209,"","","","",9.,1,"","","","","","","","","","","","","","","","","","","","","","","","","","","","","","",3.4,1,1.2,1,"","","","","","","","","","","","","","","","","","","","","","","","","","",87,1,"","","","","","","","","","","","",6.7,1,999.6,1,"","","","","","",7,1,5,1,2,1,0,1,3,1,"","","","","","","","","","","","","","","","","","","","","","","","",8000,1,"","",80,1,6,1,"","","","","","","","","","","","","","","","","","","","","","","","","","","","","","","","","","","","","","","","","","","","","","","","","","","","","","","","","","","","","","","","","",""
"59343001","LILLE-LESQUIN",50.57,3.0975,47,1959010212,"","","","",12.,1,"","","","","","","","","","","","","","","","","","","","","","","","","","","","","","",5.2,1,3.1,1,"","","","","","","","","","","","","","","","","","","","","","","","","","",87,1,"","","","","","","","","","","","",7.7,1,997.5,1,"","","","","","",7,1,7,1,9,1,"","","","","","","","","","","","","","","","","","","","","","","","","","","","",8000,1,"","",87,1,8,1,"","","","","","","","","","","","","","","","","","","","","","","","","","","","","","","","","","","","","","","","","","","","","","","","","","","","","","","","","","","","","","","","","",""
"59343001","LILLE-LESQUIN",50.57,3.0975,47,1959010215,"","","","",8.,1,"","","","","","","","","","","","","","","","","","","","","","","","","","","","","","",6.5,1,1.4,1,"","","","","","","","","","","","","","","","","","","","","","","","","","",76,1,"","","","","","","","","","","","",6.8,1,998.1,1,"","","","","","",7,1,6,1,8,1,"","","","","","","","","","","","","","","","","","","","","","","","","","","","",10000,1,"","",3,1,8,1,"","","","","","","","","","","","","","","","","","","","","","","","","","","","","","","","","","","","","","","","","","","","","","","","","","","","","","","","","","","","","","","","","",""
"59343001","LILLE-LESQUIN",50.57,3.0975,47,1959010218,"","","","",6.,1,"","","","","","","","","","","","","","","","","","","","","","","","","","","","","","",3.2,1,0.4,1,"","","","","","","","","","","","","","","","","","","","","","","","","","",83,1,"","","","","","","","","","","","",6.3,1,999.7,1,"","","","","","",2,1,0,1,0,1,0,1,1,1,"","","","","","","","","","","","","","","","","","","","","","","","",10000,1,"","",1,1,8,1,"","","","","","","","","","","","","","","","","","","","","","","","","","","","","","","","","","","","","","","","","","","","","","","","","","","","","","","","","","","","","","","","","",""
"59343001","LILLE-LESQUIN",50.57,3.0975,47,1959010221,"","","","",1.,1,"","","","","","","","","","","","","","","","","","","","","","","","","","","","","","",1.6,1,0.,1,"","","","","","","","","","","","","","","","","","","","","","","","","","",89,1,"","","","","","","","","","","","",6.1,1,1002.,1,"","","","","","",0,1,"","",0,1,0,1,0,1,"","","","","","","","","","","","","","","","","","","","","","","","",9000,1,"","",2,1,0,1,"","","","","","","","","","","","","","","","","","","","","","","","","","","","","","","","","","","","","","","","","","","","","","","","","","","","","","","","","","","","","","","","","",""
"59343001","LILLE-LESQUIN",50.57,3.0975,47,1959010300,"","","","",3.,1,"","","","","","","","","","","","","","","","","","","","","","","","","","","","","","",1.,1,-0.7,1,"","","","","","","","","","","","","","","","","","","","","","","","","","",88,1,"","","","","","","","","","","","",5.8,1,1004.,1,"","","","","","",0,1,"","",0,1,0,1,0,1,"","","","","","","","","","","","","","","","","","","","","","","","",7000,1,"","",2,1,0,1,"","","","","","","","","","","","","","","","","","","","","","","","","","","","","","","","","","","","","","","","","","","","","","","","","","","","","","","","","","","","","","","","","",""
"59343001","LILLE-LESQUIN",50.57,3.0975,47,1959010303,"","","","",3.,1,"","","","","","","","","","","","","","","","","","","","","","","","","","","","","","",0.7,1,0.,1,"","","","","","","","","","","","","","","","","","","","","","","","","","",94,1,"","","","","","","","","","","","",6.1,1,1005.7,1,"","","","","","",0,1,"","",0,1,0,1,0,1,"","","","","","","","","","","","","","","","","","","","","","","","",6000,1,"","",2,1,0,1,"","","","","","","","","","","","","","","","","","","","","","","","","","","","","","","","","","","","","","","","","","","","","","","","","","","","","","","","","","","","","","","","","",""
"59343001","LILLE-LESQUIN",50.57,3.0975,47,1959010306,"","","","",4.,1,"","","","","","","","","","","","","","","","","","","","","","","","","","","","","","",1.7,1,0.8,1,"","","","","","","","","","","","","","","","","","","","","","","","","","",94,1,"","","","","","","","","","","","",6.5,1,1006.9,1,"","","","","","",2,1,0,1,5,1,0,1,0,1,"","","","","","","","","","","","","","","","","","","","","","","","",6000,1,"","",2,1,0,1,"","",0,1,"","","","","","","","","","","","","","","","","","","","","","","","","","","","","","","","","","","","","","","","","","","","","","","","","","","","","","","","","","","","","",""
"59343001","LILLE-LESQUIN",50.57,3.0975,47,1959010309,"","","","",3.,1,"","","","","","","","","","","","","","","","","","","","","","","","","","","","","","",1.4,1,0.6,1,"","","","","","","","","","","","","","","","","","","","","","","","","","",94,1,"","","","","","","","","","","","",6.4,1,1008.8,1,"","","","","","",5,1,5,1,0,1,0,1,2,1,"","","","","","","","","","","","","","","","","","","","","","","","",1500,1,"","",10,1,8,1,"","","","","","","","","","","","","","","","","","","","","","","","","","","","","","","","","","","","","","","","","","","","","","","","","","","","","","","","","","","","","","","","","",""
"59343001","LILLE-LESQUIN",50.57,3.0975,47,1959010312,"","","","",6.,1,"","","","","","","","","","","","","","","","","","","","","","","","","","","","","","",4.,1,0.2,1,"","","","","","","","","","","","","","","","","","","","","","","","","","",77,1,"","","","","","","","","","","","",6.2,1,1008.8,1,"","","","","","",6,1,5,1,0,1,4,1,2,1,"","","","","","","","","","","","","","","","","","","","","","","","",4000,1,"","",10,1,8,1,"","","","","","","","","","","","","","","","","","","","","","","","","","","","","","","","","","","","","","","","","","","","","","","","","","","","","","","","","","","","","","","","","",""
"59343001","LILLE-LESQUIN",50.57,3.0975,47,1959010315,"","","","",5.,1,"","","","","","","","","","","","","","","","","","","","","","","","","","","","","","",4.2,1,1.,1,"","","","","","","","","","","","","","","","","","","","","","","","","","",80,1,"","","","","","","","","","","","",6.6,1,1008.5,1,"","","","","","",6,1,6,1,0,1,0,1,2,1,"","","","","","","","","","","","","","","","","","","","","","","","",4000,1,"","",10,1,2,1,"","","","","","","","","","","","","","","","","","","","","","","","","","","","","","","","","","","","","","","","","","","","","","","","","","","","","","","","","","","","","","","","","",""
"59343001","LILLE-LESQUIN",50.57,3.0975,47,1959010318,"","","","",3.,1,"","","","","","","","","","","","","","","","","","","","","","","","","","","","","","",0.3,1,-0.5,1,"","","","","","","","","","","","","","","","","","","","","","","","","","",94,1,"","","","","","","","","","","","",5.9,1,1008.1,1,"","","","","","",2,1,0,1,0,1,0,1,2,1,"","","","","","","","","","","","","","","","","","","","","","","","",1800,1,"","",10,1,1,1,"","","","","","","","","","","","","","","","","","","","","","","","","","","","","","","","","","","","","","","","","","","","","","","","","","","","","","","","","","","","","","","","","",""
"59343001","LILLE-LESQUIN",50.57,3.0975,47,1959010321,"","","","",5.,1,"","","","","","","","","","","","","","","","","","","","","","","","","","","","","","",1.6,1,0.2,1,"","","","","","","","","","","","","","","","","","","","","","","","","","",91,1,"","","","","","","","","","","","",6.2,1,1006.4,1,"","","","","","",5,1,5,1,5,1,0,1,2,1,"","","","","","","","","","","","","","","","","","","","","","","","",4000,1,"","",10,1,1,1,"","","","","","","","","","","","","","","","","","","","","","","","","","","","","","","","","","","","","","","","","","","","","","","","","","","","","","","","","","","","","","","","","",""
"59343001","LILLE-LESQUIN",50.57,3.0975,47,1959010400,"","","","",8.,1,"","","","","","","","","","","","","","","","","","","","","","","","","","","","","","",2.,1,0.4,1,"","","","","","","","","","","","","","","","","","","","","","","","","","",89,1,"","","","","","","","","","","","",6.3,1,1004.,1,"","","","","","",8,1,8,1,5,1,"","","","","","","","","","","","","","","","","","","","","","","","","","","","",8000,1,"","",26,1,8,1,"","","","","","","","","","","","","","","","","","","","","","","","","","","","","","","","","","","","","","","","","","","","","","","","","","","","","","","","","","","","","","","","","",""
"59343001","LILLE-LESQUIN",50.57,3.0975,47,1959010403,"","","","",1.,1,"","","","","","","","","","","","","","","","","","","","","","","","","","","","","","",-0.3,1,-1.9,1,"","","","","","","","","","","","","","","","","","","","","","","","","","",90,1,"","","","","","","","","","","","",5.3,1,1003.8,1,"","","","","","",8,1,8,1,5,1,"","","","","","","","","","","","","","","","","","","","","","","","","","","","",7000,1,"","",3,1,2,1,"","","","","","","","","","","","","","","","","","","","","","","","","","","","","","","","","","","","","","","","","","","","","","","","","","","","","","","","","","","","","","","","","",""
"59343001","LILLE-LESQUIN",50.57,3.0975,47,1959010406,"","","","",0.,1,"","","","","","","","","","","","","","","","","","","","","","","","","","","","","","",-0.8,1,-1.9,1,"","","","","","","","","","","","","","","","","","","","","","","","","","",92,1,"","","","","","","","","","","","",5.3,1,1003.2,1,"","","","","","",8,1,5,1,5,1,"","","","","","","","","","","","","","","","","","","","","","","","","","","","",8000,1,"","",2,1,2,1,"","",0,1,"","","","","","","","","","","","","","","","","","","","","","","","","","","","","","","","","","","","","","","","","","","","","","","","","","","","","","","","","","","","","",""
"59343001","LILLE-LESQUIN",50.57,3.0975,47,1959010409,"","","","",3.,1,"","","","","","","","","","","","","","","","","","","","","","","","","","","","","","",-1.4,1,-2.4,1,"","","","","","","","","","","","","","","","","","","","","","","","","","",92,1,"","","","","","","","","","","","",5.1,1,1005.4,1,"","","","","","",0,1,"","",0,1,0,1,0,1,"","","","","","","","","","","","","","","","","","","","","","","","",2000,1,"","",10,1,1,1,"","","","","","","","","","","","","","","","","","","","","","","","","","","","","","","","","","","","","","","","","","","","","","","","","","","","","","","","","","","","","","","","","",""
"59343001","LILLE-LESQUIN",50.57,3.0975,47,1959010412,"","","","",6.,1,"","","","","","","","","","","","","","","","","","","","","","","","","","","","","","",2.6,1,-0.5,1,"","","","","","","","","","","","","","","","","","","","","","","","","","",80,1,"","","","","","","","","","","","",5.9,1,1006.8,1,"","","","","","",0,1,"","",0,1,0,1,0,1,"","","","","","","","","","","","","","","","","","","","","","","","",6000,1,"","",2,1,0,1,"","","","","","","","","","","","","","","","","","","","","","","","","","","","","","","","","","","","","","","","","","","","","","","","","","","","","","","","","","","","","","","","","",""
"59343001","LILLE-LESQUIN",50.57,3.0975,47,1959010415,"","","","",8.,1,"","","","","","","","","","","","","","","","","","","","","","","","","","","","","","",3.6,1,-1.6,1,"","","","","","","","","","","","","","","","","","","","","","","","","","",69,1,"","","","","","","","","","","","",5.4,1,1008.5,1,"","","","","","",6,1,0,1,5,1,0,1,0,1,"","","","","","","","","","","","","","","","","","","","","","","","",10000,1,"","",3,1,1,1,"","","","","","","","","","","","","","","","","","","","","","","","","","","","","","","","","","","","","","","","","","","","","","","","","","","","","","","","","","","","","","","","","",""
"59343001","LILLE-LESQUIN",50.57,3.0975,47,1959010418,"","","","",6.,1,"","","","","","","","","","","","","","","","","","","","","","","","","","","","","","",2.8,1,-1.2,1,"","","","","","","","","","","","","","","","","","","","","","","","","","",75,1,"","","","","","","","","","","","",5.6,1,1010.2,1,"","","","","","",8,1,8,1,5,1,"","","","","","","","","","","","","","","","","","","","","","","","","","","","",8000,1,"","",2,1,2,1,"","","","","","","","","","","","","","","","","","","","","","","","","","","","","","","","","","","","","","","","","","","","","","","","","","","","","","","","","","","","","","","","","",""
"59343001","LILLE-LESQUIN",50.57,3.0975,47,1959010421,"","","","",6.,1,"","","","","","","","","","","","","","","","","","","","","","","","","","","","","","",2.7,1,-0.2,1,"","","","","","","","","","","","","","","","","","","","","","","","","","",80,1,"","","","","","","","","","","","",6.,1,1011.3,1,"","","","","","",8,1,8,1,5,1,"","","","","","","","","","","","","","","","","","","","","","","","","","","","",6000,1,"","",2,1,2,1,"","","","","","","","","","","","","","","","","","","","","","","","","","","","","","","","","","","","","","","","","","","","","","","","","","","","","","","","","","","","","","","","","",""
"59343001","LILLE-LESQUIN",50.57,3.0975,47,1959010500,"","","","",6.,1,"","","","","","","","","","","","","","","","","","","","","","","","","","","","","","",1.,1,-0.7,1,"","","","","","","","","","","","","","","","","","","","","","","","","","",88,1,"","","","","","","","","","","","",5.8,1,1011.9,1,"","","","","","",4,1,0,1,5,1,0,1,0,1,"","","","","","","","","","","","","","","","","","","","","","","","",5000,1,"","",2,1,1,1,"","","","","","","","","","","","","","","","","","","","","","","","","","","","","","","","","","","","","","","","","","","","","","","","","","","","","","","","","","","","","","","","","",""
"59343001","LILLE-LESQUIN",50.57,3.0975,47,1959010503,"","","","",5.,1,"","","","","","","","","","","","","","","","","","","","","","","","","","","","","","",0.3,1,-1.2,1,"","","","","","","","","","","","","","","","","","","","","","","","","","",90,1,"","","","","","","","","","","","",5.6,1,1013.5,1,"","","","","","",0,1,"","",0,1,0,1,0,1,"","","","","","","","","","","","","","","","","","","","","","","","",4000,1,"","",10,1,0,1,"","","","","","","","","","","","","","","","","","","","","","","","","","","","","","","","","","","","","","","","","","","","","","","","","","","","","","","","","","","","","","","","","",""
"59343001","LILLE-LESQUIN",50.57,3.0975,47,1959010506,"","","","",4.,1,"","","","","","","","","","","","","","","","","","","","","","","","","","","","","","",-0.2,1,-0.9,1,"","","","","","","","","","","","","","","","","","","","","","","","","","",94,1,"","","","","","","","","","","","",5.7,1,1014.1,1,"","","","","","",0,1,"","",0,1,0,1,0,1,"","","","","","","","","","","","","","","","","","","","","","","","",3000,1,"","",10,1,0,1,"","",0,1,"","","","","","","","","","","","","","","","","","","","","","","","","","","","","","","","","","","","","","","","","","","","","","","","","","","","","","","","","","","","","",""
"59343001","LILLE-LESQUIN",50.57,3.0975,47,1959010509,"","","","",4.,1,"","","","","","","","","","","","","","","","","","","","","","","","","","","","","","",0.,1,-1.4,1,"","","","","","","","","","","","","","","","","","","","","","","","","","",92,1,"","","","","","","","","","","","",5.5,1,1015.7,1,"","","","","","",2,1,0,1,0,1,0,1,4,1,"","","","","","","","","","","","","","","","","","","","","","","","",2000,1,"","",10,1,0,1,"","","","","","","","","","","","","","","","","","","","","","","","","","","","","","","","","","","","","","","","","","","","","","","","","","","","","","","","","","","","","","","","","",""
"59343001","LILLE-LESQUIN",50.57,3.0975,47,1959010512,"","","","",3.,1,"","","","","","","","","","","","","","","","","","","","","","","","","","","","","","",3.8,1,1.2,1,"","","","","","","","","","","","","","","","","","","","","","","","","","",83,1,"","","","","","","","","","","","",6.7,1,1015.8,1,"","","","","","",7,1,6,1,0,1,4,1,6,1,"","","","","","","","","","","","","","","","","","","","","","","","",4000,1,"","",10,1,1,1,"","","","","","","","","","","","","","","","","","","","","","","","","","","","","","","","","","","","","","","","","","","","","","","","","","","","","","","","","","","","","","","","","",""
"59343001","LILLE-LESQUIN",50.57,3.0975,47,1959010515,"","","","",4.,1,"","","","","","","","","","","","","","","","","","","","","","","","","","","","","","",2.6,1,1.,1,"","","","","","","","","","","","","","","","","","","","","","","","","","",89,1,"","","","","","","","","","","","",6.6,1,1015.3,1,"","","","","","",8,1,8,1,0,1,5,1,7,1,"","","","","","","","","","","","","","","","","","","","","","","","",4000,1,"","",10,1,2,1,"","","","","","","","","","","","","","","","","","","","","","","","","","","","","","","","","","","","","","","","","","","","","","","","","","","","","","","","","","","","","","","","","",""
"59343001","LILLE-LESQUIN",50.57,3.0975,47,1959010518,"","","","",6.,1,"","","","","","","","","","","","","","","","","","","","","","","","","","","","","","",2.1,1,0.4,1,"","","","","","","","","","","","","","","","","","","","","","","","","","",89,1,"","","","","","","","","","","","",6.3,1,1013.3,1,"","","","","","",8,1,8,1,5,1,7,1,"","","","","","","","","","","","","","","","","","","","","","","","","","",4000,1,"","",61,1,6,1,"","","","","","","","","","","","","","","","","","","","","","","","","","","","","","","","","","","","","","","","","","","","","","","","","","","","","","","","","","","","","","","","","",""
"59343001","LILLE-LESQUIN",50.57,3.0975,47,1959010521,"","","","",8.,1,"","","","","","","","","","","","","","","","","","","","","","","","","","","","","","",1.5,1,0.4,1,"","","","","","","","","","","","","","","","","","","","","","","","","","",92,1,"","","","","","","","","","","","",6.3,1,1009.3,1,"","","","","","",8,1,8,1,7,1,"","","","","","","","","","","","","","","","","","","","","","","","","","","","",4000,1,"","",61,1,6,1,"","","","","","","","","","","","","","","","","","","","","","","","","","","","","","","","","","","","","","","","","","","","","","","","","","","","","","","","","","","","","","","","","",""
"59343001","LILLE-LESQUIN",50.57,3.0975,47,1959010600,"","","","",10.,1,"","","","","","","","","","","","","","","","","","","","","","","","","","","","","","",2.,1,0.6,1,"","","","","","","","","","","","","","","","","","","","","","","","","","",91,1,"","","","","","","","","","","","",6.4,1,1003.2,1,"","","","","","",8,1,8,1,7,1,"","","","","","","","","","","","","","","","","","","","","","","","","","","","",6000,1,"","",61,1,7,1,"","","","","","","","","","","","","","","","","","","","","","","","","","","","","","","","","","","","","","","","","","","","","","","","","","","","","","","","","","","","","","","","","",""
"59343001","LILLE-LESQUIN",50.57,3.0975,47,1959010603,"","","","",6.,1,"","","","","","","","","","","","","","","","","","","","","","","","","","","","","","",5.1,1,4.2,1,"","","","","","","","","","","","","","","","","","","","","","","","","","",94,1,"","","","","","","","","","","","",8.3,1,999.8,1,"","","","","","",8,1,8,1,6,1,"","","","","","","","","","","","","","","","","","","","","","","","","","","","",8000,1,"","",21,1,6,1,"","","","","","","","","","","","","","","","","","","","","","","","","","","","","","","","","","","","","","","","","","","","","","","","","","","","","","","","","","","","","","","","","",""
"59343001","LILLE-LESQUIN",50.57,3.0975,47,1959010606,"","","","",7.,1,"","","","","","","","","","","","","","","","","","","","","","","","","","","","","","",6.7,1,5.6,1,"","","","","","","","","","","","","","","","","","","","","","","","","","",94,1,"","","","","","","","","","","","",9.2,1,1001.3,1,"","","","","","",8,1,8,1,6,1,"","","","","","","","","","","","","","","","","","","","","","","","","","","","",6000,1,"","",2,1,6,1,"","",0,1,"","","","","","","","","","","","","","","","","","","","","","","","","","","","","","","","","","","","","","","","","","","","","","","","","","","","","","","","","","","","","",""
"59343001","LILLE-LESQUIN",50.57,3.0975,47,1959010609,"","","","",4.,1,"","","","","","","","","","","","","","","","","","","","","","","","","","","","","","",3.4,1,2.4,1,"","","","","","","","","","","","","","","","","","","","","","","","","","",93,1,"","","","","","","","","","","","",7.3,1,1005.,1,"","","","","","",8,1,8,1,6,1,"","","","","","","","","","","","","","","","","","","","","","","","","","","","",3000,1,"","",10,1,2,1,"","","","","","","","","","","","","","","","","","","","","","","","","","","","","","","","","","","","","","","","","","","","","","","","","","","","","","","","","","","","","","","","","",""
"59343001","LILLE-LESQUIN",50.57,3.0975,47,1959010612,"","","","",2.,1,"","","","","","","","","","","","","","","","","","","","","","","","","","","","","","",3.,1,2.,1,"","","","","","","","","","","","","","","","","","","","","","","","","","",91,1,"","","","","","","","","","","","",7.1,1,1005.8,1,"","","","","","",8,1,8,1,6,1,"","","","","","","","","","","","","","","","","","","","","","","","","","","","",1800,1,"","",51,1,5,1,"","","","","","","","","","","","","","","","","","","","","","","","","","","","","","","","","","","","","","","","","","","","","","","","","","","","","","","","","","","","","","","","","",""
"59343001","LILLE-LESQUIN",50.57,3.0975,47,1959010615,"","","","",3.,1,"","","","","","","","","","","","","","","","","","","","","","","","","","","","","","",3.2,1,2.4,1,"","","","","","","","","","","","","","","","","","","","","","","","","","",95,1,"","","","","","","","","","","","",7.3,1,1005.,1,"","","","","","",8,1,8,1,6,1,"","","","","","","","","","","","","","","","","","","","","","","","","","","","",1600,1,"","",51,1,5,1,"","","","","","","","","","","","","","","","","","","","","","","","","","","","","","","","","","","","","","","","","","","","","","","","","","","","","","","","","","","","","","","","","",""
"59343001","LILLE-LESQUIN",50.57,3.0975,47,1959010618,"","","","",5.,1,"","","","","","","","","","","","","","","","","","","","","","","","","","","","","","",3.4,1,2.8,1,"","","","","","","","","","","","","","","","","","","","","","","","","","",97,1,"","","","","","","","","","","","",7.5,1,1002.2,1,"","","","","","",8,1,8,1,6,1,"","","","","","","","","","","","","","","","","","","","","","","","","","","","",1400,1,"","",51,1,5,1,"","","","","","","","","","","","","","","","","","","","","","","","","","","","","","","","","","","","","","","","","","","","","","","","","","","","","","","","","","","","","","","","","",""
"59343001","LILLE-LESQUIN",50.57,3.0975,47,1959010621,"","","","",7.,1,"","","","","","","","","","","","","","","","","","","","","","","","","","","","","","",9.,1,8.4,1,"","","","","","","","","","","","","","","","","","","","","","","","","","",97,1,"","","","","","","","","","","","",11.2,1,998.3,1,"","","","","","",8,1,6,1,7,1,"","","","","","","","","","","","","","","","","","","","","","","","","","","","",2000,1,"","",61,1,6,1,"","","","","","","","","","","","","","","","","","","","","","","","","","","","","","","","","","","","","","","","","","","","","","","","","","","","","","","","","","","","","","","","","",""
"59343001","LILLE-LESQUIN",50.57,3.0975,47,1959010700,"","","","",9.,1,"","","","","","","","","","","","","","","","","","","","","","","","","","","","","","",9.9,1,7.9,1,"","","","","","","","","","","","","","","","","","","","","","","","","","",88,1,"","","","","","","","","","","","",10.8,1,995.6,1,"","","","","","",8,1,8,1,5,1,"","","","","","","","","","","","","","","","","","","","","","","","","","","","",15000,1,"","",2,1,6,1,"","","","","","","","","","","","","","","","","","","","","","","","","","","","","","","","","","","","","","","","","","","","","","","","","","","","","","","","","","","","","","","","","",""
"59343001","LILLE-LESQUIN",50.57,3.0975,47,1959010703,"","","","",9.,1,"","","","","","","","","","","","","","","","","","","","","","","","","","","","","","",9.5,1,8.3,1,"","","","","","","","","","","","","","","","","","","","","","","","","","",93,1,"","","","","","","","","","","","",11.1,1,993.7,1,"","","","","","",8,1,8,1,6,1,"","","","","","","","","","","","","","","","","","","","","","","","","","","","",8000,1,"","",53,1,6,1,"","","","","","","","","","","","","","","","","","","","","","","","","","","","","","","","","","","","","","","","","","","","","","","","","","","","","","","","","","","","","","","","","",""
"59343001","LILLE-LESQUIN",50.57,3.0975,47,1959010706,"","","","",13.,1,"","","","","","","","","","","","","","","","","","","","","","","","","","","","","","",8.9,1,5.9,1,"","","","","","","","","","","","","","","","","","","","","","","","","","",83,1,"","","","","","","","","","","","",9.4,1,993.6,1,"","","","","","",8,1,8,1,5,1,"","","","","","","","","","","","","","","","","","","","","","","","","","","","",10000,1,"","",20,1,6,1,"","",0,1,"","","","","","","","","","","","","","","","","","","","","","","","","","","","","","","","","","","","","","","","","","","","","","","","","","","","","","","","","","","","","",""
"59343001","LILLE-LESQUIN",50.57,3.0975,47,1959010709,"","","","",13.,1,"","","","","","","","","","","","","","","","","","","","","","","","","","","","","","",7.4,1,5.,1,"","","","","","","","","","","","","","","","","","","","","","","","","","",85,1,"","","","","","","","","","","","",8.8,1,993.6,1,"","","","","","",7,1,5,1,2,1,0,1,1,1,"","","","","","","","","","","","","","","","","","","","","","","","",7000,1,"","",2,1,2,1,"","","","","","","","","","","","","","","","","","","","","","","","","","","","","","","","","","","","","","","","","","","","","","","","","","","","","","","","","","","","","","","","","",""
"59343001","LILLE-LESQUIN",50.57,3.0975,47,1959010712,"","","","",11.,1,"","","","","","","","","","","","","","","","","","","","","","","","","","","","","","",3.7,1,1.,1,"","","","","","","","","","","","","","","","","","","","","","","","","","",83,1,"","","","","","","","","","","","",6.6,1,995.1,1,"","","","","","",8,1,8,1,2,1,"","","","","","","","","","","","","","","","","","","","","","","","","","","","",8000,1,"","",2,1,2,1,"","","","","","","","","","","","","","","","","","","","","","","","","","","","","","","","","","","","","","","","","","","","","","","","","","","","","","","","","","","","","","","","","",""
"59343001","LILLE-LESQUIN",50.57,3.0975,47,1959010715,"","","","",13.,1,"","","","","","","","","","","","","","","","","","","","","","","","","","","","","","",3.6,1,2.,1,"","","","","","","","","","","","","","","","","","","","","","","","","","",90,1,"","","","","","","","","","","","",7.1,1,997.7,1,"","","","","","",8,1,8,1,5,1,"","","","","","","","","","","","","","","","","","","","","","","","","","","","",7000,1,"","",61,1,6,1,"","","","","","","","","","","","","","","","","","","","","","","","","","","","","","","","","","","","","","","","","","","","","","","","","","","","","","","","","","","","","","","","","",""
"59343001","LILLE-LESQUIN",50.57,3.0975,47,1959010718,"","","","",9.,1,"","","","","","","","","","","","","","","","","","","","","","","","","","","","","","",3.,1,0.8,1,"","","","","","","","","","","","","","","","","","","","","","","","","","",86,1,"","","","","","","","","","","","",6.5,1,1000.2,1,"","","","","","",8,1,8,1,5,1,7,1,"","","","","","","","","","","","","","","","","","","","","","","","","","",7000,1,"","",2,1,6,1,"","","","","","","","","","","","","","","","","","","","","","","","","","","","","","","","","","","","","","","","","","","","","","","","","","","","","","","","","","","","","","","","","",""
"59343001","LILLE-LESQUIN",50.57,3.0975,47,1959010721,"","","","",7.,1,"","","","","","","","","","","","","","","","","","","","","","","","","","","","","","",2.5,1,1.,1,"","","","","","","","","","","","","","","","","","","","","","","","","","",91,1,"","","","","","","","","","","","",6.6,1,1000.5,1,"","","","","","",8,1,8,1,7,1,"","","","","","","","","","","","","","","","","","","","","","","","","","","","",9000,1,"","",61,1,2,1,"","","","","","","","","","","","","","","","","","","","","","","","","","","","","","","","","","","","","","","","","","","","","","","","","","","","","","","","","","","","","","","","","",""
"59343001","LILLE-LESQUIN",50.57,3.0975,47,1959010800,"","","","",3.,1,"","","","","","","","","","","","","","","","","","","","","","","","","","","","","","",0.4,1,-0.2,1,"","","","","","","","","","","","","","","","","","","","","","","","","","",96,1,"","","","","","","","","","","","",6.,1,1001.,1,"","","","","","",8,1,8,1,7,1,"","","","","","","","","","","","","","","","","","","","","","","","","","","","",2000,1,"","",71,1,6,1,"","","","","","","","","","","","","","","","","","","","","","","","","","","","","","","","","","","","","","","","","","","","","","","","","","","","","","","","","","","","","","","","","",""
"59343001","LILLE-LESQUIN",50.57,3.0975,47,1959010803,"","","","",5.,1,"","","","","","","","","","","","","","","","","","","","","","","","","","","","","","",0.6,1,-0.2,1,"","","","","","","","","","","","","","","","","","","","","","","","","","",94,1,"","","","","","","","","","","","",6.,1,1002.5,1,"","","","","","",8,1,8,1,7,1,"","","","","","","","","","","","","","","","","","","","","","","","","","","","",1800,1,"","",71,1,7,1,"","","","","","","","","","","","","","","","","","","","","","","","","","","","","","","","","","","","","","","","","","","","","","","","","","","","","","","","","","","","","","","","","",""
"59343001","LILLE-LESQUIN",50.57,3.0975,47,1959010806,"","","","",8.,1,"","","","","","","","","","","","","","","","","","","","","","","","","","","","","","",0.8,1,-0.7,1,"","","","","","","","","","","","","","","","","","","","","","","","","","",90,1,"","","","","","","","","","","","",5.8,1,1004.2,1,"","","","","","",8,1,8,1,7,1,"","","","","","","","","","","","","","","","","","","","","","","","","","","","",8000,1,"","",26,1,8,1,"","",0,1,"","","","","","","","","","","","","","","","","","","","","","","","","","","","","","","","","","","","","","","","","","","","","","","","","","","","","","","","","","","","","",""
"59343001","LILLE-LESQUIN",50.57,3.0975,47,1959010809,"","","","",9.,1,"","","","","","","","","","","","","","","","","","","","","","","","","","","","","","",1.4,1,-0.2,1,"","","","","","","","","","","","","","","","","","","","","","","","","","",88,1,"","","","","","","","","","","","",6.,1,1008.4,1,"","","","","","",8,1,8,1,7,1,7,1,"","","","","","","","","","","","","","","","","","","","","","","","","","",6000,1,"","",26,1,8,1,"","","","","","","","","","","","","","","","","","","","","","","","","","","","","","","","","","","","","","","","","","","","","","","","","","","","","","","","","","","","","","","","","",""
"59343001","LILLE-LESQUIN",50.57,3.0975,47,1959010812,"","","","",6.,1,"","","","","","","","","","","","","","","","","","","","","","","","","","","","","","",3.,1,0.8,1,"","","","","","","","","","","","","","","","","","","","","","","","","","",86,1,"","","","","","","","","","","","",6.5,1,1010.4,1,"","","","","","",6,1,6,1,2,1,0,1,0,1,"","","","","","","","","","","","","","","","","","","","","","","","",6000,1,"","",1,1,8,1,"","","","","","","","","","","","","","","","","","","","","","","","","","","","","","","","","","","","","","","","","","","","","","","","","","","","","","","","","","","","","","","","","",""
"59343001","LILLE-LESQUIN",50.57,3.0975,47,1959010815,"","","","",7.,1,"","","","","","","","","","","","","","","","","","","","","","","","","","","","","","",3.8,1,1.2,1,"","","","","","","","","","","","","","","","","","","","","","","","","","",83,1,"","","","","","","","","","","","",6.7,1,1011.6,1,"","","","","","",6,1,0,1,8,1,0,1,3,1,"","","","","","","","","","","","","","","","","","","","","","","","",15000,1,"","",2,1,2,1,"","","","","","","","","","","","","","","","","","","","","","","","","","","","","","","","","","","","","","","","","","","","","","","","","","","","","","","","","","","","","","","","","",""
"59343001","LILLE-LESQUIN",50.57,3.0975,47,1959010818,"","","","",5.,1,"","","","","","","","","","","","","","","","","","","","","","","","","","","","","","",1.4,1,0.6,1,"","","","","","","","","","","","","","","","","","","","","","","","","","",94,1,"","","","","","","","","","","","",6.4,1,1013.8,1,"","","","","","",7,1,0,1,9,1,0,1,3,1,"","","","","","","","","","","","","","","","","","","","","","","","",6000,1,"","",83,1,8,1,"","","","","","","","","","","","","","","","","","","","","","","","","","","","","","","","","","","","","","","","","","","","","","","","","","","","","","","","","","","","","","","","","",""
"59343001","LILLE-LESQUIN",50.57,3.0975,47,1959010821,"","","","",6.,1,"","","","","","","","","","","","","","","","","","","","","","","","","","","","","","",1.,1,0.,1,"","","","","","","","","","","","","","","","","","","","","","","","","","",92,1,"","","","","","","","","","","","",6.1,1,1014.4,1,"","","","","","",0,1,"","",0,1,0,1,0,1,"","","","","","","","","","","","","","","","","","","","","","","","",7000,1,"","",1,1,8,1,"","","","","","","","","","","","","","","","","","","","","","","","","","","","","","","","","","","","","","","","","","","","","","","","","","","","","","","","","","","","","","","","","",""
"59343001","LILLE-LESQUIN",50.57,3.0975,47,1959010900,"","","","",6.,1,"","","","","","","","","","","","","","","","","","","","","","","","","","","","","","",0.5,1,-0.9,1,"","","","","","","","","","","","","","","","","","","","","","","","","","",90,1,"","","","","","","","","","","","",5.7,1,1014.1,1,"","","","","","",0,1,"","",0,1,0,1,0,1,"","","","","","","","","","","","","","","","","","","","","","","","",8000,1,"","",2,1,8,1,"","","","","","","","","","","","","","","","","","","","","","","","","","","","","","","","","","","","","","","","","","","","","","","","","","","","","","","","","","","","","","","","","",""
"59343001","LILLE-LESQUIN",50.57,3.0975,47,1959010903,"","","","",5.,1,"","","","","","","","","","","","","","","","","","","","","","","","","","","","","","",0.,1,-1.4,1,"","","","","","","","","","","","","","","","","","","","","","","","","","",90,1,"","","","","","","","","","","","",5.5,1,1012.3,1,"","","","","","",0,1,"","",0,1,0,1,0,1,"","","","","","","","","","","","","","","","","","","","","","","","",8000,1,"","",2,1,0,1,"","","","","","","","","","","","","","","","","","","","","","","","","","","","","","","","","","","","","","","","","","","","","","","","","","","","","","","","","","","","","","","","","",""
"59343001","LILLE-LESQUIN",50.57,3.0975,47,1959010906,"","","","",6.,1,"","","","","","","","","","","","","","","","","","","","","","","","","","","","","","",0.5,1,-1.2,1,"","","","","","","","","","","","","","","","","","","","","","","","","","",88,1,"","","","","","","","","","","","",5.6,1,1008.9,1,"","","","","","",4,1,0,1,5,1,0,1,0,1,"","","","","","","","","","","","","","","","","","","","","","","","",7000,1,"","",2,1,0,1,"","",0,1,"","","","","","","","","","","","","","","","","","","","","","","","","","","","","","","","","","","","","","","","","","","","","","","","","","","","","","","","","","","","","",""
"59343001","LILLE-LESQUIN",50.57,3.0975,47,1959010909,"","","","",6.,1,"","","","","","","","","","","","","","","","","","","","","","","","","","","","","","",1.2,1,-1.2,1,"","","","","","","","","","","","","","","","","","","","","","","","","","",85,1,"","","","","","","","","","","","",5.6,1,1007.8,1,"","","","","","",7,1,6,1,8,1,"","","","","","","","","","","","","","","","","","","","","","","","","","","","",6000,1,"","",1,1,7,1,"","","","","","","","","","","","","","","","","","","","","","","","","","","","","","","","","","","","","","","","","","","","","","","","","","","","","","","","","","","","","","","","","",""
"59343001","LILLE-LESQUIN",50.57,3.0975,47,1959010912,"","","","",10.,1,"","","","","","","","","","","","","","","","","","","","","","","","","","","","","","",2.2,1,-3.7,1,"","","","","","","","","","","","","","","","","","","","","","","","","","",64,1,"","","","","","","","","","","","",4.6,1,1005.8,1,"","","","","","",2,1,0,1,5,1,0,1,1,1,"","","","","","","","","","","","","","","","","","","","","","","","",8000,1,"","",2,1,7,1,"","","","","","","","","","","","","","","","","","","","","","","","","","","","","","","","","","","","","","","","","","","","","","","","","","","","","","","","","","","","","","","","","",""
"59343001","LILLE-LESQUIN",50.57,3.0975,47,1959010915,"","","","",12.,1,"","","","","","","","","","","","","","","","","","","","","","","","","","","","","","",1.,1,-1.9,1,"","","","","","","","","","","","","","","","","","","","","","","","","","",81,1,"","","","","","","","","","","","",5.3,1,1003.8,1,"","","","","","",8,1,5,1,7,1,"","","","","","","","","","","","","","","","","","","","","","","","","","","","",2500,1,"","",71,1,2,1,"","","","","","","","","","","","","","","","","","","","","","","","","","","","","","","","","","","","","","","","","","","","","","","","","","","","","","","","","","","","","","","","","",""
"59343001","LILLE-LESQUIN",50.57,3.0975,47,1959010918,"","","","",10.,1,"","","","","","","","","","","","","","","","","","","","","","","","","","","","","","",1.3,1,0.2,1,"","","","","","","","","","","","","","","","","","","","","","","","","","",92,1,"","","","","","","","","","","","",6.2,1,1003.8,1,"","","","","","",8,1,8,1,7,1,"","","","","","","","","","","","","","","","","","","","","","","","","","","","",6000,1,"","",70,1,8,1,"","","","","","","","","","","","","","","","","","","","","","","","","","","","","","","","","","","","","","","","","","","","","","","","","","","","","","","","","","","","","","","","","",""
"59343001","LILLE-LESQUIN",50.57,3.0975,47,1959010921,"","","","",6.,1,"","","","","","","","","","","","","","","","","","","","","","","","","","","","","","",2.,1,-0.2,1,"","","","","","","","","","","","","","","","","","","","","","","","","","",85,1,"","","","","","","","","","","","",6.,1,1006.1,1,"","","","","","",8,1,8,1,5,1,"","","","","","","","","","","","","","","","","","","","","","","","","","","","",8000,1,"","",22,1,8,1,"","","","","","","","","","","","","","","","","","","","","","","","","","","","","","","","","","","","","","","","","","","","","","","","","","","","","","","","","","","","","","","","","",""
"59343001","LILLE-LESQUIN",50.57,3.0975,47,1959011000,"","","","",6.,1,"","","","","","","","","","","","","","","","","","","","","","","","","","","","","","",2.,1,-3.2,1,"","","","","","","","","","","","","","","","","","","","","","","","","","",67,1,"","","","","","","","","","","","",4.8,1,1009.4,1,"","","","","","",3,1,0,1,5,1,0,1,0,1,"","","","","","","","","","","","","","","","","","","","","","","","",15000,1,"","",3,1,8,1,"","","","","","","","","","","","","","","","","","","","","","","","","","","","","","","","","","","","","","","","","","","","","","","","","","","","","","","","","","","","","","","","","",""
"59343001","LILLE-LESQUIN",50.57,3.0975,47,1959011003,"","","","",4.,1,"","","","","","","","","","","","","","","","","","","","","","","","","","","","","","",0.5,1,-0.7,1,"","","","","","","","","","","","","","","","","","","","","","","","","","",92,1,"","","","","","","","","","","","",5.8,1,1012.1,1,"","","","","","",8,1,8,1,8,1,"","","","","","","","","","","","","","","","","","","","","","","","","","","","",8000,1,"","",70,1,8,1,"","","","","","","","","","","","","","","","","","","","","","","","","","","","","","","","","","","","","","","","","","","","","","","","","","","","","","","","","","","","","","","","","",""
"59343001","LILLE-LESQUIN",50.57,3.0975,47,1959011006,"","","","",6.,1,"","","","","","","","","","","","","","","","","","","","","","","","","","","","","","",0.2,1,-0.7,1,"","","","","","","","","","","","","","","","","","","","","","","","","","",93,1,"","","","","","","","","","","","",5.8,1,1012.7,1,"","","","","","",8,1,8,1,7,1,"","","","","","","","","","","","","","","","","","","","","","","","","","","","",6000,1,"","",26,1,8,1,"","",0,1,"","","","","","","","","","","","","","","","","","","","","","","","","","","","","","","","","","","","","","","","","","","","","","","","","","","","","","","","","","","","","",""
"59343001","LILLE-LESQUIN",50.57,3.0975,47,1959011009,"","","","",8.,1,"","","","","","","","","","","","","","","","","","","","","","","","","","","","","","",0.4,1,-1.4,1,"","","","","","","","","","","","","","","","","","","","","","","","","","",88,1,"","","","","","","","","","","","",5.5,1,1013.8,1,"","","","","","",6,1,0,1,9,1,0,1,3,1,"","","","","","","","","","","","","","","","","","","","","","","","",8000,1,"","","","",8,1,"","","","","","","","","","","","","","","","","","","","","","","","","","","","","","","","","","","","","","","","","","","","","","","","","","","","","","","","","","","","","","","","","",""
"59343001","LILLE-LESQUIN",50.57,3.0975,47,1959011012,"","","","",8.,1,"","","","","","","","","","","","","","","","","","","","","","","","","","","","","","",0.8,1,-2.4,1,"","","","","","","","","","","","","","","","","","","","","","","","","","",79,1,"","","","","","","","","","","","",5.1,1,1013.4,1,"","","","","","",7,1,6,1,2,1,7,1,4,1,"","","","","","","","","","","","","","","","","","","","","","","","",6000,1,"","",3,1,8,1,"","","","","","","","","","","","","","","","","","","","","","","","","","","","","","","","","","","","","","","","","","","","","","","","","","","","","","","","","","","","","","","","","",""
"59343001","LILLE-LESQUIN",50.57,3.0975,47,1959011015,"","","","",10.,1,"","","","","","","","","","","","","","","","","","","","","","","","","","","","","","",0.8,1,-3.5,1,"","","","","","","","","","","","","","","","","","","","","","","","","","",73,1,"","","","","","","","","","","","",4.7,1,1013.,1,"","","","","","",3,1,0,1,5,1,0,1,0,1,"","","","","","","","","","","","","","","","","","","","","","","","",8000,1,"","",1,1,1,1,"","","","","","","","","","","","","","","","","","","","","","","","","","","","","","","","","","","","","","","","","","","","","","","","","","","","","","","","","","","","","","","","","",""
"59343001","LILLE-LESQUIN",50.57,3.0975,47,1959011018,"","","","",8.,1,"","","","","","","","","","","","","","","","","","","","","","","","","","","","","","",-0.3,1,-4.6,1,"","","","","","","","","","","","","","","","","","","","","","","","","","",71,1,"","","","","","","","","","","","",4.3,1,1012.2,1,"","","","","","",3,1,0,1,5,1,0,1,0,1,"","","","","","","","","","","","","","","","","","","","","","","","",6000,1,"","",1,1,1,1,"","","","","","","","","","","","","","","","","","","","","","","","","","","","","","","","","","","","","","","","","","","","","","","","","","","","","","","","","","","","","","","","","",""
"59343001","LILLE-LESQUIN",50.57,3.0975,47,1959011021,"","","","",8.,1,"","","","","","","","","","","","","","","","","","","","","","","","","","","","","","",-0.9,1,-4.,1,"","","","","","","","","","","","","","","","","","","","","","","","","","",77,1,"","","","","","","","","","","","",4.5,1,1011.9,1,"","","","","","",0,1,"","",0,1,0,1,0,1,"","","","","","","","","","","","","","","","","","","","","","","","",5000,1,"","",2,1,0,1,"","","","","","","","","","","","","","","","","","","","","","","","","","","","","","","","","","","","","","","","","","","","","","","","","","","","","","","","","","","","","","","","","",""
"59343001","LILLE-LESQUIN",50.57,3.0975,47,1959011100,"","","","",7.,1,"","","","","","","","","","","","","","","","","","","","","","","","","","","","","","",-2.,1,-5.2,1,"","","","","","","","","","","","","","","","","","","","","","","","","","",79,1,"","","","","","","","","","","","",4.1,1,1011.5,1,"","","","","","",0,1,"","",0,1,0,1,0,1,"","","","","","","","","","","","","","","","","","","","","","","","",5000,1,"","",2,1,0,1,"","","","","","","","","","","","","","","","","","","","","","","","","","","","","","","","","","","","","","","","","","","","","","","","","","","","","","","","","","","","","","","","","",""
"59343001","LILLE-LESQUIN",50.57,3.0975,47,1959011103,"","","","",6.,1,"","","","","","","","","","","","","","","","","","","","","","","","","","","","","","",-2.4,1,-6.2,1,"","","","","","","","","","","","","","","","","","","","","","","","","","",74,1,"","","","","","","","","","","","",3.8,1,1011.4,1,"","","","","","",0,1,"","",0,1,0,1,0,1,"","","","","","","","","","","","","","","","","","","","","","","","",5000,1,"","",2,1,0,1,"","","","","","","","","","","","","","","","","","","","","","","","","","","","","","","","","","","","","","","","","","","","","","","","","","","","","","","","","","","","","","","","","",""
"59343001","LILLE-LESQUIN",50.57,3.0975,47,1959011106,"","","","",6.,1,"","","","","","","","","","","","","","","","","","","","","","","","","","","","","","",-3.2,1,-6.9,1,"","","","","","","","","","","","","","","","","","","","","","","","","","",75,1,"","","","","","","","","","","","",3.6,1,1010.1,1,"","","","","","",0,1,"","",0,1,0,1,0,1,"","","","","","","","","","","","","","","","","","","","","","","","",5000,1,"","",2,1,0,1,"","",0,1,"","","","","","","","","","","","","","","","","","","","","","","","","","","","","","","","","","","","","","","","","","","","","","","","","","","","","","","","","","","","","",""
"59343001","LILLE-LESQUIN",50.57,3.0975,47,1959011109,"","","","",6.,1,"","","","","","","","","","","","","","","","","","","","","","","","","","","","","","",-2.4,1,-6.9,1,"","","","","","","","","","","","","","","","","","","","","","","","","","",70,1,"","","","","","","","","","","","",3.6,1,1009.5,1,"","","","","","",1,1,0,1,5,1,3,1,0,1,"","","","","","","","","","","","","","","","","","","","","","","","",8000,1,"","",2,1,0,1,"","","","","","","","","","","","","","","","","","","","","","","","","","","","","","","","","","","","","","","","","","","","","","","","","","","","","","","","","","","","","","","","","",""
"59343001","LILLE-LESQUIN",50.57,3.0975,47,1959011112,"","","","",6.,1,"","","","","","","","","","","","","","","","","","","","","","","","","","","","","","",0.,1,-2.9,1,"","","","","","","","","","","","","","","","","","","","","","","","","","",81,1,"","","","","","","","","","","","",4.9,1,1008.,1,"","","","","","",2,1,0,1,8,1,3,1,1,1,"","","","","","","","","","","","","","","","","","","","","","","","",10000,1,"","",3,1,0,1,"","","","","","","","","","","","","","","","","","","","","","","","","","","","","","","","","","","","","","","","","","","","","","","","","","","","","","","","","","","","","","","","","",""
"59343001","LILLE-LESQUIN",50.57,3.0975,47,1959011115,"","","","",2.,1,"","","","","","","","","","","","","","","","","","","","","","","","","","","","","","",1.,1,-3.7,1,"","","","","","","","","","","","","","","","","","","","","","","","","","",69,1,"","","","","","","","","","","","",4.6,1,1006.4,1,"","","","","","",3,1,0,1,8,1,0,1,1,1,"","","","","","","","","","","","","","","","","","","","","","","","",15000,1,"","",1,1,1,1,"","","","","","","","","","","","","","","","","","","","","","","","","","","","","","","","","","","","","","","","","","","","","","","","","","","","","","","","","","","","","","","","","",""
"59343001","LILLE-LESQUIN",50.57,3.0975,47,1959011118,"","","","",3.,1,"","","","","","","","","","","","","","","","","","","","","","","","","","","","","","",-1.6,1,-4.3,1,"","","","","","","","","","","","","","","","","","","","","","","","","","",82,1,"","","","","","","","","","","","",4.4,1,1005.3,1,"","","","","","",1,1,0,1,0,1,0,1,1,1,"","","","","","","","","","","","","","","","","","","","","","","","",8000,1,"","",1,1,1,1,"","","","","","","","","","","","","","","","","","","","","","","","","","","","","","","","","","","","","","","","","","","","","","","","","","","","","","","","","","","","","","","","","",""
"59343001","LILLE-LESQUIN",50.57,3.0975,47,1959011121,"","","","",4.,1,"","","","","","","","","","","","","","","","","","","","","","","","","","","","","","",-2.6,1,-3.7,1,"","","","","","","","","","","","","","","","","","","","","","","","","","",91,1,"","","","","","","","","","","","",4.6,1,1004.5,1,"","","","","","",0,1,"","",0,1,0,1,0,1,"","","","","","","","","","","","","","","","","","","","","","","","",7000,1,"","",2,1,0,1,"","","","","","","","","","","","","","","","","","","","","","","","","","","","","","","","","","","","","","","","","","","","","","","","","","","","","","","","","","","","","","","","","",""
"59343001","LILLE-LESQUIN",50.57,3.0975,47,1959011200,"","","","",5.,1,"","","","","","","","","","","","","","","","","","","","","","","","","","","","","","",-1.6,1,-3.2,1,"","","","","","","","","","","","","","","","","","","","","","","","","","",88,1,"","","","","","","","","","","","",4.8,1,1002.7,1,"","","","","","",0,1,"","",0,1,0,1,0,1,"","","","","","","","","","","","","","","","","","","","","","","","",7000,1,"","",1,1,1,1,"","","","","","","","","","","","","","","","","","","","","","","","","","","","","","","","","","","","","","","","","","","","","","","","","","","","","","","","","","","","","","","","","",""
"59343001","LILLE-LESQUIN",50.57,3.0975,47,1959011203,"","","","",7.,1,"","","","","","","","","","","","","","","","","","","","","","","","","","","","","","",0.,1,-2.9,1,"","","","","","","","","","","","","","","","","","","","","","","","","","",81,1,"","","","","","","","","","","","",4.9,1,1002.2,1,"","","","","","",8,1,8,1,5,1,"","","","","","","","","","","","","","","","","","","","","","","","","","","","",6000,1,"","",22,1,7,1,"","","","","","","","","","","","","","","","","","","","","","","","","","","","","","","","","","","","","","","","","","","","","","","","","","","","","","","","","","","","","","","","","",""
"59343001","LILLE-LESQUIN",50.57,3.0975,47,1959011206,"","","","",7.,1,"","","","","","","","","","","","","","","","","","","","","","","","","","","","","","",-1.7,1,-5.2,1,"","","","","","","","","","","","","","","","","","","","","","","","","","",75,1,"","","","","","","","","","","","",4.1,1,1002.5,1,"","","","","","",0,1,"","",0,1,0,1,0,1,"","","","","","","","","","","","","","","","","","","","","","","","",6000,1,"","",1,1,7,1,"","",0,1,"","","","","","","","","","","","","","","","","","","","","","","","","","","","","","","","","","","","","","","","","","","","","","","","","","","","","","","","","","","","","",""
"59343001","LILLE-LESQUIN",50.57,3.0975,47,1959011209,"","","","",8.,1,"","","","","","","","","","","","","","","","","","","","","","","","","","","","","","",0.,1,-3.5,1,"","","","","","","","","","","","","","","","","","","","","","","","","","",76,1,"","","","","","","","","","","","",4.7,1,1002.4,1,"","","","","","",3,1,0,1,5,1,0,1,2,1,"","","","","","","","","","","","","","","","","","","","","","","","",9000,1,"","",3,1,0,1,"","","","","","","","","","","","","","","","","","","","","","","","","","","","","","","","","","","","","","","","","","","","","","","","","","","","","","","","","","","","","","","","","",""
"59343001","LILLE-LESQUIN",50.57,3.0975,47,1959011212,"","","","",13.,1,"","","","","","","","","","","","","","","","","","","","","","","","","","","","","","",2.7,1,-2.9,1,"","","","","","","","","","","","","","","","","","","","","","","","","","",67,1,"","","","","","","","","","","","",4.9,1,1000.6,1,"","","","","","",8,1,8,1,5,1,"","","","","","","","","","","","","","","","","","","","","","","","","","","","",3000,1,"","",71,1,1,1,"","","","","","","","","","","","","","","","","","","","","","","","","","","","","","","","","","","","","","","","","","","","","","","","","","","","","","","","","","","","","","","","","",""
"59343001","LILLE-LESQUIN",50.57,3.0975,47,1959011215,"","","","",11.,1,"","","","","","","","","","","","","","","","","","","","","","","","","","","","","","",1.,1,-0.5,1,"","","","","","","","","","","","","","","","","","","","","","","","","","",90,1,"","","","","","","","","","","","",5.9,1,999.7,1,"","","","","","",8,1,6,1,7,1,"","","","","","","","","","","","","","","","","","","","","","","","","","","","",4000,1,"","",22,1,7,1,"","","","","","","","","","","","","","","","","","","","","","","","","","","","","","","","","","","","","","","","","","","","","","","","","","","","","","","","","","","","","","","","","",""
"59343001","LILLE-LESQUIN",50.57,3.0975,47,1959011218,"","","","",8.,1,"","","","","","","","","","","","","","","","","","","","","","","","","","","","","","",1.8,1,-0.5,1,"","","","","","","","","","","","","","","","","","","","","","","","","","",85,1,"","","","","","","","","","","","",5.9,1,1000.1,1,"","","","","","",7,1,7,1,5,1,"","","","","","","","","","","","","","","","","","","","","","","","","","","","",6000,1,"","",3,1,7,1,"","","","","","","","","","","","","","","","","","","","","","","","","","","","","","","","","","","","","","","","","","","","","","","","","","","","","","","","","","","","","","","","","",""
"59343001","LILLE-LESQUIN",50.57,3.0975,47,1959011221,"","","","",8.,1,"","","","","","","","","","","","","","","","","","","","","","","","","","","","","","",1.9,1,-0.9,1,"","","","","","","","","","","","","","","","","","","","","","","","","","",82,1,"","","","","","","","","","","","",5.7,1,1001.4,1,"","","","","","",8,1,8,1,5,1,"","","","","","","","","","","","","","","","","","","","","","","","","","","","",6000,1,"","",3,1,1,1,"","","","","","","","","","","","","","","","","","","","","","","","","","","","","","","","","","","","","","","","","","","","","","","","","","","","","","","","","","","","","","","","","",""
"59343001","LILLE-LESQUIN",50.57,3.0975,47,1959011300,"","","","",7.,1,"","","","","","","","","","","","","","","","","","","","","","","","","","","","","","",1.2,1,-0.5,1,"","","","","","","","","","","","","","","","","","","","","","","","","","",89,1,"","","","","","","","","","","","",5.9,1,1002.6,1,"","","","","","",6,1,6,1,5,1,0,1,0,1,"","","","","","","","","","","","","","","","","","","","","","","","",6000,1,"","",3,1,8,1,"","","","","","","","","","","","","","","","","","","","","","","","","","","","","","","","","","","","","","","","","","","","","","","","","","","","","","","","","","","","","","","","","",""
"59343001","LILLE-LESQUIN",50.57,3.0975,47,1959011303,"","","","",5.,1,"","","","","","","","","","","","","","","","","","","","","","","","","","","","","","",0.8,1,-0.9,1,"","","","","","","","","","","","","","","","","","","","","","","","","","",88,1,"","","","","","","","","","","","",5.7,1,1003.4,1,"","","","","","",0,1,"","",0,1,0,1,0,1,"","","","","","","","","","","","","","","","","","","","","","","","",4000,1,"","",10,1,1,1,"","","","","","","","","","","","","","","","","","","","","","","","","","","","","","","","","","","","","","","","","","","","","","","","","","","","","","","","","","","","","","","","","",""
"59343001","LILLE-LESQUIN",50.57,3.0975,47,1959011306,"","","","",5.,1,"","","","","","","","","","","","","","","","","","","","","","","","","","","","","","",-0.3,1,-1.9,1,"","","","","","","","","","","","","","","","","","","","","","","","","","",90,1,"","","","","","","","","","","","",5.3,1,1003.2,1,"","","","","","",8,1,8,1,6,1,"","","","","","","","","","","","","","","","","","","","","","","","","","","","",2000,1,"","",10,1,1,1,"","",0,1,"","","","","","","","","","","","","","","","","","","","","","","","","","","","","","","","","","","","","","","","","","","","","","","","","","","","","","","","","","","","","",""
"59343001","LILLE-LESQUIN",50.57,3.0975,47,1959011309,"","","","",2.,1,"","","","","","","","","","","","","","","","","","","","","","","","","","","","","","",-0.5,1,-1.6,1,"","","","","","","","","","","","","","","","","","","","","","","","","","",92,1,"","","","","","","","","","","","",5.4,1,1003.7,1,"","","","","","",7,1,0,1,5,1,0,1,2,1,"","","","","","","","","","","","","","","","","","","","","","","","",1100,1,"","",10,1,1,1,"","","","","","","","","","","","","","","","","","","","","","","","","","","","","","","","","","","","","","","","","","","","","","","","","","","","","","","","","","","","","","","","","",""
"59343001","LILLE-LESQUIN",50.57,3.0975,47,1959011312,"","","","",4.,1,"","","","","","","","","","","","","","","","","","","","","","","","","","","","","","",2.4,1,-0.2,1,"","","","","","","","","","","","","","","","","","","","","","","","","","",82,1,"","","","","","","","","","","","",6.,1,1003.6,1,"","","","","","",6,1,6,1,0,1,4,1,2,1,"","","","","","","","","","","","","","","","","","","","","","","","",4000,1,"","",10,1,1,1,"","","","","","","","","","","","","","","","","","","","","","","","","","","","","","","","","","","","","","","","","","","","","","","","","","","","","","","","","","","","","","","","","",""
"59343001","LILLE-LESQUIN",50.57,3.0975,47,1959011315,"","","","",2.,1,"","","","","","","","","","","","","","","","","","","","","","","","","","","","","","",0.6,1,0.,1,"","","","","","","","","","","","","","","","","","","","","","","","","","",96,1,"","","","","","","","","","","","",6.1,1,1003.6,1,"","","","","","",8,1,8,1,6,1,"","","","","","","","","","","","","","","","","","","","","","","","","","","","",700,1,"","",42,1,4,1,"","","","","","","","","","","","","","","","","","","","","","","","","","","","","","","","","","","","","","","","","","","","","","","","","","","","","","","","","","","","","","","","","",""
"59343001","LILLE-LESQUIN",50.57,3.0975,47,1959011318,"","","","",3.,1,"","","","","","","","","","","","","","","","","","","","","","","","","","","","","","",1.,1,0.,1,"","","","","","","","","","","","","","","","","","","","","","","","","","",92,1,"","","","","","","","","","","","",6.1,1,1003.6,1,"","","","","","",8,1,8,1,6,1,"","","","","","","","","","","","","","","","","","","","","","","","","","","","",2500,1,"","",10,1,4,1,"","","","","","","","","","","","","","","","","","","","","","","","","","","","","","","","","","","","","","","","","","","","","","","","","","","","","","","","","","","","","","","","","",""
"59343001","LILLE-LESQUIN",50.57,3.0975,47,1959011321,"","","","",2.,1,"","","","","","","","","","","","","","","","","","","","","","","","","","","","","","",1.,1,0.,1,"","","","","","","","","","","","","","","","","","","","","","","","","","",92,1,"","","","","","","","","","","","",6.1,1,1004.2,1,"","","","","","",8,1,8,1,6,1,"","","","","","","","","","","","","","","","","","","","","","","","","","","","",2500,1,"","",10,1,2,1,"","","","","","","","","","","","","","","","","","","","","","","","","","","","","","","","","","","","","","","","","","","","","","","","","","","","","","","","","","","","","","","","","",""
"59343001","LILLE-LESQUIN",50.57,3.0975,47,1959011400,"","","","",2.,1,"","","","","","","","","","","","","","","","","","","","","","","","","","","","","","",0.8,1,-0.2,1,"","","","","","","","","","","","","","","","","","","","","","","","","","",92,1,"","","","","","","","","","","","",6.,1,1004.5,1,"","","","","","",8,1,8,1,6,1,"","","","","","","","","","","","","","","","","","","","","","","","","","","","",1800,1,"","",10,1,2,1,"","","","","","","","","","","","","","","","","","","","","","","","","","","","","","","","","","","","","","","","","","","","","","","","","","","","","","","","","","","","","","","","","",""
"59343001","LILLE-LESQUIN",50.57,3.0975,47,1959011403,"","","","",0.,1,"","","","","","","","","","","","","","","","","","","","","","","","","","","","","","",0.6,1,0.,1,"","","","","","","","","","","","","","","","","","","","","","","","","","",96,1,"","","","","","","","","","","","",6.1,1,1004.5,1,"","","","","","",9,1,"","","","","","","","","","","","","","","","","","","","","","","","","","","","","","","","",400,1,"","",45,1,4,1,"","","","","","","","","","","","","","","","","","","","","","","","","","","","","","","","","","","","","","","","","","","","","","","","","","","","","","","","","","","","","","","","","",""
"59343001","LILLE-LESQUIN",50.57,3.0975,47,1959011406,"","","","",3.,1,"","","","","","","","","","","","","","","","","","","","","","","","","","","","","","",0.2,1,-0.5,1,"","","","","","","","","","","","","","","","","","","","","","","","","","",96,1,"","","","","","","","","","","","",5.9,1,1004.4,1,"","","","","","",9,1,"","","","","","","","","","","","","","","","","","","","","","","","","","","","","","","","",600,1,"","",45,1,4,1,"","",0,1,"","","","","","","","","","","","","","","","","","","","","","","","","","","","","","","","","","","","","","","","","","","","","","","","","","","","","","","","","","","","","",""
"59343001","LILLE-LESQUIN",50.57,3.0975,47,1959011409,"","","","",2.,1,"","","","","","","","","","","","","","","","","","","","","","","","","","","","","","",-0.2,1,-0.7,1,"","","","","","","","","","","","","","","","","","","","","","","","","","",96,1,"","","","","","","","","","","","",5.8,1,1005.6,1,"","","","","","",8,1,8,1,6,1,"","","","","","","","","","","","","","","","","","","","","","","","","","","","",600,1,"","",46,1,4,1,"","","","","","","","","","","","","","","","","","","","","","","","","","","","","","","","","","","","","","","","","","","","","","","","","","","","","","","","","","","","","","","","","",""
"59343001","LILLE-LESQUIN",50.57,3.0975,47,1959011412,"","","","",3.,1,"","","","","","","","","","","","","","","","","","","","","","","","","","","","","","",0.,1,-1.2,1,"","","","","","","","","","","","","","","","","","","","","","","","","","",92,1,"","","","","","","","","","","","",5.6,1,1004.5,1,"","","","","","",8,1,8,1,6,1,"","","","","","","","","","","","","","","","","","","","","","","","","","","","",1100,1,"","",10,1,4,1,"","","","","","","","","","","","","","","","","","","","","","","","","","","","","","","","","","","","","","","","","","","","","","","","","","","","","","","","","","","","","","","","","",""
"59343001","LILLE-LESQUIN",50.57,3.0975,47,1959011415,"","","","",2.,1,"","","","","","","","","","","","","","","","","","","","","","","","","","","","","","",0.1,1,-0.9,1,"","","","","","","","","","","","","","","","","","","","","","","","","","",92,1,"","","","","","","","","","","","",5.7,1,1003.7,1,"","","","","","",8,1,8,1,6,1,"","","","","","","","","","","","","","","","","","","","","","","","","","","","",2000,1,"","",10,1,2,1,"","","","","","","","","","","","","","","","","","","","","","","","","","","","","","","","","","","","","","","","","","","","","","","","","","","","","","","","","","","","","","","","","",""
"59343001","LILLE-LESQUIN",50.57,3.0975,47,1959011418,"","","","",4.,1,"","","","","","","","","","","","","","","","","","","","","","","","","","","","","","",0.,1,-1.4,1,"","","","","","","","","","","","","","","","","","","","","","","","","","",90,1,"","","","","","","","","","","","",5.5,1,1001.4,1,"","","","","","",8,1,8,1,6,1,"","","","","","","","","","","","","","","","","","","","","","","","","","","","",2500,1,"","",10,1,2,1,"","","","","","","","","","","","","","","","","","","","","","","","","","","","","","","","","","","","","","","","","","","","","","","","","","","","","","","","","","","","","","","","","",""
"59343001","LILLE-LESQUIN",50.57,3.0975,47,1959011421,"","","","",3.,1,"","","","","","","","","","","","","","","","","","","","","","","","","","","","","","",-0.3,1,-1.4,1,"","","","","","","","","","","","","","","","","","","","","","","","","","",92,1,"","","","","","","","","","","","",5.5,1,1001.7,1,"","","","","","",8,1,8,1,6,1,"","","","","","","","","","","","","","","","","","","","","","","","","","","","",4000,1,"","",10,1,2,1,"","","","","","","","","","","","","","","","","","","","","","","","","","","","","","","","","","","","","","","","","","","","","","","","","","","","","","","","","","","","","","","","","",""
"59343001","LILLE-LESQUIN",50.57,3.0975,47,1959011500,"","","","",2.,1,"","","","","","","","","","","","","","","","","","","","","","","","","","","","","","",-0.3,1,-1.9,1,"","","","","","","","","","","","","","","","","","","","","","","","","","",90,1,"","","","","","","","","","","","",5.3,1,1002.8,1,"","","","","","",8,1,8,1,6,1,"","","","","","","","","","","","","","","","","","","","","","","","","","","","",4000,1,"","",10,1,2,1,"","","","","","","","","","","","","","","","","","","","","","","","","","","","","","","","","","","","","","","","","","","","","","","","","","","","","","","","","","","","","","","","","",""
"59343001","LILLE-LESQUIN",50.57,3.0975,47,1959011503,"","","","",2.,1,"","","","","","","","","","","","","","","","","","","","","","","","","","","","","","",-0.6,1,-2.1,1,"","","","","","","","","","","","","","","","","","","","","","","","","","",90,1,"","","","","","","","","","","","",5.2,1,1005.,1,"","","","","","",8,1,8,1,6,1,"","","","","","","","","","","","","","","","","","","","","","","","","","","","",3500,1,"","",10,1,2,1,"","","","","","","","","","","","","","","","","","","","","","","","","","","","","","","","","","","","","","","","","","","","","","","","","","","","","","","","","","","","","","","","","",""
"59343001","LILLE-LESQUIN",50.57,3.0975,47,1959011506,"","","","",1.,1,"","","","","","","","","","","","","","","","","","","","","","","","","","","","","","",-1.1,1,-2.4,1,"","","","","","","","","","","","","","","","","","","","","","","","","","",93,1,"","","","","","","","","","","","",5.1,1,1006.6,1,"","","","","","",4,1,0,1,6,1,0,1,0,1,"","","","","","","","","","","","","","","","","","","","","","","","",1700,1,"","",10,1,2,1,"","",0,1,"","","","","","","","","","","","","","","","","","","","","","","","","","","","","","","","","","","","","","","","","","","","","","","","","","","","","","","","","","","","","",""
"59343001","LILLE-LESQUIN",50.57,3.0975,47,1959011509,"","","","",3.,1,"","","","","","","","","","","","","","","","","","","","","","","","","","","","","","",-1.,1,-2.4,1,"","","","","","","","","","","","","","","","","","","","","","","","","","",92,1,"","","","","","","","","","","","",5.1,1,1008.1,1,"","","","","","",8,1,8,1,6,1,"","","","","","","","","","","","","","","","","","","","","","","","","","","","",800,1,"","",44,1,4,1,"","","","","","","","","","","","","","","","","","","","","","","","","","","","","","","","","","","","","","","","","","","","","","","","","","","","","","","","","","","","","","","","","",""
"59343001","LILLE-LESQUIN",50.57,3.0975,47,1959011512,"","","","",4.,1,"","","","","","","","","","","","","","","","","","","","","","","","","","","","","","",-0.8,1,-1.9,1,"","","","","","","","","","","","","","","","","","","","","","","","","","",92,1,"","","","","","","","","","","","",5.3,1,1008.9,1,"","","","","","",8,1,8,1,6,1,"","","","","","","","","","","","","","","","","","","","","","","","","","","","",700,1,"","",44,1,4,1,"","","","","","","","","","","","","","","","","","","","","","","","","","","","","","","","","","","","","","","","","","","","","","","","","","","","","","","","","","","","","","","","","",""
"59343001","LILLE-LESQUIN",50.57,3.0975,47,1959011515,"","","","",5.,1,"","","","","","","","","","","","","","","","","","","","","","","","","","","","","","",-0.6,1,-1.9,1,"","","","","","","","","","","","","","","","","","","","","","","","","","",92,1,"","","","","","","","","","","","",5.3,1,1008.5,1,"","","","","","",8,1,8,1,6,1,"","","","","","","","","","","","","","","","","","","","","","","","","","","","",700,1,"","",44,1,4,1,"","","","","","","","","","","","","","","","","","","","","","","","","","","","","","","","","","","","","","","","","","","","","","","","","","","","","","","","","","","","","","","","","",""
"59343001","LILLE-LESQUIN",50.57,3.0975,47,1959011518,"","","","",5.,1,"","","","","","","","","","","","","","","","","","","","","","","","","","","","","","",-1.2,1,-2.9,1,"","","","","","","","","","","","","","","","","","","","","","","","","","",87,1,"","","","","","","","","","","","",4.9,1,1010.1,1,"","","","","","",8,1,8,1,6,1,"","","","","","","","","","","","","","","","","","","","","","","","","","","","",1000,1,"","",28,1,4,1,"","","","","","","","","","","","","","","","","","","","","","","","","","","","","","","","","","","","","","","","","","","","","","","","","","","","","","","","","","","","","","","","","",""
"59343001","LILLE-LESQUIN",50.57,3.0975,47,1959011521,"","","","",3.,1,"","","","","","","","","","","","","","","","","","","","","","","","","","","","","","",-2.1,1,-3.2,1,"","","","","","","","","","","","","","","","","","","","","","","","","","",92,1,"","","","","","","","","","","","",4.8,1,1012.2,1,"","","","","","",8,1,8,1,6,1,"","","","","","","","","","","","","","","","","","","","","","","","","","","","",1000,1,"","",10,1,2,1,"","","","","","","","","","","","","","","","","","","","","","","","","","","","","","","","","","","","","","","","","","","","","","","","","","","","","","","","","","","","","","","","","",""
"59343001","LILLE-LESQUIN",50.57,3.0975,47,1959011600,"","","","",2.,1,"","","","","","","","","","","","","","","","","","","","","","","","","","","","","","",-2.7,1,-3.7,1,"","","","","","","","","","","","","","","","","","","","","","","","","","",93,1,"","","","","","","","","","","","",4.6,1,1014.1,1,"","","","","","",9,1,"","","","","","","","","","","","","","","","","","","","","","","","","","","","","","","","",400,1,"","",49,1,4,1,"","","","","","","","","","","","","","","","","","","","","","","","","","","","","","","","","","","","","","","","","","","","","","","","","","","","","","","","","","","","","","","","","",""
"59343001","LILLE-LESQUIN",50.57,3.0975,47,1959011603,"","","","",3.,1,"","","","","","","","","","","","","","","","","","","","","","","","","","","","","","",-1.9,1,-2.4,1,"","","","","","","","","","","","","","","","","","","","","","","","","","",96,1,"","","","","","","","","","","","",5.1,1,1016.3,1,"","","","","","",9,1,"","","","","","","","","","","","","","","","","","","","","","","","","","","","","","","","",200,1,"","",49,1,4,1,"","","","","","","","","","","","","","","","","","","","","","","","","","","","","","","","","","","","","","","","","","","","","","","","","","","","","","","","","","","","","","","","","",""
"59343001","LILLE-LESQUIN",50.57,3.0975,47,1959011606,"","","","",2.,1,"","","","","","","","","","","","","","","","","","","","","","","","","","","","","","",-1.2,1,-1.6,1,"","","","","","","","","","","","","","","","","","","","","","","","","","",97,1,"","","","","","","","","","","","",5.4,1,1018.2,1,"","","","","","",9,1,"","","","","","","","","","","","","","","","","","","","","","","","","","","","","","","","",160,1,"","",49,1,4,1,"","",0,1,"","","","","","","","","","","","","","","","","","","","","","","","","","","","","","","","","","","","","","","","","","","","","","","","","","","","","","","","","","","","","",""
"59343001","LILLE-LESQUIN",50.57,3.0975,47,1959011609,"","","","",3.,1,"","","","","","","","","","","","","","","","","","","","","","","","","","","","","","",0.2,1,-1.4,1,"","","","","","","","","","","","","","","","","","","","","","","","","","",88,1,"","","","","","","","","","","","",5.5,1,1021.3,1,"","","","","","",7,1,6,1,2,1,4,1,0,1,"","","","","","","","","","","","","","","","","","","","","","","","",1800,1,"","",10,1,4,1,"","","","","","","","","","","","","","","","","","","","","","","","","","","","","","","","","","","","","","","","","","","","","","","","","","","","","","","","","","","","","","","","","",""
"59343001","LILLE-LESQUIN",50.57,3.0975,47,1959011612,"","","","",6.,1,"","","","","","","","","","","","","","","","","","","","","","","","","","","","","","",2.,1,1.4,1,"","","","","","","","","","","","","","","","","","","","","","","","","","",96,1,"","","","","","","","","","","","",6.8,1,1022.9,1,"","","","","","",7,1,0,1,8,1,0,1,0,1,"","","","","","","","","","","","","","","","","","","","","","","","",2000,1,"","",10,1,8,1,"","","","","","","","","","","","","","","","","","","","","","","","","","","","","","","","","","","","","","","","","","","","","","","","","","","","","","","","","","","","","","","","","",""
"59343001","LILLE-LESQUIN",50.57,3.0975,47,1959011615,"","","","",5.,1,"","","","","","","","","","","","","","","","","","","","","","","","","","","","","","",1.6,1,0.,1,"","","","","","","","","","","","","","","","","","","","","","","","","","",89,1,"","","","","","","","","","","","",6.1,1,1024.2,1,"","","","","","",2,1,0,1,2,1,0,1,0,1,"","","","","","","","","","","","","","","","","","","","","","","","",1800,1,"","",10,1,1,1,"","","","","","","","","","","","","","","","","","","","","","","","","","","","","","","","","","","","","","","","","","","","","","","","","","","","","","","","","","","","","","","","","",""
"59343001","LILLE-LESQUIN",50.57,3.0975,47,1959011618,"","","","",4.,1,"","","","","","","","","","","","","","","","","","","","","","","","","","","","","","",0.3,1,-1.2,1,"","","","","","","","","","","","","","","","","","","","","","","","","","",90,1,"","","","","","","","","","","","",5.6,1,1026.2,1,"","","","","","",2,1,0,1,5,1,0,1,0,1,"","","","","","","","","","","","","","","","","","","","","","","","",2000,1,"","",10,1,1,1,"","","","","","","","","","","","","","","","","","","","","","","","","","","","","","","","","","","","","","","","","","","","","","","","","","","","","","","","","","","","","","","","","",""
"59343001","LILLE-LESQUIN",50.57,3.0975,47,1959011621,"","","","",4.,1,"","","","","","","","","","","","","","","","","","","","","","","","","","","","","","",-1.,1,-2.1,1,"","","","","","","","","","","","","","","","","","","","","","","","","","",92,1,"","","","","","","","","","","","",5.2,1,1027.8,1,"","","","","","",0,1,"","",0,1,0,1,0,1,"","","","","","","","","","","","","","","","","","","","","","","","",2000,1,"","",10,1,1,1,"","","","","","","","","","","","","","","","","","","","","","","","","","","","","","","","","","","","","","","","","","","","","","","","","","","","","","","","","","","","","","","","","",""
"59343001","LILLE-LESQUIN",50.57,3.0975,47,1959011700,"","","","",0.,1,"","","","","","","","","","","","","","","","","","","","","","","","","","","","","","",-2.2,1,-2.7,1,"","","","","","","","","","","","","","","","","","","","","","","","","","",94,1,"","","","","","","","","","","","",5.,1,1028.5,1,"","","","","","",9,1,"","","","","","","","","","","","","","","","","","","","","","","","","","","","","","","","",400,1,"","",49,1,4,1,"","","","","","","","","","","","","","","","","","","","","","","","","","","","","","","","","","","","","","","","","","","","","","","","","","","","","","","","","","","","","","","","","",""
"59343001","LILLE-LESQUIN",50.57,3.0975,47,1959011703,"","","","",2.,1,"","","","","","","","","","","","","","","","","","","","","","","","","","","","","","",-4.,1,-4.9,1,"","","","","","","","","","","","","","","","","","","","","","","","","","",92,1,"","","","","","","","","","","","",4.2,1,1029.2,1,"","","","","","",9,1,"","","","","","","","","","","","","","","","","","","","","","","","","","","","","","","","",600,1,"","",49,1,4,1,"","","","","","","","","","","","","","","","","","","","","","","","","","","","","","","","","","","","","","","","","","","","","","","","","","","","","","","","","","","","","","","","","",""
"59343001","LILLE-LESQUIN",50.57,3.0975,47,1959011706,"","","","",0.,1,"","","","","","","","","","","","","","","","","","","","","","","","","","","","","","",-3.4,1,-4.3,1,"","","","","","","","","","","","","","","","","","","","","","","","","","",92,1,"","","","","","","","","","","","",4.4,1,1029.5,1,"","","","","","",0,1,"","",0,1,0,1,0,1,"","","","","","","","","","","","","","","","","","","","","","","","",800,1,"","",48,1,4,1,"","",0,1,"","","","","","","","","","","","","","","","","","","","","","","","","","","","","","","","","","","","","","","","","","","","","","","","","","","","","","","","","","","","","",""
"59343001","LILLE-LESQUIN",50.57,3.0975,47,1959011709,"","","","",2.,1,"","","","","","","","","","","","","","","","","","","","","","","","","","","","","","",-2.8,1,-4.,1,"","","","","","","","","","","","","","","","","","","","","","","","","","",91,1,"","","","","","","","","","","","",4.5,1,1029.7,1,"","","","","","",2,1,0,1,0,1,0,1,1,1,"","","","","","","","","","","","","","","","","","","","","","","","",900,1,"","",48,1,4,1,"","","","","","","","","","","","","","","","","","","","","","","","","","","","","","","","","","","","","","","","","","","","","","","","","","","","","","","","","","","","","","","","","",""
"59343001","LILLE-LESQUIN",50.57,3.0975,47,1959011712,"","","","",4.,1,"","","","","","","","","","","","","","","","","","","","","","","","","","","","","","",0.4,1,-2.4,1,"","","","","","","","","","","","","","","","","","","","","","","","","","",81,1,"","","","","","","","","","","","",5.1,1,1028.9,1,"","","","","","",6,1,6,1,5,1,0,1,0,1,"","","","","","","","","","","","","","","","","","","","","","","","",1800,1,"","",10,1,4,1,"","","","","","","","","","","","","","","","","","","","","","","","","","","","","","","","","","","","","","","","","","","","","","","","","","","","","","","","","","","","","","","","","",""
"59343001","LILLE-LESQUIN",50.57,3.0975,47,1959011715,"","","","",5.,1,"","","","","","","","","","","","","","","","","","","","","","","","","","","","","","",0.2,1,-2.1,1,"","","","","","","","","","","","","","","","","","","","","","","","","","",84,1,"","","","","","","","","","","","",5.2,1,1027.5,1,"","","","","","",6,1,6,1,0,1,4,1,6,1,"","","","","","","","","","","","","","","","","","","","","","","","",2500,1,"","",10,1,1,1,"","","","","","","","","","","","","","","","","","","","","","","","","","","","","","","","","","","","","","","","","","","","","","","","","","","","","","","","","","","","","","","","","",""
"59343001","LILLE-LESQUIN",50.57,3.0975,47,1959011718,"","","","",6.,1,"","","","","","","","","","","","","","","","","","","","","","","","","","","","","","",-0.2,1,-2.7,1,"","","","","","","","","","","","","","","","","","","","","","","","","","",84,1,"","","","","","","","","","","","",5.,1,1026.5,1,"","","","","","",5,1,5,1,0,1,4,1,5,1,"","","","","","","","","","","","","","","","","","","","","","","","",2000,1,"","",10,1,1,1,"","","","","","","","","","","","","","","","","","","","","","","","","","","","","","","","","","","","","","","","","","","","","","","","","","","","","","","","","","","","","","","","","",""
"59343001","LILLE-LESQUIN",50.57,3.0975,47,1959011721,"","","","",9.,1,"","","","","","","","","","","","","","","","","","","","","","","","","","","","","","",-0.8,1,-2.1,1,"","","","","","","","","","","","","","","","","","","","","","","","","","",90,1,"","","","","","","","","","","","",5.2,1,1025.,1,"","","","","","",7,1,7,1,0,1,5,1,"","","","","","","","","","","","","","","","","","","","","","","","","","",2000,1,"","",10,1,2,1,"","","","","","","","","","","","","","","","","","","","","","","","","","","","","","","","","","","","","","","","","","","","","","","","","","","","","","","","","","","","","","","","","",""
"59343001","LILLE-LESQUIN",50.57,3.0975,47,1959011800,"","","","",8.,1,"","","","","","","","","","","","","","","","","","","","","","","","","","","","","","",-0.3,1,-2.1,1,"","","","","","","","","","","","","","","","","","","","","","","","","","",88,1,"","","","","","","","","","","","",5.2,1,1023.,1,"","","","","","",7,1,7,1,0,1,7,1,"","","","","","","","","","","","","","","","","","","","","","","","","","",2000,1,"","",10,1,2,1,"","","","","","","","","","","","","","","","","","","","","","","","","","","","","","","","","","","","","","","","","","","","","","","","","","","","","","","","","","","","","","","","","",""
"59343001","LILLE-LESQUIN",50.57,3.0975,47,1959011803,"","","","",9.,1,"","","","","","","","","","","","","","","","","","","","","","","","","","","","","","",0.3,1,-1.9,1,"","","","","","","","","","","","","","","","","","","","","","","","","","",85,1,"","","","","","","","","","","","",5.3,1,1021.1,1,"","","","","","",8,1,8,1,5,1,"","","","","","","","","","","","","","","","","","","","","","","","","","","","",3000,1,"","",24,1,6,1,"","","","","","","","","","","","","","","","","","","","","","","","","","","","","","","","","","","","","","","","","","","","","","","","","","","","","","","","","","","","","","","","","",""
"59343001","LILLE-LESQUIN",50.57,3.0975,47,1959011806,"","","","",8.,1,"","","","","","","","","","","","","","","","","","","","","","","","","","","","","","",0.6,1,-1.6,1,"","","","","","","","","","","","","","","","","","","","","","","","","","",85,1,"","","","","","","","","","","","",5.4,1,1019.1,1,"","","","","","",8,1,8,1,5,1,"","","","","","","","","","","","","","","","","","","","","","","","","","","","",4000,1,"","",66,1,6,1,"","",0,1,"","","","","","","","","","","","","","","","","","","","","","","","","","","","","","","","","","","","","","","","","","","","","","","","","","","","","","","","","","","","","",""
"59343001","LILLE-LESQUIN",50.57,3.0975,47,1959011809,"","","","",7.,1,"","","","","","","","","","","","","","","","","","","","","","","","","","","","","","",0.8,1,-0.7,1,"","","","","","","","","","","","","","","","","","","","","","","","","","",90,1,"","","","","","","","","","","","",5.8,1,1018.9,1,"","","","","","",8,1,6,1,5,1,2,1,"","","","","","","","","","","","","","","","","","","","","","","","","","",4000,1,"","",61,1,6,1,"","","","","","","","","","","","","","","","","","","","","","","","","","","","","","","","","","","","","","","","","","","","","","","","","","","","","","","","","","","","","","","","","",""
"59343001","LILLE-LESQUIN",50.57,3.0975,47,1959011812,"","","","",8.,1,"","","","","","","","","","","","","","","","","","","","","","","","","","","","","","",1.,1,-0.5,1,"","","","","","","","","","","","","","","","","","","","","","","","","","",88,1,"","","","","","","","","","","","",5.9,1,1018.1,1,"","","","","","",8,1,6,1,7,1,2,1,"","","","","","","","","","","","","","","","","","","","","","","","","","",3000,1,"","",61,1,6,1,"","","","","","","","","","","","","","","","","","","","","","","","","","","","","","","","","","","","","","","","","","","","","","","","","","","","","","","","","","","","","","","","","",""
"59343001","LILLE-LESQUIN",50.57,3.0975,47,1959011815,"","","","",6.,1,"","","","","","","","","","","","","","","","","","","","","","","","","","","","","","",1.2,1,0.,1,"","","","","","","","","","","","","","","","","","","","","","","","","","",92,1,"","","","","","","","","","","","",6.1,1,1016.9,1,"","","","","","",8,1,8,1,6,1,"","","","","","","","","","","","","","","","","","","","","","","","","","","","",1800,1,"","",20,1,6,1,"","","","","","","","","","","","","","","","","","","","","","","","","","","","","","","","","","","","","","","","","","","","","","","","","","","","","","","","","","","","","","","","","",""
"59343001","LILLE-LESQUIN",50.57,3.0975,47,1959011818,"","","","",6.,1,"","","","","","","","","","","","","","","","","","","","","","","","","","","","","","",1.5,1,0.,1,"","","","","","","","","","","","","","","","","","","","","","","","","","",91,1,"","","","","","","","","","","","",6.1,1,1017.5,1,"","","","","","",8,1,8,1,6,1,"","","","","","","","","","","","","","","","","","","","","","","","","","","","",2000,1,"","",50,1,6,1,"","","","","","","","","","","","","","","","","","","","","","","","","","","","","","","","","","","","","","","","","","","","","","","","","","","","","","","","","","","","","","","","","",""
"59343001","LILLE-LESQUIN",50.57,3.0975,47,1959011821,"","","","",5.,1,"","","","","","","","","","","","","","","","","","","","","","","","","","","","","","",1.7,1,0.6,1,"","","","","","","","","","","","","","","","","","","","","","","","","","",92,1,"","","","","","","","","","","","",6.4,1,1017.4,1,"","","","","","",8,1,8,1,6,1,"","","","","","","","","","","","","","","","","","","","","","","","","","","","",3000,1,"","",20,1,5,1,"","","","","","","","","","","","","","","","","","","","","","","","","","","","","","","","","","","","","","","","","","","","","","","","","","","","","","","","","","","","","","","","","",""
"59343001","LILLE-LESQUIN",50.57,3.0975,47,1959011900,"","","","",5.,1,"","","","","","","","","","","","","","","","","","","","","","","","","","","","","","",1.6,1,-1.2,1,"","","","","","","","","","","","","","","","","","","","","","","","","","",82,1,"","","","","","","","","","","","",5.6,1,1016.1,1,"","","","","","",5,1,5,1,0,1,0,1,5,1,"","","","","","","","","","","","","","","","","","","","","","","","",6000,1,"","",3,1,5,1,"","","","","","","","","","","","","","","","","","","","","","","","","","","","","","","","","","","","","","","","","","","","","","","","","","","","","","","","","","","","","","","","","",""
"59343001","LILLE-LESQUIN",50.57,3.0975,47,1959011903,"","","","",5.,1,"","","","","","","","","","","","","","","","","","","","","","","","","","","","","","",2.,1,-1.9,1,"","","","","","","","","","","","","","","","","","","","","","","","","","",75,1,"","","","","","","","","","","","",5.3,1,1013.6,1,"","","","","","",8,1,8,1,5,1,"","","","","","","","","","","","","","","","","","","","","","","","","","","","",8000,1,"","",3,1,2,1,"","","","","","","","","","","","","","","","","","","","","","","","","","","","","","","","","","","","","","","","","","","","","","","","","","","","","","","","","","","","","","","","","",""
"59343001","LILLE-LESQUIN",50.57,3.0975,47,1959011906,"","","","",6.,1,"","","","","","","","","","","","","","","","","","","","","","","","","","","","","","",2.3,1,-2.4,1,"","","","","","","","","","","","","","","","","","","","","","","","","","",72,1,"","","","","","","","","","","","",5.1,1,1011.3,1,"","","","","","",8,1,8,1,5,1,"","","","","","","","","","","","","","","","","","","","","","","","","","","","",8000,1,"","",2,1,2,1,"","",0,1,"","","","","","","","","","","","","","","","","","","","","","","","","","","","","","","","","","","","","","","","","","","","","","","","","","","","","","","","","","","","","",""
"59343001","LILLE-LESQUIN",50.57,3.0975,47,1959011909,"","","","",8.,1,"","","","","","","","","","","","","","","","","","","","","","","","","","","","","","",3.2,1,-3.2,1,"","","","","","","","","","","","","","","","","","","","","","","","","","",63,1,"","","","","","","","","","","","",4.8,1,1009.4,1,"","","","","","",8,1,6,1,5,1,7,1,"","","","","","","","","","","","","","","","","","","","","","","","","","",8000,1,"","",3,1,2,1,"","","","","","","","","","","","","","","","","","","","","","","","","","","","","","","","","","","","","","","","","","","","","","","","","","","","","","","","","","","","","","","","","",""
"59343001","LILLE-LESQUIN",50.57,3.0975,47,1959011912,"","","","",9.,1,"","","","","","","","","","","","","","","","","","","","","","","","","","","","","","",4.2,1,-1.4,1,"","","","","","","","","","","","","","","","","","","","","","","","","","",67,1,"","","","","","","","","","","","",5.5,1,1007.2,1,"","","","","","",8,1,6,1,5,1,7,1,"","","","","","","","","","","","","","","","","","","","","","","","","","",10000,1,"","",1,1,2,1,"","","","","","","","","","","","","","","","","","","","","","","","","","","","","","","","","","","","","","","","","","","","","","","","","","","","","","","","","","","","","","","","","",""
"59343001","LILLE-LESQUIN",50.57,3.0975,47,1959011915,"","","","",10.,1,"","","","","","","","","","","","","","","","","","","","","","","","","","","","","","",5.3,1,-1.4,1,"","","","","","","","","","","","","","","","","","","","","","","","","","",62,1,"","","","","","","","","","","","",5.5,1,1004.5,1,"","","","","","",7,1,5,1,0,1,4,1,2,1,"","","","","","","","","","","","","","","","","","","","","","","","",8000,1,"","",3,1,2,1,"","","","","","","","","","","","","","","","","","","","","","","","","","","","","","","","","","","","","","","","","","","","","","","","","","","","","","","","","","","","","","","","","",""
"59343001","LILLE-LESQUIN",50.57,3.0975,47,1959011918,"","","","",9.,1,"","","","","","","","","","","","","","","","","","","","","","","","","","","","","","",5.9,1,-0.2,1,"","","","","","","","","","","","","","","","","","","","","","","","","","",64,1,"","","","","","","","","","","","",6.,1,1003.9,1,"","","","","","",7,1,6,1,5,1,4,1,"","","","","","","","","","","","","","","","","","","","","","","","","","",8000,1,"","",2,1,2,1,"","","","","","","","","","","","","","","","","","","","","","","","","","","","","","","","","","","","","","","","","","","","","","","","","","","","","","","","","","","","","","","","","",""
"59343001","LILLE-LESQUIN",50.57,3.0975,47,1959011921,"","","","",10.,1,"","","","","","","","","","","","","","","","","","","","","","","","","","","","","","",6.6,1,0.4,1,"","","","","","","","","","","","","","","","","","","","","","","","","","",65,1,"","","","","","","","","","","","",6.3,1,1002.8,1,"","","","","","",8,1,8,1,5,1,"","","","","","","","","","","","","","","","","","","","","","","","","","","","",8000,1,"","",3,1,2,1,"","","","","","","","","","","","","","","","","","","","","","","","","","","","","","","","","","","","","","","","","","","","","","","","","","","","","","","","","","","","","","","","","",""
"59343001","LILLE-LESQUIN",50.57,3.0975,47,1959012000,"","","","",10.,1,"","","","","","","","","","","","","","","","","","","","","","","","","","","","","","",6.8,1,2.4,1,"","","","","","","","","","","","","","","","","","","","","","","","","","",74,1,"","","","","","","","","","","","",7.3,1,1000.5,1,"","","","","","",8,1,5,1,5,1,7,1,"","","","","","","","","","","","","","","","","","","","","","","","","","",8000,1,"","",2,1,2,1,"","","","","","","","","","","","","","","","","","","","","","","","","","","","","","","","","","","","","","","","","","","","","","","","","","","","","","","","","","","","","","","","","",""
"59343001","LILLE-LESQUIN",50.57,3.0975,47,1959012003,"","","","",8.,1,"","","","","","","","","","","","","","","","","","","","","","","","","","","","","","",6.8,1,2.4,1,"","","","","","","","","","","","","","","","","","","","","","","","","","",74,1,"","","","","","","","","","","","",7.3,1,998.4,1,"","","","","","",8,1,8,1,5,1,"","","","","","","","","","","","","","","","","","","","","","","","","","","","",8000,1,"","",2,1,2,1,"","","","","","","","","","","","","","","","","","","","","","","","","","","","","","","","","","","","","","","","","","","","","","","","","","","","","","","","","","","","","","","","","",""
"59343001","LILLE-LESQUIN",50.57,3.0975,47,1959012006,"","","","",9.,1,"","","","","","","","","","","","","","","","","","","","","","","","","","","","","","",7.8,1,3.1,1,"","","","","","","","","","","","","","","","","","","","","","","","","","",72,1,"","","","","","","","","","","","",7.7,1,995.6,1,"","","","","","",8,1,8,1,5,1,"","","","","","","","","","","","","","","","","","","","","","","","","","","","",8000,1,"","",2,1,2,1,"","",0,1,"","","","","","","","","","","","","","","","","","","","","","","","","","","","","","","","","","","","","","","","","","","","","","","","","","","","","","","","","","","","","",""
"59343001","LILLE-LESQUIN",50.57,3.0975,47,1959012009,"","","","",9.,1,"","","","","","","","","","","","","","","","","","","","","","","","","","","","","","",8.4,1,3.,1,"","","","","","","","","","","","","","","","","","","","","","","","","","",69,1,"","","","","","","","","","","","",7.6,1,994.,1,"","","","","","",8,1,8,1,5,1,7,1,"","","","","","","","","","","","","","","","","","","","","","","","","","",10000,1,"","",2,1,2,1,"","","","","","","","","","","","","","","","","","","","","","","","","","","","","","","","","","","","","","","","","","","","","","","","","","","","","","","","","","","","","","","","","",""
"59343001","LILLE-LESQUIN",50.57,3.0975,47,1959012012,"","","","",12.,1,"","","","","","","","","","","","","","","","","","","","","","","","","","","","","","",9.8,1,3.8,1,"","","","","","","","","","","","","","","","","","","","","","","","","","",67,1,"","","","","","","","","","","","",8.1,1,992.5,1,"","","","","","",8,1,5,1,5,1,7,1,"","","","","","","","","","","","","","","","","","","","","","","","","","",10000,1,"","",60,1,2,1,"","","","","","","","","","","","","","","","","","","","","","","","","","","","","","","","","","","","","","","","","","","","","","","","","","","","","","","","","","","","","","","","","",""
"59343001","LILLE-LESQUIN",50.57,3.0975,47,1959012015,"","","","",13.,1,"","","","","","","","","","","","","","","","","","","","","","","","","","","","","","",8.8,1,5.6,1,"","","","","","","","","","","","","","","","","","","","","","","","","","",81,1,"","","","","","","","","","","","",9.2,1,990.3,1,"","","","","","",8,1,8,1,7,1,2,1,"","","","","","","","","","","","","","","","","","","","","","","","","","",10000,1,"","",21,1,6,1,"","","","","","","","","","","","","","","","","","","","","","","","","","","","","","","","","","","","","","","","","","","","","","","","","","","","","","","","","","","","","","","","","",""
"59343001","LILLE-LESQUIN",50.57,3.0975,47,1959012018,"","","","",13.,1,"","","","","","","","","","","","","","","","","","","","","","","","","","","","","","",8.2,1,4.3,1,"","","","","","","","","","","","","","","","","","","","","","","","","","",77,1,"","","","","","","","","","","","",8.4,1,989.1,1,"","","","","","",6,1,5,1,5,1,4,1,0,1,"","","","","","","","","","","","","","","","","","","","","","","","",10000,1,"","",2,1,6,1,"","","","","","","","","","","","","","","","","","","","","","","","","","","","","","","","","","","","","","","","","","","","","","","","","","","","","","","","","","","","","","","","","",""
"59343001","LILLE-LESQUIN",50.57,3.0975,47,1959012021,"","","","",15.,1,"","","","","","","","","","","","","","","","","","","","","","","","","","","","","","",7.4,1,2.6,1,"","","","","","","","","","","","","","","","","","","","","","","","","","",71,1,"","","","","","","","","","","","",7.4,1,989.1,1,"","","","","","",2,1,0,1,5,1,0,1,0,1,"","","","","","","","","","","","","","","","","","","","","","","","",30000,1,"","",1,1,1,1,"","","","","","","","","","","","","","","","","","","","","","","","","","","","","","","","","","","","","","","","","","","","","","","","","","","","","","","","","","","","","","","","","",""
"59343001","LILLE-LESQUIN",50.57,3.0975,47,1959012100,"","","","",15.,1,"","","","","","","","","","","","","","","","","","","","","","","","","","","","","","",8.,1,2.8,1,"","","","","","","","","","","","","","","","","","","","","","","","","","",70,1,"","","","","","","","","","","","",7.5,1,990.6,1,"","","","","","",7,1,7,1,5,1,0,1,0,1,"","","","","","","","","","","","","","","","","","","","","","","","",30000,1,"","",2,1,1,1,"","","","","","","","","","","","","","","","","","","","","","","","","","","","","","","","","","","","","","","","","","","","","","","","","","","","","","","","","","","","","","","","","",""
"59343001","LILLE-LESQUIN",50.57,3.0975,47,1959012103,"","","","",13.,1,"","","","","","","","","","","","","","","","","","","","","","","","","","","","","","",7.2,1,2.6,1,"","","","","","","","","","","","","","","","","","","","","","","","","","",73,1,"","","","","","","","","","","","",7.4,1,992.6,1,"","","","","","",7,1,7,1,5,1,0,1,0,1,"","","","","","","","","","","","","","","","","","","","","","","","",20000,1,"","",2,1,2,1,"","","","","","","","","","","","","","","","","","","","","","","","","","","","","","","","","","","","","","","","","","","","","","","","","","","","","","","","","","","","","","","","","",""
"59343001","LILLE-LESQUIN",50.57,3.0975,47,1959012106,"","","","",11.,1,"","","","","","","","","","","","","","","","","","","","","","","","","","","","","","",6.4,1,2.,1,"","","","","","","","","","","","","","","","","","","","","","","","","","",74,1,"","","","","","","","","","","","",7.1,1,994.3,1,"","","","","","",7,1,7,1,5,1,"","","","","","","","","","","","","","","","","","","","","","","","","","","","",20000,1,"","",1,1,2,1,"","",0,1,"","","","","","","","","","","","","","","","","","","","","","","","","","","","","","","","","","","","","","","","","","","","","","","","","","","","","","","","","","","","","",""
"59343001","LILLE-LESQUIN",50.57,3.0975,47,1959012109,"","","","",8.,1,"","","","","","","","","","","","","","","","","","","","","","","","","","","","","","",5.8,1,1.6,1,"","","","","","","","","","","","","","","","","","","","","","","","","","",76,1,"","","","","","","","","","","","",6.9,1,997.5,1,"","","","","","",4,1,0,1,5,1,0,1,2,1,"","","","","","","","","","","","","","","","","","","","","","","","",30000,1,"","",1,1,1,1,"","","","","","","","","","","","","","","","","","","","","","","","","","","","","","","","","","","","","","","","","","","","","","","","","","","","","","","","","","","","","","","","","",""
"59343001","LILLE-LESQUIN",50.57,3.0975,47,1959012112,"","","","",10.,1,"","","","","","","","","","","","","","","","","","","","","","","","","","","","","","",7.8,1,3.5,1,"","","","","","","","","","","","","","","","","","","","","","","","","","",75,1,"","","","","","","","","","","","",7.9,1,998.7,1,"","","","","","",7,1,5,1,2,1,3,1,"","","","","","","","","","","","","","","","","","","","","","","","","","",30000,1,"","",3,1,2,1,"","","","","","","","","","","","","","","","","","","","","","","","","","","","","","","","","","","","","","","","","","","","","","","","","","","","","","","","","","","","","","","","","",""
"59343001","LILLE-LESQUIN",50.57,3.0975,47,1959012115,"","","","",13.,1,"","","","","","","","","","","","","","","","","","","","","","","","","","","","","","",8.8,1,4.7,1,"","","","","","","","","","","","","","","","","","","","","","","","","","",76,1,"","","","","","","","","","","","",8.6,1,998.3,1,"","","","","","",8,1,8,1,7,1,2,1,"","","","","","","","","","","","","","","","","","","","","","","","","","",10000,1,"","",2,1,2,1,"","","","","","","","","","","","","","","","","","","","","","","","","","","","","","","","","","","","","","","","","","","","","","","","","","","","","","","","","","","","","","","","","",""
"59343001","LILLE-LESQUIN",50.57,3.0975,47,1959012118,"","","","",13.,1,"","","","","","","","","","","","","","","","","","","","","","","","","","","","","","",8.3,1,5.3,1,"","","","","","","","","","","","","","","","","","","","","","","","","","",82,1,"","","","","","","","","","","","",9.,1,997.6,1,"","","","","","",8,1,8,1,7,1,2,1,"","","","","","","","","","","","","","","","","","","","","","","","","","",6000,1,"","",61,1,6,1,"","","","","","","","","","","","","","","","","","","","","","","","","","","","","","","","","","","","","","","","","","","","","","","","","","","","","","","","","","","","","","","","","",""
"59343001","LILLE-LESQUIN",50.57,3.0975,47,1959012121,"","","","",11.,1,"","","","","","","","","","","","","","","","","","","","","","","","","","","","","","",7.9,1,4.8,1,"","","","","","","","","","","","","","","","","","","","","","","","","","",82,1,"","","","","","","","","","","","",8.7,1,997.,1,"","","","","","",8,1,8,1,0,1,2,1,"","","","","","","","","","","","","","","","","","","","","","","","","","",8000,1,"","",61,1,6,1,"","","","","","","","","","","","","","","","","","","","","","","","","","","","","","","","","","","","","","","","","","","","","","","","","","","","","","","","","","","","","","","","","",""
"59343001","LILLE-LESQUIN",50.57,3.0975,47,1959012200,"","","","",10.,1,"","","","","","","","","","","","","","","","","","","","","","","","","","","","","","",8.,1,4.,1,"","","","","","","","","","","","","","","","","","","","","","","","","","",76,1,"","","","","","","","","","","","",8.2,1,995.9,1,"","","","","","",8,1,8,1,5,1,7,1,"","","","","","","","","","","","","","","","","","","","","","","","","","",10000,1,"","",60,1,6,1,"","","","","","","","","","","","","","","","","","","","","","","","","","","","","","","","","","","","","","","","","","","","","","","","","","","","","","","","","","","","","","","","","",""
"59343001","LILLE-LESQUIN",50.57,3.0975,47,1959012203,"","","","",10.,1,"","","","","","","","","","","","","","","","","","","","","","","","","","","","","","",8.4,1,3.7,1,"","","","","","","","","","","","","","","","","","","","","","","","","","",72,1,"","","","","","","","","","","","",8.,1,994.3,1,"","","","","","",7,1,5,1,0,1,3,1,2,1,"","","","","","","","","","","","","","","","","","","","","","","","",10000,1,"","",1,1,6,1,"","","","","","","","","","","","","","","","","","","","","","","","","","","","","","","","","","","","","","","","","","","","","","","","","","","","","","","","","","","","","","","","","",""
"59343001","LILLE-LESQUIN",50.57,3.0975,47,1959012206,"","","","",11.,1,"","","","","","","","","","","","","","","","","","","","","","","","","","","","","","",8.7,1,4.3,1,"","","","","","","","","","","","","","","","","","","","","","","","","","",75,1,"","","","","","","","","","","","",8.4,1,993.,1,"","","","","","",8,1,8,1,5,1,7,1,"","","","","","","","","","","","","","","","","","","","","","","","","","",10000,1,"","",3,1,6,1,"","",0,1,"","","","","","","","","","","","","","","","","","","","","","","","","","","","","","","","","","","","","","","","","","","","","","","","","","","","","","","","","","","","","",""
"59343001","LILLE-LESQUIN",50.57,3.0975,47,1959012209,"","","","",15.,1,"","","","","","","","","","","","","","","","","","","","","","","","","","","","","","",9.6,1,4.2,1,"","","","","","","","","","","","","","","","","","","","","","","","","","",69,1,"","","","","","","","","","","","",8.3,1,992.1,1,"","","","","","",7,1,0,1,5,1,4,1,2,1,"","","","","","","","","","","","","","","","","","","","","","","","",15000,1,"","",3,1,2,1,"","","","","","","","","","","","","","","","","","","","","","","","","","","","","","","","","","","","","","","","","","","","","","","","","","","","","","","","","","","","","","","","","",""
"59343001","LILLE-LESQUIN",50.57,3.0975,47,1959012212,"","","","",14.,1,"","","","","","","","","","","","","","","","","","","","","","","","","","","","","","",11.4,1,5.8,1,"","","","","","","","","","","","","","","","","","","","","","","","","","",69,1,"","","","","","","","","","","","",9.3,1,991.3,1,"","","","","","",7,1,5,1,5,1,4,1,3,1,"","","","","","","","","","","","","","","","","","","","","","","","",20000,1,"","",2,1,2,1,"","","","","","","","","","","","","","","","","","","","","","","","","","","","","","","","","","","","","","","","","","","","","","","","","","","","","","","","","","","","","","","","","",""
"59343001","LILLE-LESQUIN",50.57,3.0975,47,1959012215,"","","","",13.,1,"","","","","","","","","","","","","","","","","","","","","","","","","","","","","","",11.3,1,5.1,1,"","","","","","","","","","","","","","","","","","","","","","","","","","",67,1,"","","","","","","","","","","","",8.9,1,991.3,1,"","","","","","",6,1,5,1,8,1,4,1,3,1,"","","","","","","","","","","","","","","","","","","","","","","","",25000,1,"","",1,1,2,1,"","","","","","","","","","","","","","","","","","","","","","","","","","","","","","","","","","","","","","","","","","","","","","","","","","","","","","","","","","","","","","","","","",""
"59343001","LILLE-LESQUIN",50.57,3.0975,47,1959012218,"","","","",13.,1,"","","","","","","","","","","","","","","","","","","","","","","","","","","","","","",10.3,1,4.8,1,"","","","","","","","","","","","","","","","","","","","","","","","","","",74,1,"","","","","","","","","","","","",8.7,1,992.2,1,"","","","","","",7,1,7,1,5,1,"","","","","","","","","","","","","","","","","","","","","","","","","","","","",15000,1,"","",2,1,8,1,"","","","","","","","","","","","","","","","","","","","","","","","","","","","","","","","","","","","","","","","","","","","","","","","","","","","","","","","","","","","","","","","","",""
"59343001","LILLE-LESQUIN",50.57,3.0975,47,1959012221,"","","","",12.,1,"","","","","","","","","","","","","","","","","","","","","","","","","","","","","","",9.2,1,6.1,1,"","","","","","","","","","","","","","","","","","","","","","","","","","",82,1,"","","","","","","","","","","","",9.5,1,994.3,1,"","","","","","",6,1,6,1,2,1,0,1,0,1,"","","","","","","","","","","","","","","","","","","","","","","","",15000,1,"","",25,1,8,1,"","","","","","","","","","","","","","","","","","","","","","","","","","","","","","","","","","","","","","","","","","","","","","","","","","","","","","","","","","","","","","","","","",""
"59343001","LILLE-LESQUIN",50.57,3.0975,47,1959012300,"","","","",13.,1,"","","","","","","","","","","","","","","","","","","","","","","","","","","","","","",9.8,1,4.8,1,"","","","","","","","","","","","","","","","","","","","","","","","","","",72,1,"","","","","","","","","","","","",8.7,1,995.7,1,"","","","","","",8,1,8,1,5,1,0,1,0,1,"","","","","","","","","","","","","","","","","","","","","","","","",15000,1,"","",2,1,8,1,"","","","","","","","","","","","","","","","","","","","","","","","","","","","","","","","","","","","","","","","","","","","","","","","","","","","","","","","","","","","","","","","","",""
"59343001","LILLE-LESQUIN",50.57,3.0975,47,1959012303,"","","","",10.,1,"","","","","","","","","","","","","","","","","","","","","","","","","","","","","","",7.8,1,5.9,1,"","","","","","","","","","","","","","","","","","","","","","","","","","",89,1,"","","","","","","","","","","","",9.4,1,1001.3,1,"","","","","","",8,1,8,1,8,1,0,1,0,1,"","","","","","","","","","","","","","","","","","","","","","","","",15000,1,"","",25,1,8,1,"","","","","","","","","","","","","","","","","","","","","","","","","","","","","","","","","","","","","","","","","","","","","","","","","","","","","","","","","","","","","","","","","",""
"59343001","LILLE-LESQUIN",50.57,3.0975,47,1959012306,"","","","",6.,1,"","","","","","","","","","","","","","","","","","","","","","","","","","","","","","",4.8,1,1.6,1,"","","","","","","","","","","","","","","","","","","","","","","","","","",81,1,"","","","","","","","","","","","",6.9,1,1007.,1,"","","","","","",7,1,7,1,5,1,"","","","","","","","","","","","","","","","","","","","","","","","","","","","",10000,1,"","",2,1,8,1,"","",0,1,"","","","","","","","","","","","","","","","","","","","","","","","","","","","","","","","","","","","","","","","","","","","","","","","","","","","","","","","","","","","","",""
"59343001","LILLE-LESQUIN",50.57,3.0975,47,1959012309,"","","","",3.,1,"","","","","","","","","","","","","","","","","","","","","","","","","","","","","","",1.4,1,0.2,1,"","","","","","","","","","","","","","","","","","","","","","","","","","",92,1,"","","","","","","","","","","","",6.2,1,1011.,1,"","","","","","",7,1,7,1,5,1,0,1,2,1,"","","","","","","","","","","","","","","","","","","","","","","","",1800,1,"","",10,1,2,1,"","","","","","","","","","","","","","","","","","","","","","","","","","","","","","","","","","","","","","","","","","","","","","","","","","","","","","","","","","","","","","","","","",""
"59343001","LILLE-LESQUIN",50.57,3.0975,47,1959012312,"","","","",4.,1,"","","","","","","","","","","","","","","","","","","","","","","","","","","","","","",7.,1,2.6,1,"","","","","","","","","","","","","","","","","","","","","","","","","","",74,1,"","","","","","","","","","","","",7.4,1,1012.1,1,"","","","","","",1,1,0,1,5,1,0,1,0,1,"","","","","","","","","","","","","","","","","","","","","","","","",3000,1,"","",10,1,1,1,"","","","","","","","","","","","","","","","","","","","","","","","","","","","","","","","","","","","","","","","","","","","","","","","","","","","","","","","","","","","","","","","","",""
"59343001","LILLE-LESQUIN",50.57,3.0975,47,1959012315,"","","","",5.,1,"","","","","","","","","","","","","","","","","","","","","","","","","","","","","","",7.4,1,4.2,1,"","","","","","","","","","","","","","","","","","","","","","","","","","",80,1,"","","","","","","","","","","","",8.3,1,1011.2,1,"","","","","","",8,1,8,1,7,1,7,1,"","","","","","","","","","","","","","","","","","","","","","","","","","",6000,1,"","",3,1,2,1,"","","","","","","","","","","","","","","","","","","","","","","","","","","","","","","","","","","","","","","","","","","","","","","","","","","","","","","","","","","","","","","","","",""
"59343001","LILLE-LESQUIN",50.57,3.0975,47,1959012318,"","","","",7.,1,"","","","","","","","","","","","","","","","","","","","","","","","","","","","","","",5.8,1,4.3,1,"","","","","","","","","","","","","","","","","","","","","","","","","","",91,1,"","","","","","","","","","","","",8.4,1,1009.6,1,"","","","","","",8,1,6,1,7,1,2,1,"","","","","","","","","","","","","","","","","","","","","","","","","","",4000,1,"","",61,1,6,1,"","","","","","","","","","","","","","","","","","","","","","","","","","","","","","","","","","","","","","","","","","","","","","","","","","","","","","","","","","","","","","","","","",""
"59343001","LILLE-LESQUIN",50.57,3.0975,47,1959012321,"","","","",6.,1,"","","","","","","","","","","","","","","","","","","","","","","","","","","","","","",3.8,1,2.2,1,"","","","","","","","","","","","","","","","","","","","","","","","","","",90,1,"","","","","","","","","","","","",7.2,1,1012.1,1,"","","","","","",8,1,8,1,5,1,2,1,"","","","","","","","","","","","","","","","","","","","","","","","","","",8000,1,"","",2,1,6,1,"","","","","","","","","","","","","","","","","","","","","","","","","","","","","","","","","","","","","","","","","","","","","","","","","","","","","","","","","","","","","","","","","",""
"59343001","LILLE-LESQUIN",50.57,3.0975,47,1959012400,"","","","",6.,1,"","","","","","","","","","","","","","","","","","","","","","","","","","","","","","",2.8,1,0.6,1,"","","","","","","","","","","","","","","","","","","","","","","","","","",86,1,"","","","","","","","","","","","",6.4,1,1015.6,1,"","","","","","",4,1,0,1,5,1,7,1,0,1,"","","","","","","","","","","","","","","","","","","","","","","","",6000,1,"","",1,1,6,1,"","","","","","","","","","","","","","","","","","","","","","","","","","","","","","","","","","","","","","","","","","","","","","","","","","","","","","","","","","","","","","","","","",""
"59343001","LILLE-LESQUIN",50.57,3.0975,47,1959012403,"","","","",6.,1,"","","","","","","","","","","","","","","","","","","","","","","","","","","","","","",0.8,1,-1.2,1,"","","","","","","","","","","","","","","","","","","","","","","","","","",86,1,"","","","","","","","","","","","",5.6,1,1017.7,1,"","","","","","",0,1,"","",0,1,0,1,0,1,"","","","","","","","","","","","","","","","","","","","","","","","",6000,1,"","",2,1,0,1,"","","","","","","","","","","","","","","","","","","","","","","","","","","","","","","","","","","","","","","","","","","","","","","","","","","","","","","","","","","","","","","","","",""
"59343001","LILLE-LESQUIN",50.57,3.0975,47,1959012406,"","","","",6.,1,"","","","","","","","","","","","","","","","","","","","","","","","","","","","","","",0.8,1,-1.4,1,"","","","","","","","","","","","","","","","","","","","","","","","","","",85,1,"","","","","","","","","","","","",5.5,1,1020.2,1,"","","","","","",3,1,0,1,5,1,0,1,0,1,"","","","","","","","","","","","","","","","","","","","","","","","",6000,1,"","",3,1,0,1,"","",0,1,"","","","","","","","","","","","","","","","","","","","","","","","","","","","","","","","","","","","","","","","","","","","","","","","","","","","","","","","","","","","","",""
"59343001","LILLE-LESQUIN",50.57,3.0975,47,1959012409,"","","","",6.,1,"","","","","","","","","","","","","","","","","","","","","","","","","","","","","","",1.,1,-0.9,1,"","","","","","","","","","","","","","","","","","","","","","","","","","",86,1,"","","","","","","","","","","","",5.7,1,1024.2,1,"","","","","","",5,1,0,1,5,1,0,1,4,1,"","","","","","","","","","","","","","","","","","","","","","","","",4000,1,"","",10,1,1,1,"","","","","","","","","","","","","","","","","","","","","","","","","","","","","","","","","","","","","","","","","","","","","","","","","","","","","","","","","","","","","","","","","",""
"59343001","LILLE-LESQUIN",50.57,3.0975,47,1959012412,"","","","",5.,1,"","","","","","","","","","","","","","","","","","","","","","","","","","","","","","",4.,1,0.8,1,"","","","","","","","","","","","","","","","","","","","","","","","","","",80,1,"","","","","","","","","","","","",6.5,1,1026.6,1,"","","","","","",7,1,7,1,1,1,0,1,6,1,"","","","","","","","","","","","","","","","","","","","","","","","",6000,1,"","",3,1,1,1,"","","","","","","","","","","","","","","","","","","","","","","","","","","","","","","","","","","","","","","","","","","","","","","","","","","","","","","","","","","","","","","","","",""
"59343001","LILLE-LESQUIN",50.57,3.0975,47,1959012415,"","","","",5.,1,"","","","","","","","","","","","","","","","","","","","","","","","","","","","","","",4.,1,0.,1,"","","","","","","","","","","","","","","","","","","","","","","","","","",76,1,"","","","","","","","","","","","",6.1,1,1027.8,1,"","","","","","",7,1,6,1,2,1,0,1,6,1,"","","","","","","","","","","","","","","","","","","","","","","","",8000,1,"","",2,1,2,1,"","","","","","","","","","","","","","","","","","","","","","","","","","","","","","","","","","","","","","","","","","","","","","","","","","","","","","","","","","","","","","","","","",""
"59343001","LILLE-LESQUIN",50.57,3.0975,47,1959012418,"","","","",4.,1,"","","","","","","","","","","","","","","","","","","","","","","","","","","","","","",1.,1,-0.7,1,"","","","","","","","","","","","","","","","","","","","","","","","","","",88,1,"","","","","","","","","","","","",5.8,1,1028.6,1,"","","","","","",2,1,0,1,2,1,0,1,1,1,"","","","","","","","","","","","","","","","","","","","","","","","",6000,1,"","",1,1,2,1,"","","","","","","","","","","","","","","","","","","","","","","","","","","","","","","","","","","","","","","","","","","","","","","","","","","","","","","","","","","","","","","","","",""
"59343001","LILLE-LESQUIN",50.57,3.0975,47,1959012421,"","","","",3.,1,"","","","","","","","","","","","","","","","","","","","","","","","","","","","","","",-1.2,1,-2.4,1,"","","","","","","","","","","","","","","","","","","","","","","","","","",91,1,"","","","","","","","","","","","",5.1,1,1030.3,1,"","","","","","",4,1,0,1,4,1,0,1,0,1,"","","","","","","","","","","","","","","","","","","","","","","","",3000,1,"","",10,1,0,1,"","","","","","","","","","","","","","","","","","","","","","","","","","","","","","","","","","","","","","","","","","","","","","","","","","","","","","","","","","","","","","","","","",""
"59343001","LILLE-LESQUIN",50.57,3.0975,47,1959012500,"","","","",3.,1,"","","","","","","","","","","","","","","","","","","","","","","","","","","","","","",-0.7,1,-2.1,1,"","","","","","","","","","","","","","","","","","","","","","","","","","",90,1,"","","","","","","","","","","","",5.2,1,1031.2,1,"","","","","","",0,1,"","",0,1,0,1,0,1,"","","","","","","","","","","","","","","","","","","","","","","","",3000,1,"","",10,1,0,1,"","","","","","","","","","","","","","","","","","","","","","","","","","","","","","","","","","","","","","","","","","","","","","","","","","","","","","","","","","","","","","","","","",""
"59343001","LILLE-LESQUIN",50.57,3.0975,47,1959012503,"","","","",3.,1,"","","","","","","","","","","","","","","","","","","","","","","","","","","","","","",-2.1,1,-3.7,1,"","","","","","","","","","","","","","","","","","","","","","","","","","",87,1,"","","","","","","","","","","","",4.6,1,1031.5,1,"","","","","","",0,1,"","",0,1,0,1,0,1,"","","","","","","","","","","","","","","","","","","","","","","","",3000,1,"","",10,1,0,1,"","","","","","","","","","","","","","","","","","","","","","","","","","","","","","","","","","","","","","","","","","","","","","","","","","","","","","","","","","","","","","","","","",""
"59343001","LILLE-LESQUIN",50.57,3.0975,47,1959012506,"","","","",4.,1,"","","","","","","","","","","","","","","","","","","","","","","","","","","","","","",-2.,1,-3.5,1,"","","","","","","","","","","","","","","","","","","","","","","","","","",90,1,"","","","","","","","","","","","",4.7,1,1032.1,1,"","","","","","",0,1,"","",0,1,0,1,0,1,"","","","","","","","","","","","","","","","","","","","","","","","",3000,1,"","",10,1,0,1,"","",0,1,"","","","","","","","","","","","","","","","","","","","","","","","","","","","","","","","","","","","","","","","","","","","","","","","","","","","","","","","","","","","","",""
"59343001","LILLE-LESQUIN",50.57,3.0975,47,1959012509,"","","","",3.,1,"","","","","","","","","","","","","","","","","","","","","","","","","","","","","","",-1.,1,-2.7,1,"","","","","","","","","","","","","","","","","","","","","","","","","","",89,1,"","","","","","","","","","","","",5.,1,1033.3,1,"","","","","","",3,1,0,1,5,1,0,1,2,1,"","","","","","","","","","","","","","","","","","","","","","","","",2000,1,"","",10,1,0,1,"","","","","","","","","","","","","","","","","","","","","","","","","","","","","","","","","","","","","","","","","","","","","","","","","","","","","","","","","","","","","","","","","",""
"59343001","LILLE-LESQUIN",50.57,3.0975,47,1959012512,"","","","",3.,1,"","","","","","","","","","","","","","","","","","","","","","","","","","","","","","",3.,1,0.2,1,"","","","","","","","","","","","","","","","","","","","","","","","","","",83,1,"","","","","","","","","","","","",6.2,1,1034.6,1,"","","","","","",4,1,0,1,5,1,0,1,2,1,"","","","","","","","","","","","","","","","","","","","","","","","",2000,1,"","",10,1,0,1,"","","","","","","","","","","","","","","","","","","","","","","","","","","","","","","","","","","","","","","","","","","","","","","","","","","","","","","","","","","","","","","","","",""
"59343001","LILLE-LESQUIN",50.57,3.0975,47,1959012515,"","","","",4.,1,"","","","","","","","","","","","","","","","","","","","","","","","","","","","","","",5.,1,1.6,1,"","","","","","","","","","","","","","","","","","","","","","","","","","",80,1,"","","","","","","","","","","","",6.9,1,1034.7,1,"","","","","","",6,1,6,1,5,1,0,1,0,1,"","","","","","","","","","","","","","","","","","","","","","","","",4000,1,"","",10,1,1,1,"","","","","","","","","","","","","","","","","","","","","","","","","","","","","","","","","","","","","","","","","","","","","","","","","","","","","","","","","","","","","","","","","",""
"59343001","LILLE-LESQUIN",50.57,3.0975,47,1959012518,"","","","",3.,1,"","","","","","","","","","","","","","","","","","","","","","","","","","","","","","",0.3,1,-1.4,1,"","","","","","","","","","","","","","","","","","","","","","","","","","",88,1,"","","","","","","","","","","","",5.5,1,1035.8,1,"","","","","","",4,1,0,1,0,1,0,1,2,1,"","","","","","","","","","","","","","","","","","","","","","","","",3000,1,"","",10,1,1,1,"","","","","","","","","","","","","","","","","","","","","","","","","","","","","","","","","","","","","","","","","","","","","","","","","","","","","","","","","","","","","","","","","",""
"59343001","LILLE-LESQUIN",50.57,3.0975,47,1959012521,"","","","",2.,1,"","","","","","","","","","","","","","","","","","","","","","","","","","","","","","",0.,1,-0.7,1,"","","","","","","","","","","","","","","","","","","","","","","","","","",96,1,"","","","","","","","","","","","",5.8,1,1036.4,1,"","","","","","",2,1,0,1,0,1,0,1,2,1,"","","","","","","","","","","","","","","","","","","","","","","","",800,1,"","",46,1,0,1,"","","","","","","","","","","","","","","","","","","","","","","","","","","","","","","","","","","","","","","","","","","","","","","","","","","","","","","","","","","","","","","","","",""
"59343001","LILLE-LESQUIN",50.57,3.0975,47,1959012600,"","","","",2.,1,"","","","","","","","","","","","","","","","","","","","","","","","","","","","","","",-1.6,1,-2.7,1,"","","","","","","","","","","","","","","","","","","","","","","","","","",92,1,"","","","","","","","","","","","",5.,1,1036.9,1,"","","","","","",0,1,"","",0,1,0,1,0,1,"","","","","","","","","","","","","","","","","","","","","","","","",400,1,"","",44,1,4,1,"","","","","","","","","","","","","","","","","","","","","","","","","","","","","","","","","","","","","","","","","","","","","","","","","","","","","","","","","","","","","","","","","",""
"59343001","LILLE-LESQUIN",50.57,3.0975,47,1959012603,"","","","",0.,1,"","","","","","","","","","","","","","","","","","","","","","","","","","","","","","",-1.,1,-1.6,1,"","","","","","","","","","","","","","","","","","","","","","","","","","",95,1,"","","","","","","","","","","","",5.4,1,1037.5,1,"","","","","","",9,1,"","","","","","","","","","","","","","","","","","","","","","","","","","","","","","","","",300,1,"","",49,1,4,1,"","","","","","","","","","","","","","","","","","","","","","","","","","","","","","","","","","","","","","","","","","","","","","","","","","","","","","","","","","","","","","","","","",""
"59343001","LILLE-LESQUIN",50.57,3.0975,47,1959012606,"","","","",2.,1,"","","","","","","","","","","","","","","","","","","","","","","","","","","","","","",-1.8,1,-2.4,1,"","","","","","","","","","","","","","","","","","","","","","","","","","",96,1,"","","","","","","","","","","","",5.1,1,1037.6,1,"","","","","","",0,1,"","",0,1,0,1,0,1,"","","","","","","","","","","","","","","","","","","","","","","","",600,1,"","",48,1,4,1,"","",0,1,"","","","","","","","","","","","","","","","","","","","","","","","","","","","","","","","","","","","","","","","","","","","","","","","","","","","","","","","","","","","","",""
"59343001","LILLE-LESQUIN",50.57,3.0975,47,1959012609,"","","","",3.,1,"","","","","","","","","","","","","","","","","","","","","","","","","","","","","","",-1.2,1,-1.9,1,"","","","","","","","","","","","","","","","","","","","","","","","","","",96,1,"","","","","","","","","","","","",5.3,1,1038.7,1,"","","","","","",9,1,"","","","","","","","","","","","","","","","","","","","","","","","","","","","","","","","",200,1,"","",49,1,4,1,"","","","","","","","","","","","","","","","","","","","","","","","","","","","","","","","","","","","","","","","","","","","","","","","","","","","","","","","","","","","","","","","","",""
"59343001","LILLE-LESQUIN",50.57,3.0975,47,1959012612,"","","","",3.,1,"","","","","","","","","","","","","","","","","","","","","","","","","","","","","","",2.2,1,0.8,1,"","","","","","","","","","","","","","","","","","","","","","","","","","",91,1,"","","","","","","","","","","","",6.5,1,1038.2,1,"","","","","","",2,1,0,1,0,1,0,1,1,1,"","","","","","","","","","","","","","","","","","","","","","","","",2000,1,"","",10,1,4,1,"","","","","","","","","","","","","","","","","","","","","","","","","","","","","","","","","","","","","","","","","","","","","","","","","","","","","","","","","","","","","","","","","",""
"59343001","LILLE-LESQUIN",50.57,3.0975,47,1959012615,"","","","",3.,1,"","","","","","","","","","","","","","","","","","","","","","","","","","","","","","",3.7,1,-0.9,1,"","","","","","","","","","","","","","","","","","","","","","","","","","",72,1,"","","","","","","","","","","","",5.7,1,1036.7,1,"","","","","","",1,1,0,1,0,1,0,1,1,1,"","","","","","","","","","","","","","","","","","","","","","","","",4000,1,"","",10,1,0,1,"","","","","","","","","","","","","","","","","","","","","","","","","","","","","","","","","","","","","","","","","","","","","","","","","","","","","","","","","","","","","","","","","",""
"59343001","LILLE-LESQUIN",50.57,3.0975,47,1959012618,"","","","",3.,1,"","","","","","","","","","","","","","","","","","","","","","","","","","","","","","",-0.4,1,-1.6,1,"","","","","","","","","","","","","","","","","","","","","","","","","","",92,1,"","","","","","","","","","","","",5.4,1,1036.8,1,"","","","","","",0,1,"","",0,1,0,1,0,1,"","","","","","","","","","","","","","","","","","","","","","","","",2000,1,"","",10,1,0,1,"","","","","","","","","","","","","","","","","","","","","","","","","","","","","","","","","","","","","","","","","","","","","","","","","","","","","","","","","","","","","","","","","",""
"59343001","LILLE-LESQUIN",50.57,3.0975,47,1959012621,"","","","",3.,1,"","","","","","","","","","","","","","","","","","","","","","","","","","","","","","",0.,1,-1.9,1,"","","","","","","","","","","","","","","","","","","","","","","","","","",88,1,"","","","","","","","","","","","",5.3,1,1036.7,1,"","","","","","",0,1,"","",0,1,0,1,0,1,"","","","","","","","","","","","","","","","","","","","","","","","",4000,1,"","",10,1,0,1,"","","","","","","","","","","","","","","","","","","","","","","","","","","","","","","","","","","","","","","","","","","","","","","","","","","","","","","","","","","","","","","","","",""
"59343001","LILLE-LESQUIN",50.57,3.0975,47,1959012700,"","","","",3.,1,"","","","","","","","","","","","","","","","","","","","","","","","","","","","","","",0.,1,-1.9,1,"","","","","","","","","","","","","","","","","","","","","","","","","","",88,1,"","","","","","","","","","","","",5.3,1,1036.,1,"","","","","","",0,1,"","",0,1,0,1,0,1,"","","","","","","","","","","","","","","","","","","","","","","","",4500,1,"","",10,1,0,1,"","","","","","","","","","","","","","","","","","","","","","","","","","","","","","","","","","","","","","","","","","","","","","","","","","","","","","","","","","","","","","","","","",""
"59343001","LILLE-LESQUIN",50.57,3.0975,47,1959012703,"","","","",2.,1,"","","","","","","","","","","","","","","","","","","","","","","","","","","","","","",-2.,1,-3.2,1,"","","","","","","","","","","","","","","","","","","","","","","","","","",91,1,"","","","","","","","","","","","",4.8,1,1035.5,1,"","","","","","",0,1,"","",0,1,0,1,0,1,"","","","","","","","","","","","","","","","","","","","","","","","",4500,1,"","",10,1,0,1,"","","","","","","","","","","","","","","","","","","","","","","","","","","","","","","","","","","","","","","","","","","","","","","","","","","","","","","","","","","","","","","","","",""
"59343001","LILLE-LESQUIN",50.57,3.0975,47,1959012706,"","","","",4.,1,"","","","","","","","","","","","","","","","","","","","","","","","","","","","","","",-1.6,1,-3.5,1,"","","","","","","","","","","","","","","","","","","","","","","","","","",87,1,"","","","","","","","","","","","",4.7,1,1035.2,1,"","","","","","",0,1,"","",0,1,0,1,0,1,"","","","","","","","","","","","","","","","","","","","","","","","",4500,1,"","",10,1,0,1,"","",0,1,"","","","","","","","","","","","","","","","","","","","","","","","","","","","","","","","","","","","","","","","","","","","","","","","","","","","","","","","","","","","","",""
"59343001","LILLE-LESQUIN",50.57,3.0975,47,1959012709,"","","","",4.,1,"","","","","","","","","","","","","","","","","","","","","","","","","","","","","","",0.4,1,-3.7,1,"","","","","","","","","","","","","","","","","","","","","","","","","","",74,1,"","","","","","","","","","","","",4.6,1,1035.4,1,"","","","","","",4,1,0,1,0,1,0,1,1,1,"","","","","","","","","","","","","","","","","","","","","","","","",3000,1,"","",10,1,0,1,"","","","","","","","","","","","","","","","","","","","","","","","","","","","","","","","","","","","","","","","","","","","","","","","","","","","","","","","","","","","","","","","","",""
"59343001","LILLE-LESQUIN",50.57,3.0975,47,1959012712,"","","","",3.,1,"","","","","","","","","","","","","","","","","","","","","","","","","","","","","","",4.4,1,-2.9,1,"","","","","","","","","","","","","","","","","","","","","","","","","","",59,1,"","","","","","","","","","","","",4.9,1,1034.7,1,"","","","","","",2,1,0,1,0,1,0,1,1,1,"","","","","","","","","","","","","","","","","","","","","","","","",4000,1,"","",10,1,0,1,"","","","","","","","","","","","","","","","","","","","","","","","","","","","","","","","","","","","","","","","","","","","","","","","","","","","","","","","","","","","","","","","","",""
"59343001","LILLE-LESQUIN",50.57,3.0975,47,1959012715,"","","","",4.,1,"","","","","","","","","","","","","","","","","","","","","","","","","","","","","","",5.2,1,-0.2,1,"","","","","","","","","","","","","","","","","","","","","","","","","","",67,1,"","","","","","","","","","","","",6.,1,1033.3,1,"","","","","","",1,1,0,1,0,1,0,1,1,1,"","","","","","","","","","","","","","","","","","","","","","","","",4000,1,"","",10,1,0,1,"","","","","","","","","","","","","","","","","","","","","","","","","","","","","","","","","","","","","","","","","","","","","","","","","","","","","","","","","","","","","","","","","",""
"59343001","LILLE-LESQUIN",50.57,3.0975,47,1959012718,"","","","",4.,1,"","","","","","","","","","","","","","","","","","","","","","","","","","","","","","",1.1,1,-0.2,1,"","","","","","","","","","","","","","","","","","","","","","","","","","",91,1,"","","","","","","","","","","","",6.,1,1033.5,1,"","","","","","",2,1,0,1,0,1,0,1,1,1,"","","","","","","","","","","","","","","","","","","","","","","","",4000,1,"","",10,1,0,1,"","","","","","","","","","","","","","","","","","","","","","","","","","","","","","","","","","","","","","","","","","","","","","","","","","","","","","","","","","","","","","","","","",""
"59343001","LILLE-LESQUIN",50.57,3.0975,47,1959012721,"","","","",1.,1,"","","","","","","","","","","","","","","","","","","","","","","","","","","","","","",-0.4,1,-2.1,1,"","","","","","","","","","","","","","","","","","","","","","","","","","",88,1,"","","","","","","","","","","","",5.2,1,1032.8,1,"","","","","","",0,1,"","",0,1,0,1,0,1,"","","","","","","","","","","","","","","","","","","","","","","","",3000,1,"","",10,1,0,1,"","","","","","","","","","","","","","","","","","","","","","","","","","","","","","","","","","","","","","","","","","","","","","","","","","","","","","","","","","","","","","","","","",""
"59343001","LILLE-LESQUIN",50.57,3.0975,47,1959012800,"","","","",2.,1,"","","","","","","","","","","","","","","","","","","","","","","","","","","","","","",-1.,1,-2.9,1,"","","","","","","","","","","","","","","","","","","","","","","","","","",87,1,"","","","","","","","","","","","",4.9,1,1032.8,1,"","","","","","",0,1,"","",0,1,0,1,0,1,"","","","","","","","","","","","","","","","","","","","","","","","",2500,1,"","",10,1,0,1,"","","","","","","","","","","","","","","","","","","","","","","","","","","","","","","","","","","","","","","","","","","","","","","","","","","","","","","","","","","","","","","","","",""
"59343001","LILLE-LESQUIN",50.57,3.0975,47,1959012803,"","","","",1.,1,"","","","","","","","","","","","","","","","","","","","","","","","","","","","","","",-0.8,1,-2.4,1,"","","","","","","","","","","","","","","","","","","","","","","","","","",90,1,"","","","","","","","","","","","",5.1,1,1032.6,1,"","","","","","",0,1,"","",0,1,0,1,0,1,"","","","","","","","","","","","","","","","","","","","","","","","",2500,1,"","",10,1,0,1,"","","","","","","","","","","","","","","","","","","","","","","","","","","","","","","","","","","","","","","","","","","","","","","","","","","","","","","","","","","","","","","","","",""
"59343001","LILLE-LESQUIN",50.57,3.0975,47,1959012806,"","","","",2.,1,"","","","","","","","","","","","","","","","","","","","","","","","","","","","","","",-2.4,1,-4.,1,"","","","","","","","","","","","","","","","","","","","","","","","","","",89,1,"","","","","","","","","","","","",4.5,1,1032.4,1,"","","","","","",0,1,"","",0,1,0,1,0,1,"","","","","","","","","","","","","","","","","","","","","","","","",2000,1,"","",10,1,0,1,"","",0,1,"","","","","","","","","","","","","","","","","","","","","","","","","","","","","","","","","","","","","","","","","","","","","","","","","","","","","","","","","","","","","",""
"59343001","LILLE-LESQUIN",50.57,3.0975,47,1959012809,"","","","",2.,1,"","","","","","","","","","","","","","","","","","","","","","","","","","","","","","",-0.4,1,-3.5,1,"","","","","","","","","","","","","","","","","","","","","","","","","","",81,1,"","","","","","","","","","","","",4.7,1,1032.6,1,"","","","","","",0,1,"","",0,1,0,1,0,1,"","","","","","","","","","","","","","","","","","","","","","","","",1200,1,"","",10,1,0,1,"","","","","","","","","","","","","","","","","","","","","","","","","","","","","","","","","","","","","","","","","","","","","","","","","","","","","","","","","","","","","","","","","",""
"59343001","LILLE-LESQUIN",50.57,3.0975,47,1959012812,"","","","",6.,1,"","","","","","","","","","","","","","","","","","","","","","","","","","","","","","",5.4,1,-1.9,1,"","","","","","","","","","","","","","","","","","","","","","","","","","",59,1,"","","","","","","","","","","","",5.3,1,1031.4,1,"","","","","","",0,1,"","",0,1,0,1,0,1,"","","","","","","","","","","","","","","","","","","","","","","","",3000,1,"","",10,1,0,1,"","","","","","","","","","","","","","","","","","","","","","","","","","","","","","","","","","","","","","","","","","","","","","","","","","","","","","","","","","","","","","","","","",""
"59343001","LILLE-LESQUIN",50.57,3.0975,47,1959012815,"","","","",3.,1,"","","","","","","","","","","","","","","","","","","","","","","","","","","","","","",7.8,1,0.6,1,"","","","","","","","","","","","","","","","","","","","","","","","","","",60,1,"","","","","","","","","","","","",6.4,1,1030.2,1,"","","","","","",0,1,"","",0,1,0,1,0,1,"","","","","","","","","","","","","","","","","","","","","","","","",3500,1,"","",10,1,0,1,"","","","","","","","","","","","","","","","","","","","","","","","","","","","","","","","","","","","","","","","","","","","","","","","","","","","","","","","","","","","","","","","","",""
"59343001","LILLE-LESQUIN",50.57,3.0975,47,1959012818,"","","","",3.,1,"","","","","","","","","","","","","","","","","","","","","","","","","","","","","","",1.6,1,-1.2,1,"","","","","","","","","","","","","","","","","","","","","","","","","","",82,1,"","","","","","","","","","","","",5.6,1,1030.3,1,"","","","","","",0,1,"","",0,1,0,1,0,1,"","","","","","","","","","","","","","","","","","","","","","","","",2000,1,"","",10,1,0,1,"","","","","","","","","","","","","","","","","","","","","","","","","","","","","","","","","","","","","","","","","","","","","","","","","","","","","","","","","","","","","","","","","",""
"59343001","LILLE-LESQUIN",50.57,3.0975,47,1959012821,"","","","",2.,1,"","","","","","","","","","","","","","","","","","","","","","","","","","","","","","",-0.8,1,-2.7,1,"","","","","","","","","","","","","","","","","","","","","","","","","","",88,1,"","","","","","","","","","","","",5.,1,1030.4,1,"","","","","","",0,1,"","",0,1,0,1,0,1,"","","","","","","","","","","","","","","","","","","","","","","","",2000,1,"","",10,1,0,1,"","","","","","","","","","","","","","","","","","","","","","","","","","","","","","","","","","","","","","","","","","","","","","","","","","","","","","","","","","","","","","","","","",""
"59343001","LILLE-LESQUIN",50.57,3.0975,47,1959012900,"","","","",1.,1,"","","","","","","","","","","","","","","","","","","","","","","","","","","","","","",-0.4,1,-1.9,1,"","","","","","","","","","","","","","","","","","","","","","","","","","",90,1,"","","","","","","","","","","","",5.3,1,1030.,1,"","","","","","",0,1,"","",0,1,0,1,0,1,"","","","","","","","","","","","","","","","","","","","","","","","",1800,1,"","",10,1,0,1,"","","","","","","","","","","","","","","","","","","","","","","","","","","","","","","","","","","","","","","","","","","","","","","","","","","","","","","","","","","","","","","","","",""
"59343001","LILLE-LESQUIN",50.57,3.0975,47,1959012903,"","","","",2.,1,"","","","","","","","","","","","","","","","","","","","","","","","","","","","","","",-1.1,1,-2.4,1,"","","","","","","","","","","","","","","","","","","","","","","","","","",91,1,"","","","","","","","","","","","",5.1,1,1029.6,1,"","","","","","",0,1,"","",0,1,0,1,0,1,"","","","","","","","","","","","","","","","","","","","","","","","",1800,1,"","",10,1,0,1,"","","","","","","","","","","","","","","","","","","","","","","","","","","","","","","","","","","","","","","","","","","","","","","","","","","","","","","","","","","","","","","","","",""
"59343001","LILLE-LESQUIN",50.57,3.0975,47,1959012906,"","","","",1.,1,"","","","","","","","","","","","","","","","","","","","","","","","","","","","","","",-1.7,1,-3.5,1,"","","","","","","","","","","","","","","","","","","","","","","","","","",88,1,"","","","","","","","","","","","",4.7,1,1028.9,1,"","","","","","",0,1,"","",0,1,0,1,0,1,"","","","","","","","","","","","","","","","","","","","","","","","",2000,1,"","",10,1,0,1,"","",0,1,"","","","","","","","","","","","","","","","","","","","","","","","","","","","","","","","","","","","","","","","","","","","","","","","","","","","","","","","","","","","","",""
"59343001","LILLE-LESQUIN",50.57,3.0975,47,1959012909,"","","","",0.,1,"","","","","","","","","","","","","","","","","","","","","","","","","","","","","","",-1.8,1,-3.5,1,"","","","","","","","","","","","","","","","","","","","","","","","","","",88,1,"","","","","","","","","","","","",4.7,1,1029.1,1,"","","","","","",0,1,"","",0,1,0,1,0,1,"","","","","","","","","","","","","","","","","","","","","","","","",1300,1,"","",10,1,0,1,"","","","","","","","","","","","","","","","","","","","","","","","","","","","","","","","","","","","","","","","","","","","","","","","","","","","","","","","","","","","","","","","","",""
"59343001","LILLE-LESQUIN",50.57,3.0975,47,1959012912,"","","","",0.,1,"","","","","","","","","","","","","","","","","","","","","","","","","","","","","","",4.2,1,0.6,1,"","","","","","","","","","","","","","","","","","","","","","","","","","",77,1,"","","","","","","","","","","","",6.4,1,1028.6,1,"","","","","","",0,1,"","",0,1,0,1,0,1,"","","","","","","","","","","","","","","","","","","","","","","","",1400,1,"","",10,1,0,1,"","","","","","","","","","","","","","","","","","","","","","","","","","","","","","","","","","","","","","","","","","","","","","","","","","","","","","","","","","","","","","","","","",""
"59343001","LILLE-LESQUIN",50.57,3.0975,47,1959012915,"","","","",1.,1,"","","","","","","","","","","","","","","","","","","","","","","","","","","","","","",5.4,1,1.2,1,"","","","","","","","","","","","","","","","","","","","","","","","","","",76,1,"","","","","","","","","","","","",6.7,1,1027.3,1,"","","","","","",0,1,"","",0,1,0,1,0,1,"","","","","","","","","","","","","","","","","","","","","","","","",1400,1,"","",10,1,0,1,"","","","","","","","","","","","","","","","","","","","","","","","","","","","","","","","","","","","","","","","","","","","","","","","","","","","","","","","","","","","","","","","","",""
"59343001","LILLE-LESQUIN",50.57,3.0975,47,1959012918,"","","","",2.,1,"","","","","","","","","","","","","","","","","","","","","","","","","","","","","","",1.2,1,-1.6,1,"","","","","","","","","","","","","","","","","","","","","","","","","","",81,1,"","","","","","","","","","","","",5.4,1,1027.1,1,"","","","","","",0,1,"","",0,1,0,1,0,1,"","","","","","","","","","","","","","","","","","","","","","","","",1400,1,"","",10,1,0,1,"","","","","","","","","","","","","","","","","","","","","","","","","","","","","","","","","","","","","","","","","","","","","","","","","","","","","","","","","","","","","","","","","",""
"59343001","LILLE-LESQUIN",50.57,3.0975,47,1959012921,"","","","",2.,1,"","","","","","","","","","","","","","","","","","","","","","","","","","","","","","",-1.,1,-1.9,1,"","","","","","","","","","","","","","","","","","","","","","","","","","",93,1,"","","","","","","","","","","","",5.3,1,1026.7,1,"","","","","","",0,1,"","",0,1,0,1,0,1,"","","","","","","","","","","","","","","","","","","","","","","","",1400,1,"","",10,1,0,1,"","","","","","","","","","","","","","","","","","","","","","","","","","","","","","","","","","","","","","","","","","","","","","","","","","","","","","","","","","","","","","","","","",""
"59343001","LILLE-LESQUIN",50.57,3.0975,47,1959013000,"","","","",0.,1,"","","","","","","","","","","","","","","","","","","","","","","","","","","","","","",-2.,1,-3.2,1,"","","","","","","","","","","","","","","","","","","","","","","","","","",92,1,"","","","","","","","","","","","",4.8,1,1026.7,1,"","","","","","",0,1,"","",0,1,0,1,0,1,"","","","","","","","","","","","","","","","","","","","","","","","",1300,1,"","",28,1,4,1,"","","","","","","","","","","","","","","","","","","","","","","","","","","","","","","","","","","","","","","","","","","","","","","","","","","","","","","","","","","","","","","","","",""
"59343001","LILLE-LESQUIN",50.57,3.0975,47,1959013003,"","","","",0.,1,"","","","","","","","","","","","","","","","","","","","","","","","","","","","","","",-2.8,1,-4.,1,"","","","","","","","","","","","","","","","","","","","","","","","","","",91,1,"","","","","","","","","","","","",4.5,1,1026.7,1,"","","","","","",0,1,"","",0,1,0,1,0,1,"","","","","","","","","","","","","","","","","","","","","","","","",300,1,"","",48,1,4,1,"","","","","","","","","","","","","","","","","","","","","","","","","","","","","","","","","","","","","","","","","","","","","","","","","","","","","","","","","","","","","","","","","",""
"59343001","LILLE-LESQUIN",50.57,3.0975,47,1959013006,"","","","",1.,1,"","","","","","","","","","","","","","","","","","","","","","","","","","","","","","",-4.4,1,-5.2,1,"","","","","","","","","","","","","","","","","","","","","","","","","","",94,1,"","","","","","","","","","","","",4.1,1,1026.,1,"","","","","","",9,1,"","","","","","","","","","","","","","","","","","","","","","","","","","","","","","","","",100,1,"","",49,1,4,1,"","",0,1,"","","","","","","","","","","","","","","","","","","","","","","","","","","","","","","","","","","","","","","","","","","","","","","","","","","","","","","","","","","","","",""
"59343001","LILLE-LESQUIN",50.57,3.0975,47,1959013009,"","","","",2.,1,"","","","","","","","","","","","","","","","","","","","","","","","","","","","","","",-2.7,1,-3.7,1,"","","","","","","","","","","","","","","","","","","","","","","","","","",93,1,"","","","","","","","","","","","",4.6,1,1026.6,1,"","","","","","",9,1,"","","","","","","","","","","","","","","","","","","","","","","","","","","","","","","","",20,1,"","",49,1,4,1,"","","","","","","","","","","","","","","","","","","","","","","","","","","","","","","","","","","","","","","","","","","","","","","","","","","","","","","","","","","","","","","","","",""
"59343001","LILLE-LESQUIN",50.57,3.0975,47,1959013012,"","","","",2.,1,"","","","","","","","","","","","","","","","","","","","","","","","","","","","","","",-0.9,1,-2.1,1,"","","","","","","","","","","","","","","","","","","","","","","","","","",91,1,"","","","","","","","","","","","",5.2,1,1025.9,1,"","","","","","",9,1,"","","","","","","","","","","","","","","","","","","","","","","","","","","","","","","","",60,1,"","",49,1,4,1,"","","","","","","","","","","","","","","","","","","","","","","","","","","","","","","","","","","","","","","","","","","","","","","","","","","","","","","","","","","","","","","","","",""
"59343001","LILLE-LESQUIN",50.57,3.0975,47,1959013015,"","","","",3.,1,"","","","","","","","","","","","","","","","","","","","","","","","","","","","","","",0.6,1,-0.2,1,"","","","","","","","","","","","","","","","","","","","","","","","","","",94,1,"","","","","","","","","","","","",6.,1,1025.,1,"","","","","","",9,1,"","","","","","","","","","","","","","","","","","","","","","","","","","","","","","","","",80,1,"","",47,1,4,1,"","","","","","","","","","","","","","","","","","","","","","","","","","","","","","","","","","","","","","","","","","","","","","","","","","","","","","","","","","","","","","","","","",""
"59343001","LILLE-LESQUIN",50.57,3.0975,47,1959013018,"","","","",4.,1,"","","","","","","","","","","","","","","","","","","","","","","","","","","","","","",-0.2,1,-0.7,1,"","","","","","","","","","","","","","","","","","","","","","","","","","",96,1,"","","","","","","","","","","","",5.8,1,1025.5,1,"","","","","","",9,1,"","","","","","","","","","","","","","","","","","","","","","","","","","","","","","","","",60,1,"","",45,1,4,1,"","","","","","","","","","","","","","","","","","","","","","","","","","","","","","","","","","","","","","","","","","","","","","","","","","","","","","","","","","","","","","","","","",""
"59343001","LILLE-LESQUIN",50.57,3.0975,47,1959013021,"","","","",4.,1,"","","","","","","","","","","","","","","","","","","","","","","","","","","","","","",0.1,1,-0.5,1,"","","","","","","","","","","","","","","","","","","","","","","","","","",96,1,"","","","","","","","","","","","",5.9,1,1025.9,1,"","","","","","",8,1,8,1,6,1,"","","","","","","","","","","","","","","","","","","","","","","","","","","","",1800,1,"","",10,1,4,1,"","","","","","","","","","","","","","","","","","","","","","","","","","","","","","","","","","","","","","","","","","","","","","","","","","","","","","","","","","","","","","","","","",""
"59343001","LILLE-LESQUIN",50.57,3.0975,47,1959013100,"","","","",4.,1,"","","","","","","","","","","","","","","","","","","","","","","","","","","","","","",0.,1,-0.7,1,"","","","","","","","","","","","","","","","","","","","","","","","","","",94,1,"","","","","","","","","","","","",5.8,1,1026.3,1,"","","","","","",8,1,8,1,6,1,"","","","","","","","","","","","","","","","","","","","","","","","","","","","",2000,1,"","",10,1,4,1,"","","","","","","","","","","","","","","","","","","","","","","","","","","","","","","","","","","","","","","","","","","","","","","","","","","","","","","","","","","","","","","","","",""
"59343001","LILLE-LESQUIN",50.57,3.0975,47,1959013103,"","","","",1.,1,"","","","","","","","","","","","","","","","","","","","","","","","","","","","","","",-0.1,1,-0.7,1,"","","","","","","","","","","","","","","","","","","","","","","","","","",96,1,"","","","","","","","","","","","",5.8,1,1026.2,1,"","","","","","",8,1,8,1,6,1,"","","","","","","","","","","","","","","","","","","","","","","","","","","","",1200,1,"","",10,1,2,1,"","","","","","","","","","","","","","","","","","","","","","","","","","","","","","","","","","","","","","","","","","","","","","","","","","","","","","","","","","","","","","","","","",""
"59343001","LILLE-LESQUIN",50.57,3.0975,47,1959013106,"","","","",7.,1,"","","","","","","","","","","","","","","","","","","","","","","","","","","","","","",2.2,1,1.6,1,"","","","","","","","","","","","","","","","","","","","","","","","","","",96,1,"","","","","","","","","","","","",6.9,1,1027.,1,"","","","","","",8,1,8,1,6,1,"","","","","","","","","","","","","","","","","","","","","","","","","","","","",1400,1,"","",50,1,4,1,"","",0,1,"","","","","","","","","","","","","","","","","","","","","","","","","","","","","","","","","","","","","","","","","","","","","","","","","","","","","","","","","","","","","",""
"59343001","LILLE-LESQUIN",50.57,3.0975,47,1959013109,"","","","",6.,1,"","","","","","","","","","","","","","","","","","","","","","","","","","","","","","",2.6,1,1.4,1,"","","","","","","","","","","","","","","","","","","","","","","","","","",93,1,"","","","","","","","","","","","",6.8,1,1029.3,1,"","","","","","",7,1,7,1,6,1,"","","","","","","","","","","","","","","","","","","","","","","","","","","","",2000,1,"","",10,1,6,1,"","","","","","","","","","","","","","","","","","","","","","","","","","","","","","","","","","","","","","","","","","","","","","","","","","","","","","","","","","","","","","","","","",""
"59343001","LILLE-LESQUIN",50.57,3.0975,47,1959013112,"","","","",5.,1,"","","","","","","","","","","","","","","","","","","","","","","","","","","","","","",4.2,1,1.,1,"","","","","","","","","","","","","","","","","","","","","","","","","","",80,1,"","","","","","","","","","","","",6.6,1,1029.9,1,"","","","","","",7,1,7,1,5,1,0,1,0,1,"","","","","","","","","","","","","","","","","","","","","","","","",6000,1,"","",3,1,6,1,"","","","","","","","","","","","","","","","","","","","","","","","","","","","","","","","","","","","","","","","","","","","","","","","","","","","","","","","","","","","","","","","","",""
"59343001","LILLE-LESQUIN",50.57,3.0975,47,1959013115,"","","","",7.,1,"","","","","","","","","","","","","","","","","","","","","","","","","","","","","","",5.2,1,0.,1,"","","","","","","","","","","","","","","","","","","","","","","","","","",69,1,"","","","","","","","","","","","",6.1,1,1029.3,1,"","","","","","",1,1,0,1,1,1,0,1,0,1,"","","","","","","","","","","","","","","","","","","","","","","","",10000,1,"","",1,1,1,1,"","","","","","","","","","","","","","","","","","","","","","","","","","","","","","","","","","","","","","","","","","","","","","","","","","","","","","","","","","","","","","","","","",""
"59343001","LILLE-LESQUIN",50.57,3.0975,47,1959013118,"","","","",6.,1,"","","","","","","","","","","","","","","","","","","","","","","","","","","","","","",3.2,1,0.4,1,"","","","","","","","","","","","","","","","","","","","","","","","","","",83,1,"","","","","","","","","","","","",6.3,1,1029.9,1,"","","","","","",3,1,0,1,5,1,0,1,0,1,"","","","","","","","","","","","","","","","","","","","","","","","",6000,1,"","",2,1,1,1,"","","","","","","","","","","","","","","","","","","","","","","","","","","","","","","","","","","","","","","","","","","","","","","","","","","","","","","","","","","","","","","","","",""
"59343001","LILLE-LESQUIN",50.57,3.0975,47,1959013121,"","","","",6.,1,"","","","","","","","","","","","","","","","","","","","","","","","","","","","","","",1.8,1,-0.5,1,"","","","","","","","","","","","","","","","","","","","","","","","","","",85,1,"","","","","","","","","","","","",5.9,1,1030.3,1,"","","","","","",3,1,0,1,5,1,0,1,0,1,"","","","","","","","","","","","","","","","","","","","","","","","",6000,1,"","",3,1,0,1,"","","","","","","","","","","","","","","","","","","","","","","","","","","","","","","","","","","","","","","","","","","","","","","","","","","","","","","","","","","","","","","","","",""
"59343001","LILLE-LESQUIN",50.57,3.0975,47,1959020100,"","","","",5.,1,"","","","","","","","","","","","","","","","","","","","","","","","","","","","","","",0.9,1,-1.4,1,"","","","","","","","","","","","","","","","","","","","","","","","","","",85,1,"","","","","","","","","","","","",5.5,1,1031.,1,"","","","","","",0,1,"","",0,1,0,1,0,1,"","","","","","","","","","","","","","","","","","","","","","","","",6000,1,"","",2,1,0,1,"","","","","","","","","","","","","","","","","","","","","","","","","","","","","","","","","","","","","","","","","","","","","","","","","","","","","","","","","","","","","","","","","",""
"59343001","LILLE-LESQUIN",50.57,3.0975,47,1959020103,"","","","",6.,1,"","","","","","","","","","","","","","","","","","","","","","","","","","","","","","",-0.3,1,-2.4,1,"","","","","","","","","","","","","","","","","","","","","","","","","","",86,1,"","","","","","","","","","","","",5.1,1,1031.4,1,"","","","","","",0,1,"","",0,1,0,1,0,1,"","","","","","","","","","","","","","","","","","","","","","","","",6000,1,"","",2,1,0,1,"","","","","","","","","","","","","","","","","","","","","","","","","","","","","","","","","","","","","","","","","","","","","","","","","","","","","","","","","","","","","","","","","",""
"59343001","LILLE-LESQUIN",50.57,3.0975,47,1959020106,"","","","",5.,1,"","","","","","","","","","","","","","","","","","","","","","","","","","","","","","",-1.2,1,-3.5,1,"","","","","","","","","","","","","","","","","","","","","","","","","","",85,1,"","","","","","","","","","","","",4.7,1,1031.7,1,"","","","","","",0,1,"","",0,1,0,1,0,1,"","","","","","","","","","","","","","","","","","","","","","","","",6000,1,"","",2,1,0,1,"","",0,1,"","","","","","","","","","","","","","","","","","","","","","","","","","","","","","","","","","","","","","","","","","","","","","","","","","","","","","","","","","","","","",""
"59343001","LILLE-LESQUIN",50.57,3.0975,47,1959020109,"","","","",6.,1,"","","","","","","","","","","","","","","","","","","","","","","","","","","","","","",0.,1,-2.9,1,"","","","","","","","","","","","","","","","","","","","","","","","","","",80,1,"","","","","","","","","","","","",4.9,1,1031.9,1,"","","","","","",0,1,"","",0,1,0,1,0,1,"","","","","","","","","","","","","","","","","","","","","","","","",7000,1,"","",2,1,0,1,"","","","","","","","","","","","","","","","","","","","","","","","","","","","","","","","","","","","","","","","","","","","","","","","","","","","","","","","","","","","","","","","","",""
"59343001","LILLE-LESQUIN",50.57,3.0975,47,1959020112,"","","","",7.,1,"","","","","","","","","","","","","","","","","","","","","","","","","","","","","","",2.8,1,-2.4,1,"","","","","","","","","","","","","","","","","","","","","","","","","","",69,1,"","","","","","","","","","","","",5.1,1,1032.1,1,"","","","","","",1,1,0,1,0,1,0,1,1,1,"","","","","","","","","","","","","","","","","","","","","","","","",12000,1,"","",2,1,0,1,"","","","","","","","","","","","","","","","","","","","","","","","","","","","","","","","","","","","","","","","","","","","","","","","","","","","","","","","","","","","","","","","","",""
"59343001","LILLE-LESQUIN",50.57,3.0975,47,1959020115,"","","","",8.,1,"","","","","","","","","","","","","","","","","","","","","","","","","","","","","","",3.4,1,-3.5,1,"","","","","","","","","","","","","","","","","","","","","","","","","","",60,1,"","","","","","","","","","","","",4.7,1,1031.7,1,"","","","","","",1,1,0,1,1,1,0,1,0,1,"","","","","","","","","","","","","","","","","","","","","","","","",20000,1,"","",2,1,0,1,"","","","","","","","","","","","","","","","","","","","","","","","","","","","","","","","","","","","","","","","","","","","","","","","","","","","","","","","","","","","","","","","","",""
"59343001","LILLE-LESQUIN",50.57,3.0975,47,1959020118,"","","","",8.,1,"","","","","","","","","","","","","","","","","","","","","","","","","","","","","","",1.1,1,-2.7,1,"","","","","","","","","","","","","","","","","","","","","","","","","","",76,1,"","","","","","","","","","","","",5.,1,1031.8,1,"","","","","","",0,1,"","",0,1,0,1,0,1,"","","","","","","","","","","","","","","","","","","","","","","","",15000,1,"","",2,1,0,1,"","","","","","","","","","","","","","","","","","","","","","","","","","","","","","","","","","","","","","","","","","","","","","","","","","","","","","","","","","","","","","","","","",""
"59343001","LILLE-LESQUIN",50.57,3.0975,47,1959020121,"","","","",7.,1,"","","","","","","","","","","","","","","","","","","","","","","","","","","","","","",-0.2,1,-2.4,1,"","","","","","","","","","","","","","","","","","","","","","","","","","",84,1,"","","","","","","","","","","","",5.1,1,1033.,1,"","","","","","",0,1,"","",0,1,0,1,0,1,"","","","","","","","","","","","","","","","","","","","","","","","",15000,1,"","",2,1,0,1,"","","","","","","","","","","","","","","","","","","","","","","","","","","","","","","","","","","","","","","","","","","","","","","","","","","","","","","","","","","","","","","","","",""
"59343001","LILLE-LESQUIN",50.57,3.0975,47,1959020200,"","","","",7.,1,"","","","","","","","","","","","","","","","","","","","","","","","","","","","","","",-1.,1,-3.5,1,"","","","","","","","","","","","","","","","","","","","","","","","","","",83,1,"","","","","","","","","","","","",4.7,1,1033.1,1,"","","","","","",0,1,"","",0,1,0,1,0,1,"","","","","","","","","","","","","","","","","","","","","","","","",15000,1,"","",2,1,0,1,"","","","","","","","","","","","","","","","","","","","","","","","","","","","","","","","","","","","","","","","","","","","","","","","","","","","","","","","","","","","","","","","","",""
"59343001","LILLE-LESQUIN",50.57,3.0975,47,1959020203,"","","","",7.,1,"","","","","","","","","","","","","","","","","","","","","","","","","","","","","","",-1.8,1,-3.7,1,"","","","","","","","","","","","","","","","","","","","","","","","","","",86,1,"","","","","","","","","","","","",4.6,1,1033.1,1,"","","","","","",0,1,"","",0,1,0,1,0,1,"","","","","","","","","","","","","","","","","","","","","","","","",15000,1,"","",2,1,0,1,"","","","","","","","","","","","","","","","","","","","","","","","","","","","","","","","","","","","","","","","","","","","","","","","","","","","","","","","","","","","","","","","","",""
"59343001","LILLE-LESQUIN",50.57,3.0975,47,1959020206,"","","","",8.,1,"","","","","","","","","","","","","","","","","","","","","","","","","","","","","","",-2.2,1,-4.9,1,"","","","","","","","","","","","","","","","","","","","","","","","","","",81,1,"","","","","","","","","","","","",4.2,1,1032.9,1,"","","","","","",0,1,"","",0,1,0,1,0,1,"","","","","","","","","","","","","","","","","","","","","","","","",10000,1,"","",2,1,0,1,"","",0,1,"","","","","","","","","","","","","","","","","","","","","","","","","","","","","","","","","","","","","","","","","","","","","","","","","","","","","","","","","","","","","",""
"59343001","LILLE-LESQUIN",50.57,3.0975,47,1959020209,"","","","",8.,1,"","","","","","","","","","","","","","","","","","","","","","","","","","","","","","",-1.7,1,-4.9,1,"","","","","","","","","","","","","","","","","","","","","","","","","","",78,1,"","","","","","","","","","","","",4.2,1,1033.2,1,"","","","","","",0,1,"","",0,1,0,1,0,1,"","","","","","","","","","","","","","","","","","","","","","","","",6000,1,"","",2,1,0,1,"","","","","","","","","","","","","","","","","","","","","","","","","","","","","","","","","","","","","","","","","","","","","","","","","","","","","","","","","","","","","","","","","",""
"59343001","LILLE-LESQUIN",50.57,3.0975,47,1959020212,"","","","",9.,1,"","","","","","","","","","","","","","","","","","","","","","","","","","","","","","",0.4,1,-3.7,1,"","","","","","","","","","","","","","","","","","","","","","","","","","",74,1,"","","","","","","","","","","","",4.6,1,1032.6,1,"","","","","","",1,1,0,1,1,1,0,1,1,1,"","","","","","","","","","","","","","","","","","","","","","","","",7000,1,"","",3,1,0,1,"","","","","","","","","","","","","","","","","","","","","","","","","","","","","","","","","","","","","","","","","","","","","","","","","","","","","","","","","","","","","","","","","",""
"59343001","LILLE-LESQUIN",50.57,3.0975,47,1959020215,"","","","",9.,1,"","","","","","","","","","","","","","","","","","","","","","","","","","","","","","",1.2,1,-4.9,1,"","","","","","","","","","","","","","","","","","","","","","","","","","",62,1,"","","","","","","","","","","","",4.2,1,1031.3,1,"","","","","","",1,1,0,1,0,1,0,1,1,1,"","","","","","","","","","","","","","","","","","","","","","","","",9000,1,"","",2,1,0,1,"","","","","","","","","","","","","","","","","","","","","","","","","","","","","","","","","","","","","","","","","","","","","","","","","","","","","","","","","","","","","","","","","",""
"59343001","LILLE-LESQUIN",50.57,3.0975,47,1959020218,"","","","",10.,1,"","","","","","","","","","","","","","","","","","","","","","","","","","","","","","",-0.4,1,-4.9,1,"","","","","","","","","","","","","","","","","","","","","","","","","","",71,1,"","","","","","","","","","","","",4.2,1,1031.6,1,"","","","","","",0,1,"","",0,1,0,1,0,1,"","","","","","","","","","","","","","","","","","","","","","","","",8000,1,"","",2,1,0,1,"","","","","","","","","","","","","","","","","","","","","","","","","","","","","","","","","","","","","","","","","","","","","","","","","","","","","","","","","","","","","","","","","",""
"59343001","LILLE-LESQUIN",50.57,3.0975,47,1959020221,"","","","",7.,1,"","","","","","","","","","","","","","","","","","","","","","","","","","","","","","",-1.6,1,-4.9,1,"","","","","","","","","","","","","","","","","","","","","","","","","","",78,1,"","","","","","","","","","","","",4.2,1,1032.4,1,"","","","","","",0,1,"","",0,1,0,1,0,1,"","","","","","","","","","","","","","","","","","","","","","","","",7000,1,"","",2,1,0,1,"","","","","","","","","","","","","","","","","","","","","","","","","","","","","","","","","","","","","","","","","","","","","","","","","","","","","","","","","","","","","","","","","",""
"59343001","LILLE-LESQUIN",50.57,3.0975,47,1959020300,"","","","",7.,1,"","","","","","","","","","","","","","","","","","","","","","","","","","","","","","",-2.7,1,-4.3,1,"","","","","","","","","","","","","","","","","","","","","","","","","","",89,1,"","","","","","","","","","","","",4.4,1,1032.7,1,"","","","","","",0,1,"","",0,1,0,1,0,1,"","","","","","","","","","","","","","","","","","","","","","","","",7000,1,"","",2,1,0,1,"","","","","","","","","","","","","","","","","","","","","","","","","","","","","","","","","","","","","","","","","","","","","","","","","","","","","","","","","","","","","","","","","",""
"59343001","LILLE-LESQUIN",50.57,3.0975,47,1959020303,"","","","",7.,1,"","","","","","","","","","","","","","","","","","","","","","","","","","","","","","",-3.3,1,-4.9,1,"","","","","","","","","","","","","","","","","","","","","","","","","","",88,1,"","","","","","","","","","","","",4.2,1,1032.5,1,"","","","","","",0,1,"","",0,1,0,1,0,1,"","","","","","","","","","","","","","","","","","","","","","","","",7000,1,"","",2,1,0,1,"","","","","","","","","","","","","","","","","","","","","","","","","","","","","","","","","","","","","","","","","","","","","","","","","","","","","","","","","","","","","","","","","",""
"59343001","LILLE-LESQUIN",50.57,3.0975,47,1959020306,"","","","",8.,1,"","","","","","","","","","","","","","","","","","","","","","","","","","","","","","",-3.7,1,-5.5,1,"","","","","","","","","","","","","","","","","","","","","","","","","","",88,1,"","","","","","","","","","","","",4.,1,1033.1,1,"","","","","","",0,1,"","",0,1,0,1,0,1,"","","","","","","","","","","","","","","","","","","","","","","","",8000,1,"","",2,1,0,1,"","",0,1,"","","","","","","","","","","","","","","","","","","","","","","","","","","","","","","","","","","","","","","","","","","","","","","","","","","","","","","","","","","","","",""
"59343001","LILLE-LESQUIN",50.57,3.0975,47,1959020309,"","","","",9.,1,"","","","","","","","","","","","","","","","","","","","","","","","","","","","","","",-3.,1,-5.2,1,"","","","","","","","","","","","","","","","","","","","","","","","","","",84,1,"","","","","","","","","","","","",4.1,1,1034.4,1,"","","","","","",0,1,"","",0,1,0,1,0,1,"","","","","","","","","","","","","","","","","","","","","","","","",4000,1,"","",10,1,0,1,"","","","","","","","","","","","","","","","","","","","","","","","","","","","","","","","","","","","","","","","","","","","","","","","","","","","","","","","","","","","","","","","","",""
"59343001","LILLE-LESQUIN",50.57,3.0975,47,1959020312,"","","","",9.,1,"","","","","","","","","","","","","","","","","","","","","","","","","","","","","","",-0.1,1,-5.5,1,"","","","","","","","","","","","","","","","","","","","","","","","","","",65,1,"","","","","","","","","","","","",4.,1,1034.4,1,"","","","","","",0,1,"","",0,1,0,1,0,1,"","","","","","","","","","","","","","","","","","","","","","","","",3000,1,"","",10,1,0,1,"","","","","","","","","","","","","","","","","","","","","","","","","","","","","","","","","","","","","","","","","","","","","","","","","","","","","","","","","","","","","","","","","",""
"59343001","LILLE-LESQUIN",50.57,3.0975,47,1959020315,"","","","",8.,1,"","","","","","","","","","","","","","","","","","","","","","","","","","","","","","",1.9,1,-5.5,1,"","","","","","","","","","","","","","","","","","","","","","","","","","",57,1,"","","","","","","","","","","","",4.,1,1032.5,1,"","","","","","",0,1,"","",0,1,0,1,0,1,"","","","","","","","","","","","","","","","","","","","","","","","",3000,1,"","",10,1,0,1,"","","","","","","","","","","","","","","","","","","","","","","","","","","","","","","","","","","","","","","","","","","","","","","","","","","","","","","","","","","","","","","","","",""
"59343001","LILLE-LESQUIN",50.57,3.0975,47,1959020318,"","","","",9.,1,"","","","","","","","","","","","","","","","","","","","","","","","","","","","","","",0.2,1,-6.2,1,"","","","","","","","","","","","","","","","","","","","","","","","","","",61,1,"","","","","","","","","","","","",3.8,1,1033.,1,"","","","","","",0,1,"","",0,1,0,1,0,1,"","","","","","","","","","","","","","","","","","","","","","","","",3000,1,"","",10,1,0,1,"","","","","","","","","","","","","","","","","","","","","","","","","","","","","","","","","","","","","","","","","","","","","","","","","","","","","","","","","","","","","","","","","",""
"59343001","LILLE-LESQUIN",50.57,3.0975,47,1959020321,"","","","",6.,1,"","","","","","","","","","","","","","","","","","","","","","","","","","","","","","",-1.1,1,-4.9,1,"","","","","","","","","","","","","","","","","","","","","","","","","","",75,1,"","","","","","","","","","","","",4.2,1,1032.8,1,"","","","","","",0,1,"","",0,1,0,1,0,1,"","","","","","","","","","","","","","","","","","","","","","","","",5000,1,"","",2,1,0,1,"","","","","","","","","","","","","","","","","","","","","","","","","","","","","","","","","","","","","","","","","","","","","","","","","","","","","","","","","","","","","","","","","",""
"59343001","LILLE-LESQUIN",50.57,3.0975,47,1959020400,"","","","",8.,1,"","","","","","","","","","","","","","","","","","","","","","","","","","","","","","",-1.,1,-4.6,1,"","","","","","","","","","","","","","","","","","","","","","","","","","",75,1,"","","","","","","","","","","","",4.3,1,1032.5,1,"","","","","","",0,1,"","",0,1,0,1,0,1,"","","","","","","","","","","","","","","","","","","","","","","","",6000,1,"","",2,1,0,1,"","","","","","","","","","","","","","","","","","","","","","","","","","","","","","","","","","","","","","","","","","","","","","","","","","","","","","","","","","","","","","","","","",""
"59343001","LILLE-LESQUIN",50.57,3.0975,47,1959020403,"","","","",8.,1,"","","","","","","","","","","","","","","","","","","","","","","","","","","","","","",-1.6,1,-4.9,1,"","","","","","","","","","","","","","","","","","","","","","","","","","",78,1,"","","","","","","","","","","","",4.2,1,1031.5,1,"","","","","","",0,1,"","",0,1,0,1,0,1,"","","","","","","","","","","","","","","","","","","","","","","","",6000,1,"","",2,1,0,1,"","","","","","","","","","","","","","","","","","","","","","","","","","","","","","","","","","","","","","","","","","","","","","","","","","","","","","","","","","","","","","","","","",""
"59343001","LILLE-LESQUIN",50.57,3.0975,47,1959020406,"","","","",9.,1,"","","","","","","","","","","","","","","","","","","","","","","","","","","","","","",-2.,1,-5.5,1,"","","","","","","","","","","","","","","","","","","","","","","","","","",77,1,"","","","","","","","","","","","",4.,1,1030.9,1,"","","","","","",0,1,"","",0,1,0,1,0,1,"","","","","","","","","","","","","","","","","","","","","","","","",6000,1,"","",2,1,0,1,"","",0,1,"","","","","","","","","","","","","","","","","","","","","","","","","","","","","","","","","","","","","","","","","","","","","","","","","","","","","","","","","","","","","",""
"59343001","LILLE-LESQUIN",50.57,3.0975,47,1959020409,"","","","",8.,1,"","","","","","","","","","","","","","","","","","","","","","","","","","","","","","",-1.8,1,-5.5,1,"","","","","","","","","","","","","","","","","","","","","","","","","","",75,1,"","","","","","","","","","","","",4.,1,1031.7,1,"","","","","","",1,1,0,1,0,1,0,1,1,1,"","","","","","","","","","","","","","","","","","","","","","","","",3000,1,"","",10,1,0,1,"","","","","","","","","","","","","","","","","","","","","","","","","","","","","","","","","","","","","","","","","","","","","","","","","","","","","","","","","","","","","","","","","",""
"59343001","LILLE-LESQUIN",50.57,3.0975,47,1959020412,"","","","",8.,1,"","","","","","","","","","","","","","","","","","","","","","","","","","","","","","",1.,1,-4.9,1,"","","","","","","","","","","","","","","","","","","","","","","","","","",65,1,"","","","","","","","","","","","",4.2,1,1030.3,1,"","","","","","",0,1,"","",0,1,0,1,0,1,"","","","","","","","","","","","","","","","","","","","","","","","",2500,1,"","",10,1,0,1,"","","","","","","","","","","","","","","","","","","","","","","","","","","","","","","","","","","","","","","","","","","","","","","","","","","","","","","","","","","","","","","","","",""
"59343001","LILLE-LESQUIN",50.57,3.0975,47,1959020415,"","","","",3.,1,"","","","","","","","","","","","","","","","","","","","","","","","","","","","","","",2.1,1,-3.5,1,"","","","","","","","","","","","","","","","","","","","","","","","","","",66,1,"","","","","","","","","","","","",4.7,1,1029.7,1,"","","","","","",2,1,0,1,0,1,0,1,1,1,"","","","","","","","","","","","","","","","","","","","","","","","",2000,1,"","",10,1,0,1,"","","","","","","","","","","","","","","","","","","","","","","","","","","","","","","","","","","","","","","","","","","","","","","","","","","","","","","","","","","","","","","","","",""
"59343001","LILLE-LESQUIN",50.57,3.0975,47,1959020418,"","","","",1.,1,"","","","","","","","","","","","","","","","","","","","","","","","","","","","","","",-1.,1,-4.,1,"","","","","","","","","","","","","","","","","","","","","","","","","","",79,1,"","","","","","","","","","","","",4.5,1,1030.2,1,"","","","","","",2,1,0,1,0,1,0,1,1,1,"","","","","","","","","","","","","","","","","","","","","","","","",1800,1,"","",10,1,0,1,"","","","","","","","","","","","","","","","","","","","","","","","","","","","","","","","","","","","","","","","","","","","","","","","","","","","","","","","","","","","","","","","","",""
"59343001","LILLE-LESQUIN",50.57,3.0975,47,1959020421,"","","","",4.,1,"","","","","","","","","","","","","","","","","","","","","","","","","","","","","","",-2.2,1,-5.5,1,"","","","","","","","","","","","","","","","","","","","","","","","","","",77,1,"","","","","","","","","","","","",4.,1,1030.3,1,"","","","","","",0,1,"","",0,1,0,1,0,1,"","","","","","","","","","","","","","","","","","","","","","","","",2000,1,"","",10,1,0,1,"","","","","","","","","","","","","","","","","","","","","","","","","","","","","","","","","","","","","","","","","","","","","","","","","","","","","","","","","","","","","","","","","",""
"59343001","LILLE-LESQUIN",50.57,3.0975,47,1959020500,"","","","",2.,1,"","","","","","","","","","","","","","","","","","","","","","","","","","","","","","",-2.6,1,-4.3,1,"","","","","","","","","","","","","","","","","","","","","","","","","","",87,1,"","","","","","","","","","","","",4.4,1,1030.5,1,"","","","","","",0,1,"","",0,1,0,1,0,1,"","","","","","","","","","","","","","","","","","","","","","","","",1800,1,"","",10,1,0,1,"","","","","","","","","","","","","","","","","","","","","","","","","","","","","","","","","","","","","","","","","","","","","","","","","","","","","","","","","","","","","","","","","",""
"59343001","LILLE-LESQUIN",50.57,3.0975,47,1959020503,"","","","",2.,1,"","","","","","","","","","","","","","","","","","","","","","","","","","","","","","",-3.1,1,-5.2,1,"","","","","","","","","","","","","","","","","","","","","","","","","","",84,1,"","","","","","","","","","","","",4.1,1,1030.5,1,"","","","","","",0,1,"","",0,1,0,1,0,1,"","","","","","","","","","","","","","","","","","","","","","","","",2000,1,"","",10,1,0,1,"","","","","","","","","","","","","","","","","","","","","","","","","","","","","","","","","","","","","","","","","","","","","","","","","","","","","","","","","","","","","","","","","",""
"59343001","LILLE-LESQUIN",50.57,3.0975,47,1959020506,"","","","",0.,1,"","","","","","","","","","","","","","","","","","","","","","","","","","","","","","",-3.6,1,-4.9,1,"","","","","","","","","","","","","","","","","","","","","","","","","","",90,1,"","","","","","","","","","","","",4.2,1,1030.,1,"","","","","","",0,1,"","",0,1,0,1,0,1,"","","","","","","","","","","","","","","","","","","","","","","","",1800,1,"","",10,1,0,1,"","",0,1,"","","","","","","","","","","","","","","","","","","","","","","","","","","","","","","","","","","","","","","","","","","","","","","","","","","","","","","","","","","","","",""
"59343001","LILLE-LESQUIN",50.57,3.0975,47,1959020509,"","","","",0.,1,"","","","","","","","","","","","","","","","","","","","","","","","","","","","","","",-2.4,1,-3.7,1,"","","","","","","","","","","","","","","","","","","","","","","","","","",89,1,"","","","","","","","","","","","",4.6,1,1030.7,1,"","","","","","",1,1,0,1,0,1,0,1,1,1,"","","","","","","","","","","","","","","","","","","","","","","","",1200,1,"","",10,1,0,1,"","","","","","","","","","","","","","","","","","","","","","","","","","","","","","","","","","","","","","","","","","","","","","","","","","","","","","","","","","","","","","","","","",""
"59343001","LILLE-LESQUIN",50.57,3.0975,47,1959020512,"","","","",2.,1,"","","","","","","","","","","","","","","","","","","","","","","","","","","","","","",3.6,1,-2.7,1,"","","","","","","","","","","","","","","","","","","","","","","","","","",63,1,"","","","","","","","","","","","",5.,1,1031.3,1,"","","","","","",1,1,0,1,0,1,0,1,1,1,"","","","","","","","","","","","","","","","","","","","","","","","",1200,1,"","",10,1,0,1,"","","","","","","","","","","","","","","","","","","","","","","","","","","","","","","","","","","","","","","","","","","","","","","","","","","","","","","","","","","","","","","","","",""
"59343001","LILLE-LESQUIN",50.57,3.0975,47,1959020515,"","","","",0.,1,"","","","","","","","","","","","","","","","","","","","","","","","","","","","","","",5.,1,-0.9,1,"","","","","","","","","","","","","","","","","","","","","","","","","","",66,1,"","","","","","","","","","","","",5.7,1,1030.2,1,"","","","","","",1,1,0,1,0,1,0,1,1,1,"","","","","","","","","","","","","","","","","","","","","","","","",1100,1,"","",10,1,0,1,"","","","","","","","","","","","","","","","","","","","","","","","","","","","","","","","","","","","","","","","","","","","","","","","","","","","","","","","","","","","","","","","","",""
"59343001","LILLE-LESQUIN",50.57,3.0975,47,1959020518,"","","","",0.,1,"","","","","","","","","","","","","","","","","","","","","","","","","","","","","","",1.6,1,-2.4,1,"","","","","","","","","","","","","","","","","","","","","","","","","","",74,1,"","","","","","","","","","","","",5.1,1,1030.6,1,"","","","","","",2,1,0,1,0,1,0,1,1,1,"","","","","","","","","","","","","","","","","","","","","","","","",1400,1,"","",10,1,0,1,"","","","","","","","","","","","","","","","","","","","","","","","","","","","","","","","","","","","","","","","","","","","","","","","","","","","","","","","","","","","","","","","","",""
"59343001","LILLE-LESQUIN",50.57,3.0975,47,1959020521,"","","","",0.,1,"","","","","","","","","","","","","","","","","","","","","","","","","","","","","","",-1.1,1,-4.6,1,"","","","","","","","","","","","","","","","","","","","","","","","","","",77,1,"","","","","","","","","","","","",4.3,1,1031.2,1,"","","","","","",0,1,"","",0,1,0,1,0,1,"","","","","","","","","","","","","","","","","","","","","","","","",1600,1,"","",10,1,0,1,"","","","","","","","","","","","","","","","","","","","","","","","","","","","","","","","","","","","","","","","","","","","","","","","","","","","","","","","","","","","","","","","","",""
"59343001","LILLE-LESQUIN",50.57,3.0975,47,1959020600,"","","","",0.,1,"","","","","","","","","","","","","","","","","","","","","","","","","","","","","","",-2.1,1,-3.7,1,"","","","","","","","","","","","","","","","","","","","","","","","","","","","","","","","","","","","","","","","",4.6,1,1031.3,1,"","","","","","",0,1,"","",0,1,0,1,0,1,"","","","","","","","","","","","","","","","","","","","","","","","",600,1,"","",44,1,4,1,"","","","","","","","","","","","","","","","","","","","","","","","","","","","","","","","","","","","","","","","","","","","","","","","","","","","","","","","","","","","","","","","","",""
"59343001","LILLE-LESQUIN",50.57,3.0975,47,1959020603,"","","","",0.,1,"","","","","","","","","","","","","","","","","","","","","","","","","","","","","","",-3.2,1,-4.9,1,"","","","","","","","","","","","","","","","","","","","","","","","","","","","","","","","","","","","","","","","",4.2,1,1031.3,1,"","","","","","",0,1,"","",0,1,0,1,0,1,"","","","","","","","","","","","","","","","","","","","","","","","",600,1,"","",44,1,4,1,"","","","","","","","","","","","","","","","","","","","","","","","","","","","","","","","","","","","","","","","","","","","","","","","","","","","","","","","","","","","","","","","","",""
"59343001","LILLE-LESQUIN",50.57,3.0975,47,1959020606,"","","","",0.,1,"","","","","","","","","","","","","","","","","","","","","","","","","","","","","","",-4.3,1,-5.9,1,"","","","","","","","","","","","","","","","","","","","","","","","","","","","","","","","","","","","","","","","",3.9,1,1031.1,1,"","","","","","",9,1,"","","","","","","","","","","","","","","","","","","","","","","","","","","","","","","","",160,1,"","",49,1,4,1,"","",0,1,"","","","","","","","","","","","","","","","","","","","","","","","","","","","","","","","","","","","","","","","","","","","","","","","","","","","","","","","","","","","","",""
"59343001","LILLE-LESQUIN",50.57,3.0975,47,1959020609,"","","","",0.,1,"","","","","","","","","","","","","","","","","","","","","","","","","","","","","","",-4.6,1,-5.5,1,"","","","","","","","","","","","","","","","","","","","","","","","","","",93,1,"","","","","","","","","","","","",4.,1,1031.3,1,"","","","","","",9,1,"","","","","","","","","","","","","","","","","","","","","","","","","","","","","","","","",30,1,"","",49,1,4,1,"","","","","","","","","","","","","","","","","","","","","","","","","","","","","","","","","","","","","","","","","","","","","","","","","","","","","","","","","","","","","","","","","",""
"59343001","LILLE-LESQUIN",50.57,3.0975,47,1959020612,"","","","",0.,1,"","","","","","","","","","","","","","","","","","","","","","","","","","","","","","",-1.9,1,-2.7,1,"","","","","","","","","","","","","","","","","","","","","","","","","","",94,1,"","","","","","","","","","","","",5.,1,1030.7,1,"","","","","","",9,1,"","","","","","","","","","","","","","","","","","","","","","","","","","","","","","","","",40,1,"","",49,1,4,1,"","","","","","","","","","","","","","","","","","","","","","","","","","","","","","","","","","","","","","","","","","","","","","","","","","","","","","","","","","","","","","","","","",""
"59343001","LILLE-LESQUIN",50.57,3.0975,47,1959020615,"","","","",3.,1,"","","","","","","","","","","","","","","","","","","","","","","","","","","","","","",-0.6,1,-1.9,1,"","","","","","","","","","","","","","","","","","","","","","","","","","",92,1,"","","","","","","","","","","","",5.3,1,1029.4,1,"","","","","","",8,1,8,1,6,1,"","","","","","","","","","","","","","","","","","","","","","","","","","","","",800,1,"","",48,1,4,1,"","","","","","","","","","","","","","","","","","","","","","","","","","","","","","","","","","","","","","","","","","","","","","","","","","","","","","","","","","","","","","","","","",""
"59343001","LILLE-LESQUIN",50.57,3.0975,47,1959020618,"","","","",4.,1,"","","","","","","","","","","","","","","","","","","","","","","","","","","","","","",-0.8,1,-1.6,1,"","","","","","","","","","","","","","","","","","","","","","","","","","",93,1,"","","","","","","","","","","","",5.4,1,1028.9,1,"","","","","","",8,1,8,1,6,1,"","","","","","","","","","","","","","","","","","","","","","","","","","","","",1200,1,"","",10,1,4,1,"","","","","","","","","","","","","","","","","","","","","","","","","","","","","","","","","","","","","","","","","","","","","","","","","","","","","","","","","","","","","","","","","",""
"59343001","LILLE-LESQUIN",50.57,3.0975,47,1959020621,"","","","",2.,1,"","","","","","","","","","","","","","","","","","","","","","","","","","","","","","",-1.5,1,-2.7,1,"","","","","","","","","","","","","","","","","","","","","","","","","","",92,1,"","","","","","","","","","","","",5.,1,1028.4,1,"","","","","","",8,1,8,1,6,1,"","","","","","","","","","","","","","","","","","","","","","","","","","","","",1200,1,"","",10,1,2,1,"","","","","","","","","","","","","","","","","","","","","","","","","","","","","","","","","","","","","","","","","","","","","","","","","","","","","","","","","","","","","","","","","",""
"59343001","LILLE-LESQUIN",50.57,3.0975,47,1959020700,"","","","",0.,1,"","","","","","","","","","","","","","","","","","","","","","","","","","","","","","",-2.2,1,-3.2,1,"","","","","","","","","","","","","","","","","","","","","","","","","","",94,1,"","","","","","","","","","","","",4.8,1,1027.5,1,"","","","","","",9,1,"","","","","","","","","","","","","","","","","","","","","","","","","","","","","","","","",400,1,"","",49,1,4,1,"","","","","","","","","","","","","","","","","","","","","","","","","","","","","","","","","","","","","","","","","","","","","","","","","","","","","","","","","","","","","","","","","",""
"59343001","LILLE-LESQUIN",50.57,3.0975,47,1959020703,"","","","",3.,1,"","","","","","","","","","","","","","","","","","","","","","","","","","","","","","",-2.6,1,-3.2,1,"","","","","","","","","","","","","","","","","","","","","","","","","","",95,1,"","","","","","","","","","","","",4.8,1,1025.8,1,"","","","","","",9,1,"","","","","","","","","","","","","","","","","","","","","","","","","","","","","","","","",200,1,"","",49,1,4,1,"","","","","","","","","","","","","","","","","","","","","","","","","","","","","","","","","","","","","","","","","","","","","","","","","","","","","","","","","","","","","","","","","",""
"59343001","LILLE-LESQUIN",50.57,3.0975,47,1959020706,"","","","",2.,1,"","","","","","","","","","","","","","","","","","","","","","","","","","","","","","",-4.,1,-4.6,1,"","","","","","","","","","","","","","","","","","","","","","","","","","",94,1,"","","","","","","","","","","","",4.3,1,1025.2,1,"","","","","","",9,1,"","","","","","","","","","","","","","","","","","","","","","","","","","","","","","","","",100,1,"","",49,1,4,1,"","",0,1,"","","","","","","","","","","","","","","","","","","","","","","","","","","","","","","","","","","","","","","","","","","","","","","","","","","","","","","","","","","","","",""
"59343001","LILLE-LESQUIN",50.57,3.0975,47,1959020709,"","","","",1.,1,"","","","","","","","","","","","","","","","","","","","","","","","","","","","","","",-4.8,1,-5.9,1,"","","","","","","","","","","","","","","","","","","","","","","","","","",91,1,"","","","","","","","","","","","",3.9,1,1025.3,1,"","","","","","",9,1,"","","","","","","","","","","","","","","","","","","","","","","","","","","","","","","","",200,1,"","",49,1,4,1,"","","","","","","","","","","","","","","","","","","","","","","","","","","","","","","","","","","","","","","","","","","","","","","","","","","","","","","","","","","","","","","","","",""
"59343001","LILLE-LESQUIN",50.57,3.0975,47,1959020712,"","","","",2.,1,"","","","","","","","","","","","","","","","","","","","","","","","","","","","","","",-3.9,1,-4.9,1,"","","","","","","","","","","","","","","","","","","","","","","","","","",92,1,"","","","","","","","","","","","",4.2,1,1024.1,1,"","","","","","",9,1,"","","","","","","","","","","","","","","","","","","","","","","","","","","","","","","","",400,1,"","",49,1,4,1,"","","","","","","","","","","","","","","","","","","","","","","","","","","","","","","","","","","","","","","","","","","","","","","","","","","","","","","","","","","","","","","","","",""
"59343001","LILLE-LESQUIN",50.57,3.0975,47,1959020715,"","","","",0.,1,"","","","","","","","","","","","","","","","","","","","","","","","","","","","","","",-3.,1,-4.,1,"","","","","","","","","","","","","","","","","","","","","","","","","","",93,1,"","","","","","","","","","","","",4.5,1,1023.2,1,"","","","","","",9,1,"","","","","","","","","","","","","","","","","","","","","","","","","","","","","","","","",400,1,"","",49,1,4,1,"","","","","","","","","","","","","","","","","","","","","","","","","","","","","","","","","","","","","","","","","","","","","","","","","","","","","","","","","","","","","","","","","",""
"59343001","LILLE-LESQUIN",50.57,3.0975,47,1959020718,"","","","",2.,1,"","","","","","","","","","","","","","","","","","","","","","","","","","","","","","",-3.,1,-4.,1,"","","","","","","","","","","","","","","","","","","","","","","","","","",93,1,"","","","","","","","","","","","",4.5,1,1022.7,1,"","","","","","",9,1,"","","","","","","","","","","","","","","","","","","","","","","","","","","","","","","","",200,1,"","",49,1,4,1,"","","","","","","","","","","","","","","","","","","","","","","","","","","","","","","","","","","","","","","","","","","","","","","","","","","","","","","","","","","","","","","","","",""
"59343001","LILLE-LESQUIN",50.57,3.0975,47,1959020721,"","","","",1.,1,"","","","","","","","","","","","","","","","","","","","","","","","","","","","","","",-3.9,1,-4.6,1,"","","","","","","","","","","","","","","","","","","","","","","","","","",94,1,"","","","","","","","","","","","",4.3,1,1022.8,1,"","","","","","",9,1,"","","","","","","","","","","","","","","","","","","","","","","","","","","","","","","","",150,1,"","",49,1,4,1,"","","","","","","","","","","","","","","","","","","","","","","","","","","","","","","","","","","","","","","","","","","","","","","","","","","","","","","","","","","","","","","","","",""
"59343001","LILLE-LESQUIN",50.57,3.0975,47,1959020800,"","","","",1.,1,"","","","","","","","","","","","","","","","","","","","","","","","","","","","","","",-4.2,1,-5.2,1,"","","","","","","","","","","","","","","","","","","","","","","","","","",92,1,"","","","","","","","","","","","",4.1,1,1022.7,1,"","","","","","",9,1,"","","","","","","","","","","","","","","","","","","","","","","","","","","","","","","","",200,1,"","",49,1,4,1,"","","","","","","","","","","","","","","","","","","","","","","","","","","","","","","","","","","","","","","","","","","","","","","","","","","","","","","","","","","","","","","","","",""
"59343001","LILLE-LESQUIN",50.57,3.0975,47,1959020803,"","","","",1.,1,"","","","","","","","","","","","","","","","","","","","","","","","","","","","","","",-4.,1,-5.5,1,"","","","","","","","","","","","","","","","","","","","","","","","","","",90,1,"","","","","","","","","","","","",4.,1,1022.8,1,"","","","","","",9,1,"","","","","","","","","","","","","","","","","","","","","","","","","","","","","","","","",250,1,"","",49,1,4,1,"","","","","","","","","","","","","","","","","","","","","","","","","","","","","","","","","","","","","","","","","","","","","","","","","","","","","","","","","","","","","","","","","",""
"59343001","LILLE-LESQUIN",50.57,3.0975,47,1959020806,"","","","",1.,1,"","","","","","","","","","","","","","","","","","","","","","","","","","","","","","",-4.,1,-4.9,1,"","","","","","","","","","","","","","","","","","","","","","","","","","",92,1,"","","","","","","","","","","","",4.2,1,1023.5,1,"","","","","","",9,1,"","","","","","","","","","","","","","","","","","","","","","","","","","","","","","","","",200,1,"","",49,1,4,1,"","",0,1,"","","","","","","","","","","","","","","","","","","","","","","","","","","","","","","","","","","","","","","","","","","","","","","","","","","","","","","","","","","","","",""
"59343001","LILLE-LESQUIN",50.57,3.0975,47,1959020809,"","","","",1.,1,"","","","","","","","","","","","","","","","","","","","","","","","","","","","","","",-4.,1,-4.9,1,"","","","","","","","","","","","","","","","","","","","","","","","","","",92,1,"","","","","","","","","","","","",4.2,1,1024.8,1,"","","","","","",9,1,"","","","","","","","","","","","","","","","","","","","","","","","","","","","","","","","",80,1,"","",49,1,4,1,"","","","","","","","","","","","","","","","","","","","","","","","","","","","","","","","","","","","","","","","","","","","","","","","","","","","","","","","","","","","","","","","","",""
"59343001","LILLE-LESQUIN",50.57,3.0975,47,1959020812,"","","","",1.,1,"","","","","","","","","","","","","","","","","","","","","","","","","","","","","","",-3.2,1,-4.,1,"","","","","","","","","","","","","","","","","","","","","","","","","","",93,1,"","","","","","","","","","","","",4.5,1,1025.9,1,"","","","","","",9,1,"","","","","","","","","","","","","","","","","","","","","","","","","","","","","","","","",150,1,"","",49,1,4,1,"","","","","","","","","","","","","","","","","","","","","","","","","","","","","","","","","","","","","","","","","","","","","","","","","","","","","","","","","","","","","","","","","",""
"59343001","LILLE-LESQUIN",50.57,3.0975,47,1959020815,"","","","",1.,1,"","","","","","","","","","","","","","","","","","","","","","","","","","","","","","",-2.6,1,-3.5,1,"","","","","","","","","","","","","","","","","","","","","","","","","","",93,1,"","","","","","","","","","","","",4.7,1,1026.3,1,"","","","","","",9,1,"","","","","","","","","","","","","","","","","","","","","","","","","","","","","","","","",200,1,"","",49,1,4,1,"","","","","","","","","","","","","","","","","","","","","","","","","","","","","","","","","","","","","","","","","","","","","","","","","","","","","","","","","","","","","","","","","",""
"59343001","LILLE-LESQUIN",50.57,3.0975,47,1959020818,"","","","",0.,1,"","","","","","","","","","","","","","","","","","","","","","","","","","","","","","",-3.1,1,-4.,1,"","","","","","","","","","","","","","","","","","","","","","","","","","",93,1,"","","","","","","","","","","","",4.5,1,1028.4,1,"","","","","","",9,1,"","","","","","","","","","","","","","","","","","","","","","","","","","","","","","","","",100,1,"","",49,1,4,1,"","","","","","","","","","","","","","","","","","","","","","","","","","","","","","","","","","","","","","","","","","","","","","","","","","","","","","","","","","","","","","","","","",""
"59343001","LILLE-LESQUIN",50.57,3.0975,47,1959020821,"","","","",0.,1,"","","","","","","","","","","","","","","","","","","","","","","","","","","","","","",-4.,1,-4.9,1,"","","","","","","","","","","","","","","","","","","","","","","","","","",92,1,"","","","","","","","","","","","",4.2,1,1029.3,1,"","","","","","",9,1,"","","","","","","","","","","","","","","","","","","","","","","","","","","","","","","","",100,1,"","",49,1,4,1,"","","","","","","","","","","","","","","","","","","","","","","","","","","","","","","","","","","","","","","","","","","","","","","","","","","","","","","","","","","","","","","","","",""
"59343001","LILLE-LESQUIN",50.57,3.0975,47,1959020900,"","","","",0.,1,"","","","","","","","","","","","","","","","","","","","","","","","","","","","","","",-4.,1,-4.9,1,"","","","","","","","","","","","","","","","","","","","","","","","","","",92,1,"","","","","","","","","","","","",4.2,1,1030.8,1,"","","","","","",9,1,"","","","","","","","","","","","","","","","","","","","","","","","","","","","","","","","",60,1,"","",49,1,4,1,"","","","","","","","","","","","","","","","","","","","","","","","","","","","","","","","","","","","","","","","","","","","","","","","","","","","","","","","","","","","","","","","","",""
"59343001","LILLE-LESQUIN",50.57,3.0975,47,1959020903,"","","","",0.,1,"","","","","","","","","","","","","","","","","","","","","","","","","","","","","","",-4.2,1,-4.9,1,"","","","","","","","","","","","","","","","","","","","","","","","","","",94,1,"","","","","","","","","","","","",4.2,1,1031.1,1,"","","","","","",9,1,"","","","","","","","","","","","","","","","","","","","","","","","","","","","","","","","",60,1,"","",49,1,4,1,"","","","","","","","","","","","","","","","","","","","","","","","","","","","","","","","","","","","","","","","","","","","","","","","","","","","","","","","","","","","","","","","","",""
"59343001","LILLE-LESQUIN",50.57,3.0975,47,1959020906,"","","","",0.,1,"","","","","","","","","","","","","","","","","","","","","","","","","","","","","","",-4.2,1,-5.2,1,"","","","","","","","","","","","","","","","","","","","","","","","","","",92,1,"","","","","","","","","","","","",4.1,1,1032.,1,"","","","","","",9,1,"","","","","","","","","","","","","","","","","","","","","","","","","","","","","","","","",60,1,"","",49,1,4,1,"","",0,1,"","","","","","","","","","","","","","","","","","","","","","","","","","","","","","","","","","","","","","","","","","","","","","","","","","","","","","","","","","","","","",""
"59343001","LILLE-LESQUIN",50.57,3.0975,47,1959020909,"","","","",0.,1,"","","","","","","","","","","","","","","","","","","","","","","","","","","","","","",-4.,1,-4.9,1,"","","","","","","","","","","","","","","","","","","","","","","","","","",92,1,"","","","","","","","","","","","",4.2,1,1032.4,1,"","","","","","",9,1,"","","","","","","","","","","","","","","","","","","","","","","","","","","","","","","","",100,1,"","",49,1,4,1,"","","","","","","","","","","","","","","","","","","","","","","","","","","","","","","","","","","","","","","","","","","","","","","","","","","","","","","","","","","","","","","","","",""
"59343001","LILLE-LESQUIN",50.57,3.0975,47,1959020912,"","","","",1.,1,"","","","","","","","","","","","","","","","","","","","","","","","","","","","","","",-2.7,1,-4.,1,"","","","","","","","","","","","","","","","","","","","","","","","","","",91,1,"","","","","","","","","","","","",4.5,1,1032.1,1,"","","","","","",8,1,8,1,6,1,"","","","","","","","","","","","","","","","","","","","","","","","","","","","",800,1,"","",48,1,4,1,"","","","","","","","","","","","","","","","","","","","","","","","","","","","","","","","","","","","","","","","","","","","","","","","","","","","","","","","","","","","","","","","","",""
"59343001","LILLE-LESQUIN",50.57,3.0975,47,1959020915,"","","","",0.,1,"","","","","","","","","","","","","","","","","","","","","","","","","","","","","","",-1.2,1,-2.1,1,"","","","","","","","","","","","","","","","","","","","","","","","","","",92,1,"","","","","","","","","","","","",5.2,1,1031.5,1,"","","","","","",8,1,8,1,5,1,"","","","","","","","","","","","","","","","","","","","","","","","","","","","",1100,1,"","",10,1,4,1,"","","","","","","","","","","","","","","","","","","","","","","","","","","","","","","","","","","","","","","","","","","","","","","","","","","","","","","","","","","","","","","","","",""
"59343001","LILLE-LESQUIN",50.57,3.0975,47,1959020918,"","","","",0.,1,"","","","","","","","","","","","","","","","","","","","","","","","","","","","","","",-1.2,1,-2.1,1,"","","","","","","","","","","","","","","","","","","","","","","","","","",92,1,"","","","","","","","","","","","",5.2,1,1031.9,1,"","","","","","",6,1,5,1,5,1,5,1,0,1,"","","","","","","","","","","","","","","","","","","","","","","","",800,1,"","",44,1,4,1,"","","","","","","","","","","","","","","","","","","","","","","","","","","","","","","","","","","","","","","","","","","","","","","","","","","","","","","","","","","","","","","","","",""
"59343001","LILLE-LESQUIN",50.57,3.0975,47,1959020921,"","","","",0.,1,"","","","","","","","","","","","","","","","","","","","","","","","","","","","","","",-0.4,1,-1.4,1,"","","","","","","","","","","","","","","","","","","","","","","","","","",93,1,"","","","","","","","","","","","",5.5,1,1031.9,1,"","","","","","",8,1,8,1,5,1,"","","","","","","","","","","","","","","","","","","","","","","","","","","","",800,1,"","",44,1,4,1,"","","","","","","","","","","","","","","","","","","","","","","","","","","","","","","","","","","","","","","","","","","","","","","","","","","","","","","","","","","","","","","","","",""
"59343001","LILLE-LESQUIN",50.57,3.0975,47,1959021000,"","","","",0.,1,"","","","","","","","","","","","","","","","","","","","","","","","","","","","","","",0.1,1,-0.5,1,"","","","","","","","","","","","","","","","","","","","","","","","","","",96,1,"","","","","","","","","","","","",5.9,1,1031.8,1,"","","","","","",8,1,8,1,6,1,"","","","","","","","","","","","","","","","","","","","","","","","","","","","",800,1,"","",44,1,4,1,"","","","","","","","","","","","","","","","","","","","","","","","","","","","","","","","","","","","","","","","","","","","","","","","","","","","","","","","","","","","","","","","","",""
"59343001","LILLE-LESQUIN",50.57,3.0975,47,1959021003,"","","","",2.,1,"","","","","","","","","","","","","","","","","","","","","","","","","","","","","","",1.,1,0.6,1,"","","","","","","","","","","","","","","","","","","","","","","","","","",98,1,"","","","","","","","","","","","",6.4,1,1031.1,1,"","","","","","",8,1,8,1,6,1,"","","","","","","","","","","","","","","","","","","","","","","","","","","","",800,1,"","",44,1,4,1,"","","","","","","","","","","","","","","","","","","","","","","","","","","","","","","","","","","","","","","","","","","","","","","","","","","","","","","","","","","","","","","","","",""
"59343001","LILLE-LESQUIN",50.57,3.0975,47,1959021006,"","","","",1.,1,"","","","","","","","","","","","","","","","","","","","","","","","","","","","","","",1.4,1,1.,1,"","","","","","","","","","","","","","","","","","","","","","","","","","",98,1,"","","","","","","","","","","","",6.6,1,1032.1,1,"","","","","","",8,1,8,1,6,1,"","","","","","","","","","","","","","","","","","","","","","","","","","","","",600,1,"","",46,1,4,1,"","",0,1,"","","","","","","","","","","","","","","","","","","","","","","","","","","","","","","","","","","","","","","","","","","","","","","","","","","","","","","","","","","","","",""
"59343001","LILLE-LESQUIN",50.57,3.0975,47,1959021009,"","","","",1.,1,"","","","","","","","","","","","","","","","","","","","","","","","","","","","","","",2.1,1,1.4,1,"","","","","","","","","","","","","","","","","","","","","","","","","","",96,1,"","","","","","","","","","","","",6.8,1,1033.1,1,"","","","","","",8,1,5,1,6,1,"","","","","","","","","","","","","","","","","","","","","","","","","","","","",400,1,"","",44,1,4,1,"","","","","","","","","","","","","","","","","","","","","","","","","","","","","","","","","","","","","","","","","","","","","","","","","","","","","","","","","","","","","","","","","",""
"59343001","LILLE-LESQUIN",50.57,3.0975,47,1959021012,"","","","",2.,1,"","","","","","","","","","","","","","","","","","","","","","","","","","","","","","",4.1,1,3.3,1,"","","","","","","","","","","","","","","","","","","","","","","","","","",95,1,"","","","","","","","","","","","",7.8,1,1034.3,1,"","","","","","",8,1,8,1,6,1,"","","","","","","","","","","","","","","","","","","","","","","","","","","","",400,1,"","",44,1,6,1,"","","","","","","","","","","","","","","","","","","","","","","","","","","","","","","","","","","","","","","","","","","","","","","","","","","","","","","","","","","","","","","","","",""
"59343001","LILLE-LESQUIN",50.57,3.0975,47,1959021015,"","","","",2.,1,"","","","","","","","","","","","","","","","","","","","","","","","","","","","","","",4.6,1,1.4,1,"","","","","","","","","","","","","","","","","","","","","","","","","","","","","","","","","","","","","","","","",6.8,1,1034.2,1,"","","","","","",8,1,8,1,5,1,"","","","","","","","","","","","","","","","","","","","","","","","","","","","",600,1,"","",44,1,4,1,"","","","","","","","","","","","","","","","","","","","","","","","","","","","","","","","","","","","","","","","","","","","","","","","","","","","","","","","","","","","","","","","","",""
"59343001","LILLE-LESQUIN",50.57,3.0975,47,1959021018,"","","","",4.,1,"","","","","","","","","","","","","","","","","","","","","","","","","","","","","","",0.4,1,-1.4,1,"","","","","","","","","","","","","","","","","","","","","","","","","","","","","","","","","","","","","","","","",5.5,1,1035.9,1,"","","","","","",8,1,6,1,5,1,"","","","","","","","","","","","","","","","","","","","","","","","","","","","",800,1,"","",42,1,4,1,"","","","","","","","","","","","","","","","","","","","","","","","","","","","","","","","","","","","","","","","","","","","","","","","","","","","","","","","","","","","","","","","","",""
"59343001","LILLE-LESQUIN",50.57,3.0975,47,1959021021,"","","","",4.,1,"","","","","","","","","","","","","","","","","","","","","","","","","","","","","","",-0.6,1,-1.9,1,"","","","","","","","","","","","","","","","","","","","","","","","","","",92,1,"","","","","","","","","","","","",5.3,1,1036.8,1,"","","","","","",9,1,"","","","","","","","","","","","","","","","","","","","","","","","","","","","","","","","",200,1,"","",47,1,4,1,"","","","","","","","","","","","","","","","","","","","","","","","","","","","","","","","","","","","","","","","","","","","","","","","","","","","","","","","","","","","","","","","","",""
"59343001","LILLE-LESQUIN",50.57,3.0975,47,1959021100,"","","","",4.,1,"","","","","","","","","","","","","","","","","","","","","","","","","","","","","","",-1.2,1,-1.6,1,"","","","","","","","","","","","","","","","","","","","","","","","","","",97,1,"","","","","","","","","","","","",5.4,1,1036.8,1,"","","","","","",9,1,"","","","","","","","","","","","","","","","","","","","","","","","","","","","","","","","",200,1,"","",45,1,4,1,"","","","","","","","","","","","","","","","","","","","","","","","","","","","","","","","","","","","","","","","","","","","","","","","","","","","","","","","","","","","","","","","","",""
"59343001","LILLE-LESQUIN",50.57,3.0975,47,1959021103,"","","","",5.,1,"","","","","","","","","","","","","","","","","","","","","","","","","","","","","","",-1.4,1,-2.4,1,"","","","","","","","","","","","","","","","","","","","","","","","","","",93,1,"","","","","","","","","","","","",5.1,1,1036.1,1,"","","","","","",9,1,"","","","","","","","","","","","","","","","","","","","","","","","","","","","","","","","",200,1,"","",45,1,4,1,"","","","","","","","","","","","","","","","","","","","","","","","","","","","","","","","","","","","","","","","","","","","","","","","","","","","","","","","","","","","","","","","","",""
"59343001","LILLE-LESQUIN",50.57,3.0975,47,1959021106,"","","","",3.,1,"","","","","","","","","","","","","","","","","","","","","","","","","","","","","","",-2.2,1,-3.7,1,"","","","","","","","","","","","","","","","","","","","","","","","","","",90,1,"","","","","","","","","","","","",4.6,1,1035.7,1,"","","","","","",8,1,8,1,6,1,"","","","","","","","","","","","","","","","","","","","","","","","","","","","",900,1,"","",46,1,4,1,"","",0,1,"","","","","","","","","","","","","","","","","","","","","","","","","","","","","","","","","","","","","","","","","","","","","","","","","","","","","","","","","","","","","",""
"59343001","LILLE-LESQUIN",50.57,3.0975,47,1959021109,"","","","",3.,1,"","","","","","","","","","","","","","","","","","","","","","","","","","","","","","",-2.1,1,-3.2,1,"","","","","","","","","","","","","","","","","","","","","","","","","","",92,1,"","","","","","","","","","","","",4.8,1,1035.7,1,"","","","","","",9,1,"","","","","","","","","","","","","","","","","","","","","","","","","","","","","","","","",400,1,"","",49,1,4,1,"","","","","","","","","","","","","","","","","","","","","","","","","","","","","","","","","","","","","","","","","","","","","","","","","","","","","","","","","","","","","","","","","",""
"59343001","LILLE-LESQUIN",50.57,3.0975,47,1959021112,"","","","",2.,1,"","","","","","","","","","","","","","","","","","","","","","","","","","","","","","",-1.1,1,-2.1,1,"","","","","","","","","","","","","","","","","","","","","","","","","","",93,1,"","","","","","","","","","","","",5.2,1,1034.8,1,"","","","","","",8,1,8,1,6,1,"","","","","","","","","","","","","","","","","","","","","","","","","","","","",1800,1,"","",10,1,4,1,"","","","","","","","","","","","","","","","","","","","","","","","","","","","","","","","","","","","","","","","","","","","","","","","","","","","","","","","","","","","","","","","","",""
"59343001","LILLE-LESQUIN",50.57,3.0975,47,1959021115,"","","","",2.,1,"","","","","","","","","","","","","","","","","","","","","","","","","","","","","","",-0.7,1,-1.6,1,"","","","","","","","","","","","","","","","","","","","","","","","","","",93,1,"","","","","","","","","","","","",5.4,1,1033.2,1,"","","","","","",9,1,"","","","","","","","","","","","","","","","","","","","","","","","","","","","","","","","",600,1,"","",49,1,2,1,"","","","","","","","","","","","","","","","","","","","","","","","","","","","","","","","","","","","","","","","","","","","","","","","","","","","","","","","","","","","","","","","","",""
"59343001","LILLE-LESQUIN",50.57,3.0975,47,1959021118,"","","","",2.,1,"","","","","","","","","","","","","","","","","","","","","","","","","","","","","","",-0.8,1,-1.6,1,"","","","","","","","","","","","","","","","","","","","","","","","","","",93,1,"","","","","","","","","","","","",5.4,1,1033.1,1,"","","","","","",9,1,"","","","","","","","","","","","","","","","","","","","","","","","","","","","","","","","",600,1,"","",49,1,4,1,"","","","","","","","","","","","","","","","","","","","","","","","","","","","","","","","","","","","","","","","","","","","","","","","","","","","","","","","","","","","","","","","","",""
"59343001","LILLE-LESQUIN",50.57,3.0975,47,1959021121,"","","","",3.,1,"","","","","","","","","","","","","","","","","","","","","","","","","","","","","","",-0.7,1,-1.6,1,"","","","","","","","","","","","","","","","","","","","","","","","","","",93,1,"","","","","","","","","","","","",5.4,1,1032.6,1,"","","","","","",9,1,"","","","","","","","","","","","","","","","","","","","","","","","","","","","","","","","",700,1,"","",49,1,4,1,"","","","","","","","","","","","","","","","","","","","","","","","","","","","","","","","","","","","","","","","","","","","","","","","","","","","","","","","","","","","","","","","","",""
"59343001","LILLE-LESQUIN",50.57,3.0975,47,1959021200,"","","","",1.,1,"","","","","","","","","","","","","","","","","","","","","","","","","","","","","","",-0.6,1,-1.4,1,"","","","","","","","","","","","","","","","","","","","","","","","","","",93,1,"","","","","","","","","","","","",5.5,1,1032.2,1,"","","","","","",9,1,"","","","","","","","","","","","","","","","","","","","","","","","","","","","","","","","",700,1,"","",49,1,4,1,"","","","","","","","","","","","","","","","","","","","","","","","","","","","","","","","","","","","","","","","","","","","","","","","","","","","","","","","","","","","","","","","","",""
"59343001","LILLE-LESQUIN",50.57,3.0975,47,1959021203,"","","","",1.,1,"","","","","","","","","","","","","","","","","","","","","","","","","","","","","","",-0.3,1,-1.2,1,"","","","","","","","","","","","","","","","","","","","","","","","","","",94,1,"","","","","","","","","","","","",5.6,1,1031.5,1,"","","","","","",9,1,"","","","","","","","","","","","","","","","","","","","","","","","","","","","","","","","",700,1,"","",49,1,4,1,"","","","","","","","","","","","","","","","","","","","","","","","","","","","","","","","","","","","","","","","","","","","","","","","","","","","","","","","","","","","","","","","","",""
"59343001","LILLE-LESQUIN",50.57,3.0975,47,1959021206,"","","","",0.,1,"","","","","","","","","","","","","","","","","","","","","","","","","","","","","","",-0.2,1,-0.7,1,"","","","","","","","","","","","","","","","","","","","","","","","","","",96,1,"","","","","","","","","","","","",5.8,1,1030.7,1,"","","","","","",9,1,"","","","","","","","","","","","","","","","","","","","","","","","","","","","","","","","",400,1,"","",45,1,4,1,"","",0,1,"","","","","","","","","","","","","","","","","","","","","","","","","","","","","","","","","","","","","","","","","","","","","","","","","","","","","","","","","","","","","",""
"59343001","LILLE-LESQUIN",50.57,3.0975,47,1959021209,"","","","",0.,1,"","","","","","","","","","","","","","","","","","","","","","","","","","","","","","",0.,1,-0.7,1,"","","","","","","","","","","","","","","","","","","","","","","","","","",96,1,"","","","","","","","","","","","",5.8,1,1032.,1,"","","","","","",9,1,"","","","","","","","","","","","","","","","","","","","","","","","","","","","","","","","",60,1,"","",45,1,4,1,"","","","","","","","","","","","","","","","","","","","","","","","","","","","","","","","","","","","","","","","","","","","","","","","","","","","","","","","","","","","","","","","","",""
"59343001","LILLE-LESQUIN",50.57,3.0975,47,1959021212,"","","","",2.,1,"","","","","","","","","","","","","","","","","","","","","","","","","","","","","","",0.4,1,-0.7,1,"","","","","","","","","","","","","","","","","","","","","","","","","","",92,1,"","","","","","","","","","","","",5.8,1,1033.,1,"","","","","","",8,1,8,1,6,1,"","","","","","","","","","","","","","","","","","","","","","","","","","","","",400,1,"","",44,1,4,1,"","","","","","","","","","","","","","","","","","","","","","","","","","","","","","","","","","","","","","","","","","","","","","","","","","","","","","","","","","","","","","","","","",""
"59343001","LILLE-LESQUIN",50.57,3.0975,47,1959021215,"","","","",1.,1,"","","","","","","","","","","","","","","","","","","","","","","","","","","","","","",0.8,1,0.2,1,"","","","","","","","","","","","","","","","","","","","","","","","","","",96,1,"","","","","","","","","","","","",6.2,1,1032.6,1,"","","","","","",8,1,8,1,6,1,"","","","","","","","","","","","","","","","","","","","","","","","","","","","",600,1,"","",44,1,4,1,"","","","","","","","","","","","","","","","","","","","","","","","","","","","","","","","","","","","","","","","","","","","","","","","","","","","","","","","","","","","","","","","","",""
"59343001","LILLE-LESQUIN",50.57,3.0975,47,1959021218,"","","","",2.,1,"","","","","","","","","","","","","","","","","","","","","","","","","","","","","","",0.2,1,-0.5,1,"","","","","","","","","","","","","","","","","","","","","","","","","","",96,1,"","","","","","","","","","","","",5.9,1,1033.5,1,"","","","","","",8,1,8,1,6,1,"","","","","","","","","","","","","","","","","","","","","","","","","","","","",500,1,"","",44,1,4,1,"","","","","","","","","","","","","","","","","","","","","","","","","","","","","","","","","","","","","","","","","","","","","","","","","","","","","","","","","","","","","","","","","",""
"59343001","LILLE-LESQUIN",50.57,3.0975,47,1959021221,"","","","",2.,1,"","","","","","","","","","","","","","","","","","","","","","","","","","","","","","",0.2,1,-0.5,1,"","","","","","","","","","","","","","","","","","","","","","","","","","",96,1,"","","","","","","","","","","","",5.9,1,1034.3,1,"","","","","","",9,1,"","","","","","","","","","","","","","","","","","","","","","","","","","","","","","","","",100,1,"","",47,1,4,1,"","","","","","","","","","","","","","","","","","","","","","","","","","","","","","","","","","","","","","","","","","","","","","","","","","","","","","","","","","","","","","","","","",""
"59343001","LILLE-LESQUIN",50.57,3.0975,47,1959021300,"","","","",2.,1,"","","","","","","","","","","","","","","","","","","","","","","","","","","","","","",-0.3,1,-0.9,1,"","","","","","","","","","","","","","","","","","","","","","","","","","",96,1,"","","","","","","","","","","","",5.7,1,1034.6,1,"","","","","","",9,1,"","","","","","","","","","","","","","","","","","","","","","","","","","","","","","","","",100,1,"","",45,1,4,1,"","","","","","","","","","","","","","","","","","","","","","","","","","","","","","","","","","","","","","","","","","","","","","","","","","","","","","","","","","","","","","","","","",""
"59343001","LILLE-LESQUIN",50.57,3.0975,47,1959021303,"","","","",0.,1,"","","","","","","","","","","","","","","","","","","","","","","","","","","","","","",-0.8,1,-1.2,1,"","","","","","","","","","","","","","","","","","","","","","","","","","",97,1,"","","","","","","","","","","","",5.6,1,1034.8,1,"","","","","","",9,1,"","","","","","","","","","","","","","","","","","","","","","","","","","","","","","","","",50,1,"","",49,1,4,1,"","","","","","","","","","","","","","","","","","","","","","","","","","","","","","","","","","","","","","","","","","","","","","","","","","","","","","","","","","","","","","","","","",""
"59343001","LILLE-LESQUIN",50.57,3.0975,47,1959021306,"","","","",0.,1,"","","","","","","","","","","","","","","","","","","","","","","","","","","","","","",-1.4,1,-1.9,1,"","","","","","","","","","","","","","","","","","","","","","","","","","",97,1,"","","","","","","","","","","","",5.3,1,1035.9,1,"","","","","","",9,1,"","","","","","","","","","","","","","","","","","","","","","","","","","","","","","","","",60,1,"","",49,1,4,1,"","",0,1,"","","","","","","","","","","","","","","","","","","","","","","","","","","","","","","","","","","","","","","","","","","","","","","","","","","","","","","","","","","","","",""
"59343001","LILLE-LESQUIN",50.57,3.0975,47,1959021309,"","","","",0.,1,"","","","","","","","","","","","","","","","","","","","","","","","","","","","","","",-1.8,1,-2.7,1,"","","","","","","","","","","","","","","","","","","","","","","","","","",94,1,"","","","","","","","","","","","",5.,1,1038.1,1,"","","","","","",9,1,"","","","","","","","","","","","","","","","","","","","","","","","","","","","","","","","",100,1,"","",45,1,4,1,"","","","","","","","","","","","","","","","","","","","","","","","","","","","","","","","","","","","","","","","","","","","","","","","","","","","","","","","","","","","","","","","","",""
"59343001","LILLE-LESQUIN",50.57,3.0975,47,1959021312,"","","","",0.,1,"","","","","","","","","","","","","","","","","","","","","","","","","","","","","","",-0.9,1,-1.9,1,"","","","","","","","","","","","","","","","","","","","","","","","","","",93,1,"","","","","","","","","","","","",5.3,1,1039.,1,"","","","","","",9,1,"","","","","","","","","","","","","","","","","","","","","","","","","","","","","","","","",200,1,"","",43,1,4,1,"","","","","","","","","","","","","","","","","","","","","","","","","","","","","","","","","","","","","","","","","","","","","","","","","","","","","","","","","","","","","","","","","",""
"59343001","LILLE-LESQUIN",50.57,3.0975,47,1959021315,"","","","",0.,1,"","","","","","","","","","","","","","","","","","","","","","","","","","","","","","",-0.5,1,-1.4,1,"","","","","","","","","","","","","","","","","","","","","","","","","","",93,1,"","","","","","","","","","","","",5.5,1,1039.2,1,"","","","","","",8,1,8,1,6,1,"","","","","","","","","","","","","","","","","","","","","","","","","","","","",800,1,"","",42,1,4,1,"","","","","","","","","","","","","","","","","","","","","","","","","","","","","","","","","","","","","","","","","","","","","","","","","","","","","","","","","","","","","","","","","",""
"59343001","LILLE-LESQUIN",50.57,3.0975,47,1959021318,"","","","",0.,1,"","","","","","","","","","","","","","","","","","","","","","","","","","","","","","",-1.,1,-1.9,1,"","","","","","","","","","","","","","","","","","","","","","","","","","",93,1,"","","","","","","","","","","","",5.3,1,1040.4,1,"","","","","","",9,1,"","","","","","","","","","","","","","","","","","","","","","","","","","","","","","","","",300,1,"","",45,1,4,1,"","","","","","","","","","","","","","","","","","","","","","","","","","","","","","","","","","","","","","","","","","","","","","","","","","","","","","","","","","","","","","","","","",""
"59343001","LILLE-LESQUIN",50.57,3.0975,47,1959021321,"","","","",0.,1,"","","","","","","","","","","","","","","","","","","","","","","","","","","","","","",-1.4,1,-2.9,1,"","","","","","","","","","","","","","","","","","","","","","","","","","",90,1,"","","","","","","","","","","","",4.9,1,1041.5,1,"","","","","","",9,1,"","","","","","","","","","","","","","","","","","","","","","","","","","","","","","","","",60,1,"","",45,1,4,1,"","","","","","","","","","","","","","","","","","","","","","","","","","","","","","","","","","","","","","","","","","","","","","","","","","","","","","","","","","","","","","","","","",""
"59343001","LILLE-LESQUIN",50.57,3.0975,47,1959021400,"","","","",0.,1,"","","","","","","","","","","","","","","","","","","","","","","","","","","","","","",-1.8,1,-2.9,1,"","","","","","","","","","","","","","","","","","","","","","","","","","",92,1,"","","","","","","","","","","","",4.9,1,1041.6,1,"","","","","","",9,1,"","","","","","","","","","","","","","","","","","","","","","","","","","","","","","","","",40,1,"","",45,1,4,1,"","","","","","","","","","","","","","","","","","","","","","","","","","","","","","","","","","","","","","","","","","","","","","","","","","","","","","","","","","","","","","","","","",""
"59343001","LILLE-LESQUIN",50.57,3.0975,47,1959021403,"","","","",0.,1,"","","","","","","","","","","","","","","","","","","","","","","","","","","","","","",-1.4,1,-2.9,1,"","","","","","","","","","","","","","","","","","","","","","","","","","",90,1,"","","","","","","","","","","","",4.9,1,1041.9,1,"","","","","","",9,1,"","","","","","","","","","","","","","","","","","","","","","","","","","","","","","","","",40,1,"","",45,1,4,1,"","","","","","","","","","","","","","","","","","","","","","","","","","","","","","","","","","","","","","","","","","","","","","","","","","","","","","","","","","","","","","","","","",""
"59343001","LILLE-LESQUIN",50.57,3.0975,47,1959021406,"","","","",0.,1,"","","","","","","","","","","","","","","","","","","","","","","","","","","","","","",-1.4,1,-2.9,1,"","","","","","","","","","","","","","","","","","","","","","","","","","",90,1,"","","","","","","","","","","","",4.9,1,1041.7,1,"","","","","","",9,1,"","","","","","","","","","","","","","","","","","","","","","","","","","","","","","","","",80,1,"","",45,1,4,1,"","",0,1,"","","","","","","","","","","","","","","","","","","","","","","","","","","","","","","","","","","","","","","","","","","","","","","","","","","","","","","","","","","","","",""
"59343001","LILLE-LESQUIN",50.57,3.0975,47,1959021409,"","","","",3.,1,"","","","","","","","","","","","","","","","","","","","","","","","","","","","","","",-1.3,1,-2.4,1,"","","","","","","","","","","","","","","","","","","","","","","","","","",92,1,"","","","","","","","","","","","",5.1,1,1042.3,1,"","","","","","",9,1,"","","","","","","","","","","","","","","","","","","","","","","","","","","","","","","","",150,1,"","",49,1,4,1,"","","","","","","","","","","","","","","","","","","","","","","","","","","","","","","","","","","","","","","","","","","","","","","","","","","","","","","","","","","","","","","","","",""
"59343001","LILLE-LESQUIN",50.57,3.0975,47,1959021412,"","","","",0.,1,"","","","","","","","","","","","","","","","","","","","","","","","","","","","","","",1.,1,0.,1,"","","","","","","","","","","","","","","","","","","","","","","","","","",92,1,"","","","","","","","","","","","",6.1,1,1042.5,1,"","","","","","",3,1,0,1,6,1,0,1,0,1,"","","","","","","","","","","","","","","","","","","","","","","","",400,1,"","",42,1,4,1,"","","","","","","","","","","","","","","","","","","","","","","","","","","","","","","","","","","","","","","","","","","","","","","","","","","","","","","","","","","","","","","","","",""
"59343001","LILLE-LESQUIN",50.57,3.0975,47,1959021415,"","","","",2.,1,"","","","","","","","","","","","","","","","","","","","","","","","","","","","","","",5.4,1,1.2,1,"","","","","","","","","","","","","","","","","","","","","","","","","","",76,1,"","","","","","","","","","","","",6.7,1,1041.4,1,"","","","","","",0,1,"","",0,1,0,1,0,1,"","","","","","","","","","","","","","","","","","","","","","","","",1400,1,"","",10,1,4,1,"","","","","","","","","","","","","","","","","","","","","","","","","","","","","","","","","","","","","","","","","","","","","","","","","","","","","","","","","","","","","","","","","",""
"59343001","LILLE-LESQUIN",50.57,3.0975,47,1959021418,"","","","",0.,1,"","","","","","","","","","","","","","","","","","","","","","","","","","","","","","",-0.6,1,-1.4,1,"","","","","","","","","","","","","","","","","","","","","","","","","","",94,1,"","","","","","","","","","","","",5.5,1,1042.4,1,"","","","","","",9,1,"","","","","","","","","","","","","","","","","","","","","","","","","","","","","","","","",50,1,"","",47,1,4,1,"","","","","","","","","","","","","","","","","","","","","","","","","","","","","","","","","","","","","","","","","","","","","","","","","","","","","","","","","","","","","","","","","",""
"59343001","LILLE-LESQUIN",50.57,3.0975,47,1959021421,"","","","",0.,1,"","","","","","","","","","","","","","","","","","","","","","","","","","","","","","",-1.2,1,-2.4,1,"","","","","","","","","","","","","","","","","","","","","","","","","","",91,1,"","","","","","","","","","","","",5.1,1,1043.5,1,"","","","","","",9,1,"","","","","","","","","","","","","","","","","","","","","","","","","","","","","","","","",70,1,"","",45,1,4,1,"","","","","","","","","","","","","","","","","","","","","","","","","","","","","","","","","","","","","","","","","","","","","","","","","","","","","","","","","","","","","","","","","",""
"59343001","LILLE-LESQUIN",50.57,3.0975,47,1959021500,"","","","",0.,1,"","","","","","","","","","","","","","","","","","","","","","","","","","","","","","",-1.6,1,-3.2,1,"","","","","","","","","","","","","","","","","","","","","","","","","","","","","","","","","","","","","","","","",4.8,1,1044.,1,"","","","","","",9,1,"","","","","","","","","","","","","","","","","","","","","","","","","","","","","","","","",70,1,"","",45,1,4,1,"","","","","","","","","","","","","","","","","","","","","","","","","","","","","","","","","","","","","","","","","","","","","","","","","","","","","","","","","","","","","","","","","",""
"59343001","LILLE-LESQUIN",50.57,3.0975,47,1959021503,"","","","",0.,1,"","","","","","","","","","","","","","","","","","","","","","","","","","","","","","",-2.2,1,-2.9,1,"","","","","","","","","","","","","","","","","","","","","","","","","","",96,1,"","","","","","","","","","","","",4.9,1,1044.4,1,"","","","","","",9,1,"","","","","","","","","","","","","","","","","","","","","","","","","","","","","","","","",100,1,"","",45,1,4,1,"","","","","","","","","","","","","","","","","","","","","","","","","","","","","","","","","","","","","","","","","","","","","","","","","","","","","","","","","","","","","","","","","",""
"59343001","LILLE-LESQUIN",50.57,3.0975,47,1959021506,"","","","",0.,1,"","","","","","","","","","","","","","","","","","","","","","","","","","","","","","",-2.3,1,-3.5,1,"","","","","","","","","","","","","","","","","","","","","","","","","","",91,1,"","","","","","","","","","","","",4.7,1,1044.3,1,"","","","","","",9,1,"","","","","","","","","","","","","","","","","","","","","","","","","","","","","","","","",80,1,"","",49,1,4,1,"","",0,1,"","","","","","","","","","","","","","","","","","","","","","","","","","","","","","","","","","","","","","","","","","","","","","","","","","","","","","","","","","","","","",""
"59343001","LILLE-LESQUIN",50.57,3.0975,47,1959021509,"","","","",0.,1,"","","","","","","","","","","","","","","","","","","","","","","","","","","","","","",-2.4,1,-3.2,1,"","","","","","","","","","","","","","","","","","","","","","","","","","",93,1,"","","","","","","","","","","","",4.8,1,1045.6,1,"","","","","","",9,1,"","","","","","","","","","","","","","","","","","","","","","","","","","","","","","","","",100,1,"","",49,1,4,1,"","","","","","","","","","","","","","","","","","","","","","","","","","","","","","","","","","","","","","","","","","","","","","","","","","","","","","","","","","","","","","","","","",""
"59343001","LILLE-LESQUIN",50.57,3.0975,47,1959021512,"","","","",3.,1,"","","","","","","","","","","","","","","","","","","","","","","","","","","","","","",1.3,1,0.4,1,"","","","","","","","","","","","","","","","","","","","","","","","","","",94,1,"","","","","","","","","","","","",6.3,1,1045.5,1,"","","","","","",2,1,0,1,6,1,0,1,1,1,"","","","","","","","","","","","","","","","","","","","","","","","",400,1,"","",44,1,4,1,"","","","","","","","","","","","","","","","","","","","","","","","","","","","","","","","","","","","","","","","","","","","","","","","","","","","","","","","","","","","","","","","","",""
"59343001","LILLE-LESQUIN",50.57,3.0975,47,1959021515,"","","","",3.,1,"","","","","","","","","","","","","","","","","","","","","","","","","","","","","","",8.,1,2.4,1,"","","","","","","","","","","","","","","","","","","","","","","","","","",68,1,"","","","","","","","","","","","",7.3,1,1044.6,1,"","","","","","",5,1,5,1,0,1,4,1,2,1,"","","","","","","","","","","","","","","","","","","","","","","","",2500,1,"","",10,1,4,1,"","","","","","","","","","","","","","","","","","","","","","","","","","","","","","","","","","","","","","","","","","","","","","","","","","","","","","","","","","","","","","","","","",""
"59343001","LILLE-LESQUIN",50.57,3.0975,47,1959021518,"","","","",2.,1,"","","","","","","","","","","","","","","","","","","","","","","","","","","","","","",3.,1,0.,1,"","","","","","","","","","","","","","","","","","","","","","","","","","",81,1,"","","","","","","","","","","","",6.1,1,1045.3,1,"","","","","","",2,1,0,1,0,1,3,1,2,1,"","","","","","","","","","","","","","","","","","","","","","","","",1800,1,"","",10,1,4,1,"","","","","","","","","","","","","","","","","","","","","","","","","","","","","","","","","","","","","","","","","","","","","","","","","","","","","","","","","","","","","","","","","",""
"59343001","LILLE-LESQUIN",50.57,3.0975,47,1959021521,"","","","",0.,1,"","","","","","","","","","","","","","","","","","","","","","","","","","","","","","",0.7,1,-0.9,1,"","","","","","","","","","","","","","","","","","","","","","","","","","",88,1,"","","","","","","","","","","","",5.7,1,1045.5,1,"","","","","","",0,1,"","",0,1,0,1,0,1,"","","","","","","","","","","","","","","","","","","","","","","","",2000,1,"","",10,1,0,1,"","","","","","","","","","","","","","","","","","","","","","","","","","","","","","","","","","","","","","","","","","","","","","","","","","","","","","","","","","","","","","","","","",""
"59343001","LILLE-LESQUIN",50.57,3.0975,47,1959021600,"","","","",0.,1,"","","","","","","","","","","","","","","","","","","","","","","","","","","","","","",0.,1,-1.9,1,"","","","","","","","","","","","","","","","","","","","","","","","","","",88,1,"","","","","","","","","","","","",5.3,1,1045.2,1,"","","","","","",0,1,"","",0,1,0,1,0,1,"","","","","","","","","","","","","","","","","","","","","","","","",4000,1,"","",10,1,0,1,"","","","","","","","","","","","","","","","","","","","","","","","","","","","","","","","","","","","","","","","","","","","","","","","","","","","","","","","","","","","","","","","","",""
"59343001","LILLE-LESQUIN",50.57,3.0975,47,1959021603,"","","","",1.,1,"","","","","","","","","","","","","","","","","","","","","","","","","","","","","","",-0.6,1,-1.9,1,"","","","","","","","","","","","","","","","","","","","","","","","","","",92,1,"","","","","","","","","","","","",5.3,1,1045.,1,"","","","","","",0,1,"","",0,1,0,1,0,1,"","","","","","","","","","","","","","","","","","","","","","","","",2500,1,"","",10,1,0,1,"","","","","","","","","","","","","","","","","","","","","","","","","","","","","","","","","","","","","","","","","","","","","","","","","","","","","","","","","","","","","","","","","",""
"59343001","LILLE-LESQUIN",50.57,3.0975,47,1959021606,"","","","",1.,1,"","","","","","","","","","","","","","","","","","","","","","","","","","","","","","",-1.3,1,-2.4,1,"","","","","","","","","","","","","","","","","","","","","","","","","","",93,1,"","","","","","","","","","","","",5.1,1,1045.2,1,"","","","","","",0,1,"","",0,1,0,1,0,1,"","","","","","","","","","","","","","","","","","","","","","","","",1800,1,"","",10,1,0,1,"","",0,1,"","","","","","","","","","","","","","","","","","","","","","","","","","","","","","","","","","","","","","","","","","","","","","","","","","","","","","","","","","","","","",""
"59343001","LILLE-LESQUIN",50.57,3.0975,47,1959021609,"","","","",1.,1,"","","","","","","","","","","","","","","","","","","","","","","","","","","","","","",1.1,1,-1.9,1,"","","","","","","","","","","","","","","","","","","","","","","","","","","","","","","","","","","","","","","","",5.3,1,1045.7,1,"","","","","","",1,1,0,1,0,1,0,1,1,1,"","","","","","","","","","","","","","","","","","","","","","","","",900,1,"","",44,1,4,1,"","","","","","","","","","","","","","","","","","","","","","","","","","","","","","","","","","","","","","","","","","","","","","","","","","","","","","","","","","","","","","","","","",""
"59343001","LILLE-LESQUIN",50.57,3.0975,47,1959021612,"","","","",1.,1,"","","","","","","","","","","","","","","","","","","","","","","","","","","","","","",9.7,1,2.6,1,"","","","","","","","","","","","","","","","","","","","","","","","","","",61,1,"","","","","","","","","","","","",7.4,1,1045.8,1,"","","","","","",1,1,0,1,0,1,0,1,1,1,"","","","","","","","","","","","","","","","","","","","","","","","",1100,1,"","",28,1,4,1,"","","","","","","","","","","","","","","","","","","","","","","","","","","","","","","","","","","","","","","","","","","","","","","","","","","","","","","","","","","","","","","","","",""
"59343001","LILLE-LESQUIN",50.57,3.0975,47,1959021615,"","","","",0.,1,"","","","","","","","","","","","","","","","","","","","","","","","","","","","","","",11.7,1,2.6,1,"","","","","","","","","","","","","","","","","","","","","","","","","","",54,1,"","","","","","","","","","","","",7.4,1,1045.,1,"","","","","","",2,1,0,1,0,1,0,1,1,1,"","","","","","","","","","","","","","","","","","","","","","","","",3500,1,"","",10,1,0,1,"","","","","","","","","","","","","","","","","","","","","","","","","","","","","","","","","","","","","","","","","","","","","","","","","","","","","","","","","","","","","","","","","",""
"59343001","LILLE-LESQUIN",50.57,3.0975,47,1959021618,"","","","",3.,1,"","","","","","","","","","","","","","","","","","","","","","","","","","","","","","",3.2,1,1.,1,"","","","","","","","","","","","","","","","","","","","","","","","","","","","","","","","","","","","","","","","",6.6,1,1045.7,1,"","","","","","",3,1,0,1,0,1,0,1,1,1,"","","","","","","","","","","","","","","","","","","","","","","","",800,1,"","",46,1,2,1,"","","","","","","","","","","","","","","","","","","","","","","","","","","","","","","","","","","","","","","","","","","","","","","","","","","","","","","","","","","","","","","","","",""
"59343001","LILLE-LESQUIN",50.57,3.0975,47,1959021621,"","","","",1.,1,"","","","","","","","","","","","","","","","","","","","","","","","","","","","","","",-0.6,1,-1.2,1,"","","","","","","","","","","","","","","","","","","","","","","","","","",96,1,"","","","","","","","","","","","",5.6,1,1046.3,1,"","","","","","",9,1,"","","","","","","","","","","","","","","","","","","","","","","","","","","","","","","","",80,1,"","",45,1,4,1,"","","","","","","","","","","","","","","","","","","","","","","","","","","","","","","","","","","","","","","","","","","","","","","","","","","","","","","","","","","","","","","","","",""
"59343001","LILLE-LESQUIN",50.57,3.0975,47,1959021700,"","","","",1.,1,"","","","","","","","","","","","","","","","","","","","","","","","","","","","","","",-1.,1,-1.6,1,"","","","","","","","","","","","","","","","","","","","","","","","","","",96,1,"","","","","","","","","","","","",5.4,1,1046.2,1,"","","","","","",9,1,"","","","","","","","","","","","","","","","","","","","","","","","","","","","","","","","",60,1,"","",45,1,4,1,"","","","","","","","","","","","","","","","","","","","","","","","","","","","","","","","","","","","","","","","","","","","","","","","","","","","","","","","","","","","","","","","","",""
"59343001","LILLE-LESQUIN",50.57,3.0975,47,1959021703,"","","","",0.,1,"","","","","","","","","","","","","","","","","","","","","","","","","","","","","","",-0.9,1,-1.4,1,"","","","","","","","","","","","","","","","","","","","","","","","","","",96,1,"","","","","","","","","","","","",5.5,1,1045.2,1,"","","","","","",9,1,"","","","","","","","","","","","","","","","","","","","","","","","","","","","","","","","",60,1,"","",45,1,4,1,"","","","","","","","","","","","","","","","","","","","","","","","","","","","","","","","","","","","","","","","","","","","","","","","","","","","","","","","","","","","","","","","","",""
"59343001","LILLE-LESQUIN",50.57,3.0975,47,1959021706,"","","","",0.,1,"","","","","","","","","","","","","","","","","","","","","","","","","","","","","","",-0.8,1,-1.4,1,"","","","","","","","","","","","","","","","","","","","","","","","","","",95,1,"","","","","","","","","","","","",5.5,1,1045.9,1,"","","","","","",9,1,"","","","","","","","","","","","","","","","","","","","","","","","","","","","","","","","",60,1,"","",49,1,4,1,"","",0,1,"","","","","","","","","","","","","","","","","","","","","","","","","","","","","","","","","","","","","","","","","","","","","","","","","","","","","","","","","","","","","",""
"59343001","LILLE-LESQUIN",50.57,3.0975,47,1959021709,"","","","",0.,1,"","","","","","","","","","","","","","","","","","","","","","","","","","","","","","",-0.2,1,-0.9,1,"","","","","","","","","","","","","","","","","","","","","","","","","","",95,1,"","","","","","","","","","","","",5.7,1,1047.2,1,"","","","","","",9,1,"","","","","","","","","","","","","","","","","","","","","","","","","","","","","","","","",100,1,"","",49,1,4,1,"","","","","","","","","","","","","","","","","","","","","","","","","","","","","","","","","","","","","","","","","","","","","","","","","","","","","","","","","","","","","","","","","",""
"59343001","LILLE-LESQUIN",50.57,3.0975,47,1959021712,"","","","",0.,1,"","","","","","","","","","","","","","","","","","","","","","","","","","","","","","",1.4,1,0.6,1,"","","","","","","","","","","","","","","","","","","","","","","","","","",94,1,"","","","","","","","","","","","",6.4,1,1045.7,1,"","","","","","",9,1,"","","","","","","","","","","","","","","","","","","","","","","","","","","","","","","","",300,1,"","",43,1,4,1,"","","","","","","","","","","","","","","","","","","","","","","","","","","","","","","","","","","","","","","","","","","","","","","","","","","","","","","","","","","","","","","","","",""
"59343001","LILLE-LESQUIN",50.57,3.0975,47,1959021715,"","","","",2.,1,"","","","","","","","","","","","","","","","","","","","","","","","","","","","","","",2.5,1,1.6,1,"","","","","","","","","","","","","","","","","","","","","","","","","","",95,1,"","","","","","","","","","","","",6.9,1,1044.5,1,"","","","","","",8,1,8,1,6,1,"","","","","","","","","","","","","","","","","","","","","","","","","","","","",1300,1,"","",10,1,4,1,"","","","","","","","","","","","","","","","","","","","","","","","","","","","","","","","","","","","","","","","","","","","","","","","","","","","","","","","","","","","","","","","","",""
"59343001","LILLE-LESQUIN",50.57,3.0975,47,1959021718,"","","","",2.,1,"","","","","","","","","","","","","","","","","","","","","","","","","","","","","","",1.8,1,1.,1,"","","","","","","","","","","","","","","","","","","","","","","","","","",95,1,"","","","","","","","","","","","",6.6,1,1043.5,1,"","","","","","",9,1,"","","","","","","","","","","","","","","","","","","","","","","","","","","","","","","","",300,1,"","",47,1,4,1,"","","","","","","","","","","","","","","","","","","","","","","","","","","","","","","","","","","","","","","","","","","","","","","","","","","","","","","","","","","","","","","","","",""
"59343001","LILLE-LESQUIN",50.57,3.0975,47,1959021721,"","","","",3.,1,"","","","","","","","","","","","","","","","","","","","","","","","","","","","","","",0.5,1,-0.2,1,"","","","","","","","","","","","","","","","","","","","","","","","","","",94,1,"","","","","","","","","","","","",6.,1,1043.8,1,"","","","","","",9,1,"","","","","","","","","","","","","","","","","","","","","","","","","","","","","","","","",200,1,"","",45,1,4,1,"","","","","","","","","","","","","","","","","","","","","","","","","","","","","","","","","","","","","","","","","","","","","","","","","","","","","","","","","","","","","","","","","",""
"59343001","LILLE-LESQUIN",50.57,3.0975,47,1959021800,"","","","",2.,1,"","","","","","","","","","","","","","","","","","","","","","","","","","","","","","",-0.2,1,-0.5,1,"","","","","","","","","","","","","","","","","","","","","","","","","","","","","","","","","","","","","","","","",5.9,1,1043.,1,"","","","","","",9,1,"","","","","","","","","","","","","","","","","","","","","","","","","","","","","","","","",200,1,"","",45,1,4,1,"","","","","","","","","","","","","","","","","","","","","","","","","","","","","","","","","","","","","","","","","","","","","","","","","","","","","","","","","","","","","","","","","",""
"59343001","LILLE-LESQUIN",50.57,3.0975,47,1959021803,"","","","",0.,1,"","","","","","","","","","","","","","","","","","","","","","","","","","","","","","",-0.4,1,-1.4,1,"","","","","","","","","","","","","","","","","","","","","","","","","","",94,1,"","","","","","","","","","","","",5.5,1,1041.9,1,"","","","","","",9,1,"","","","","","","","","","","","","","","","","","","","","","","","","","","","","","","","",200,1,"","",45,1,4,1,"","","","","","","","","","","","","","","","","","","","","","","","","","","","","","","","","","","","","","","","","","","","","","","","","","","","","","","","","","","","","","","","","",""
"59343001","LILLE-LESQUIN",50.57,3.0975,47,1959021806,"","","","",0.,1,"","","","","","","","","","","","","","","","","","","","","","","","","","","","","","",-1.,1,-1.9,1,"","","","","","","","","","","","","","","","","","","","","","","","","","",94,1,"","","","","","","","","","","","",5.3,1,1041.4,1,"","","","","","",9,1,"","","","","","","","","","","","","","","","","","","","","","","","","","","","","","","","",200,1,"","",49,1,4,1,"","",0,1,"","","","","","","","","","","","","","","","","","","","","","","","","","","","","","","","","","","","","","","","","","","","","","","","","","","","","","","","","","","","","",""
"59343001","LILLE-LESQUIN",50.57,3.0975,47,1959021809,"","","","",0.,1,"","","","","","","","","","","","","","","","","","","","","","","","","","","","","","",-1.4,1,-2.4,1,"","","","","","","","","","","","","","","","","","","","","","","","","","",92,1,"","","","","","","","","","","","",5.1,1,1042.1,1,"","","","","","",9,1,"","","","","","","","","","","","","","","","","","","","","","","","","","","","","","","","",60,1,"","",49,1,4,1,"","","","","","","","","","","","","","","","","","","","","","","","","","","","","","","","","","","","","","","","","","","","","","","","","","","","","","","","","","","","","","","","","",""
"59343001","LILLE-LESQUIN",50.57,3.0975,47,1959021812,"","","","",0.,1,"","","","","","","","","","","","","","","","","","","","","","","","","","","","","","",0.1,1,-1.4,1,"","","","","","","","","","","","","","","","","","","","","","","","","","",91,1,"","","","","","","","","","","","",5.5,1,1041.2,1,"","","","","","",9,1,"","","","","","","","","","","","","","","","","","","","","","","","","","","","","","","","",80,1,"","",45,1,4,1,"","","","","","","","","","","","","","","","","","","","","","","","","","","","","","","","","","","","","","","","","","","","","","","","","","","","","","","","","","","","","","","","","",""
"59343001","LILLE-LESQUIN",50.57,3.0975,47,1959021815,"","","","",0.,1,"","","","","","","","","","","","","","","","","","","","","","","","","","","","","","",1.1,1,0.8,1,"","","","","","","","","","","","","","","","","","","","","","","","","","",98,1,"","","","","","","","","","","","",6.5,1,1039.4,1,"","","","","","",9,1,"","","","","","","","","","","","","","","","","","","","","","","","","","","","","","","","",200,1,"","",45,1,4,1,"","","","","","","","","","","","","","","","","","","","","","","","","","","","","","","","","","","","","","","","","","","","","","","","","","","","","","","","","","","","","","","","","",""
"59343001","LILLE-LESQUIN",50.57,3.0975,47,1959021818,"","","","",0.,1,"","","","","","","","","","","","","","","","","","","","","","","","","","","","","","",0.5,1,0.2,1,"","","","","","","","","","","","","","","","","","","","","","","","","","",98,1,"","","","","","","","","","","","",6.2,1,1040.,1,"","","","","","",9,1,"","","","","","","","","","","","","","","","","","","","","","","","","","","","","","","","",60,1,"","",45,1,4,1,"","","","","","","","","","","","","","","","","","","","","","","","","","","","","","","","","","","","","","","","","","","","","","","","","","","","","","","","","","","","","","","","","",""
"59343001","LILLE-LESQUIN",50.57,3.0975,47,1959021821,"","","","",0.,1,"","","","","","","","","","","","","","","","","","","","","","","","","","","","","","",-0.2,1,-0.7,1,"","","","","","","","","","","","","","","","","","","","","","","","","","",96,1,"","","","","","","","","","","","",5.8,1,1039.9,1,"","","","","","",9,1,"","","","","","","","","","","","","","","","","","","","","","","","","","","","","","","","",40,1,"","",45,1,4,1,"","","","","","","","","","","","","","","","","","","","","","","","","","","","","","","","","","","","","","","","","","","","","","","","","","","","","","","","","","","","","","","","","",""
"59343001","LILLE-LESQUIN",50.57,3.0975,47,1959021900,"","","","",0.,1,"","","","","","","","","","","","","","","","","","","","","","","","","","","","","","",-1.,1,-1.4,1,"","","","","","","","","","","","","","","","","","","","","","","","","","",95,1,"","","","","","","","","","","","",5.5,1,1039.6,1,"","","","","","",9,1,"","","","","","","","","","","","","","","","","","","","","","","","","","","","","","","","",40,1,"","",49,1,4,1,"","","","","","","","","","","","","","","","","","","","","","","","","","","","","","","","","","","","","","","","","","","","","","","","","","","","","","","","","","","","","","","","","",""
"59343001","LILLE-LESQUIN",50.57,3.0975,47,1959021903,"","","","",0.,1,"","","","","","","","","","","","","","","","","","","","","","","","","","","","","","",-2.,1,-2.9,1,"","","","","","","","","","","","","","","","","","","","","","","","","","",94,1,"","","","","","","","","","","","",4.9,1,1039.1,1,"","","","","","",9,1,"","","","","","","","","","","","","","","","","","","","","","","","","","","","","","","","",30,1,"","",49,1,4,1,"","","","","","","","","","","","","","","","","","","","","","","","","","","","","","","","","","","","","","","","","","","","","","","","","","","","","","","","","","","","","","","","","",""
"59343001","LILLE-LESQUIN",50.57,3.0975,47,1959021906,"","","","",0.,1,"","","","","","","","","","","","","","","","","","","","","","","","","","","","","","",-2.6,1,-3.2,1,"","","","","","","","","","","","","","","","","","","","","","","","","","",95,1,"","","","","","","","","","","","",4.8,1,1038.5,1,"","","","","","",9,1,"","","","","","","","","","","","","","","","","","","","","","","","","","","","","","","","",50,1,"","",49,1,4,1,"","",0,1,"","","","","","","","","","","","","","","","","","","","","","","","","","","","","","","","","","","","","","","","","","","","","","","","","","","","","","","","","","","","","",""
"59343001","LILLE-LESQUIN",50.57,3.0975,47,1959021909,"","","","",2.,1,"","","","","","","","","","","","","","","","","","","","","","","","","","","","","","",-2.4,1,-4.,1,"","","","","","","","","","","","","","","","","","","","","","","","","","","","","","","","","","","","","","","","",4.5,1,1038.9,1,"","","","","","",9,1,"","","","","","","","","","","","","","","","","","","","","","","","","","","","","","","","",100,1,"","",49,1,4,1,"","","","","","","","","","","","","","","","","","","","","","","","","","","","","","","","","","","","","","","","","","","","","","","","","","","","","","","","","","","","","","","","","",""
"59343001","LILLE-LESQUIN",50.57,3.0975,47,1959021912,"","","","",1.,1,"","","","","","","","","","","","","","","","","","","","","","","","","","","","","","",1.4,1,-3.2,1,"","","","","","","","","","","","","","","","","","","","","","","","","","","","","","","","","","","","","","","","",4.8,1,1037.8,1,"","","","","","",1,1,0,1,6,1,0,1,0,1,"","","","","","","","","","","","","","","","","","","","","","","","",700,1,"","",42,1,4,1,"","","","","","","","","","","","","","","","","","","","","","","","","","","","","","","","","","","","","","","","","","","","","","","","","","","","","","","","","","","","","","","","","",""
"59343001","LILLE-LESQUIN",50.57,3.0975,47,1959021915,"","","","",0.,1,"","","","","","","","","","","","","","","","","","","","","","","","","","","","","","",9.6,1,1.8,1,"","","","","","","","","","","","","","","","","","","","","","","","","","",58,1,"","","","","","","","","","","","",7.,1,1036.1,1,"","","","","","",0,1,"","",0,1,0,1,0,1,"","","","","","","","","","","","","","","","","","","","","","","","",2000,1,"","",10,1,4,1,"","","","","","","","","","","","","","","","","","","","","","","","","","","","","","","","","","","","","","","","","","","","","","","","","","","","","","","","","","","","","","","","","",""
"59343001","LILLE-LESQUIN",50.57,3.0975,47,1959021918,"","","","",2.,1,"","","","","","","","","","","","","","","","","","","","","","","","","","","","","","",5.9,1,1.,1,"","","","","","","","","","","","","","","","","","","","","","","","","","",71,1,"","","","","","","","","","","","",6.6,1,1035.2,1,"","","","","","",0,1,"","",0,1,0,1,0,1,"","","","","","","","","","","","","","","","","","","","","","","","",2000,1,"","",10,1,4,1,"","","","","","","","","","","","","","","","","","","","","","","","","","","","","","","","","","","","","","","","","","","","","","","","","","","","","","","","","","","","","","","","","",""
"59343001","LILLE-LESQUIN",50.57,3.0975,47,1959021921,"","","","",0.,1,"","","","","","","","","","","","","","","","","","","","","","","","","","","","","","",1.8,1,0.2,1,"","","","","","","","","","","","","","","","","","","","","","","","","","",89,1,"","","","","","","","","","","","",6.2,1,1034.6,1,"","","","","","",0,1,"","",0,1,0,1,0,1,"","","","","","","","","","","","","","","","","","","","","","","","",1200,1,"","",10,1,0,1,"","","","","","","","","","","","","","","","","","","","","","","","","","","","","","","","","","","","","","","","","","","","","","","","","","","","","","","","","","","","","","","","","",""
"59343001","LILLE-LESQUIN",50.57,3.0975,47,1959022000,"","","","",1.,1,"","","","","","","","","","","","","","","","","","","","","","","","","","","","","","",0.4,1,-0.7,1,"","","","","","","","","","","","","","","","","","","","","","","","","","",92,1,"","","","","","","","","","","","",5.8,1,1033.,1,"","","","","","",0,1,"","",0,1,0,1,0,1,"","","","","","","","","","","","","","","","","","","","","","","","",600,1,"","",46,1,4,1,"","","","","","","","","","","","","","","","","","","","","","","","","","","","","","","","","","","","","","","","","","","","","","","","","","","","","","","","","","","","","","","","","",""
"59343001","LILLE-LESQUIN",50.57,3.0975,47,1959022003,"","","","",1.,1,"","","","","","","","","","","","","","","","","","","","","","","","","","","","","","",-0.6,1,-1.2,1,"","","","","","","","","","","","","","","","","","","","","","","","","","",96,1,"","","","","","","","","","","","",5.6,1,1030.8,1,"","","","","","",0,1,"","",0,1,0,1,0,1,"","","","","","","","","","","","","","","","","","","","","","","","",600,1,"","",44,1,4,1,"","","","","","","","","","","","","","","","","","","","","","","","","","","","","","","","","","","","","","","","","","","","","","","","","","","","","","","","","","","","","","","","","",""
"59343001","LILLE-LESQUIN",50.57,3.0975,47,1959022006,"","","","",3.,1,"","","","","","","","","","","","","","","","","","","","","","","","","","","","","","",-0.3,1,-2.1,1,"","","","","","","","","","","","","","","","","","","","","","","","","","",88,1,"","","","","","","","","","","","",5.2,1,1029.6,1,"","","","","","",0,1,"","",0,1,0,1,0,1,"","","","","","","","","","","","","","","","","","","","","","","","",3000,1,"","",10,1,4,1,"","",0,1,"","","","","","","","","","","","","","","","","","","","","","","","","","","","","","","","","","","","","","","","","","","","","","","","","","","","","","","","","","","","","",""
"59343001","LILLE-LESQUIN",50.57,3.0975,47,1959022009,"","","","",5.,1,"","","","","","","","","","","","","","","","","","","","","","","","","","","","","","",3.6,1,0.4,1,"","","","","","","","","","","","","","","","","","","","","","","","","","",79,1,"","","","","","","","","","","","",6.3,1,1029.1,1,"","","","","","",6,1,6,1,0,1,0,1,6,1,"","","","","","","","","","","","","","","","","","","","","","","","",1600,1,"","",10,1,1,1,"","","","","","","","","","","","","","","","","","","","","","","","","","","","","","","","","","","","","","","","","","","","","","","","","","","","","","","","","","","","","","","","","",""
"59343001","LILLE-LESQUIN",50.57,3.0975,47,1959022012,"","","","",7.,1,"","","","","","","","","","","","","","","","","","","","","","","","","","","","","","",7.4,1,2.8,1,"","","","","","","","","","","","","","","","","","","","","","","","","","",73,1,"","","","","","","","","","","","",7.5,1,1028.4,1,"","","","","","",5,1,5,1,0,1,0,1,6,1,"","","","","","","","","","","","","","","","","","","","","","","","",4000,1,"","",10,1,1,1,"","","","","","","","","","","","","","","","","","","","","","","","","","","","","","","","","","","","","","","","","","","","","","","","","","","","","","","","","","","","","","","","","",""
"59343001","LILLE-LESQUIN",50.57,3.0975,47,1959022015,"","","","",8.,1,"","","","","","","","","","","","","","","","","","","","","","","","","","","","","","",7.7,1,3.1,1,"","","","","","","","","","","","","","","","","","","","","","","","","","",74,1,"","","","","","","","","","","","",7.7,1,1027.3,1,"","","","","","",7,1,6,1,6,1,0,1,6,1,"","","","","","","","","","","","","","","","","","","","","","","","",3000,1,"","",10,1,2,1,"","","","","","","","","","","","","","","","","","","","","","","","","","","","","","","","","","","","","","","","","","","","","","","","","","","","","","","","","","","","","","","","","",""
"59343001","LILLE-LESQUIN",50.57,3.0975,47,1959022018,"","","","",6.,1,"","","","","","","","","","","","","","","","","","","","","","","","","","","","","","",5.,1,4.,1,"","","","","","","","","","","","","","","","","","","","","","","","","","",94,1,"","","","","","","","","","","","",8.2,1,1028.,1,"","","","","","",7,1,7,1,5,1,"","","","","","","","","","","","","","","","","","","","","","","","","","","","",3000,1,"","",10,1,2,1,"","","","","","","","","","","","","","","","","","","","","","","","","","","","","","","","","","","","","","","","","","","","","","","","","","","","","","","","","","","","","","","","","",""
"59343001","LILLE-LESQUIN",50.57,3.0975,47,1959022021,"","","","",6.,1,"","","","","","","","","","","","","","","","","","","","","","","","","","","","","","",6.,1,4.3,1,"","","","","","","","","","","","","","","","","","","","","","","","","","",89,1,"","","","","","","","","","","","",8.4,1,1028.4,1,"","","","","","",8,1,8,1,5,1,"","","","","","","","","","","","","","","","","","","","","","","","","","","","",3000,1,"","",10,1,2,1,"","","","","","","","","","","","","","","","","","","","","","","","","","","","","","","","","","","","","","","","","","","","","","","","","","","","","","","","","","","","","","","","","",""
"59343001","LILLE-LESQUIN",50.57,3.0975,47,1959022100,"","","","",5.,1,"","","","","","","","","","","","","","","","","","","","","","","","","","","","","","",6.,1,4.5,1,"","","","","","","","","","","","","","","","","","","","","","","","","","",91,1,"","","","","","","","","","","","",8.5,1,1028.6,1,"","","","","","",8,1,8,1,5,1,"","","","","","","","","","","","","","","","","","","","","","","","","","","","",3000,1,"","",10,1,2,1,"","","","","","","","","","","","","","","","","","","","","","","","","","","","","","","","","","","","","","","","","","","","","","","","","","","","","","","","","","","","","","","","","",""
"59343001","LILLE-LESQUIN",50.57,3.0975,47,1959022103,"","","","",5.,1,"","","","","","","","","","","","","","","","","","","","","","","","","","","","","","",3.7,1,1.8,1,"","","","","","","","","","","","","","","","","","","","","","","","","","",88,1,"","","","","","","","","","","","",7.,1,1028.9,1,"","","","","","",0,1,"","",0,1,0,1,0,1,"","","","","","","","","","","","","","","","","","","","","","","","",6000,1,"","",2,1,1,1,"","","","","","","","","","","","","","","","","","","","","","","","","","","","","","","","","","","","","","","","","","","","","","","","","","","","","","","","","","","","","","","","","",""
"59343001","LILLE-LESQUIN",50.57,3.0975,47,1959022106,"","","","",4.,1,"","","","","","","","","","","","","","","","","","","","","","","","","","","","","","",3.,1,1.,1,"","","","","","","","","","","","","","","","","","","","","","","","","","",88,1,"","","","","","","","","","","","",6.6,1,1029.,1,"","","","","","",1,1,0,1,0,1,0,1,5,1,"","","","","","","","","","","","","","","","","","","","","","","","",6000,1,"","",3,1,1,1,"","",0,1,"","","","","","","","","","","","","","","","","","","","","","","","","","","","","","","","","","","","","","","","","","","","","","","","","","","","","","","","","","","","","",""
"59343001","LILLE-LESQUIN",50.57,3.0975,47,1959022109,"","","","",6.,1,"","","","","","","","","","","","","","","","","","","","","","","","","","","","","","",5.3,1,2.,1,"","","","","","","","","","","","","","","","","","","","","","","","","","",80,1,"","","","","","","","","","","","",7.1,1,1029.6,1,"","","","","","",3,1,0,1,0,1,0,1,2,1,"","","","","","","","","","","","","","","","","","","","","","","","",6000,1,"","",1,1,1,1,"","","","","","","","","","","","","","","","","","","","","","","","","","","","","","","","","","","","","","","","","","","","","","","","","","","","","","","","","","","","","","","","","",""
"59343001","LILLE-LESQUIN",50.57,3.0975,47,1959022112,"","","","",9.,1,"","","","","","","","","","","","","","","","","","","","","","","","","","","","","","",9.,1,2.6,1,"","","","","","","","","","","","","","","","","","","","","","","","","","",64,1,"","","","","","","","","","","","",7.4,1,1029.2,1,"","","","","","",6,1,0,1,2,1,0,1,2,1,"","","","","","","","","","","","","","","","","","","","","","","","",10000,1,"","",2,1,1,1,"","","","","","","","","","","","","","","","","","","","","","","","","","","","","","","","","","","","","","","","","","","","","","","","","","","","","","","","","","","","","","","","","",""
"59343001","LILLE-LESQUIN",50.57,3.0975,47,1959022115,"","","","",6.,1,"","","","","","","","","","","","","","","","","","","","","","","","","","","","","","",8.1,1,3.1,1,"","","","","","","","","","","","","","","","","","","","","","","","","","",71,1,"","","","","","","","","","","","",7.7,1,1027.3,1,"","","","","","",8,1,8,1,2,1,7,1,"","","","","","","","","","","","","","","","","","","","","","","","","","",15000,1,"","",60,1,2,1,"","","","","","","","","","","","","","","","","","","","","","","","","","","","","","","","","","","","","","","","","","","","","","","","","","","","","","","","","","","","","","","","","",""
"59343001","LILLE-LESQUIN",50.57,3.0975,47,1959022118,"","","","",7.,1,"","","","","","","","","","","","","","","","","","","","","","","","","","","","","","",6.2,1,4.2,1,"","","","","","","","","","","","","","","","","","","","","","","","","","",88,1,"","","","","","","","","","","","",8.3,1,1026.1,1,"","","","","","",8,1,8,1,5,1,7,1,"","","","","","","","","","","","","","","","","","","","","","","","","","",8000,1,"","",61,1,6,1,"","","","","","","","","","","","","","","","","","","","","","","","","","","","","","","","","","","","","","","","","","","","","","","","","","","","","","","","","","","","","","","","","",""
"59343001","LILLE-LESQUIN",50.57,3.0975,47,1959022121,"","","","",8.,1,"","","","","","","","","","","","","","","","","","","","","","","","","","","","","","",6.8,1,5.3,1,"","","","","","","","","","","","","","","","","","","","","","","","","","",91,1,"","","","","","","","","","","","",9.,1,1024.8,1,"","","","","","",8,1,7,1,7,1,"","","","","","","","","","","","","","","","","","","","","","","","","","","","",6000,1,"","",61,1,6,1,"","","","","","","","","","","","","","","","","","","","","","","","","","","","","","","","","","","","","","","","","","","","","","","","","","","","","","","","","","","","","","","","","",""
"59343001","LILLE-LESQUIN",50.57,3.0975,47,1959022200,"","","","",6.,1,"","","","","","","","","","","","","","","","","","","","","","","","","","","","","","",7.4,1,6.4,1,"","","","","","","","","","","","","","","","","","","","","","","","","","",94,1,"","","","","","","","","","","","",9.7,1,1024.2,1,"","","","","","",8,1,8,1,7,1,"","","","","","","","","","","","","","","","","","","","","","","","","","","","",4000,1,"","",50,1,6,1,"","","","","","","","","","","","","","","","","","","","","","","","","","","","","","","","","","","","","","","","","","","","","","","","","","","","","","","","","","","","","","","","","",""
"59343001","LILLE-LESQUIN",50.57,3.0975,47,1959022203,"","","","",7.,1,"","","","","","","","","","","","","","","","","","","","","","","","","","","","","","",8.,1,6.8,1,"","","","","","","","","","","","","","","","","","","","","","","","","","",94,1,"","","","","","","","","","","","",10.,1,1024.9,1,"","","","","","",8,1,8,1,7,1,"","","","","","","","","","","","","","","","","","","","","","","","","","","","",3000,1,"","",50,1,5,1,"","","","","","","","","","","","","","","","","","","","","","","","","","","","","","","","","","","","","","","","","","","","","","","","","","","","","","","","","","","","","","","","","",""
"59343001","LILLE-LESQUIN",50.57,3.0975,47,1959022206,"","","","",2.,1,"","","","","","","","","","","","","","","","","","","","","","","","","","","","","","",5.2,1,4.2,1,"","","","","","","","","","","","","","","","","","","","","","","","","","",94,1,"","","","","","","","","","","","",8.3,1,1027.,1,"","","","","","",8,1,5,1,6,1,"","","","","","","","","","","","","","","","","","","","","","","","","","","","",6000,1,"","",2,1,5,1,"","",0,1,"","","","","","","","","","","","","","","","","","","","","","","","","","","","","","","","","","","","","","","","","","","","","","","","","","","","","","","","","","","","","",""
"59343001","LILLE-LESQUIN",50.57,3.0975,47,1959022209,"","","","",1.,1,"","","","","","","","","","","","","","","","","","","","","","","","","","","","","","",5.,1,3.1,1,"","","","","","","","","","","","","","","","","","","","","","","","","","",89,1,"","","","","","","","","","","","",7.7,1,1029.2,1,"","","","","","",8,1,8,1,6,1,"","","","","","","","","","","","","","","","","","","","","","","","","","","","",6000,1,"","",2,1,2,1,"","","","","","","","","","","","","","","","","","","","","","","","","","","","","","","","","","","","","","","","","","","","","","","","","","","","","","","","","","","","","","","","","",""
"59343001","LILLE-LESQUIN",50.57,3.0975,47,1959022212,"","","","",0.,1,"","","","","","","","","","","","","","","","","","","","","","","","","","","","","","",6.5,1,3.3,1,"","","","","","","","","","","","","","","","","","","","","","","","","","",81,1,"","","","","","","","","","","","",7.8,1,1029.4,1,"","","","","","",8,1,8,1,6,1,"","","","","","","","","","","","","","","","","","","","","","","","","","","","",6000,1,"","",2,1,2,1,"","","","","","","","","","","","","","","","","","","","","","","","","","","","","","","","","","","","","","","","","","","","","","","","","","","","","","","","","","","","","","","","","",""
"59343001","LILLE-LESQUIN",50.57,3.0975,47,1959022215,"","","","",0.,1,"","","","","","","","","","","","","","","","","","","","","","","","","","","","","","",7.3,1,4.,1,"","","","","","","","","","","","","","","","","","","","","","","","","","",80,1,"","","","","","","","","","","","",8.2,1,1029.,1,"","","","","","",8,1,8,1,5,1,"","","","","","","","","","","","","","","","","","","","","","","","","","","","",4500,1,"","",10,1,2,1,"","","","","","","","","","","","","","","","","","","","","","","","","","","","","","","","","","","","","","","","","","","","","","","","","","","","","","","","","","","","","","","","","",""
"59343001","LILLE-LESQUIN",50.57,3.0975,47,1959022218,"","","","",0.,1,"","","","","","","","","","","","","","","","","","","","","","","","","","","","","","",7.,1,4.8,1,"","","","","","","","","","","","","","","","","","","","","","","","","","",87,1,"","","","","","","","","","","","",8.7,1,1029.8,1,"","","","","","",8,1,8,1,6,1,"","","","","","","","","","","","","","","","","","","","","","","","","","","","",1400,1,"","",10,1,2,1,"","","","","","","","","","","","","","","","","","","","","","","","","","","","","","","","","","","","","","","","","","","","","","","","","","","","","","","","","","","","","","","","","",""
"59343001","LILLE-LESQUIN",50.57,3.0975,47,1959022221,"","","","",2.,1,"","","","","","","","","","","","","","","","","","","","","","","","","","","","","","",6.2,1,5.1,1,"","","","","","","","","","","","","","","","","","","","","","","","","","",94,1,"","","","","","","","","","","","",8.9,1,1030.2,1,"","","","","","",7,1,7,1,6,1,"","","","","","","","","","","","","","","","","","","","","","","","","","","","",1400,1,"","",10,1,2,1,"","","","","","","","","","","","","","","","","","","","","","","","","","","","","","","","","","","","","","","","","","","","","","","","","","","","","","","","","","","","","","","","","",""
"59343001","LILLE-LESQUIN",50.57,3.0975,47,1959022300,"","","","",1.,1,"","","","","","","","","","","","","","","","","","","","","","","","","","","","","","",6.6,1,5.8,1,"","","","","","","","","","","","","","","","","","","","","","","","","","",95,1,"","","","","","","","","","","","",9.3,1,1030.4,1,"","","","","","",8,1,8,1,6,1,"","","","","","","","","","","","","","","","","","","","","","","","","","","","",1100,1,"","",10,1,2,1,"","","","","","","","","","","","","","","","","","","","","","","","","","","","","","","","","","","","","","","","","","","","","","","","","","","","","","","","","","","","","","","","","",""
"59343001","LILLE-LESQUIN",50.57,3.0975,47,1959022303,"","","","",3.,1,"","","","","","","","","","","","","","","","","","","","","","","","","","","","","","",7.1,1,6.5,1,"","","","","","","","","","","","","","","","","","","","","","","","","","",97,1,"","","","","","","","","","","","",9.8,1,1029.7,1,"","","","","","",8,1,8,1,6,1,"","","","","","","","","","","","","","","","","","","","","","","","","","","","",1100,1,"","",10,1,2,1,"","","","","","","","","","","","","","","","","","","","","","","","","","","","","","","","","","","","","","","","","","","","","","","","","","","","","","","","","","","","","","","","","",""
"59343001","LILLE-LESQUIN",50.57,3.0975,47,1959022306,"","","","",4.,1,"","","","","","","","","","","","","","","","","","","","","","","","","","","","","","",6.1,1,5.8,1,"","","","","","","","","","","","","","","","","","","","","","","","","","",98,1,"","","","","","","","","","","","",9.3,1,1029.8,1,"","","","","","",9,1,"","","","","","","","","","","","","","","","","","","","","","","","","","","","","","","","",200,1,"","",47,1,2,1,"","",0,1,"","","","","","","","","","","","","","","","","","","","","","","","","","","","","","","","","","","","","","","","","","","","","","","","","","","","","","","","","","","","","",""
"59343001","LILLE-LESQUIN",50.57,3.0975,47,1959022309,"","","","",4.,1,"","","","","","","","","","","","","","","","","","","","","","","","","","","","","","",6.8,1,6.2,1,"","","","","","","","","","","","","","","","","","","","","","","","","","",97,1,"","","","","","","","","","","","",9.6,1,1030.4,1,"","","","","","",9,1,"","","","","","","","","","","","","","","","","","","","","","","","","","","","","","","","",300,1,"","",43,1,4,1,"","","","","","","","","","","","","","","","","","","","","","","","","","","","","","","","","","","","","","","","","","","","","","","","","","","","","","","","","","","","","","","","","",""
"59343001","LILLE-LESQUIN",50.57,3.0975,47,1959022312,"","","","",6.,1,"","","","","","","","","","","","","","","","","","","","","","","","","","","","","","",8.2,1,6.8,1,"","","","","","","","","","","","","","","","","","","","","","","","","","",92,1,"","","","","","","","","","","","",10.,1,1030.4,1,"","","","","","",8,1,8,1,6,1,"","","","","","","","","","","","","","","","","","","","","","","","","","","","",1400,1,"","",10,1,4,1,"","","","","","","","","","","","","","","","","","","","","","","","","","","","","","","","","","","","","","","","","","","","","","","","","","","","","","","","","","","","","","","","","",""
"59343001","LILLE-LESQUIN",50.57,3.0975,47,1959022315,"","","","",5.,1,"","","","","","","","","","","","","","","","","","","","","","","","","","","","","","",9.6,1,5.8,1,"","","","","","","","","","","","","","","","","","","","","","","","","","",78,1,"","","","","","","","","","","","",9.3,1,1028.5,1,"","","","","","",6,1,6,1,2,1,0,1,0,1,"","","","","","","","","","","","","","","","","","","","","","","","",6000,1,"","",2,1,2,1,"","","","","","","","","","","","","","","","","","","","","","","","","","","","","","","","","","","","","","","","","","","","","","","","","","","","","","","","","","","","","","","","","",""
"59343001","LILLE-LESQUIN",50.57,3.0975,47,1959022318,"","","","",3.,1,"","","","","","","","","","","","","","","","","","","","","","","","","","","","","","",8.5,1,5.9,1,"","","","","","","","","","","","","","","","","","","","","","","","","","",85,1,"","","","","","","","","","","","",9.4,1,1028.2,1,"","","","","","",8,1,8,1,5,1,"","","","","","","","","","","","","","","","","","","","","","","","","","","","",3000,1,"","",10,1,2,1,"","","","","","","","","","","","","","","","","","","","","","","","","","","","","","","","","","","","","","","","","","","","","","","","","","","","","","","","","","","","","","","","","",""
"59343001","LILLE-LESQUIN",50.57,3.0975,47,1959022321,"","","","",2.,1,"","","","","","","","","","","","","","","","","","","","","","","","","","","","","","",8.,1,6.1,1,"","","","","","","","","","","","","","","","","","","","","","","","","","",89,1,"","","","","","","","","","","","",9.5,1,1027.8,1,"","","","","","",8,1,8,1,5,1,"","","","","","","","","","","","","","","","","","","","","","","","","","","","",4000,1,"","",10,1,2,1,"","","","","","","","","","","","","","","","","","","","","","","","","","","","","","","","","","","","","","","","","","","","","","","","","","","","","","","","","","","","","","","","","",""
"59343001","LILLE-LESQUIN",50.57,3.0975,47,1959022400,"","","","",2.,1,"","","","","","","","","","","","","","","","","","","","","","","","","","","","","","",7.3,1,5.1,1,"","","","","","","","","","","","","","","","","","","","","","","","","","",87,1,"","","","","","","","","","","","",8.9,1,1028.1,1,"","","","","","",8,1,8,1,5,1,"","","","","","","","","","","","","","","","","","","","","","","","","","","","",6000,1,"","",2,1,2,1,"","","","","","","","","","","","","","","","","","","","","","","","","","","","","","","","","","","","","","","","","","","","","","","","","","","","","","","","","","","","","","","","","",""
"59343001","LILLE-LESQUIN",50.57,3.0975,47,1959022403,"","","","",4.,1,"","","","","","","","","","","","","","","","","","","","","","","","","","","","","","",7.5,1,4.,1,"","","","","","","","","","","","","","","","","","","","","","","","","","",79,1,"","","","","","","","","","","","",8.2,1,1027.2,1,"","","","","","",8,1,8,1,5,1,"","","","","","","","","","","","","","","","","","","","","","","","","","","","",8000,1,"","",2,1,2,1,"","","","","","","","","","","","","","","","","","","","","","","","","","","","","","","","","","","","","","","","","","","","","","","","","","","","","","","","","","","","","","","","","",""
"59343001","LILLE-LESQUIN",50.57,3.0975,47,1959022406,"","","","",3.,1,"","","","","","","","","","","","","","","","","","","","","","","","","","","","","","",6.8,1,4.3,1,"","","","","","","","","","","","","","","","","","","","","","","","","","",85,1,"","","","","","","","","","","","",8.4,1,1027.,1,"","","","","","",8,1,8,1,5,1,"","","","","","","","","","","","","","","","","","","","","","","","","","","","",8000,1,"","",2,1,2,1,"","",0,1,"","","","","","","","","","","","","","","","","","","","","","","","","","","","","","","","","","","","","","","","","","","","","","","","","","","","","","","","","","","","","",""
"59343001","LILLE-LESQUIN",50.57,3.0975,47,1959022409,"","","","",2.,1,"","","","","","","","","","","","","","","","","","","","","","","","","","","","","","",7.,1,5.1,1,"","","","","","","","","","","","","","","","","","","","","","","","","","",88,1,"","","","","","","","","","","","",8.9,1,1028.2,1,"","","","","","",7,1,6,1,5,1,3,1,"","","","","","","","","","","","","","","","","","","","","","","","","","",5000,1,"","",2,1,2,1,"","","","","","","","","","","","","","","","","","","","","","","","","","","","","","","","","","","","","","","","","","","","","","","","","","","","","","","","","","","","","","","","","",""
"59343001","LILLE-LESQUIN",50.57,3.0975,47,1959022412,"","","","",0.,1,"","","","","","","","","","","","","","","","","","","","","","","","","","","","","","",10.9,1,4.7,1,"","","","","","","","","","","","","","","","","","","","","","","","","","",66,1,"","","","","","","","","","","","",8.6,1,1028.1,1,"","","","","","",4,1,0,1,8,1,4,1,0,1,"","","","","","","","","","","","","","","","","","","","","","","","",8000,1,"","",1,1,1,1,"","","","","","","","","","","","","","","","","","","","","","","","","","","","","","","","","","","","","","","","","","","","","","","","","","","","","","","","","","","","","","","","","",""
"59343001","LILLE-LESQUIN",50.57,3.0975,47,1959022415,"","","","",0.,1,"","","","","","","","","","","","","","","","","","","","","","","","","","","","","","",10.4,1,4.5,1,"","","","","","","","","","","","","","","","","","","","","","","","","","",67,1,"","","","","","","","","","","","",8.5,1,1027.6,1,"","","","","","",6,1,6,1,8,1,0,1,0,1,"","","","","","","","","","","","","","","","","","","","","","","","",10000,1,"","",1,1,2,1,"","","","","","","","","","","","","","","","","","","","","","","","","","","","","","","","","","","","","","","","","","","","","","","","","","","","","","","","","","","","","","","","","",""
"59343001","LILLE-LESQUIN",50.57,3.0975,47,1959022418,"","","","",0.,1,"","","","","","","","","","","","","","","","","","","","","","","","","","","","","","",7.8,1,4.5,1,"","","","","","","","","","","","","","","","","","","","","","","","","","",80,1,"","","","","","","","","","","","",8.5,1,1028.8,1,"","","","","","",8,1,8,1,5,1,"","","","","","","","","","","","","","","","","","","","","","","","","","","","",5000,1,"","",3,1,1,1,"","","","","","","","","","","","","","","","","","","","","","","","","","","","","","","","","","","","","","","","","","","","","","","","","","","","","","","","","","","","","","","","","",""
"59343001","LILLE-LESQUIN",50.57,3.0975,47,1959022421,"","","","",2.,1,"","","","","","","","","","","","","","","","","","","","","","","","","","","","","","",5.6,1,3.8,1,"","","","","","","","","","","","","","","","","","","","","","","","","","",89,1,"","","","","","","","","","","","",8.1,1,1028.8,1,"","","","","","",0,1,"","",0,1,0,1,0,1,"","","","","","","","","","","","","","","","","","","","","","","","",3500,1,"","",10,1,1,1,"","","","","","","","","","","","","","","","","","","","","","","","","","","","","","","","","","","","","","","","","","","","","","","","","","","","","","","","","","","","","","","","","",""
"59343001","LILLE-LESQUIN",50.57,3.0975,47,1959022500,"","","","",3.,1,"","","","","","","","","","","","","","","","","","","","","","","","","","","","","","",3.2,1,2.2,1,"","","","","","","","","","","","","","","","","","","","","","","","","","",93,1,"","","","","","","","","","","","",7.2,1,1028.9,1,"","","","","","",0,1,"","",0,1,0,1,0,1,"","","","","","","","","","","","","","","","","","","","","","","","",3000,1,"","",10,1,1,1,"","","","","","","","","","","","","","","","","","","","","","","","","","","","","","","","","","","","","","","","","","","","","","","","","","","","","","","","","","","","","","","","","",""
"59343001","LILLE-LESQUIN",50.57,3.0975,47,1959022503,"","","","",2.,1,"","","","","","","","","","","","","","","","","","","","","","","","","","","","","","",1.5,1,1.,1,"","","","","","","","","","","","","","","","","","","","","","","","","","",96,1,"","","","","","","","","","","","",6.6,1,1028.5,1,"","","","","","",0,1,"","",0,1,0,1,0,1,"","","","","","","","","","","","","","","","","","","","","","","","",100,1,"","",46,1,4,1,"","","","","","","","","","","","","","","","","","","","","","","","","","","","","","","","","","","","","","","","","","","","","","","","","","","","","","","","","","","","","","","","","",""
"59343001","LILLE-LESQUIN",50.57,3.0975,47,1959022506,"","","","",2.,1,"","","","","","","","","","","","","","","","","","","","","","","","","","","","","","",1.4,1,0.8,1,"","","","","","","","","","","","","","","","","","","","","","","","","","",96,1,"","","","","","","","","","","","",6.5,1,1028.1,1,"","","","","","",9,1,"","","","","","","","","","","","","","","","","","","","","","","","","","","","","","","","",100,1,"","",45,1,4,1,"","",0,1,"","","","","","","","","","","","","","","","","","","","","","","","","","","","","","","","","","","","","","","","","","","","","","","","","","","","","","","","","","","","","",""
"59343001","LILLE-LESQUIN",50.57,3.0975,47,1959022509,"","","","",1.,1,"","","","","","","","","","","","","","","","","","","","","","","","","","","","","","",3.4,1,2.4,1,"","","","","","","","","","","","","","","","","","","","","","","","","","",93,1,"","","","","","","","","","","","",7.3,1,1028.1,1,"","","","","","",5,1,5,1,6,1,0,1,0,1,"","","","","","","","","","","","","","","","","","","","","","","","",100,1,"","",42,1,4,1,"","","","","","","","","","","","","","","","","","","","","","","","","","","","","","","","","","","","","","","","","","","","","","","","","","","","","","","","","","","","","","","","","",""
"59343001","LILLE-LESQUIN",50.57,3.0975,47,1959022512,"","","","",4.,1,"","","","","","","","","","","","","","","","","","","","","","","","","","","","","","",11.4,1,5.3,1,"","","","","","","","","","","","","","","","","","","","","","","","","","",67,1,"","","","","","","","","","","","",9.,1,1027.6,1,"","","","","","",1,1,0,1,1,1,0,1,0,1,"","","","","","","","","","","","","","","","","","","","","","","","","","","","",10,1,4,1,"","","","","","","","","","","","","","","","","","","","","","","","","","","","","","","","","","","","","","","","","","","","","","","","","","","","","","","","","","","","","","","","","",""
"59343001","LILLE-LESQUIN",50.57,3.0975,47,1959022515,"","","","",4.,1,"","","","","","","","","","","","","","","","","","","","","","","","","","","","","","",12.,1,4.7,1,"","","","","","","","","","","","","","","","","","","","","","","","","","",62,1,"","","","","","","","","","","","",8.6,1,1026.7,1,"","","","","","",2,1,0,1,1,1,0,1,0,1,"","","","","","","","","","","","","","","","","","","","","","","","",8000,1,"","",2,1,0,1,"","","","","","","","","","","","","","","","","","","","","","","","","","","","","","","","","","","","","","","","","","","","","","","","","","","","","","","","","","","","","","","","","",""
"59343001","LILLE-LESQUIN",50.57,3.0975,47,1959022518,"","","","",1.,1,"","","","","","","","","","","","","","","","","","","","","","","","","","","","","","",8.2,1,5.5,1,"","","","","","","","","","","","","","","","","","","","","","","","","","",83,1,"","","","","","","","","","","","",9.1,1,1027.4,1,"","","","","","",2,1,0,1,5,1,0,1,1,1,"","","","","","","","","","","","","","","","","","","","","","","","",5000,1,"","",2,1,0,1,"","","","","","","","","","","","","","","","","","","","","","","","","","","","","","","","","","","","","","","","","","","","","","","","","","","","","","","","","","","","","","","","","",""
"59343001","LILLE-LESQUIN",50.57,3.0975,47,1959022521,"","","","",2.,1,"","","","","","","","","","","","","","","","","","","","","","","","","","","","","","",5.9,1,4.2,1,"","","","","","","","","","","","","","","","","","","","","","","","","","",89,1,"","","","","","","","","","","","",8.3,1,1027.8,1,"","","","","","",2,1,0,1,5,1,0,1,1,1,"","","","","","","","","","","","","","","","","","","","","","","","",6000,1,"","",2,1,0,1,"","","","","","","","","","","","","","","","","","","","","","","","","","","","","","","","","","","","","","","","","","","","","","","","","","","","","","","","","","","","","","","","","",""
"59343001","LILLE-LESQUIN",50.57,3.0975,47,1959022600,"","","","",0.,1,"","","","","","","","","","","","","","","","","","","","","","","","","","","","","","",3.6,1,2.6,1,"","","","","","","","","","","","","","","","","","","","","","","","","","",93,1,"","","","","","","","","","","","",7.4,1,1028.6,1,"","","","","","",0,1,"","",0,1,0,1,0,1,"","","","","","","","","","","","","","","","","","","","","","","","",2000,1,"","",10,1,0,1,"","","","","","","","","","","","","","","","","","","","","","","","","","","","","","","","","","","","","","","","","","","","","","","","","","","","","","","","","","","","","","","","","",""
"59343001","LILLE-LESQUIN",50.57,3.0975,47,1959022603,"","","","",1.,1,"","","","","","","","","","","","","","","","","","","","","","","","","","","","","","",1.,1,0.6,1,"","","","","","","","","","","","","","","","","","","","","","","","","","",96,1,"","","","","","","","","","","","",6.4,1,1028.5,1,"","","","","","",0,1,"","",0,1,0,1,0,1,"","","","","","","","","","","","","","","","","","","","","","","","",500,1,"","",42,1,4,1,"","","","","","","","","","","","","","","","","","","","","","","","","","","","","","","","","","","","","","","","","","","","","","","","","","","","","","","","","","","","","","","","","",""
"59343001","LILLE-LESQUIN",50.57,3.0975,47,1959022606,"","","","",2.,1,"","","","","","","","","","","","","","","","","","","","","","","","","","","","","","",0.,1,-0.7,1,"","","","","","","","","","","","","","","","","","","","","","","","","","",96,1,"","","","","","","","","","","","",5.8,1,1028.3,1,"","","","","","",9,1,"","","","","","","","","","","","","","","","","","","","","","","","","","","","","","","","",100,1,"","",47,1,4,1,"","",0,1,"","","","","","","","","","","","","","","","","","","","","","","","","","","","","","","","","","","","","","","","","","","","","","","","","","","","","","","","","","","","","",""
"59343001","LILLE-LESQUIN",50.57,3.0975,47,1959022609,"","","","",2.,1,"","","","","","","","","","","","","","","","","","","","","","","","","","","","","","",2.,1,1.6,1,"","","","","","","","","","","","","","","","","","","","","","","","","","",98,1,"","","","","","","","","","","","",6.9,1,1029.1,1,"","","","","","",9,1,"","","","","","","","","","","","","","","","","","","","","","","","","","","","","","","","",40,1,"","",47,1,4,1,"","","","","","","","","","","","","","","","","","","","","","","","","","","","","","","","","","","","","","","","","","","","","","","","","","","","","","","","","","","","","","","","","",""
"59343001","LILLE-LESQUIN",50.57,3.0975,47,1959022612,"","","","",6.,1,"","","","","","","","","","","","","","","","","","","","","","","","","","","","","","",11.8,1,5.8,1,"","","","","","","","","","","","","","","","","","","","","","","","","","",68,1,"","","","","","","","","","","","",9.3,1,1028.4,1,"","","","","","",2,1,0,1,0,1,0,1,2,1,"","","","","","","","","","","","","","","","","","","","","","","","",3000,1,"","",10,1,4,1,"","","","","","","","","","","","","","","","","","","","","","","","","","","","","","","","","","","","","","","","","","","","","","","","","","","","","","","","","","","","","","","","","",""
"59343001","LILLE-LESQUIN",50.57,3.0975,47,1959022615,"","","","",6.,1,"","","","","","","","","","","","","","","","","","","","","","","","","","","","","","",14.5,1,6.8,1,"","","","","","","","","","","","","","","","","","","","","","","","","","",61,1,"","","","","","","","","","","","",10.,1,1027.7,1,"","","","","","",5,1,0,1,0,1,3,1,4,1,"","","","","","","","","","","","","","","","","","","","","","","","",4000,1,"","",10,1,1,1,"","","","","","","","","","","","","","","","","","","","","","","","","","","","","","","","","","","","","","","","","","","","","","","","","","","","","","","","","","","","","","","","","",""
"59343001","LILLE-LESQUIN",50.57,3.0975,47,1959022618,"","","","",3.,1,"","","","","","","","","","","","","","","","","","","","","","","","","","","","","","",10.1,1,6.8,1,"","","","","","","","","","","","","","","","","","","","","","","","","","",81,1,"","","","","","","","","","","","",10.,1,1028.2,1,"","","","","","",4,1,0,1,0,1,3,1,4,1,"","","","","","","","","","","","","","","","","","","","","","","","",3000,1,"","",10,1,1,1,"","","","","","","","","","","","","","","","","","","","","","","","","","","","","","","","","","","","","","","","","","","","","","","","","","","","","","","","","","","","","","","","","",""
"59343001","LILLE-LESQUIN",50.57,3.0975,47,1959022621,"","","","",4.,1,"","","","","","","","","","","","","","","","","","","","","","","","","","","","","","",8.6,1,5.6,1,"","","","","","","","","","","","","","","","","","","","","","","","","","",82,1,"","","","","","","","","","","","",9.2,1,1029.,1,"","","","","","",0,1,"","",0,1,0,1,0,1,"","","","","","","","","","","","","","","","","","","","","","","","",4000,1,"","",10,1,0,1,"","","","","","","","","","","","","","","","","","","","","","","","","","","","","","","","","","","","","","","","","","","","","","","","","","","","","","","","","","","","","","","","","",""
"59343001","LILLE-LESQUIN",50.57,3.0975,47,1959022700,"","","","",2.,1,"","","","","","","","","","","","","","","","","","","","","","","","","","","","","","",4.6,1,3.5,1,"","","","","","","","","","","","","","","","","","","","","","","","","","",93,1,"","","","","","","","","","","","",7.9,1,1030.2,1,"","","","","","",0,1,"","",0,1,0,1,0,1,"","","","","","","","","","","","","","","","","","","","","","","","",4000,1,"","",10,1,0,1,"","","","","","","","","","","","","","","","","","","","","","","","","","","","","","","","","","","","","","","","","","","","","","","","","","","","","","","","","","","","","","","","","",""
"59343001","LILLE-LESQUIN",50.57,3.0975,47,1959022703,"","","","",2.,1,"","","","","","","","","","","","","","","","","","","","","","","","","","","","","","",2.8,1,2.2,1,"","","","","","","","","","","","","","","","","","","","","","","","","","",97,1,"","","","","","","","","","","","",7.2,1,1029.8,1,"","","","","","",3,1,0,1,0,1,0,1,1,1,"","","","","","","","","","","","","","","","","","","","","","","","",200,1,"","",44,1,4,1,"","","","","","","","","","","","","","","","","","","","","","","","","","","","","","","","","","","","","","","","","","","","","","","","","","","","","","","","","","","","","","","","","",""
"59343001","LILLE-LESQUIN",50.57,3.0975,47,1959022706,"","","","",3.,1,"","","","","","","","","","","","","","","","","","","","","","","","","","","","","","",1.6,1,1.2,1,"","","","","","","","","","","","","","","","","","","","","","","","","","",98,1,"","","","","","","","","","","","",6.7,1,1029.5,1,"","","","","","",0,1,"","",0,1,0,1,0,1,"","","","","","","","","","","","","","","","","","","","","","","","",700,1,"","",42,1,4,1,"","",0,1,"","","","","","","","","","","","","","","","","","","","","","","","","","","","","","","","","","","","","","","","","","","","","","","","","","","","","","","","","","","","","",""
"59343001","LILLE-LESQUIN",50.57,3.0975,47,1959022709,"","","","",2.,1,"","","","","","","","","","","","","","","","","","","","","","","","","","","","","","",7.5,1,4.3,1,"","","","","","","","","","","","","","","","","","","","","","","","","","",81,1,"","","","","","","","","","","","",8.4,1,1029.7,1,"","","","","","",2,1,0,1,0,1,0,1,1,1,"","","","","","","","","","","","","","","","","","","","","","","","",1300,1,"","",10,1,4,1,"","","","","","","","","","","","","","","","","","","","","","","","","","","","","","","","","","","","","","","","","","","","","","","","","","","","","","","","","","","","","","","","","",""
"59343001","LILLE-LESQUIN",50.57,3.0975,47,1959022712,"","","","",6.,1,"","","","","","","","","","","","","","","","","","","","","","","","","","","","","","",15.,1,7.1,1,"","","","","","","","","","","","","","","","","","","","","","","","","","",59,1,"","","","","","","","","","","","",10.2,1,1029.5,1,"","","","","","",3,1,0,1,0,1,0,1,1,1,"","","","","","","","","","","","","","","","","","","","","","","","",4500,1,"","",10,1,4,1,"","","","","","","","","","","","","","","","","","","","","","","","","","","","","","","","","","","","","","","","","","","","","","","","","","","","","","","","","","","","","","","","","",""
"59343001","LILLE-LESQUIN",50.57,3.0975,47,1959022715,"","","","",6.,1,"","","","","","","","","","","","","","","","","","","","","","","","","","","","","","",16.9,1,5.6,1,"","","","","","","","","","","","","","","","","","","","","","","","","","",48,1,"","","","","","","","","","","","",9.2,1,1027.7,1,"","","","","","",0,1,"","",0,1,0,1,0,1,"","","","","","","","","","","","","","","","","","","","","","","","",7000,1,"","",1,1,0,1,"","","","","","","","","","","","","","","","","","","","","","","","","","","","","","","","","","","","","","","","","","","","","","","","","","","","","","","","","","","","","","","","","",""
"59343001","LILLE-LESQUIN",50.57,3.0975,47,1959022718,"","","","",2.,1,"","","","","","","","","","","","","","","","","","","","","","","","","","","","","","",11.5,1,7.7,1,"","","","","","","","","","","","","","","","","","","","","","","","","","",78,1,"","","","","","","","","","","","",10.7,1,1027.5,1,"","","","","","",0,1,"","",0,1,0,1,0,1,"","","","","","","","","","","","","","","","","","","","","","","","",4000,1,"","",10,1,0,1,"","","","","","","","","","","","","","","","","","","","","","","","","","","","","","","","","","","","","","","","","","","","","","","","","","","","","","","","","","","","","","","","","",""
"59343001","LILLE-LESQUIN",50.57,3.0975,47,1959022721,"","","","",3.,1,"","","","","","","","","","","","","","","","","","","","","","","","","","","","","","",8.,1,7.2,1,"","","","","","","","","","","","","","","","","","","","","","","","","","",96,1,"","","","","","","","","","","","",10.3,1,1026.9,1,"","","","","","",0,1,"","",0,1,0,1,0,1,"","","","","","","","","","","","","","","","","","","","","","","","",3500,1,"","",10,1,0,1,"","","","","","","","","","","","","","","","","","","","","","","","","","","","","","","","","","","","","","","","","","","","","","","","","","","","","","","","","","","","","","","","","",""
"59343001","LILLE-LESQUIN",50.57,3.0975,47,1959022800,"","","","",3.,1,"","","","","","","","","","","","","","","","","","","","","","","","","","","","","","",6.,1,2.8,1,"","","","","","","","","","","","","","","","","","","","","","","","","","",81,1,"","","","","","","","","","","","",7.5,1,1026.5,1,"","","","","","",0,1,"","",0,1,0,1,0,1,"","","","","","","","","","","","","","","","","","","","","","","","",4000,1,"","",10,1,0,1,"","","","","","","","","","","","","","","","","","","","","","","","","","","","","","","","","","","","","","","","","","","","","","","","","","","","","","","","","","","","","","","","","",""
"59343001","LILLE-LESQUIN",50.57,3.0975,47,1959022803,"","","","",2.,1,"","","","","","","","","","","","","","","","","","","","","","","","","","","","","","",4.8,1,1.4,1,"","","","","","","","","","","","","","","","","","","","","","","","","","",79,1,"","","","","","","","","","","","",6.8,1,1025.5,1,"","","","","","",0,1,"","",0,1,0,1,0,1,"","","","","","","","","","","","","","","","","","","","","","","","",4000,1,"","",10,1,0,1,"","","","","","","","","","","","","","","","","","","","","","","","","","","","","","","","","","","","","","","","","","","","","","","","","","","","","","","","","","","","","","","","","",""
"59343001","LILLE-LESQUIN",50.57,3.0975,47,1959022806,"","","","",4.,1,"","","","","","","","","","","","","","","","","","","","","","","","","","","","","","",3.2,1,0.4,1,"","","","","","","","","","","","","","","","","","","","","","","","","","",83,1,"","","","","","","","","","","","",6.3,1,1025.1,1,"","","","","","",0,1,"","",0,1,0,1,0,1,"","","","","","","","","","","","","","","","","","","","","","","","",3500,1,"","",10,1,0,1,"","",0,1,"","","","","","","","","","","","","","","","","","","","","","","","","","","","","","","","","","","","","","","","","","","","","","","","","","","","","","","","","","","","","",""
"59343001","LILLE-LESQUIN",50.57,3.0975,47,1959022809,"","","","",4.,1,"","","","","","","","","","","","","","","","","","","","","","","","","","","","","","",8.8,1,1.4,1,"","","","","","","","","","","","","","","","","","","","","","","","","","",61,1,"","","","","","","","","","","","",6.8,1,1025.4,1,"","","","","","",0,1,"","",0,1,0,1,0,1,"","","","","","","","","","","","","","","","","","","","","","","","",4500,1,"","",10,1,0,1,"","","","","","","","","","","","","","","","","","","","","","","","","","","","","","","","","","","","","","","","","","","","","","","","","","","","","","","","","","","","","","","","","",""
"59343001","LILLE-LESQUIN",50.57,3.0975,47,1959022812,"","","","",5.,1,"","","","","","","","","","","","","","","","","","","","","","","","","","","","","","",15.4,1,6.4,1,"","","","","","","","","","","","","","","","","","","","","","","","","","",55,1,"","","","","","","","","","","","",9.7,1,1024.8,1,"","","","","","",1,1,0,1,0,1,0,1,1,1,"","","","","","","","","","","","","","","","","","","","","","","","",5000,1,"","",10,1,0,1,"","","","","","","","","","","","","","","","","","","","","","","","","","","","","","","","","","","","","","","","","","","","","","","","","","","","","","","","","","","","","","","","","",""
"59343001","LILLE-LESQUIN",50.57,3.0975,47,1959022815,"","","","",3.,1,"","","","","","","","","","","","","","","","","","","","","","","","","","","","","","",17.8,1,5.9,1,"","","","","","","","","","","","","","","","","","","","","","","","","","",46,1,"","","","","","","","","","","","",9.4,1,1023.4,1,"","","","","","",0,1,"","",0,1,0,1,0,1,"","","","","","","","","","","","","","","","","","","","","","","","",7000,1,"","",2,1,0,1,"","","","","","","","","","","","","","","","","","","","","","","","","","","","","","","","","","","","","","","","","","","","","","","","","","","","","","","","","","","","","","","","","",""
"59343001","LILLE-LESQUIN",50.57,3.0975,47,1959022818,"","","","",2.,1,"","","","","","","","","","","","","","","","","","","","","","","","","","","","","","",12.8,1,7.3,1,"","","","","","","","","","","","","","","","","","","","","","","","","","",71,1,"","","","","","","","","","","","",10.4,1,1023.5,1,"","","","","","",0,1,"","",0,1,0,1,0,1,"","","","","","","","","","","","","","","","","","","","","","","","",5000,1,"","",2,1,0,1,"","","","","","","","","","","","","","","","","","","","","","","","","","","","","","","","","","","","","","","","","","","","","","","","","","","","","","","","","","","","","","","","","",""
"59343001","LILLE-LESQUIN",50.57,3.0975,47,1959022821,"","","","",2.,1,"","","","","","","","","","","","","","","","","","","","","","","","","","","","","","",9.4,1,5.8,1,"","","","","","","","","","","","","","","","","","","","","","","","","","",79,1,"","","","","","","","","","","","",9.3,1,1023.8,1,"","","","","","",0,1,"","",0,1,0,1,0,1,"","","","","","","","","","","","","","","","","","","","","","","","",4500,1,"","",10,1,0,1,"","","","","","","","","","","","","","","","","","","","","","","","","","","","","","","","","","","","","","","","","","","","","","","","","","","","","","","","","","","","","","","","","",""
"59343001","LILLE-LESQUIN",50.57,3.0975,47,1959030100,"","","","",2.,1,"","","","","","","","","","","","","","","","","","","","","","","","","","","","","","",7.,1,4.5,1,"","","","","","","","","","","","","","","","","","","","","","","","","","",85,1,"","","","","","","","","","","","",8.5,1,1023.7,1,"","","","","","",0,1,"","",0,1,0,1,0,1,"","","","","","","","","","","","","","","","","","","","","","","","",4500,1,"","",10,1,0,1,"","","","","","","","","","","","","","","","","","","","","","","","","","","","","","","","","","","","","","","","","","","","","","","","","","","","","","","","","","","","","","","","","",""
"59343001","LILLE-LESQUIN",50.57,3.0975,47,1959030103,"","","","",3.,1,"","","","","","","","","","","","","","","","","","","","","","","","","","","","","","",5.,1,3.,1,"","","","","","","","","","","","","","","","","","","","","","","","","","",87,1,"","","","","","","","","","","","",7.6,1,1023.,1,"","","","","","",2,1,0,1,0,1,0,1,1,1,"","","","","","","","","","","","","","","","","","","","","","","","",3500,1,"","",10,1,0,1,"","","","","","","","","","","","","","","","","","","","","","","","","","","","","","","","","","","","","","","","","","","","","","","","","","","","","","","","","","","","","","","","","",""
"59343001","LILLE-LESQUIN",50.57,3.0975,47,1959030106,"","","","",2.,1,"","","","","","","","","","","","","","","","","","","","","","","","","","","","","","",3.1,1,2.,1,"","","","","","","","","","","","","","","","","","","","","","","","","","",93,1,"","","","","","","","","","","","",7.1,1,1022.9,1,"","","","","","",1,1,0,1,0,1,0,1,1,1,"","","","","","","","","","","","","","","","","","","","","","","","",1500,1,"","",11,1,0,1,"","",0,1,"","","","","","","","","","","","","","","","","","","","","","","","","","","","","","","","","","","","","","","","","","","","","","","","","","","","","","","","","","","","","",""
"59343001","LILLE-LESQUIN",50.57,3.0975,47,1959030109,"","","","",2.,1,"","","","","","","","","","","","","","","","","","","","","","","","","","","","","","",6.9,1,3.,1,"","","","","","","","","","","","","","","","","","","","","","","","","","",77,1,"","","","","","","","","","","","",7.6,1,1022.8,1,"","","","","","",1,1,0,1,0,1,0,1,1,1,"","","","","","","","","","","","","","","","","","","","","","","","",1600,1,"","",10,1,0,1,"","","","","","","","","","","","","","","","","","","","","","","","","","","","","","","","","","","","","","","","","","","","","","","","","","","","","","","","","","","","","","","","","",""
"59343001","LILLE-LESQUIN",50.57,3.0975,47,1959030112,"","","","",1.,1,"","","","","","","","","","","","","","","","","","","","","","","","","","","","","","",15.2,1,7.1,1,"","","","","","","","","","","","","","","","","","","","","","","","","","",58,1,"","","","","","","","","","","","",10.2,1,1021.2,1,"","","","","","",4,1,0,1,0,1,4,1,2,1,"","","","","","","","","","","","","","","","","","","","","","","","",2000,1,"","",10,1,0,1,"","","","","","","","","","","","","","","","","","","","","","","","","","","","","","","","","","","","","","","","","","","","","","","","","","","","","","","","","","","","","","","","","",""
"59343001","LILLE-LESQUIN",50.57,3.0975,47,1959030115,"","","","",2.,1,"","","","","","","","","","","","","","","","","","","","","","","","","","","","","","",16.9,1,5.,1,"","","","","","","","","","","","","","","","","","","","","","","","","","",45,1,"","","","","","","","","","","","",8.8,1,1019.6,1,"","","","","","",5,1,5,1,0,1,0,1,2,1,"","","","","","","","","","","","","","","","","","","","","","","","",6000,1,"","",2,1,2,1,"","","","","","","","","","","","","","","","","","","","","","","","","","","","","","","","","","","","","","","","","","","","","","","","","","","","","","","","","","","","","","","","","",""
"59343001","LILLE-LESQUIN",50.57,3.0975,47,1959030118,"","","","",2.,1,"","","","","","","","","","","","","","","","","","","","","","","","","","","","","","",12.,1,6.4,1,"","","","","","","","","","","","","","","","","","","","","","","","","","",69,1,"","","","","","","","","","","","",9.7,1,1019.6,1,"","","","","","",7,1,5,1,0,1,7,1,2,1,"","","","","","","","","","","","","","","","","","","","","","","","",6000,1,"","",2,1,2,1,"","","","","","","","","","","","","","","","","","","","","","","","","","","","","","","","","","","","","","","","","","","","","","","","","","","","","","","","","","","","","","","","","",""
"59343001","LILLE-LESQUIN",50.57,3.0975,47,1959030121,"","","","",2.,1,"","","","","","","","","","","","","","","","","","","","","","","","","","","","","","",9.1,1,6.4,1,"","","","","","","","","","","","","","","","","","","","","","","","","","",84,1,"","","","","","","","","","","","",9.7,1,1019.6,1,"","","","","","",5,1,0,1,0,1,4,1,2,1,"","","","","","","","","","","","","","","","","","","","","","","","",6000,1,"","",1,1,2,1,"","","","","","","","","","","","","","","","","","","","","","","","","","","","","","","","","","","","","","","","","","","","","","","","","","","","","","","","","","","","","","","","","",""
"59343001","LILLE-LESQUIN",50.57,3.0975,47,1959030200,"","","","",2.,1,"","","","","","","","","","","","","","","","","","","","","","","","","","","","","","",7.,1,4.5,1,"","","","","","","","","","","","","","","","","","","","","","","","","","",85,1,"","","","","","","","","","","","",8.5,1,1019.,1,"","","","","","",1,1,0,1,0,1,0,1,1,1,"","","","","","","","","","","","","","","","","","","","","","","","",7000,1,"","",2,1,0,1,"","","","","","","","","","","","","","","","","","","","","","","","","","","","","","","","","","","","","","","","","","","","","","","","","","","","","","","","","","","","","","","","","",""
"59343001","LILLE-LESQUIN",50.57,3.0975,47,1959030203,"","","","",2.,1,"","","","","","","","","","","","","","","","","","","","","","","","","","","","","","",4.7,1,3.3,1,"","","","","","","","","","","","","","","","","","","","","","","","","","",92,1,"","","","","","","","","","","","",7.8,1,1018.5,1,"","","","","","",2,1,0,1,0,1,0,1,2,1,"","","","","","","","","","","","","","","","","","","","","","","","",4000,1,"","",10,1,0,1,"","","","","","","","","","","","","","","","","","","","","","","","","","","","","","","","","","","","","","","","","","","","","","","","","","","","","","","","","","","","","","","","","",""
"59343001","LILLE-LESQUIN",50.57,3.0975,47,1959030206,"","","","",3.,1,"","","","","","","","","","","","","","","","","","","","","","","","","","","","","","",3.8,1,2.2,1,"","","","","","","","","","","","","","","","","","","","","","","","","","",90,1,"","","","","","","","","","","","",7.2,1,1018.4,1,"","","","","","",1,1,0,1,0,1,4,1,1,1,"","","","","","","","","","","","","","","","","","","","","","","","",4000,1,"","",10,1,0,1,"","",0,1,"","","","","","","","","","","","","","","","","","","","","","","","","","","","","","","","","","","","","","","","","","","","","","","","","","","","","","","","","","","","","",""
"59343001","LILLE-LESQUIN",50.57,3.0975,47,1959030209,"","","","",4.,1,"","","","","","","","","","","","","","","","","","","","","","","","","","","","","","",8.,1,4.5,1,"","","","","","","","","","","","","","","","","","","","","","","","","","",79,1,"","","","","","","","","","","","",8.5,1,1018.4,1,"","","","","","",3,1,0,1,0,1,0,1,4,1,"","","","","","","","","","","","","","","","","","","","","","","","",3000,1,"","",10,1,0,1,"","","","","","","","","","","","","","","","","","","","","","","","","","","","","","","","","","","","","","","","","","","","","","","","","","","","","","","","","","","","","","","","","",""
"59343001","LILLE-LESQUIN",50.57,3.0975,47,1959030212,"","","","",6.,1,"","","","","","","","","","","","","","","","","","","","","","","","","","","","","","",13.2,1,6.4,1,"","","","","","","","","","","","","","","","","","","","","","","","","","",64,1,"","","","","","","","","","","","",9.7,1,1017.4,1,"","","","","","",6,1,6,1,0,1,0,1,4,1,"","","","","","","","","","","","","","","","","","","","","","","","",6000,1,"","",3,1,1,1,"","","","","","","","","","","","","","","","","","","","","","","","","","","","","","","","","","","","","","","","","","","","","","","","","","","","","","","","","","","","","","","","","",""
"59343001","LILLE-LESQUIN",50.57,3.0975,47,1959030215,"","","","",6.,1,"","","","","","","","","","","","","","","","","","","","","","","","","","","","","","",15.4,1,6.8,1,"","","","","","","","","","","","","","","","","","","","","","","","","","",57,1,"","","","","","","","","","","","",10.,1,1015.9,1,"","","","","","",3,1,0,1,0,1,0,1,1,1,"","","","","","","","","","","","","","","","","","","","","","","","",12000,1,"","",2,1,1,1,"","","","","","","","","","","","","","","","","","","","","","","","","","","","","","","","","","","","","","","","","","","","","","","","","","","","","","","","","","","","","","","","","",""
"59343001","LILLE-LESQUIN",50.57,3.0975,47,1959030218,"","","","",3.,1,"","","","","","","","","","","","","","","","","","","","","","","","","","","","","","",11.8,1,6.6,1,"","","","","","","","","","","","","","","","","","","","","","","","","","",71,1,"","","","","","","","","","","","",9.9,1,1016.1,1,"","","","","","",1,1,0,1,0,1,0,1,1,1,"","","","","","","","","","","","","","","","","","","","","","","","",8000,1,"","",2,1,1,1,"","","","","","","","","","","","","","","","","","","","","","","","","","","","","","","","","","","","","","","","","","","","","","","","","","","","","","","","","","","","","","","","","",""
"59343001","LILLE-LESQUIN",50.57,3.0975,47,1959030221,"","","","",3.,1,"","","","","","","","","","","","","","","","","","","","","","","","","","","","","","",8.4,1,5.1,1,"","","","","","","","","","","","","","","","","","","","","","","","","","",81,1,"","","","","","","","","","","","",8.9,1,1015.8,1,"","","","","","",0,1,"","",0,1,0,1,0,1,"","","","","","","","","","","","","","","","","","","","","","","","",7000,1,"","",2,1,0,1,"","","","","","","","","","","","","","","","","","","","","","","","","","","","","","","","","","","","","","","","","","","","","","","","","","","","","","","","","","","","","","","","","",""
"59343001","LILLE-LESQUIN",50.57,3.0975,47,1959030300,"","","","",3.,1,"","","","","","","","","","","","","","","","","","","","","","","","","","","","","","",7.,1,3.7,1,"","","","","","","","","","","","","","","","","","","","","","","","","","",80,1,"","","","","","","","","","","","",8.,1,1014.6,1,"","","","","","",0,1,"","",0,1,0,1,0,1,"","","","","","","","","","","","","","","","","","","","","","","","",8000,1,"","",2,1,0,1,"","","","","","","","","","","","","","","","","","","","","","","","","","","","","","","","","","","","","","","","","","","","","","","","","","","","","","","","","","","","","","","","","",""
"59343001","LILLE-LESQUIN",50.57,3.0975,47,1959030303,"","","","",5.,1,"","","","","","","","","","","","","","","","","","","","","","","","","","","","","","",7.1,1,3.5,1,"","","","","","","","","","","","","","","","","","","","","","","","","","",79,1,"","","","","","","","","","","","",7.9,1,1013.1,1,"","","","","","",0,1,"","",0,1,0,1,0,1,"","","","","","","","","","","","","","","","","","","","","","","","",10000,1,"","",2,1,0,1,"","","","","","","","","","","","","","","","","","","","","","","","","","","","","","","","","","","","","","","","","","","","","","","","","","","","","","","","","","","","","","","","","",""
"59343001","LILLE-LESQUIN",50.57,3.0975,47,1959030306,"","","","",7.,1,"","","","","","","","","","","","","","","","","","","","","","","","","","","","","","",7.5,1,3.5,1,"","","","","","","","","","","","","","","","","","","","","","","","","","",76,1,"","","","","","","","","","","","",7.9,1,1012.,1,"","","","","","",7,1,7,1,0,1,4,1,6,1,"","","","","","","","","","","","","","","","","","","","","","","","",8000,1,"","",3,1,1,1,"","",0,1,"","","","","","","","","","","","","","","","","","","","","","","","","","","","","","","","","","","","","","","","","","","","","","","","","","","","","","","","","","","","","",""
"59343001","LILLE-LESQUIN",50.57,3.0975,47,1959030309,"","","","",7.,1,"","","","","","","","","","","","","","","","","","","","","","","","","","","","","","",8.8,1,3.8,1,"","","","","","","","","","","","","","","","","","","","","","","","","","",71,1,"","","","","","","","","","","","",8.1,1,1010.8,1,"","","","","","",8,1,8,1,0,1,2,1,"","","","","","","","","","","","","","","","","","","","","","","","","","",6000,1,"","",2,1,2,1,"","","","","","","","","","","","","","","","","","","","","","","","","","","","","","","","","","","","","","","","","","","","","","","","","","","","","","","","","","","","","","","","","",""
"59343001","LILLE-LESQUIN",50.57,3.0975,47,1959030312,"","","","",7.,1,"","","","","","","","","","","","","","","","","","","","","","","","","","","","","","",10.1,1,6.1,1,"","","","","","","","","","","","","","","","","","","","","","","","","","",77,1,"","","","","","","","","","","","",9.5,1,1009.3,1,"","","","","","",8,1,5,1,5,1,7,1,"","","","","","","","","","","","","","","","","","","","","","","","","","",7000,1,"","",21,1,6,1,"","","","","","","","","","","","","","","","","","","","","","","","","","","","","","","","","","","","","","","","","","","","","","","","","","","","","","","","","","","","","","","","","",""
"59343001","LILLE-LESQUIN",50.57,3.0975,47,1959030315,"","","","",9.,1,"","","","","","","","","","","","","","","","","","","","","","","","","","","","","","",11.2,1,7.5,1,"","","","","","","","","","","","","","","","","","","","","","","","","","",80,1,"","","","","","","","","","","","",10.5,1,1007.5,1,"","","","","","",8,1,8,1,5,1,7,1,"","","","","","","","","","","","","","","","","","","","","","","","","","",6000,1,"","",61,1,6,1,"","","","","","","","","","","","","","","","","","","","","","","","","","","","","","","","","","","","","","","","","","","","","","","","","","","","","","","","","","","","","","","","","",""
"59343001","LILLE-LESQUIN",50.57,3.0975,47,1959030318,"","","","",9.,1,"","","","","","","","","","","","","","","","","","","","","","","","","","","","","","",10.3,1,8.4,1,"","","","","","","","","","","","","","","","","","","","","","","","","","",91,1,"","","","","","","","","","","","",11.2,1,1006.6,1,"","","","","","",8,1,7,1,7,1,7,1,"","","","","","","","","","","","","","","","","","","","","","","","","","",6000,1,"","",21,1,6,1,"","","","","","","","","","","","","","","","","","","","","","","","","","","","","","","","","","","","","","","","","","","","","","","","","","","","","","","","","","","","","","","","","",""
"59343001","LILLE-LESQUIN",50.57,3.0975,47,1959030321,"","","","",8.,1,"","","","","","","","","","","","","","","","","","","","","","","","","","","","","","",10.3,1,8.3,1,"","","","","","","","","","","","","","","","","","","","","","","","","","",88,1,"","","","","","","","","","","","",11.1,1,1005.6,1,"","","","","","",8,1,8,1,6,1,"","","","","","","","","","","","","","","","","","","","","","","","","","","","",7000,1,"","",2,1,2,1,"","","","","","","","","","","","","","","","","","","","","","","","","","","","","","","","","","","","","","","","","","","","","","","","","","","","","","","","","","","","","","","","","",""
"59343001","LILLE-LESQUIN",50.57,3.0975,47,1959030400,"","","","",9.,1,"","","","","","","","","","","","","","","","","","","","","","","","","","","","","","",9.8,1,7.5,1,"","","","","","","","","","","","","","","","","","","","","","","","","","",87,1,"","","","","","","","","","","","",10.5,1,1004.2,1,"","","","","","",5,1,5,1,6,1,0,1,0,1,"","","","","","","","","","","","","","","","","","","","","","","","",8000,1,"","",2,1,2,1,"","","","","","","","","","","","","","","","","","","","","","","","","","","","","","","","","","","","","","","","","","","","","","","","","","","","","","","","","","","","","","","","","",""
"59343001","LILLE-LESQUIN",50.57,3.0975,47,1959030403,"","","","",8.,1,"","","","","","","","","","","","","","","","","","","","","","","","","","","","","","",9.4,1,6.6,1,"","","","","","","","","","","","","","","","","","","","","","","","","","",84,1,"","","","","","","","","","","","",9.9,1,1001.9,1,"","","","","","",8,1,8,1,5,1,"","","","","","","","","","","","","","","","","","","","","","","","","","","","",10000,1,"","",3,1,1,1,"","","","","","","","","","","","","","","","","","","","","","","","","","","","","","","","","","","","","","","","","","","","","","","","","","","","","","","","","","","","","","","","","",""
"59343001","LILLE-LESQUIN",50.57,3.0975,47,1959030406,"","","","",11.,1,"","","","","","","","","","","","","","","","","","","","","","","","","","","","","","",9.6,1,6.2,1,"","","","","","","","","","","","","","","","","","","","","","","","","","",80,1,"","","","","","","","","","","","",9.6,1,1001.,1,"","","","","","",6,1,6,1,5,1,0,1,0,1,"","","","","","","","","","","","","","","","","","","","","","","","",10000,1,"","",2,1,1,1,"","",0,1,"","","","","","","","","","","","","","","","","","","","","","","","","","","","","","","","","","","","","","","","","","","","","","","","","","","","","","","","","","","","","",""
"59343001","LILLE-LESQUIN",50.57,3.0975,47,1959030409,"","","","",9.,1,"","","","","","","","","","","","","","","","","","","","","","","","","","","","","","",10.,1,6.4,1,"","","","","","","","","","","","","","","","","","","","","","","","","","",80,1,"","","","","","","","","","","","",9.7,1,1001.5,1,"","","","","","",7,1,5,1,5,1,4,1,6,1,"","","","","","","","","","","","","","","","","","","","","","","","",10000,1,"","",2,1,2,1,"","","","","","","","","","","","","","","","","","","","","","","","","","","","","","","","","","","","","","","","","","","","","","","","","","","","","","","","","","","","","","","","","",""
"59343001","LILLE-LESQUIN",50.57,3.0975,47,1959030412,"","","","",8.,1,"","","","","","","","","","","","","","","","","","","","","","","","","","","","","","",12.2,1,3.8,1,"","","","","","","","","","","","","","","","","","","","","","","","","","",58,1,"","","","","","","","","","","","",8.1,1,1001.9,1,"","","","","","",6,1,5,1,8,1,0,1,0,1,"","","","","","","","","","","","","","","","","","","","","","","","",12000,1,"","",1,1,2,1,"","","","","","","","","","","","","","","","","","","","","","","","","","","","","","","","","","","","","","","","","","","","","","","","","","","","","","","","","","","","","","","","","",""
"59343001","LILLE-LESQUIN",50.57,3.0975,47,1959030415,"","","","",7.,1,"","","","","","","","","","","","","","","","","","","","","","","","","","","","","","",13.,1,3.7,1,"","","","","","","","","","","","","","","","","","","","","","","","","","",54,1,"","","","","","","","","","","","",8.,1,1001.3,1,"","","","","","",7,1,5,1,8,1,0,1,0,1,"","","","","","","","","","","","","","","","","","","","","","","","",20000,1,"","",2,1,2,1,"","","","","","","","","","","","","","","","","","","","","","","","","","","","","","","","","","","","","","","","","","","","","","","","","","","","","","","","","","","","","","","","","",""
"59343001","LILLE-LESQUIN",50.57,3.0975,47,1959030418,"","","","",5.,1,"","","","","","","","","","","","","","","","","","","","","","","","","","","","","","",10.4,1,5.1,1,"","","","","","","","","","","","","","","","","","","","","","","","","","",70,1,"","","","","","","","","","","","",8.9,1,1000.7,1,"","","","","","",6,1,6,1,1,1,4,1,6,1,"","","","","","","","","","","","","","","","","","","","","","","","",15000,1,"","",2,1,2,1,"","","","","","","","","","","","","","","","","","","","","","","","","","","","","","","","","","","","","","","","","","","","","","","","","","","","","","","","","","","","","","","","","",""
"59343001","LILLE-LESQUIN",50.57,3.0975,47,1959030421,"","","","",6.,1,"","","","","","","","","","","","","","","","","","","","","","","","","","","","","","",8.6,1,4.5,1,"","","","","","","","","","","","","","","","","","","","","","","","","","",76,1,"","","","","","","","","","","","",8.5,1,1000.8,1,"","","","","","",0,1,"","",0,1,0,1,0,1,"","","","","","","","","","","","","","","","","","","","","","","","",10000,1,"","",1,1,1,1,"","","","","","","","","","","","","","","","","","","","","","","","","","","","","","","","","","","","","","","","","","","","","","","","","","","","","","","","","","","","","","","","","",""
"59343001","LILLE-LESQUIN",50.57,3.0975,47,1959030500,"","","","",7.,1,"","","","","","","","","","","","","","","","","","","","","","","","","","","","","","",7.9,1,5.3,1,"","","","","","","","","","","","","","","","","","","","","","","","","","",85,1,"","","","","","","","","","","","",9.,1,999.2,1,"","","","","","",7,1,7,1,0,1,3,1,"","","","","","","","","","","","","","","","","","","","","","","","","","",10000,1,"","",3,1,1,1,"","","","","","","","","","","","","","","","","","","","","","","","","","","","","","","","","","","","","","","","","","","","","","","","","","","","","","","","","","","","","","","","","",""
"59343001","LILLE-LESQUIN",50.57,3.0975,47,1959030503,"","","","",11.,1,"","","","","","","","","","","","","","","","","","","","","","","","","","","","","","",7.9,1,4.8,1,"","","","","","","","","","","","","","","","","","","","","","","","","","",82,1,"","","","","","","","","","","","",8.7,1,997.2,1,"","","","","","",8,1,8,1,5,1,"","","","","","","","","","","","","","","","","","","","","","","","","","","","",10000,1,"","",2,1,8,1,"","","","","","","","","","","","","","","","","","","","","","","","","","","","","","","","","","","","","","","","","","","","","","","","","","","","","","","","","","","","","","","","","",""
"59343001","LILLE-LESQUIN",50.57,3.0975,47,1959030506,"","","","",10.,1,"","","","","","","","","","","","","","","","","","","","","","","","","","","","","","",8.,1,5.3,1,"","","","","","","","","","","","","","","","","","","","","","","","","","",83,1,"","","","","","","","","","","","",9.,1,997.2,1,"","","","","","",4,1,0,1,8,1,0,1,0,1,"","","","","","","","","","","","","","","","","","","","","","","","",10000,1,"","",1,1,8,1,"","",0,1,"","","","","","","","","","","","","","","","","","","","","","","","","","","","","","","","","","","","","","","","","","","","","","","","","","","","","","","","","","","","","",""
"59343001","LILLE-LESQUIN",50.57,3.0975,47,1959030509,"","","","",9.,1,"","","","","","","","","","","","","","","","","","","","","","","","","","","","","","",10.3,1,5.8,1,"","","","","","","","","","","","","","","","","","","","","","","","","","",74,1,"","","","","","","","","","","","",9.3,1,997.9,1,"","","","","","",5,1,0,1,8,1,8,1,0,1,"","","","","","","","","","","","","","","","","","","","","","","","",12000,1,"","",25,1,8,1,"","","","","","","","","","","","","","","","","","","","","","","","","","","","","","","","","","","","","","","","","","","","","","","","","","","","","","","","","","","","","","","","","",""
"59343001","LILLE-LESQUIN",50.57,3.0975,47,1959030512,"","","","",9.,1,"","","","","","","","","","","","","","","","","","","","","","","","","","","","","","",12.7,1,4.8,1,"","","","","","","","","","","","","","","","","","","","","","","","","","",59,1,"","","","","","","","","","","","",8.7,1,998.7,1,"","","","","","",6,1,5,1,2,1,6,1,0,1,"","","","","","","","","","","","","","","","","","","","","","","","",15000,1,"","",1,1,8,1,"","","","","","","","","","","","","","","","","","","","","","","","","","","","","","","","","","","","","","","","","","","","","","","","","","","","","","","","","","","","","","","","","",""
"59343001","LILLE-LESQUIN",50.57,3.0975,47,1959030515,"","","","",8.,1,"","","","","","","","","","","","","","","","","","","","","","","","","","","","","","",13.8,1,4.7,1,"","","","","","","","","","","","","","","","","","","","","","","","","","",55,1,"","","","","","","","","","","","",8.6,1,998.2,1,"","","","","","",5,1,0,1,2,1,6,1,3,1,"","","","","","","","","","","","","","","","","","","","","","","","",20000,1,"","",25,1,8,1,"","","","","","","","","","","","","","","","","","","","","","","","","","","","","","","","","","","","","","","","","","","","","","","","","","","","","","","","","","","","","","","","","",""
"59343001","LILLE-LESQUIN",50.57,3.0975,47,1959030518,"","","","",7.,1,"","","","","","","","","","","","","","","","","","","","","","","","","","","","","","",11.2,1,6.1,1,"","","","","","","","","","","","","","","","","","","","","","","","","","",71,1,"","","","","","","","","","","","",9.5,1,998.3,1,"","","","","","",2,1,0,1,2,1,6,1,3,1,"","","","","","","","","","","","","","","","","","","","","","","","",15000,1,"","",2,1,8,1,"","","","","","","","","","","","","","","","","","","","","","","","","","","","","","","","","","","","","","","","","","","","","","","","","","","","","","","","","","","","","","","","","",""
"59343001","LILLE-LESQUIN",50.57,3.0975,47,1959030521,"","","","",8.,1,"","","","","","","","","","","","","","","","","","","","","","","","","","","","","","",10.4,1,5.5,1,"","","","","","","","","","","","","","","","","","","","","","","","","","",72,1,"","","","","","","","","","","","",9.1,1,999.1,1,"","","","","","",1,1,0,1,5,1,0,1,0,1,"","","","","","","","","","","","","","","","","","","","","","","","",15000,1,"","",1,1,0,1,"","","","","","","","","","","","","","","","","","","","","","","","","","","","","","","","","","","","","","","","","","","","","","","","","","","","","","","","","","","","","","","","","",""
"59343001","LILLE-LESQUIN",50.57,3.0975,47,1959030600,"","","","",7.,1,"","","","","","","","","","","","","","","","","","","","","","","","","","","","","","",8.8,1,5.6,1,"","","","","","","","","","","","","","","","","","","","","","","","","","",81,1,"","","","","","","","","","","","",9.2,1,999.4,1,"","","","","","",6,1,6,1,2,1,0,1,0,1,"","","","","","","","","","","","","","","","","","","","","","","","",10000,1,"","",80,1,2,1,"","","","","","","","","","","","","","","","","","","","","","","","","","","","","","","","","","","","","","","","","","","","","","","","","","","","","","","","","","","","","","","","","",""
"59343001","LILLE-LESQUIN",50.57,3.0975,47,1959030603,"","","","",6.,1,"","","","","","","","","","","","","","","","","","","","","","","","","","","","","","",8.,1,6.1,1,"","","","","","","","","","","","","","","","","","","","","","","","","","",89,1,"","","","","","","","","","","","",9.5,1,998.6,1,"","","","","","",8,1,8,1,5,1,2,1,"","","","","","","","","","","","","","","","","","","","","","","","","","",8000,1,"","",61,1,8,1,"","","","","","","","","","","","","","","","","","","","","","","","","","","","","","","","","","","","","","","","","","","","","","","","","","","","","","","","","","","","","","","","","",""
"59343001","LILLE-LESQUIN",50.57,3.0975,47,1959030606,"","","","",4.,1,"","","","","","","","","","","","","","","","","","","","","","","","","","","","","","",6.7,1,5.5,1,"","","","","","","","","","","","","","","","","","","","","","","","","","",93,1,"","","","","","","","","","","","",9.1,1,998.7,1,"","","","","","",8,1,8,1,7,1,2,1,"","","","","","","","","","","","","","","","","","","","","","","","","","",8000,1,"","",60,1,8,1,"","",0,1,"","","","","","","","","","","","","","","","","","","","","","","","","","","","","","","","","","","","","","","","","","","","","","","","","","","","","","","","","","","","","",""
"59343001","LILLE-LESQUIN",50.57,3.0975,47,1959030609,"","","","",6.,1,"","","","","","","","","","","","","","","","","","","","","","","","","","","","","","",8.3,1,5.8,1,"","","","","","","","","","","","","","","","","","","","","","","","","","",85,1,"","","","","","","","","","","","",9.3,1,999.4,1,"","","","","","",2,1,0,1,1,1,4,1,0,1,"","","","","","","","","","","","","","","","","","","","","","","","",7000,1,"","",1,1,6,1,"","","","","","","","","","","","","","","","","","","","","","","","","","","","","","","","","","","","","","","","","","","","","","","","","","","","","","","","","","","","","","","","","",""
"59343001","LILLE-LESQUIN",50.57,3.0975,47,1959030612,"","","","",9.,1,"","","","","","","","","","","","","","","","","","","","","","","","","","","","","","",11.4,1,5.,1,"","","","","","","","","","","","","","","","","","","","","","","","","","",65,1,"","","","","","","","","","","","",8.8,1,999.9,1,"","","","","","",4,1,0,1,2,1,0,1,1,1,"","","","","","","","","","","","","","","","","","","","","","","","",20000,1,"","",3,1,1,1,"","","","","","","","","","","","","","","","","","","","","","","","","","","","","","","","","","","","","","","","","","","","","","","","","","","","","","","","","","","","","","","","","",""
"59343001","LILLE-LESQUIN",50.57,3.0975,47,1959030615,"","","","",10.,1,"","","","","","","","","","","","","","","","","","","","","","","","","","","","","","",12.2,1,5.,1,"","","","","","","","","","","","","","","","","","","","","","","","","","",62,1,"","","","","","","","","","","","",8.8,1,999.1,1,"","","","","","",7,1,5,1,3,1,0,1,1,1,"","","","","","","","","","","","","","","","","","","","","","","","",20000,1,"","",2,1,2,1,"","","","","","","","","","","","","","","","","","","","","","","","","","","","","","","","","","","","","","","","","","","","","","","","","","","","","","","","","","","","","","","","","",""
"59343001","LILLE-LESQUIN",50.57,3.0975,47,1959030618,"","","","",6.,1,"","","","","","","","","","","","","","","","","","","","","","","","","","","","","","",9.8,1,5.8,1,"","","","","","","","","","","","","","","","","","","","","","","","","","",77,1,"","","","","","","","","","","","",9.3,1,999.4,1,"","","","","","",1,1,0,1,0,1,4,1,1,1,"","","","","","","","","","","","","","","","","","","","","","","","",15000,1,"","",1,1,1,1,"","","","","","","","","","","","","","","","","","","","","","","","","","","","","","","","","","","","","","","","","","","","","","","","","","","","","","","","","","","","","","","","","",""
"59343001","LILLE-LESQUIN",50.57,3.0975,47,1959030621,"","","","",6.,1,"","","","","","","","","","","","","","","","","","","","","","","","","","","","","","",8.,1,4.8,1,"","","","","","","","","","","","","","","","","","","","","","","","","","",81,1,"","","","","","","","","","","","",8.7,1,999.9,1,"","","","","","",0,1,"","",0,1,0,1,0,1,"","","","","","","","","","","","","","","","","","","","","","","","",10000,1,"","",2,1,0,1,"","","","","","","","","","","","","","","","","","","","","","","","","","","","","","","","","","","","","","","","","","","","","","","","","","","","","","","","","","","","","","","","","",""
"59343001","LILLE-LESQUIN",50.57,3.0975,47,1959030700,"","","","",7.,1,"","","","","","","","","","","","","","","","","","","","","","","","","","","","","","",7.7,1,3.3,1,"","","","","","","","","","","","","","","","","","","","","","","","","","",75,1,"","","","","","","","","","","","",7.8,1,999.2,1,"","","","","","",0,1,"","",0,1,0,1,0,1,"","","","","","","","","","","","","","","","","","","","","","","","",10000,1,"","",2,1,0,1,"","","","","","","","","","","","","","","","","","","","","","","","","","","","","","","","","","","","","","","","","","","","","","","","","","","","","","","","","","","","","","","","","",""
"59343001","LILLE-LESQUIN",50.57,3.0975,47,1959030703,"","","","",7.,1,"","","","","","","","","","","","","","","","","","","","","","","","","","","","","","",7.7,1,3.8,1,"","","","","","","","","","","","","","","","","","","","","","","","","","",77,1,"","","","","","","","","","","","",8.1,1,999.7,1,"","","","","","",0,1,"","",0,1,0,1,0,1,"","","","","","","","","","","","","","","","","","","","","","","","",10000,1,"","",2,1,0,1,"","","","","","","","","","","","","","","","","","","","","","","","","","","","","","","","","","","","","","","","","","","","","","","","","","","","","","","","","","","","","","","","","",""
"59343001","LILLE-LESQUIN",50.57,3.0975,47,1959030706,"","","","",6.,1,"","","","","","","","","","","","","","","","","","","","","","","","","","","","","","",7.7,1,4.3,1,"","","","","","","","","","","","","","","","","","","","","","","","","","",80,1,"","","","","","","","","","","","",8.4,1,999.9,1,"","","","","","",7,1,7,1,5,1,"","","","","","","","","","","","","","","","","","","","","","","","","","","","",10000,1,"","",2,1,1,1,"","",0,1,"","","","","","","","","","","","","","","","","","","","","","","","","","","","","","","","","","","","","","","","","","","","","","","","","","","","","","","","","","","","","",""
"59343001","LILLE-LESQUIN",50.57,3.0975,47,1959030709,"","","","",8.,1,"","","","","","","","","","","","","","","","","","","","","","","","","","","","","","",9.,1,6.2,1,"","","","","","","","","","","","","","","","","","","","","","","","","","",84,1,"","","","","","","","","","","","",9.6,1,1000.2,1,"","","","","","",7,1,7,1,5,1,"","","","","","","","","","","","","","","","","","","","","","","","","","","","",8000,1,"","",2,1,2,1,"","","","","","","","","","","","","","","","","","","","","","","","","","","","","","","","","","","","","","","","","","","","","","","","","","","","","","","","","","","","","","","","","",""
"59343001","LILLE-LESQUIN",50.57,3.0975,47,1959030712,"","","","",7.,1,"","","","","","","","","","","","","","","","","","","","","","","","","","","","","","",12.8,1,6.4,1,"","","","","","","","","","","","","","","","","","","","","","","","","","",66,1,"","","","","","","","","","","","",9.7,1,1001.,1,"","","","","","",5,1,5,1,8,1,0,1,0,1,"","","","","","","","","","","","","","","","","","","","","","","","",12000,1,"","",3,1,2,1,"","","","","","","","","","","","","","","","","","","","","","","","","","","","","","","","","","","","","","","","","","","","","","","","","","","","","","","","","","","","","","","","","",""
"59343001","LILLE-LESQUIN",50.57,3.0975,47,1959030715,"","","","",6.,1,"","","","","","","","","","","","","","","","","","","","","","","","","","","","","","",13.,1,5.,1,"","","","","","","","","","","","","","","","","","","","","","","","","","",59,1,"","","","","","","","","","","","",8.8,1,1001.,1,"","","","","","",6,1,5,1,8,1,0,1,0,1,"","","","","","","","","","","","","","","","","","","","","","","","",10000,1,"","",2,1,8,1,"","","","","","","","","","","","","","","","","","","","","","","","","","","","","","","","","","","","","","","","","","","","","","","","","","","","","","","","","","","","","","","","","",""
"59343001","LILLE-LESQUIN",50.57,3.0975,47,1959030718,"","","","",0.,1,"","","","","","","","","","","","","","","","","","","","","","","","","","","","","","",10.1,1,6.1,1,"","","","","","","","","","","","","","","","","","","","","","","","","","",77,1,"","","","","","","","","","","","",9.5,1,1002.7,1,"","","","","","",4,1,0,1,8,1,4,1,0,1,"","","","","","","","","","","","","","","","","","","","","","","","",8000,1,"","",1,1,8,1,"","","","","","","","","","","","","","","","","","","","","","","","","","","","","","","","","","","","","","","","","","","","","","","","","","","","","","","","","","","","","","","","","",""
"59343001","LILLE-LESQUIN",50.57,3.0975,47,1959030721,"","","","",1.,1,"","","","","","","","","","","","","","","","","","","","","","","","","","","","","","",8.5,1,5.8,1,"","","","","","","","","","","","","","","","","","","","","","","","","","",83,1,"","","","","","","","","","","","",9.3,1,1005.,1,"","","","","","",2,1,0,1,5,1,0,1,0,1,"","","","","","","","","","","","","","","","","","","","","","","","",6000,1,"","",1,1,1,1,"","","","","","","","","","","","","","","","","","","","","","","","","","","","","","","","","","","","","","","","","","","","","","","","","","","","","","","","","","","","","","","","","",""
"59343001","LILLE-LESQUIN",50.57,3.0975,47,1959030800,"","","","",3.,1,"","","","","","","","","","","","","","","","","","","","","","","","","","","","","","",5.8,1,3.8,1,"","","","","","","","","","","","","","","","","","","","","","","","","","",88,1,"","","","","","","","","","","","",8.1,1,1006.3,1,"","","","","","",1,1,0,1,5,1,0,1,0,1,"","","","","","","","","","","","","","","","","","","","","","","","",6000,1,"","",2,1,1,1,"","","","","","","","","","","","","","","","","","","","","","","","","","","","","","","","","","","","","","","","","","","","","","","","","","","","","","","","","","","","","","","","","",""
"59343001","LILLE-LESQUIN",50.57,3.0975,47,1959030803,"","","","",2.,1,"","","","","","","","","","","","","","","","","","","","","","","","","","","","","","",6.9,1,4.5,1,"","","","","","","","","","","","","","","","","","","","","","","","","","",85,1,"","","","","","","","","","","","",8.5,1,1007.3,1,"","","","","","",8,1,8,1,5,1,"","","","","","","","","","","","","","","","","","","","","","","","","","","","",6000,1,"","",2,1,2,1,"","","","","","","","","","","","","","","","","","","","","","","","","","","","","","","","","","","","","","","","","","","","","","","","","","","","","","","","","","","","","","","","","",""
"59343001","LILLE-LESQUIN",50.57,3.0975,47,1959030806,"","","","",2.,1,"","","","","","","","","","","","","","","","","","","","","","","","","","","","","","",5.6,1,4.2,1,"","","","","","","","","","","","","","","","","","","","","","","","","","",91,1,"","","","","","","","","","","","",8.3,1,1009.2,1,"","","","","","",7,1,6,1,5,1,"","","","","","","","","","","","","","","","","","","","","","","","","","","","",5000,1,"","",1,1,2,1,"","",0,1,"","","","","","","","","","","","","","","","","","","","","","","","","","","","","","","","","","","","","","","","","","","","","","","","","","","","","","","","","","","","","",""
"59343001","LILLE-LESQUIN",50.57,3.0975,47,1959030809,"","","","",3.,1,"","","","","","","","","","","","","","","","","","","","","","","","","","","","","","",9.1,1,6.1,1,"","","","","","","","","","","","","","","","","","","","","","","","","","",83,1,"","","","","","","","","","","","",9.5,1,1010.9,1,"","","","","","",4,1,0,1,5,1,0,1,0,1,"","","","","","","","","","","","","","","","","","","","","","","","",7000,1,"","",1,1,1,1,"","","","","","","","","","","","","","","","","","","","","","","","","","","","","","","","","","","","","","","","","","","","","","","","","","","","","","","","","","","","","","","","","",""
"59343001","LILLE-LESQUIN",50.57,3.0975,47,1959030812,"","","","",2.,1,"","","","","","","","","","","","","","","","","","","","","","","","","","","","","","",11.,1,5.8,1,"","","","","","","","","","","","","","","","","","","","","","","","","","",70,1,"","","","","","","","","","","","",9.3,1,1011.8,1,"","","","","","",7,1,6,1,3,1,6,1,"","","","","","","","","","","","","","","","","","","","","","","","","","",15000,1,"","",2,1,1,1,"","","","","","","","","","","","","","","","","","","","","","","","","","","","","","","","","","","","","","","","","","","","","","","","","","","","","","","","","","","","","","","","","",""
"59343001","LILLE-LESQUIN",50.57,3.0975,47,1959030815,"","","","",2.,1,"","","","","","","","","","","","","","","","","","","","","","","","","","","","","","",10.6,1,6.8,1,"","","","","","","","","","","","","","","","","","","","","","","","","","",78,1,"","","","","","","","","","","","",10.,1,1012.8,1,"","","","","","",5,1,5,1,9,1,0,1,0,1,"","","","","","","","","","","","","","","","","","","","","","","","",20000,1,"","",2,1,8,1,"","","","","","","","","","","","","","","","","","","","","","","","","","","","","","","","","","","","","","","","","","","","","","","","","","","","","","","","","","","","","","","","","",""
"59343001","LILLE-LESQUIN",50.57,3.0975,47,1959030818,"","","","",6.,1,"","","","","","","","","","","","","","","","","","","","","","","","","","","","","","",8.8,1,6.9,1,"","","","","","","","","","","","","","","","","","","","","","","","","","",89,1,"","","","","","","","","","","","",10.1,1,1014.,1,"","","","","","",5,1,0,1,2,1,4,1,0,1,"","","","","","","","","","","","","","","","","","","","","","","","",7000,1,"","",21,1,8,1,"","","","","","","","","","","","","","","","","","","","","","","","","","","","","","","","","","","","","","","","","","","","","","","","","","","","","","","","","","","","","","","","","",""
"59343001","LILLE-LESQUIN",50.57,3.0975,47,1959030821,"","","","",1.,1,"","","","","","","","","","","","","","","","","","","","","","","","","","","","","","",7.3,1,6.1,1,"","","","","","","","","","","","","","","","","","","","","","","","","","",93,1,"","","","","","","","","","","","",9.5,1,1016.2,1,"","","","","","",5,1,0,1,5,1,4,1,0,1,"","","","","","","","","","","","","","","","","","","","","","","","",5000,1,"","",3,1,1,1,"","","","","","","","","","","","","","","","","","","","","","","","","","","","","","","","","","","","","","","","","","","","","","","","","","","","","","","","","","","","","","","","","",""
"59343001","LILLE-LESQUIN",50.57,3.0975,47,1959030900,"","","","",2.,1,"","","","","","","","","","","","","","","","","","","","","","","","","","","","","","",4.3,1,3.7,1,"","","","","","","","","","","","","","","","","","","","","","","","","","",97,1,"","","","","","","","","","","","",8.,1,1016.8,1,"","","","","","",0,1,"","",0,1,0,1,0,1,"","","","","","","","","","","","","","","","","","","","","","","","",800,1,"","",46,1,1,1,"","","","","","","","","","","","","","","","","","","","","","","","","","","","","","","","","","","","","","","","","","","","","","","","","","","","","","","","","","","","","","","","","",""
"59343001","LILLE-LESQUIN",50.57,3.0975,47,1959030903,"","","","",2.,1,"","","","","","","","","","","","","","","","","","","","","","","","","","","","","","",2.1,1,1.4,1,"","","","","","","","","","","","","","","","","","","","","","","","","","",96,1,"","","","","","","","","","","","",6.8,1,1016.9,1,"","","","","","",0,1,"","",0,1,0,1,0,1,"","","","","","","","","","","","","","","","","","","","","","","","",200,1,"","",44,1,4,1,"","","","","","","","","","","","","","","","","","","","","","","","","","","","","","","","","","","","","","","","","","","","","","","","","","","","","","","","","","","","","","","","","",""
"59343001","LILLE-LESQUIN",50.57,3.0975,47,1959030906,"","","","",6.,1,"","","","","","","","","","","","","","","","","","","","","","","","","","","","","","",4.8,1,4.,1,"","","","","","","","","","","","","","","","","","","","","","","","","","",95,1,"","","","","","","","","","","","",8.2,1,1016.9,1,"","","","","","",8,1,8,1,6,1,"","","","","","","","","","","","","","","","","","","","","","","","","","","","",300,1,"","",42,1,4,1,"","",0,1,"","","","","","","","","","","","","","","","","","","","","","","","","","","","","","","","","","","","","","","","","","","","","","","","","","","","","","","","","","","","","",""
"59343001","LILLE-LESQUIN",50.57,3.0975,47,1959030909,"","","","",8.,1,"","","","","","","","","","","","","","","","","","","","","","","","","","","","","","",6.,1,5.5,1,"","","","","","","","","","","","","","","","","","","","","","","","","","",97,1,"","","","","","","","","","","","",9.1,1,1017.4,1,"","","","","","",8,1,8,1,6,1,"","","","","","","","","","","","","","","","","","","","","","","","","","","","",1300,1,"","",10,1,4,1,"","","","","","","","","","","","","","","","","","","","","","","","","","","","","","","","","","","","","","","","","","","","","","","","","","","","","","","","","","","","","","","","","",""
"59343001","LILLE-LESQUIN",50.57,3.0975,47,1959030912,"","","","",8.,1,"","","","","","","","","","","","","","","","","","","","","","","","","","","","","","",10.8,1,6.9,1,"","","","","","","","","","","","","","","","","","","","","","","","","","",78,1,"","","","","","","","","","","","",10.1,1,1016.3,1,"","","","","","",3,1,0,1,6,1,0,1,1,1,"","","","","","","","","","","","","","","","","","","","","","","","",3000,1,"","",10,1,4,1,"","","","","","","","","","","","","","","","","","","","","","","","","","","","","","","","","","","","","","","","","","","","","","","","","","","","","","","","","","","","","","","","","",""
"59343001","LILLE-LESQUIN",50.57,3.0975,47,1959030915,"","","","",8.,1,"","","","","","","","","","","","","","","","","","","","","","","","","","","","","","",12.6,1,7.1,1,"","","","","","","","","","","","","","","","","","","","","","","","","","",72,1,"","","","","","","","","","","","",10.2,1,1013.6,1,"","","","","","",3,1,0,1,0,1,0,1,1,1,"","","","","","","","","","","","","","","","","","","","","","","","",4000,1,"","",10,1,0,1,"","","","","","","","","","","","","","","","","","","","","","","","","","","","","","","","","","","","","","","","","","","","","","","","","","","","","","","","","","","","","","","","","",""
"59343001","LILLE-LESQUIN",50.57,3.0975,47,1959030918,"","","","",7.,1,"","","","","","","","","","","","","","","","","","","","","","","","","","","","","","",10.6,1,5.8,1,"","","","","","","","","","","","","","","","","","","","","","","","","","",72,1,"","","","","","","","","","","","",9.3,1,1012.8,1,"","","","","","",1,1,0,1,0,1,0,1,1,1,"","","","","","","","","","","","","","","","","","","","","","","","",3000,1,"","",10,1,0,1,"","","","","","","","","","","","","","","","","","","","","","","","","","","","","","","","","","","","","","","","","","","","","","","","","","","","","","","","","","","","","","","","","",""
"59343001","LILLE-LESQUIN",50.57,3.0975,47,1959030921,"","","","",6.,1,"","","","","","","","","","","","","","","","","","","","","","","","","","","","","","",8.4,1,5.1,1,"","","","","","","","","","","","","","","","","","","","","","","","","","",81,1,"","","","","","","","","","","","",8.9,1,1013.3,1,"","","","","","",0,1,"","",0,1,0,1,0,1,"","","","","","","","","","","","","","","","","","","","","","","","",4000,1,"","",10,1,0,1,"","","","","","","","","","","","","","","","","","","","","","","","","","","","","","","","","","","","","","","","","","","","","","","","","","","","","","","","","","","","","","","","","",""
"59343001","LILLE-LESQUIN",50.57,3.0975,47,1959031000,"","","","",4.,1,"","","","","","","","","","","","","","","","","","","","","","","","","","","","","","",5.6,1,3.7,1,"","","","","","","","","","","","","","","","","","","","","","","","","","",86,1,"","","","","","","","","","","","",8.,1,1013.2,1,"","","","","","",0,1,"","",0,1,0,1,0,1,"","","","","","","","","","","","","","","","","","","","","","","","",3000,1,"","",10,1,0,1,"","","","","","","","","","","","","","","","","","","","","","","","","","","","","","","","","","","","","","","","","","","","","","","","","","","","","","","","","","","","","","","","","",""
"59343001","LILLE-LESQUIN",50.57,3.0975,47,1959031003,"","","","",4.,1,"","","","","","","","","","","","","","","","","","","","","","","","","","","","","","",3.6,1,2.6,1,"","","","","","","","","","","","","","","","","","","","","","","","","","",93,1,"","","","","","","","","","","","",7.4,1,1012.2,1,"","","","","","",0,1,"","",0,1,0,1,0,1,"","","","","","","","","","","","","","","","","","","","","","","","",3000,1,"","",10,1,0,1,"","","","","","","","","","","","","","","","","","","","","","","","","","","","","","","","","","","","","","","","","","","","","","","","","","","","","","","","","","","","","","","","","",""
"59343001","LILLE-LESQUIN",50.57,3.0975,47,1959031006,"","","","",3.,1,"","","","","","","","","","","","","","","","","","","","","","","","","","","","","","",5.1,1,3.8,1,"","","","","","","","","","","","","","","","","","","","","","","","","","",92,1,"","","","","","","","","","","","",8.1,1,1012.,1,"","","","","","",8,1,8,1,6,1,7,1,"","","","","","","","","","","","","","","","","","","","","","","","","","",3000,1,"","",10,1,1,1,"","",0,1,"","","","","","","","","","","","","","","","","","","","","","","","","","","","","","","","","","","","","","","","","","","","","","","","","","","","","","","","","","","","","",""
"59343001","LILLE-LESQUIN",50.57,3.0975,47,1959031009,"","","","",2.,1,"","","","","","","","","","","","","","","","","","","","","","","","","","","","","","",7.9,1,5.6,1,"","","","","","","","","","","","","","","","","","","","","","","","","","",86,1,"","","","","","","","","","","","",9.2,1,1012.4,1,"","","","","","",7,1,7,1,0,1,7,1,"","","","","","","","","","","","","","","","","","","","","","","","","","",2500,1,"","",10,1,2,1,"","","","","","","","","","","","","","","","","","","","","","","","","","","","","","","","","","","","","","","","","","","","","","","","","","","","","","","","","","","","","","","","","",""
"59343001","LILLE-LESQUIN",50.57,3.0975,47,1959031012,"","","","",5.,1,"","","","","","","","","","","","","","","","","","","","","","","","","","","","","","",11.3,1,6.8,1,"","","","","","","","","","","","","","","","","","","","","","","","","","",74,1,"","","","","","","","","","","","",10.,1,1012.2,1,"","","","","","",7,1,7,1,0,1,7,1,"","","","","","","","","","","","","","","","","","","","","","","","","","",4000,1,"","",10,1,2,1,"","","","","","","","","","","","","","","","","","","","","","","","","","","","","","","","","","","","","","","","","","","","","","","","","","","","","","","","","","","","","","","","","",""
"59343001","LILLE-LESQUIN",50.57,3.0975,47,1959031015,"","","","",4.,1,"","","","","","","","","","","","","","","","","","","","","","","","","","","","","","",15.8,1,8.,1,"","","","","","","","","","","","","","","","","","","","","","","","","","",61,1,"","","","","","","","","","","","",10.9,1,1011.,1,"","","","","","",3,1,0,1,0,1,0,1,1,1,"","","","","","","","","","","","","","","","","","","","","","","","",7000,1,"","",3,1,1,1,"","","","","","","","","","","","","","","","","","","","","","","","","","","","","","","","","","","","","","","","","","","","","","","","","","","","","","","","","","","","","","","","","",""
"59343001","LILLE-LESQUIN",50.57,3.0975,47,1959031018,"","","","",3.,1,"","","","","","","","","","","","","","","","","","","","","","","","","","","","","","",11.2,1,8.5,1,"","","","","","","","","","","","","","","","","","","","","","","","","","",84,1,"","","","","","","","","","","","",11.3,1,1010.8,1,"","","","","","",3,1,0,1,0,1,4,1,2,1,"","","","","","","","","","","","","","","","","","","","","","","","",5000,1,"","",1,1,1,1,"","","","","","","","","","","","","","","","","","","","","","","","","","","","","","","","","","","","","","","","","","","","","","","","","","","","","","","","","","","","","","","","","",""
"59343001","LILLE-LESQUIN",50.57,3.0975,47,1959031021,"","","","",4.,1,"","","","","","","","","","","","","","","","","","","","","","","","","","","","","","",8.9,1,5.9,1,"","","","","","","","","","","","","","","","","","","","","","","","","","",83,1,"","","","","","","","","","","","",9.4,1,1010.5,1,"","","","","","",3,1,0,1,0,1,4,1,2,1,"","","","","","","","","","","","","","","","","","","","","","","","",4000,1,"","",10,1,0,1,"","","","","","","","","","","","","","","","","","","","","","","","","","","","","","","","","","","","","","","","","","","","","","","","","","","","","","","","","","","","","","","","","",""
"59343001","LILLE-LESQUIN",50.57,3.0975,47,1959031100,"","","","",4.,1,"","","","","","","","","","","","","","","","","","","","","","","","","","","","","","",7.8,1,5.6,1,"","","","","","","","","","","","","","","","","","","","","","","","","","",87,1,"","","","","","","","","","","","",9.2,1,1009.9,1,"","","","","","",1,1,0,1,0,1,0,1,2,1,"","","","","","","","","","","","","","","","","","","","","","","","",3500,1,"","",10,1,0,1,"","","","","","","","","","","","","","","","","","","","","","","","","","","","","","","","","","","","","","","","","","","","","","","","","","","","","","","","","","","","","","","","","",""
"59343001","LILLE-LESQUIN",50.57,3.0975,47,1959031103,"","","","",4.,1,"","","","","","","","","","","","","","","","","","","","","","","","","","","","","","",5.8,1,3.8,1,"","","","","","","","","","","","","","","","","","","","","","","","","","",88,1,"","","","","","","","","","","","",8.1,1,1008.4,1,"","","","","","",1,1,0,1,0,1,0,1,2,1,"","","","","","","","","","","","","","","","","","","","","","","","",2500,1,"","",10,1,0,1,"","","","","","","","","","","","","","","","","","","","","","","","","","","","","","","","","","","","","","","","","","","","","","","","","","","","","","","","","","","","","","","","","",""
"59343001","LILLE-LESQUIN",50.57,3.0975,47,1959031106,"","","","",5.,1,"","","","","","","","","","","","","","","","","","","","","","","","","","","","","","",6.9,1,4.3,1,"","","","","","","","","","","","","","","","","","","","","","","","","","",84,1,"","","","","","","","","","","","",8.4,1,1007.2,1,"","","","","","",7,1,7,1,5,1,"","","","","","","","","","","","","","","","","","","","","","","","","","","","",3000,1,"","",10,1,2,1,"","",0,1,"","","","","","","","","","","","","","","","","","","","","","","","","","","","","","","","","","","","","","","","","","","","","","","","","","","","","","","","","","","","","",""
"59343001","LILLE-LESQUIN",50.57,3.0975,47,1959031109,"","","","",7.,1,"","","","","","","","","","","","","","","","","","","","","","","","","","","","","","",10.1,1,6.1,1,"","","","","","","","","","","","","","","","","","","","","","","","","","",77,1,"","","","","","","","","","","","",9.5,1,1006.3,1,"","","","","","",2,1,0,1,0,1,0,1,4,1,"","","","","","","","","","","","","","","","","","","","","","","","",4000,1,"","",10,1,1,1,"","","","","","","","","","","","","","","","","","","","","","","","","","","","","","","","","","","","","","","","","","","","","","","","","","","","","","","","","","","","","","","","","",""
"59343001","LILLE-LESQUIN",50.57,3.0975,47,1959031112,"","","","",9.,1,"","","","","","","","","","","","","","","","","","","","","","","","","","","","","","",12.6,1,7.7,1,"","","","","","","","","","","","","","","","","","","","","","","","","","",73,1,"","","","","","","","","","","","",10.7,1,1004.4,1,"","","","","","",8,1,8,1,2,1,7,1,"","","","","","","","","","","","","","","","","","","","","","","","","","",10000,1,"","",3,1,1,1,"","","","","","","","","","","","","","","","","","","","","","","","","","","","","","","","","","","","","","","","","","","","","","","","","","","","","","","","","","","","","","","","","",""
"59343001","LILLE-LESQUIN",50.57,3.0975,47,1959031115,"","","","",7.,1,"","","","","","","","","","","","","","","","","","","","","","","","","","","","","","",11.,1,8.8,1,"","","","","","","","","","","","","","","","","","","","","","","","","","",88,1,"","","","","","","","","","","","",11.5,1,1003.8,1,"","","","","","",8,1,6,1,7,1,7,1,"","","","","","","","","","","","","","","","","","","","","","","","","","",6000,1,"","",61,1,6,1,"","","","","","","","","","","","","","","","","","","","","","","","","","","","","","","","","","","","","","","","","","","","","","","","","","","","","","","","","","","","","","","","","",""
"59343001","LILLE-LESQUIN",50.57,3.0975,47,1959031118,"","","","",4.,1,"","","","","","","","","","","","","","","","","","","","","","","","","","","","","","",10.3,1,9.,1,"","","","","","","","","","","","","","","","","","","","","","","","","","",94,1,"","","","","","","","","","","","",11.7,1,1004.6,1,"","","","","","",8,1,5,1,7,1,7,1,"","","","","","","","","","","","","","","","","","","","","","","","","","",4000,1,"","",10,1,6,1,"","","","","","","","","","","","","","","","","","","","","","","","","","","","","","","","","","","","","","","","","","","","","","","","","","","","","","","","","","","","","","","","","",""
"59343001","LILLE-LESQUIN",50.57,3.0975,47,1959031121,"","","","",4.,1,"","","","","","","","","","","","","","","","","","","","","","","","","","","","","","",7.2,1,4.8,1,"","","","","","","","","","","","","","","","","","","","","","","","","","",85,1,"","","","","","","","","","","","",8.7,1,1006.1,1,"","","","","","",2,1,0,1,5,1,0,1,0,1,"","","","","","","","","","","","","","","","","","","","","","","","",9000,1,"","",21,1,6,1,"","","","","","","","","","","","","","","","","","","","","","","","","","","","","","","","","","","","","","","","","","","","","","","","","","","","","","","","","","","","","","","","","",""
"59343001","LILLE-LESQUIN",50.57,3.0975,47,1959031200,"","","","",1.,1,"","","","","","","","","","","","","","","","","","","","","","","","","","","","","","",6.1,1,4.2,1,"","","","","","","","","","","","","","","","","","","","","","","","","","",88,1,"","","","","","","","","","","","",8.3,1,1007.6,1,"","","","","","",0,1,"","",0,1,0,1,0,1,"","","","","","","","","","","","","","","","","","","","","","","","",9000,1,"","",1,1,6,1,"","","","","","","","","","","","","","","","","","","","","","","","","","","","","","","","","","","","","","","","","","","","","","","","","","","","","","","","","","","","","","","","","",""
"59343001","LILLE-LESQUIN",50.57,3.0975,47,1959031203,"","","","",3.,1,"","","","","","","","","","","","","","","","","","","","","","","","","","","","","","",4.1,1,2.8,1,"","","","","","","","","","","","","","","","","","","","","","","","","","",92,1,"","","","","","","","","","","","",7.5,1,1008.4,1,"","","","","","",1,1,0,1,5,1,0,1,0,1,"","","","","","","","","","","","","","","","","","","","","","","","",9000,1,"","",1,1,0,1,"","","","","","","","","","","","","","","","","","","","","","","","","","","","","","","","","","","","","","","","","","","","","","","","","","","","","","","","","","","","","","","","","",""
"59343001","LILLE-LESQUIN",50.57,3.0975,47,1959031206,"","","","",2.,1,"","","","","","","","","","","","","","","","","","","","","","","","","","","","","","",3.8,1,3.,1,"","","","","","","","","","","","","","","","","","","","","","","","","","",95,1,"","","","","","","","","","","","",7.6,1,1009.8,1,"","","","","","",7,1,7,1,0,1,4,1,"","","","","","","","","","","","","","","","","","","","","","","","","","",3000,1,"","",10,1,1,1,"","",0,1,"","","","","","","","","","","","","","","","","","","","","","","","","","","","","","","","","","","","","","","","","","","","","","","","","","","","","","","","","","","","","",""
"59343001","LILLE-LESQUIN",50.57,3.0975,47,1959031209,"","","","",4.,1,"","","","","","","","","","","","","","","","","","","","","","","","","","","","","","",7.9,1,5.3,1,"","","","","","","","","","","","","","","","","","","","","","","","","","",85,1,"","","","","","","","","","","","",9.,1,1011.6,1,"","","","","","",6,1,5,1,0,1,4,1,2,1,"","","","","","","","","","","","","","","","","","","","","","","","",3000,1,"","",10,1,2,1,"","","","","","","","","","","","","","","","","","","","","","","","","","","","","","","","","","","","","","","","","","","","","","","","","","","","","","","","","","","","","","","","","",""
"59343001","LILLE-LESQUIN",50.57,3.0975,47,1959031212,"","","","",6.,1,"","","","","","","","","","","","","","","","","","","","","","","","","","","","","","",11.4,1,4.3,1,"","","","","","","","","","","","","","","","","","","","","","","","","","",62,1,"","","","","","","","","","","","",8.4,1,1012.7,1,"","","","","","",5,1,0,1,2,1,0,1,2,1,"","","","","","","","","","","","","","","","","","","","","","","","",12000,1,"","",2,1,1,1,"","","","","","","","","","","","","","","","","","","","","","","","","","","","","","","","","","","","","","","","","","","","","","","","","","","","","","","","","","","","","","","","","",""
"59343001","LILLE-LESQUIN",50.57,3.0975,47,1959031215,"","","","",4.,1,"","","","","","","","","","","","","","","","","","","","","","","","","","","","","","",10.6,1,4.3,1,"","","","","","","","","","","","","","","","","","","","","","","","","","",66,1,"","","","","","","","","","","","",8.4,1,1014.,1,"","","","","","",7,1,7,1,2,1,0,1,0,1,"","","","","","","","","","","","","","","","","","","","","","","","",20000,1,"","",80,1,2,1,"","","","","","","","","","","","","","","","","","","","","","","","","","","","","","","","","","","","","","","","","","","","","","","","","","","","","","","","","","","","","","","","","",""
"59343001","LILLE-LESQUIN",50.57,3.0975,47,1959031218,"","","","",4.,1,"","","","","","","","","","","","","","","","","","","","","","","","","","","","","","",7.3,1,3.8,1,"","","","","","","","","","","","","","","","","","","","","","","","","","",78,1,"","","","","","","","","","","","",8.1,1,1016.4,1,"","","","","","",5,1,0,1,4,1,0,1,1,1,"","","","","","","","","","","","","","","","","","","","","","","","",6000,1,"","",3,1,8,1,"","","","","","","","","","","","","","","","","","","","","","","","","","","","","","","","","","","","","","","","","","","","","","","","","","","","","","","","","","","","","","","","","",""
"59343001","LILLE-LESQUIN",50.57,3.0975,47,1959031221,"","","","",2.,1,"","","","","","","","","","","","","","","","","","","","","","","","","","","","","","",4.,1,3.1,1,"","","","","","","","","","","","","","","","","","","","","","","","","","",95,1,"","","","","","","","","","","","",7.7,1,1018.6,1,"","","","","","",0,1,"","",0,1,0,1,0,1,"","","","","","","","","","","","","","","","","","","","","","","","",3000,1,"","",10,1,1,1,"","","","","","","","","","","","","","","","","","","","","","","","","","","","","","","","","","","","","","","","","","","","","","","","","","","","","","","","","","","","","","","","","",""
"59343001","LILLE-LESQUIN",50.57,3.0975,47,1959031300,"","","","",4.,1,"","","","","","","","","","","","","","","","","","","","","","","","","","","","","","",2.7,1,1.8,1,"","","","","","","","","","","","","","","","","","","","","","","","","","",95,1,"","","","","","","","","","","","",7.,1,1019.8,1,"","","","","","",0,1,"","",0,1,0,1,0,1,"","","","","","","","","","","","","","","","","","","","","","","","",7000,1,"","",2,1,1,1,"","","","","","","","","","","","","","","","","","","","","","","","","","","","","","","","","","","","","","","","","","","","","","","","","","","","","","","","","","","","","","","","","",""
"59343001","LILLE-LESQUIN",50.57,3.0975,47,1959031303,"","","","",4.,1,"","","","","","","","","","","","","","","","","","","","","","","","","","","","","","",2.6,1,1.6,1,"","","","","","","","","","","","","","","","","","","","","","","","","","",95,1,"","","","","","","","","","","","",6.9,1,1020.7,1,"","","","","","",0,1,"","",0,1,0,1,0,1,"","","","","","","","","","","","","","","","","","","","","","","","",5000,1,"","",2,1,0,1,"","","","","","","","","","","","","","","","","","","","","","","","","","","","","","","","","","","","","","","","","","","","","","","","","","","","","","","","","","","","","","","","","",""
"59343001","LILLE-LESQUIN",50.57,3.0975,47,1959031306,"","","","",3.,1,"","","","","","","","","","","","","","","","","","","","","","","","","","","","","","",1.,1,0.6,1,"","","","","","","","","","","","","","","","","","","","","","","","","","",98,1,"","","","","","","","","","","","",6.4,1,1022.3,1,"","","","","","",1,1,0,1,0,1,0,1,1,1,"","","","","","","","","","","","","","","","","","","","","","","","",1100,1,"","",10,1,0,1,"","",0,1,"","","","","","","","","","","","","","","","","","","","","","","","","","","","","","","","","","","","","","","","","","","","","","","","","","","","","","","","","","","","","",""
"59343001","LILLE-LESQUIN",50.57,3.0975,47,1959031309,"","","","",2.,1,"","","","","","","","","","","","","","","","","","","","","","","","","","","","","","",4.6,1,4.,1,"","","","","","","","","","","","","","","","","","","","","","","","","","",97,1,"","","","","","","","","","","","",8.2,1,1024.3,1,"","","","","","",9,1,"","","","","","","","","","","","","","","","","","","","","","","","","","","","","","","","",300,1,"","",47,1,4,1,"","","","","","","","","","","","","","","","","","","","","","","","","","","","","","","","","","","","","","","","","","","","","","","","","","","","","","","","","","","","","","","","","",""
"59343001","LILLE-LESQUIN",50.57,3.0975,47,1959031312,"","","","",4.,1,"","","","","","","","","","","","","","","","","","","","","","","","","","","","","","",4.2,1,3.1,1,"","","","","","","","","","","","","","","","","","","","","","","","","","",93,1,"","","","","","","","","","","","",7.7,1,1025.8,1,"","","","","","",9,1,"","","","","","","","","","","","","","","","","","","","","","","","","","","","","","","","",600,1,"","",43,1,4,1,"","","","","","","","","","","","","","","","","","","","","","","","","","","","","","","","","","","","","","","","","","","","","","","","","","","","","","","","","","","","","","","","","",""
"59343001","LILLE-LESQUIN",50.57,3.0975,47,1959031315,"","","","",3.,1,"","","","","","","","","","","","","","","","","","","","","","","","","","","","","","",6.6,1,4.5,1,"","","","","","","","","","","","","","","","","","","","","","","","","","",87,1,"","","","","","","","","","","","",8.5,1,1026.2,1,"","","","","","",8,1,8,1,6,1,"","","","","","","","","","","","","","","","","","","","","","","","","","","","",1700,1,"","",10,1,4,1,"","","","","","","","","","","","","","","","","","","","","","","","","","","","","","","","","","","","","","","","","","","","","","","","","","","","","","","","","","","","","","","","","",""
"59343001","LILLE-LESQUIN",50.57,3.0975,47,1959031318,"","","","",5.,1,"","","","","","","","","","","","","","","","","","","","","","","","","","","","","","",6.9,1,3.7,1,"","","","","","","","","","","","","","","","","","","","","","","","","","",80,1,"","","","","","","","","","","","",8.,1,1027.,1,"","","","","","",8,1,7,1,6,1,"","","","","","","","","","","","","","","","","","","","","","","","","","","","",3500,1,"","",10,1,4,1,"","","","","","","","","","","","","","","","","","","","","","","","","","","","","","","","","","","","","","","","","","","","","","","","","","","","","","","","","","","","","","","","","",""
"59343001","LILLE-LESQUIN",50.57,3.0975,47,1959031321,"","","","",1.,1,"","","","","","","","","","","","","","","","","","","","","","","","","","","","","","",6.1,1,3.8,1,"","","","","","","","","","","","","","","","","","","","","","","","","","",86,1,"","","","","","","","","","","","",8.1,1,1027.8,1,"","","","","","",8,1,8,1,6,1,"","","","","","","","","","","","","","","","","","","","","","","","","","","","",3000,1,"","",10,1,2,1,"","","","","","","","","","","","","","","","","","","","","","","","","","","","","","","","","","","","","","","","","","","","","","","","","","","","","","","","","","","","","","","","","",""
"59343001","LILLE-LESQUIN",50.57,3.0975,47,1959031400,"","","","",1.,1,"","","","","","","","","","","","","","","","","","","","","","","","","","","","","","",5.2,1,3.,1,"","","","","","","","","","","","","","","","","","","","","","","","","","",86,1,"","","","","","","","","","","","",7.6,1,1028.1,1,"","","","","","",5,1,5,1,5,1,0,1,0,1,"","","","","","","","","","","","","","","","","","","","","","","","",3000,1,"","",10,1,2,1,"","","","","","","","","","","","","","","","","","","","","","","","","","","","","","","","","","","","","","","","","","","","","","","","","","","","","","","","","","","","","","","","","",""
"59343001","LILLE-LESQUIN",50.57,3.0975,47,1959031403,"","","","",1.,1,"","","","","","","","","","","","","","","","","","","","","","","","","","","","","","",5.,1,2.8,1,"","","","","","","","","","","","","","","","","","","","","","","","","","",86,1,"","","","","","","","","","","","",7.5,1,1028.1,1,"","","","","","",7,1,7,1,5,1,"","","","","","","","","","","","","","","","","","","","","","","","","","","","",3000,1,"","",10,1,2,1,"","","","","","","","","","","","","","","","","","","","","","","","","","","","","","","","","","","","","","","","","","","","","","","","","","","","","","","","","","","","","","","","","",""
"59343001","LILLE-LESQUIN",50.57,3.0975,47,1959031406,"","","","",0.,1,"","","","","","","","","","","","","","","","","","","","","","","","","","","","","","",4.6,1,2.2,1,"","","","","","","","","","","","","","","","","","","","","","","","","","",85,1,"","","","","","","","","","","","",7.2,1,1028.7,1,"","","","","","",7,1,7,1,5,1,"","","","","","","","","","","","","","","","","","","","","","","","","","","","",3000,1,"","",10,1,2,1,"","",0,1,"","","","","","","","","","","","","","","","","","","","","","","","","","","","","","","","","","","","","","","","","","","","","","","","","","","","","","","","","","","","","",""
"59343001","LILLE-LESQUIN",50.57,3.0975,47,1959031409,"","","","",1.,1,"","","","","","","","","","","","","","","","","","","","","","","","","","","","","","",7.5,1,2.4,1,"","","","","","","","","","","","","","","","","","","","","","","","","","",70,1,"","","","","","","","","","","","",7.3,1,1029.2,1,"","","","","","",0,1,"","",0,1,0,1,0,1,"","","","","","","","","","","","","","","","","","","","","","","","",4000,1,"","",10,1,1,1,"","","","","","","","","","","","","","","","","","","","","","","","","","","","","","","","","","","","","","","","","","","","","","","","","","","","","","","","","","","","","","","","","",""
"59343001","LILLE-LESQUIN",50.57,3.0975,47,1959031412,"","","","",3.,1,"","","","","","","","","","","","","","","","","","","","","","","","","","","","","","",10.,1,2.4,1,"","","","","","","","","","","","","","","","","","","","","","","","","","",60,1,"","","","","","","","","","","","",7.3,1,1028.6,1,"","","","","","",1,1,0,1,1,1,0,1,0,1,"","","","","","","","","","","","","","","","","","","","","","","","",3000,1,"","",10,1,1,1,"","","","","","","","","","","","","","","","","","","","","","","","","","","","","","","","","","","","","","","","","","","","","","","","","","","","","","","","","","","","","","","","","",""
"59343001","LILLE-LESQUIN",50.57,3.0975,47,1959031415,"","","","",2.,1,"","","","","","","","","","","","","","","","","","","","","","","","","","","","","","",11.4,1,3.,1,"","","","","","","","","","","","","","","","","","","","","","","","","","",56,1,"","","","","","","","","","","","",7.6,1,1026.9,1,"","","","","","",4,1,0,1,0,1,0,1,4,1,"","","","","","","","","","","","","","","","","","","","","","","","",4000,1,"","",10,1,0,1,"","","","","","","","","","","","","","","","","","","","","","","","","","","","","","","","","","","","","","","","","","","","","","","","","","","","","","","","","","","","","","","","","",""
"59343001","LILLE-LESQUIN",50.57,3.0975,47,1959031418,"","","","",1.,1,"","","","","","","","","","","","","","","","","","","","","","","","","","","","","","",8.9,1,4.8,1,"","","","","","","","","","","","","","","","","","","","","","","","","","",76,1,"","","","","","","","","","","","",8.7,1,1027.4,1,"","","","","","",5,1,5,1,0,1,0,1,2,1,"","","","","","","","","","","","","","","","","","","","","","","","",5000,1,"","",2,1,1,1,"","","","","","","","","","","","","","","","","","","","","","","","","","","","","","","","","","","","","","","","","","","","","","","","","","","","","","","","","","","","","","","","","",""
"59343001","LILLE-LESQUIN",50.57,3.0975,47,1959031421,"","","","",1.,1,"","","","","","","","","","","","","","","","","","","","","","","","","","","","","","",5.4,1,3.1,1,"","","","","","","","","","","","","","","","","","","","","","","","","","",86,1,"","","","","","","","","","","","",7.7,1,1028.2,1,"","","","","","",2,1,0,1,0,1,0,1,2,1,"","","","","","","","","","","","","","","","","","","","","","","","",4000,1,"","",10,1,1,1,"","","","","","","","","","","","","","","","","","","","","","","","","","","","","","","","","","","","","","","","","","","","","","","","","","","","","","","","","","","","","","","","","",""
"59343001","LILLE-LESQUIN",50.57,3.0975,47,1959031500,"","","","",1.,1,"","","","","","","","","","","","","","","","","","","","","","","","","","","","","","",3.5,1,2.,1,"","","","","","","","","","","","","","","","","","","","","","","","","","",91,1,"","","","","","","","","","","","",7.1,1,1027.7,1,"","","","","","",0,1,"","",0,1,0,1,0,1,"","","","","","","","","","","","","","","","","","","","","","","","",2500,1,"","",10,1,1,1,"","","","","","","","","","","","","","","","","","","","","","","","","","","","","","","","","","","","","","","","","","","","","","","","","","","","","","","","","","","","","","","","","",""
"59343001","LILLE-LESQUIN",50.57,3.0975,47,1959031503,"","","","",1.,1,"","","","","","","","","","","","","","","","","","","","","","","","","","","","","","",2.1,1,1.2,1,"","","","","","","","","","","","","","","","","","","","","","","","","","",95,1,"","","","","","","","","","","","",6.7,1,1026.6,1,"","","","","","",0,1,"","",0,1,0,1,0,1,"","","","","","","","","","","","","","","","","","","","","","","","",1800,1,"","",10,1,0,1,"","","","","","","","","","","","","","","","","","","","","","","","","","","","","","","","","","","","","","","","","","","","","","","","","","","","","","","","","","","","","","","","","",""
"59343001","LILLE-LESQUIN",50.57,3.0975,47,1959031506,"","","","",2.,1,"","","","","","","","","","","","","","","","","","","","","","","","","","","","","","",2.8,1,1.,1,"","","","","","","","","","","","","","","","","","","","","","","","","","",89,1,"","","","","","","","","","","","",6.6,1,1026.1,1,"","","","","","",6,1,6,1,0,1,0,1,6,1,"","","","","","","","","","","","","","","","","","","","","","","","",2500,1,"","",10,1,1,1,"","",0,1,"","","","","","","","","","","","","","","","","","","","","","","","","","","","","","","","","","","","","","","","","","","","","","","","","","","","","","","","","","","","","",""
"59343001","LILLE-LESQUIN",50.57,3.0975,47,1959031509,"","","","",4.,1,"","","","","","","","","","","","","","","","","","","","","","","","","","","","","","",6.9,1,2.6,1,"","","","","","","","","","","","","","","","","","","","","","","","","","",74,1,"","","","","","","","","","","","",7.4,1,1025.7,1,"","","","","","",7,1,7,1,5,1,5,1,"","","","","","","","","","","","","","","","","","","","","","","","","","",2000,1,"","",10,1,2,1,"","","","","","","","","","","","","","","","","","","","","","","","","","","","","","","","","","","","","","","","","","","","","","","","","","","","","","","","","","","","","","","","","",""
"59343001","LILLE-LESQUIN",50.57,3.0975,47,1959031512,"","","","",5.,1,"","","","","","","","","","","","","","","","","","","","","","","","","","","","","","",11.3,1,4.3,1,"","","","","","","","","","","","","","","","","","","","","","","","","","",63,1,"","","","","","","","","","","","",8.4,1,1024.1,1,"","","","","","",8,1,8,1,5,1,7,1,"","","","","","","","","","","","","","","","","","","","","","","","","","",3500,1,"","",21,1,6,1,"","","","","","","","","","","","","","","","","","","","","","","","","","","","","","","","","","","","","","","","","","","","","","","","","","","","","","","","","","","","","","","","","",""
"59343001","LILLE-LESQUIN",50.57,3.0975,47,1959031515,"","","","",8.,1,"","","","","","","","","","","","","","","","","","","","","","","","","","","","","","",7.8,1,5.9,1,"","","","","","","","","","","","","","","","","","","","","","","","","","",89,1,"","","","","","","","","","","","",9.4,1,1023.4,1,"","","","","","",8,1,7,1,7,1,"","","","","","","","","","","","","","","","","","","","","","","","","","","","",1700,1,"","",61,1,6,1,"","","","","","","","","","","","","","","","","","","","","","","","","","","","","","","","","","","","","","","","","","","","","","","","","","","","","","","","","","","","","","","","","",""
"59343001","LILLE-LESQUIN",50.57,3.0975,47,1959031518,"","","","",7.,1,"","","","","","","","","","","","","","","","","","","","","","","","","","","","","","",6.5,1,5.3,1,"","","","","","","","","","","","","","","","","","","","","","","","","","",93,1,"","","","","","","","","","","","",9.,1,1024.1,1,"","","","","","",8,1,5,1,7,1,2,1,"","","","","","","","","","","","","","","","","","","","","","","","","","",5000,1,"","",51,1,6,1,"","","","","","","","","","","","","","","","","","","","","","","","","","","","","","","","","","","","","","","","","","","","","","","","","","","","","","","","","","","","","","","","","",""
"59343001","LILLE-LESQUIN",50.57,3.0975,47,1959031521,"","","","",4.,1,"","","","","","","","","","","","","","","","","","","","","","","","","","","","","","",3.1,1,2.,1,"","","","","","","","","","","","","","","","","","","","","","","","","","",93,1,"","","","","","","","","","","","",7.1,1,1025.4,1,"","","","","","",0,1,"","",0,1,0,1,0,1,"","","","","","","","","","","","","","","","","","","","","","","","",7000,1,"","",1,1,5,1,"","","","","","","","","","","","","","","","","","","","","","","","","","","","","","","","","","","","","","","","","","","","","","","","","","","","","","","","","","","","","","","","","",""
"59343001","LILLE-LESQUIN",50.57,3.0975,47,1959031600,"","","","",2.,1,"","","","","","","","","","","","","","","","","","","","","","","","","","","","","","",0.8,1,0.,1,"","","","","","","","","","","","","","","","","","","","","","","","","","",94,1,"","","","","","","","","","","","",6.1,1,1025.3,1,"","","","","","",0,1,"","",0,1,0,1,0,1,"","","","","","","","","","","","","","","","","","","","","","","","",2000,1,"","",10,1,5,1,"","","","","","","","","","","","","","","","","","","","","","","","","","","","","","","","","","","","","","","","","","","","","","","","","","","","","","","","","","","","","","","","","",""
"59343001","LILLE-LESQUIN",50.57,3.0975,47,1959031603,"","","","",3.,1,"","","","","","","","","","","","","","","","","","","","","","","","","","","","","","",-0.4,1,-0.9,1,"","","","","","","","","","","","","","","","","","","","","","","","","","",96,1,"","","","","","","","","","","","",5.7,1,1023.9,1,"","","","","","",0,1,"","",0,1,0,1,0,1,"","","","","","","","","","","","","","","","","","","","","","","","",600,1,"","",46,1,0,1,"","","","","","","","","","","","","","","","","","","","","","","","","","","","","","","","","","","","","","","","","","","","","","","","","","","","","","","","","","","","","","","","","",""
"59343001","LILLE-LESQUIN",50.57,3.0975,47,1959031606,"","","","",4.,1,"","","","","","","","","","","","","","","","","","","","","","","","","","","","","","",-0.4,1,-0.9,1,"","","","","","","","","","","","","","","","","","","","","","","","","","",96,1,"","","","","","","","","","","","",5.7,1,1023.1,1,"","","","","","",1,1,0,1,0,1,0,1,2,1,"","","","","","","","","","","","","","","","","","","","","","","","",2500,1,"","",10,1,4,1,"","",0,1,"","","","","","","","","","","","","","","","","","","","","","","","","","","","","","","","","","","","","","","","","","","","","","","","","","","","","","","","","","","","","",""
"59343001","LILLE-LESQUIN",50.57,3.0975,47,1959031609,"","","","",6.,1,"","","","","","","","","","","","","","","","","","","","","","","","","","","","","","",4.2,1,3.5,1,"","","","","","","","","","","","","","","","","","","","","","","","","","",93,1,"","","","","","","","","","","","",7.9,1,1021.6,1,"","","","","","",7,1,5,1,5,1,3,1,"","","","","","","","","","","","","","","","","","","","","","","","","","",4000,1,"","",10,1,1,1,"","","","","","","","","","","","","","","","","","","","","","","","","","","","","","","","","","","","","","","","","","","","","","","","","","","","","","","","","","","","","","","","","",""
"59343001","LILLE-LESQUIN",50.57,3.0975,47,1959031612,"","","","",9.,1,"","","","","","","","","","","","","","","","","","","","","","","","","","","","","","",4.6,1,3.5,1,"","","","","","","","","","","","","","","","","","","","","","","","","","",93,1,"","","","","","","","","","","","",7.9,1,1020.8,1,"","","","","","",8,1,8,1,7,1,"","","","","","","","","","","","","","","","","","","","","","","","","","","","",1800,1,"","",51,1,6,1,"","","","","","","","","","","","","","","","","","","","","","","","","","","","","","","","","","","","","","","","","","","","","","","","","","","","","","","","","","","","","","","","","",""
"59343001","LILLE-LESQUIN",50.57,3.0975,47,1959031615,"","","","",8.,1,"","","","","","","","","","","","","","","","","","","","","","","","","","","","","","",5.4,1,3.,1,"","","","","","","","","","","","","","","","","","","","","","","","","","",84,1,"","","","","","","","","","","","",7.6,1,1020.2,1,"","","","","","",8,1,8,1,2,1,"","","","","","","","","","","","","","","","","","","","","","","","","","","","",6000,1,"","",3,1,5,1,"","","","","","","","","","","","","","","","","","","","","","","","","","","","","","","","","","","","","","","","","","","","","","","","","","","","","","","","","","","","","","","","","",""
"59343001","LILLE-LESQUIN",50.57,3.0975,47,1959031618,"","","","",7.,1,"","","","","","","","","","","","","","","","","","","","","","","","","","","","","","",5.6,1,2.8,1,"","","","","","","","","","","","","","","","","","","","","","","","","","",83,1,"","","","","","","","","","","","",7.5,1,1021.8,1,"","","","","","",8,1,8,1,8,1,"","","","","","","","","","","","","","","","","","","","","","","","","","","","",4500,1,"","",10,1,5,1,"","","","","","","","","","","","","","","","","","","","","","","","","","","","","","","","","","","","","","","","","","","","","","","","","","","","","","","","","","","","","","","","","",""
"59343001","LILLE-LESQUIN",50.57,3.0975,47,1959031621,"","","","",5.,1,"","","","","","","","","","","","","","","","","","","","","","","","","","","","","","",2.9,1,1.,1,"","","","","","","","","","","","","","","","","","","","","","","","","","",88,1,"","","","","","","","","","","","",6.6,1,1023.,1,"","","","","","",0,1,"","",0,1,0,1,0,1,"","","","","","","","","","","","","","","","","","","","","","","","",5000,1,"","",2,1,1,1,"","","","","","","","","","","","","","","","","","","","","","","","","","","","","","","","","","","","","","","","","","","","","","","","","","","","","","","","","","","","","","","","","",""
"59343001","LILLE-LESQUIN",50.57,3.0975,47,1959031700,"","","","",8.,1,"","","","","","","","","","","","","","","","","","","","","","","","","","","","","","",2.9,1,1.,1,"","","","","","","","","","","","","","","","","","","","","","","","","","",88,1,"","","","","","","","","","","","",6.6,1,1022.9,1,"","","","","","",0,1,"","",0,1,0,1,0,1,"","","","","","","","","","","","","","","","","","","","","","","","",7000,1,"","",2,1,0,1,"","","","","","","","","","","","","","","","","","","","","","","","","","","","","","","","","","","","","","","","","","","","","","","","","","","","","","","","","","","","","","","","","",""
"59343001","LILLE-LESQUIN",50.57,3.0975,47,1959031703,"","","","",6.,1,"","","","","","","","","","","","","","","","","","","","","","","","","","","","","","",1.5,1,0.,1,"","","","","","","","","","","","","","","","","","","","","","","","","","",91,1,"","","","","","","","","","","","",6.1,1,1022.1,1,"","","","","","",0,1,"","",0,1,0,1,0,1,"","","","","","","","","","","","","","","","","","","","","","","","",4000,1,"","",10,1,0,1,"","","","","","","","","","","","","","","","","","","","","","","","","","","","","","","","","","","","","","","","","","","","","","","","","","","","","","","","","","","","","","","","","",""
"59343001","LILLE-LESQUIN",50.57,3.0975,47,1959031706,"","","","",7.,1,"","","","","","","","","","","","","","","","","","","","","","","","","","","","","","",1.7,1,0.8,1,"","","","","","","","","","","","","","","","","","","","","","","","","","",94,1,"","","","","","","","","","","","",6.5,1,1022.1,1,"","","","","","",7,1,7,1,6,1,"","","","","","","","","","","","","","","","","","","","","","","","","","","","",1600,1,"","",10,1,1,1,"","",0,1,"","","","","","","","","","","","","","","","","","","","","","","","","","","","","","","","","","","","","","","","","","","","","","","","","","","","","","","","","","","","","",""
"59343001","LILLE-LESQUIN",50.57,3.0975,47,1959031709,"","","","",7.,1,"","","","","","","","","","","","","","","","","","","","","","","","","","","","","","",3.2,1,1.8,1,"","","","","","","","","","","","","","","","","","","","","","","","","","",91,1,"","","","","","","","","","","","",7.,1,1022.3,1,"","","","","","",8,1,8,1,6,1,"","","","","","","","","","","","","","","","","","","","","","","","","","","","",1600,1,"","",10,1,2,1,"","","","","","","","","","","","","","","","","","","","","","","","","","","","","","","","","","","","","","","","","","","","","","","","","","","","","","","","","","","","","","","","","",""
"59343001","LILLE-LESQUIN",50.57,3.0975,47,1959031712,"","","","",9.,1,"","","","","","","","","","","","","","","","","","","","","","","","","","","","","","",6.2,1,2.6,1,"","","","","","","","","","","","","","","","","","","","","","","","","","",78,1,"","","","","","","","","","","","",7.4,1,1020.5,1,"","","","","","",7,1,7,1,6,1,"","","","","","","","","","","","","","","","","","","","","","","","","","","","",2000,1,"","",10,1,2,1,"","","","","","","","","","","","","","","","","","","","","","","","","","","","","","","","","","","","","","","","","","","","","","","","","","","","","","","","","","","","","","","","","",""
"59343001","LILLE-LESQUIN",50.57,3.0975,47,1959031715,"","","","",11.,1,"","","","","","","","","","","","","","","","","","","","","","","","","","","","","","",8.3,1,2.6,1,"","","","","","","","","","","","","","","","","","","","","","","","","","",68,1,"","","","","","","","","","","","",7.4,1,1019.2,1,"","","","","","",2,1,0,1,1,1,0,1,0,1,"","","","","","","","","","","","","","","","","","","","","","","","",2500,1,"","",10,1,1,1,"","","","","","","","","","","","","","","","","","","","","","","","","","","","","","","","","","","","","","","","","","","","","","","","","","","","","","","","","","","","","","","","","",""
"59343001","LILLE-LESQUIN",50.57,3.0975,47,1959031718,"","","","",6.,1,"","","","","","","","","","","","","","","","","","","","","","","","","","","","","","",5.6,1,1.4,1,"","","","","","","","","","","","","","","","","","","","","","","","","","",76,1,"","","","","","","","","","","","",6.8,1,1019.,1,"","","","","","",0,1,"","",0,1,0,1,0,1,"","","","","","","","","","","","","","","","","","","","","","","","",2500,1,"","",10,1,1,1,"","","","","","","","","","","","","","","","","","","","","","","","","","","","","","","","","","","","","","","","","","","","","","","","","","","","","","","","","","","","","","","","","",""
"59343001","LILLE-LESQUIN",50.57,3.0975,47,1959031721,"","","","",6.,1,"","","","","","","","","","","","","","","","","","","","","","","","","","","","","","",2.8,1,-0.7,1,"","","","","","","","","","","","","","","","","","","","","","","","","","",77,1,"","","","","","","","","","","","",5.8,1,1019.7,1,"","","","","","",0,1,"","",0,1,0,1,0,1,"","","","","","","","","","","","","","","","","","","","","","","","",4000,1,"","",10,1,0,1,"","","","","","","","","","","","","","","","","","","","","","","","","","","","","","","","","","","","","","","","","","","","","","","","","","","","","","","","","","","","","","","","","",""
"59343001","LILLE-LESQUIN",50.57,3.0975,47,1959031800,"","","","",6.,1,"","","","","","","","","","","","","","","","","","","","","","","","","","","","","","",0.2,1,-1.9,1,"","","","","","","","","","","","","","","","","","","","","","","","","","",86,1,"","","","","","","","","","","","",5.3,1,1019.7,1,"","","","","","",0,1,"","",0,1,0,1,0,1,"","","","","","","","","","","","","","","","","","","","","","","","",3000,1,"","",10,1,0,1,"","","","","","","","","","","","","","","","","","","","","","","","","","","","","","","","","","","","","","","","","","","","","","","","","","","","","","","","","","","","","","","","","",""
"59343001","LILLE-LESQUIN",50.57,3.0975,47,1959031803,"","","","",5.,1,"","","","","","","","","","","","","","","","","","","","","","","","","","","","","","",-0.4,1,-2.1,1,"","","","","","","","","","","","","","","","","","","","","","","","","","",88,1,"","","","","","","","","","","","",5.2,1,1019.1,1,"","","","","","",0,1,"","",0,1,0,1,0,1,"","","","","","","","","","","","","","","","","","","","","","","","",3000,1,"","",10,1,0,1,"","","","","","","","","","","","","","","","","","","","","","","","","","","","","","","","","","","","","","","","","","","","","","","","","","","","","","","","","","","","","","","","","",""
"59343001","LILLE-LESQUIN",50.57,3.0975,47,1959031806,"","","","",4.,1,"","","","","","","","","","","","","","","","","","","","","","","","","","","","","","",-1.,1,-2.7,1,"","","","","","","","","","","","","","","","","","","","","","","","","","",89,1,"","","","","","","","","","","","",5.,1,1019.4,1,"","","","","","",0,1,"","",0,1,0,1,0,1,"","","","","","","","","","","","","","","","","","","","","","","","",2000,1,"","",10,1,0,1,"","",0,1,"","","","","","","","","","","","","","","","","","","","","","","","","","","","","","","","","","","","","","","","","","","","","","","","","","","","","","","","","","","","","",""
"59343001","LILLE-LESQUIN",50.57,3.0975,47,1959031809,"","","","",7.,1,"","","","","","","","","","","","","","","","","","","","","","","","","","","","","","",1.5,1,-1.4,1,"","","","","","","","","","","","","","","","","","","","","","","","","","",81,1,"","","","","","","","","","","","",5.5,1,1019.5,1,"","","","","","",0,1,"","",0,1,0,1,0,1,"","","","","","","","","","","","","","","","","","","","","","","","",2000,1,"","",10,1,0,1,"","","","","","","","","","","","","","","","","","","","","","","","","","","","","","","","","","","","","","","","","","","","","","","","","","","","","","","","","","","","","","","","","",""
"59343001","LILLE-LESQUIN",50.57,3.0975,47,1959031812,"","","","",6.,1,"","","","","","","","","","","","","","","","","","","","","","","","","","","","","","",5.4,1,-0.5,1,"","","","","","","","","","","","","","","","","","","","","","","","","","",66,1,"","","","","","","","","","","","",5.9,1,1018.5,1,"","","","","","",2,1,0,1,1,1,4,1,0,1,"","","","","","","","","","","","","","","","","","","","","","","","",2500,1,"","",10,1,0,1,"","","","","","","","","","","","","","","","","","","","","","","","","","","","","","","","","","","","","","","","","","","","","","","","","","","","","","","","","","","","","","","","","",""
"59343001","LILLE-LESQUIN",50.57,3.0975,47,1959031815,"","","","",6.,1,"","","","","","","","","","","","","","","","","","","","","","","","","","","","","","",6.5,1,0.,1,"","","","","","","","","","","","","","","","","","","","","","","","","","",64,1,"","","","","","","","","","","","",6.1,1,1017.3,1,"","","","","","",7,1,7,1,5,1,"","","","","","","","","","","","","","","","","","","","","","","","","","","","",2500,1,"","",10,1,1,1,"","","","","","","","","","","","","","","","","","","","","","","","","","","","","","","","","","","","","","","","","","","","","","","","","","","","","","","","","","","","","","","","","",""
"59343001","LILLE-LESQUIN",50.57,3.0975,47,1959031818,"","","","",7.,1,"","","","","","","","","","","","","","","","","","","","","","","","","","","","","","",4.1,1,0.2,1,"","","","","","","","","","","","","","","","","","","","","","","","","","",76,1,"","","","","","","","","","","","",6.2,1,1017.7,1,"","","","","","",8,1,8,1,5,1,"","","","","","","","","","","","","","","","","","","","","","","","","","","","",2500,1,"","",10,1,2,1,"","","","","","","","","","","","","","","","","","","","","","","","","","","","","","","","","","","","","","","","","","","","","","","","","","","","","","","","","","","","","","","","","",""
"59343001","LILLE-LESQUIN",50.57,3.0975,47,1959031821,"","","","",5.,1,"","","","","","","","","","","","","","","","","","","","","","","","","","","","","","",3.2,1,0.4,1,"","","","","","","","","","","","","","","","","","","","","","","","","","",83,1,"","","","","","","","","","","","",6.3,1,1018.2,1,"","","","","","",8,1,8,1,5,1,"","","","","","","","","","","","","","","","","","","","","","","","","","","","",2500,1,"","",10,1,2,1,"","","","","","","","","","","","","","","","","","","","","","","","","","","","","","","","","","","","","","","","","","","","","","","","","","","","","","","","","","","","","","","","","",""
"59343001","LILLE-LESQUIN",50.57,3.0975,47,1959031900,"","","","",5.,1,"","","","","","","","","","","","","","","","","","","","","","","","","","","","","","",2.8,1,1.,1,"","","","","","","","","","","","","","","","","","","","","","","","","","",88,1,"","","","","","","","","","","","",6.6,1,1018.5,1,"","","","","","",8,1,8,1,5,1,"","","","","","","","","","","","","","","","","","","","","","","","","","","","",2500,1,"","",10,1,2,1,"","","","","","","","","","","","","","","","","","","","","","","","","","","","","","","","","","","","","","","","","","","","","","","","","","","","","","","","","","","","","","","","","",""
"59343001","LILLE-LESQUIN",50.57,3.0975,47,1959031903,"","","","",6.,1,"","","","","","","","","","","","","","","","","","","","","","","","","","","","","","",2.4,1,0.8,1,"","","","","","","","","","","","","","","","","","","","","","","","","","",89,1,"","","","","","","","","","","","",6.5,1,1018.2,1,"","","","","","",8,1,8,1,5,1,"","","","","","","","","","","","","","","","","","","","","","","","","","","","",2200,1,"","",10,1,2,1,"","","","","","","","","","","","","","","","","","","","","","","","","","","","","","","","","","","","","","","","","","","","","","","","","","","","","","","","","","","","","","","","","",""
"59343001","LILLE-LESQUIN",50.57,3.0975,47,1959031906,"","","","",6.,1,"","","","","","","","","","","","","","","","","","","","","","","","","","","","","","",1.8,1,0.6,1,"","","","","","","","","","","","","","","","","","","","","","","","","","",92,1,"","","","","","","","","","","","",6.4,1,1018.6,1,"","","","","","",8,1,8,1,6,1,"","","","","","","","","","","","","","","","","","","","","","","","","","","","",1000,1,"","",10,1,2,1,"","",0,1,"","","","","","","","","","","","","","","","","","","","","","","","","","","","","","","","","","","","","","","","","","","","","","","","","","","","","","","","","","","","","",""
"59343001","LILLE-LESQUIN",50.57,3.0975,47,1959031909,"","","","",7.,1,"","","","","","","","","","","","","","","","","","","","","","","","","","","","","","",3.5,1,1.,1,"","","","","","","","","","","","","","","","","","","","","","","","","","",85,1,"","","","","","","","","","","","",6.6,1,1019.,1,"","","","","","",8,1,5,1,6,1,3,1,"","","","","","","","","","","","","","","","","","","","","","","","","","",1100,1,"","",28,1,4,1,"","","","","","","","","","","","","","","","","","","","","","","","","","","","","","","","","","","","","","","","","","","","","","","","","","","","","","","","","","","","","","","","","",""
"59343001","LILLE-LESQUIN",50.57,3.0975,47,1959031912,"","","","",8.,1,"","","","","","","","","","","","","","","","","","","","","","","","","","","","","","",8.5,1,2.6,1,"","","","","","","","","","","","","","","","","","","","","","","","","","",66,1,"","","","","","","","","","","","",7.4,1,1018.1,1,"","","","","","",5,1,0,1,0,1,4,1,1,1,"","","","","","","","","","","","","","","","","","","","","","","","",1600,1,"","",10,1,4,1,"","","","","","","","","","","","","","","","","","","","","","","","","","","","","","","","","","","","","","","","","","","","","","","","","","","","","","","","","","","","","","","","","",""
"59343001","LILLE-LESQUIN",50.57,3.0975,47,1959031915,"","","","",9.,1,"","","","","","","","","","","","","","","","","","","","","","","","","","","","","","",10.4,1,4.3,1,"","","","","","","","","","","","","","","","","","","","","","","","","","",65,1,"","","","","","","","","","","","",8.4,1,1016.4,1,"","","","","","",6,1,6,1,0,1,4,1,6,1,"","","","","","","","","","","","","","","","","","","","","","","","",2000,1,"","",10,1,2,1,"","","","","","","","","","","","","","","","","","","","","","","","","","","","","","","","","","","","","","","","","","","","","","","","","","","","","","","","","","","","","","","","","",""
"59343001","LILLE-LESQUIN",50.57,3.0975,47,1959031918,"","","","",2.,1,"","","","","","","","","","","","","","","","","","","","","","","","","","","","","","",8.2,1,6.1,1,"","","","","","","","","","","","","","","","","","","","","","","","","","",87,1,"","","","","","","","","","","","",9.5,1,1016.4,1,"","","","","","",8,1,7,1,5,1,2,1,"","","","","","","","","","","","","","","","","","","","","","","","","","",1100,1,"","",61,1,5,1,"","","","","","","","","","","","","","","","","","","","","","","","","","","","","","","","","","","","","","","","","","","","","","","","","","","","","","","","","","","","","","","","","",""
"59343001","LILLE-LESQUIN",50.57,3.0975,47,1959031921,"","","","",4.,1,"","","","","","","","","","","","","","","","","","","","","","","","","","","","","","",7.5,1,6.6,1,"","","","","","","","","","","","","","","","","","","","","","","","","","",96,1,"","","","","","","","","","","","",9.9,1,1016.1,1,"","","","","","",8,1,8,1,7,1,"","","","","","","","","","","","","","","","","","","","","","","","","","","","",1200,1,"","",61,1,6,1,"","","","","","","","","","","","","","","","","","","","","","","","","","","","","","","","","","","","","","","","","","","","","","","","","","","","","","","","","","","","","","","","","",""
"59343001","LILLE-LESQUIN",50.57,3.0975,47,1959032000,"","","","",2.,1,"","","","","","","","","","","","","","","","","","","","","","","","","","","","","","",7.3,1,6.8,1,"","","","","","","","","","","","","","","","","","","","","","","","","","",97,1,"","","","","","","","","","","","",10.,1,1015.8,1,"","","","","","",8,1,8,1,7,1,"","","","","","","","","","","","","","","","","","","","","","","","","","","","",1200,1,"","",61,1,6,1,"","","","","","","","","","","","","","","","","","","","","","","","","","","","","","","","","","","","","","","","","","","","","","","","","","","","","","","","","","","","","","","","","",""
"59343001","LILLE-LESQUIN",50.57,3.0975,47,1959032003,"","","","",2.,1,"","","","","","","","","","","","","","","","","","","","","","","","","","","","","","",6.9,1,6.4,1,"","","","","","","","","","","","","","","","","","","","","","","","","","",97,1,"","","","","","","","","","","","",9.7,1,1015.6,1,"","","","","","",8,1,8,1,7,1,"","","","","","","","","","","","","","","","","","","","","","","","","","","","",1200,1,"","",63,1,6,1,"","","","","","","","","","","","","","","","","","","","","","","","","","","","","","","","","","","","","","","","","","","","","","","","","","","","","","","","","","","","","","","","","",""
"59343001","LILLE-LESQUIN",50.57,3.0975,47,1959032006,"","","","",3.,1,"","","","","","","","","","","","","","","","","","","","","","","","","","","","","","",5.,1,4.3,1,"","","","","","","","","","","","","","","","","","","","","","","","","","",97,1,"","","","","","","","","","","","",8.4,1,1016.8,1,"","","","","","",8,1,8,1,6,1,"","","","","","","","","","","","","","","","","","","","","","","","","","","","",700,1,"","",46,1,6,1,"","",0,1,"","","","","","","","","","","","","","","","","","","","","","","","","","","","","","","","","","","","","","","","","","","","","","","","","","","","","","","","","","","","","",""
"59343001","LILLE-LESQUIN",50.57,3.0975,47,1959032009,"","","","",6.,1,"","","","","","","","","","","","","","","","","","","","","","","","","","","","","","",4.1,1,2.8,1,"","","","","","","","","","","","","","","","","","","","","","","","","","",92,1,"","","","","","","","","","","","",7.5,1,1018.1,1,"","","","","","",8,1,8,1,6,1,"","","","","","","","","","","","","","","","","","","","","","","","","","","","",1200,1,"","",10,1,4,1,"","","","","","","","","","","","","","","","","","","","","","","","","","","","","","","","","","","","","","","","","","","","","","","","","","","","","","","","","","","","","","","","","",""
"59343001","LILLE-LESQUIN",50.57,3.0975,47,1959032012,"","","","",6.,1,"","","","","","","","","","","","","","","","","","","","","","","","","","","","","","",4.3,1,2.8,1,"","","","","","","","","","","","","","","","","","","","","","","","","","",90,1,"","","","","","","","","","","","",7.5,1,1018.9,1,"","","","","","",8,1,8,1,6,1,"","","","","","","","","","","","","","","","","","","","","","","","","","","","",2500,1,"","",20,1,4,1,"","","","","","","","","","","","","","","","","","","","","","","","","","","","","","","","","","","","","","","","","","","","","","","","","","","","","","","","","","","","","","","","","",""
"59343001","LILLE-LESQUIN",50.57,3.0975,47,1959032015,"","","","",4.,1,"","","","","","","","","","","","","","","","","","","","","","","","","","","","","","",4.2,1,2.6,1,"","","","","","","","","","","","","","","","","","","","","","","","","","",90,1,"","","","","","","","","","","","",7.4,1,1019.2,1,"","","","","","",8,1,8,1,6,1,"","","","","","","","","","","","","","","","","","","","","","","","","","","","",2200,1,"","",20,1,5,1,"","","","","","","","","","","","","","","","","","","","","","","","","","","","","","","","","","","","","","","","","","","","","","","","","","","","","","","","","","","","","","","","","",""
"59343001","LILLE-LESQUIN",50.57,3.0975,47,1959032018,"","","","",4.,1,"","","","","","","","","","","","","","","","","","","","","","","","","","","","","","",4.,1,3.,1,"","","","","","","","","","","","","","","","","","","","","","","","","","",93,1,"","","","","","","","","","","","",7.6,1,1019.6,1,"","","","","","",8,1,8,1,6,1,"","","","","","","","","","","","","","","","","","","","","","","","","","","","",1800,1,"","",10,1,5,1,"","","","","","","","","","","","","","","","","","","","","","","","","","","","","","","","","","","","","","","","","","","","","","","","","","","","","","","","","","","","","","","","","",""
"59343001","LILLE-LESQUIN",50.57,3.0975,47,1959032021,"","","","",4.,1,"","","","","","","","","","","","","","","","","","","","","","","","","","","","","","",3.9,1,2.4,1,"","","","","","","","","","","","","","","","","","","","","","","","","","",90,1,"","","","","","","","","","","","",7.3,1,1020.1,1,"","","","","","",6,1,6,1,5,1,0,1,0,1,"","","","","","","","","","","","","","","","","","","","","","","","",2000,1,"","",10,1,2,1,"","","","","","","","","","","","","","","","","","","","","","","","","","","","","","","","","","","","","","","","","","","","","","","","","","","","","","","","","","","","","","","","","",""
"59343001","LILLE-LESQUIN",50.57,3.0975,47,1959032100,"","","","",2.,1,"","","","","","","","","","","","","","","","","","","","","","","","","","","","","","",3.,1,2.4,1,"","","","","","","","","","","","","","","","","","","","","","","","","","",97,1,"","","","","","","","","","","","",7.3,1,1021.,1,"","","","","","",8,1,8,1,5,1,"","","","","","","","","","","","","","","","","","","","","","","","","","","","",900,1,"","",46,1,2,1,"","","","","","","","","","","","","","","","","","","","","","","","","","","","","","","","","","","","","","","","","","","","","","","","","","","","","","","","","","","","","","","","","",""
"59343001","LILLE-LESQUIN",50.57,3.0975,47,1959032103,"","","","",3.,1,"","","","","","","","","","","","","","","","","","","","","","","","","","","","","","",1.,1,0.4,1,"","","","","","","","","","","","","","","","","","","","","","","","","","",96,1,"","","","","","","","","","","","",6.3,1,1021.4,1,"","","","","","",4,1,0,1,5,1,0,1,0,1,"","","","","","","","","","","","","","","","","","","","","","","","",900,1,"","",44,1,4,1,"","","","","","","","","","","","","","","","","","","","","","","","","","","","","","","","","","","","","","","","","","","","","","","","","","","","","","","","","","","","","","","","","",""
"59343001","LILLE-LESQUIN",50.57,3.0975,47,1959032106,"","","","",3.,1,"","","","","","","","","","","","","","","","","","","","","","","","","","","","","","",-0.8,1,-1.4,1,"","","","","","","","","","","","","","","","","","","","","","","","","","",95,1,"","","","","","","","","","","","",5.5,1,1022.5,1,"","","","","","",9,1,"","","","","","","","","","","","","","","","","","","","","","","","","","","","","","","","",50,1,"","",49,1,4,1,"","",0,1,"","","","","","","","","","","","","","","","","","","","","","","","","","","","","","","","","","","","","","","","","","","","","","","","","","","","","","","","","","","","","",""
"59343001","LILLE-LESQUIN",50.57,3.0975,47,1959032109,"","","","",4.,1,"","","","","","","","","","","","","","","","","","","","","","","","","","","","","","",4.,1,3.,1,"","","","","","","","","","","","","","","","","","","","","","","","","","",93,1,"","","","","","","","","","","","",7.6,1,1023.7,1,"","","","","","",1,1,0,1,6,1,0,1,0,1,"","","","","","","","","","","","","","","","","","","","","","","","",900,1,"","",42,1,4,1,"","","","","","","","","","","","","","","","","","","","","","","","","","","","","","","","","","","","","","","","","","","","","","","","","","","","","","","","","","","","","","","","","",""
"59343001","LILLE-LESQUIN",50.57,3.0975,47,1959032112,"","","","",3.,1,"","","","","","","","","","","","","","","","","","","","","","","","","","","","","","",8.5,1,4.5,1,"","","","","","","","","","","","","","","","","","","","","","","","","","",77,1,"","","","","","","","","","","","",8.5,1,1023.2,1,"","","","","","",1,1,0,1,6,1,0,1,0,1,"","","","","","","","","","","","","","","","","","","","","","","","",1600,1,"","",10,1,4,1,"","","","","","","","","","","","","","","","","","","","","","","","","","","","","","","","","","","","","","","","","","","","","","","","","","","","","","","","","","","","","","","","","",""
"59343001","LILLE-LESQUIN",50.57,3.0975,47,1959032115,"","","","",2.,1,"","","","","","","","","","","","","","","","","","","","","","","","","","","","","","",12.1,1,4.3,1,"","","","","","","","","","","","","","","","","","","","","","","","","","",60,1,"","","","","","","","","","","","",8.4,1,1022.3,1,"","","","","","",2,1,0,1,5,1,0,1,0,1,"","","","","","","","","","","","","","","","","","","","","","","","",2200,1,"","",10,1,0,1,"","","","","","","","","","","","","","","","","","","","","","","","","","","","","","","","","","","","","","","","","","","","","","","","","","","","","","","","","","","","","","","","","",""
"59343001","LILLE-LESQUIN",50.57,3.0975,47,1959032118,"","","","",0.,1,"","","","","","","","","","","","","","","","","","","","","","","","","","","","","","",10.1,1,6.8,1,"","","","","","","","","","","","","","","","","","","","","","","","","","",81,1,"","","","","","","","","","","","",10.,1,1022.5,1,"","","","","","",6,1,6,1,0,1,4,1,5,1,"","","","","","","","","","","","","","","","","","","","","","","","",1700,1,"","",10,1,0,1,"","","","","","","","","","","","","","","","","","","","","","","","","","","","","","","","","","","","","","","","","","","","","","","","","","","","","","","","","","","","","","","","","",""
"59343001","LILLE-LESQUIN",50.57,3.0975,47,1959032121,"","","","",2.,1,"","","","","","","","","","","","","","","","","","","","","","","","","","","","","","",5.4,1,3.3,1,"","","","","","","","","","","","","","","","","","","","","","","","","","",88,1,"","","","","","","","","","","","",7.8,1,1022.8,1,"","","","","","",6,1,6,1,0,1,0,1,6,1,"","","","","","","","","","","","","","","","","","","","","","","","",2500,1,"","",10,1,2,1,"","","","","","","","","","","","","","","","","","","","","","","","","","","","","","","","","","","","","","","","","","","","","","","","","","","","","","","","","","","","","","","","","",""
"59343001","LILLE-LESQUIN",50.57,3.0975,47,1959032200,"","","","",2.,1,"","","","","","","","","","","","","","","","","","","","","","","","","","","","","","",7.3,1,5.6,1,"","","","","","","","","","","","","","","","","","","","","","","","","","",90,1,"","","","","","","","","","","","",9.2,1,1021.8,1,"","","","","","",8,1,6,1,5,1,2,1,"","","","","","","","","","","","","","","","","","","","","","","","","","",2200,1,"","",21,1,2,1,"","","","","","","","","","","","","","","","","","","","","","","","","","","","","","","","","","","","","","","","","","","","","","","","","","","","","","","","","","","","","","","","","",""
"59343001","LILLE-LESQUIN",50.57,3.0975,47,1959032203,"","","","",2.,1,"","","","","","","","","","","","","","","","","","","","","","","","","","","","","","",7.8,1,7.2,1,"","","","","","","","","","","","","","","","","","","","","","","","","","",97,1,"","","","","","","","","","","","",10.3,1,1020.2,1,"","","","","","",8,1,8,1,5,1,"","","","","","","","","","","","","","","","","","","","","","","","","","","","",800,1,"","",61,1,6,1,"","","","","","","","","","","","","","","","","","","","","","","","","","","","","","","","","","","","","","","","","","","","","","","","","","","","","","","","","","","","","","","","","",""
"59343001","LILLE-LESQUIN",50.57,3.0975,47,1959032206,"","","","",4.,1,"","","","","","","","","","","","","","","","","","","","","","","","","","","","","","",9.,1,9.,1,"","","","","","","","","","","","","","","","","","","","","","","","","","",99,1,"","","","","","","","","","","","",11.3,1,1019.7,1,"","","","","","",8,1,8,1,7,1,"","","","","","","","","","","","","","","","","","","","","","","","","","","","",1200,1,"","",21,1,6,1,"","",0,1,"","","","","","","","","","","","","","","","","","","","","","","","","","","","","","","","","","","","","","","","","","","","","","","","","","","","","","","","","","","","","",""
"59343001","LILLE-LESQUIN",50.57,3.0975,47,1959032209,"","","","",6.,1,"","","","","","","","","","","","","","","","","","","","","","","","","","","","","","",10.9,1,10.,1,"","","","","","","","","","","","","","","","","","","","","","","","","","",96,1,"","","","","","","","","","","","",12.5,1,1020.1,1,"","","","","","",8,1,8,1,7,1,"","","","","","","","","","","","","","","","","","","","","","","","","","","","",2000,1,"","",50,1,5,1,"","","","","","","","","","","","","","","","","","","","","","","","","","","","","","","","","","","","","","","","","","","","","","","","","","","","","","","","","","","","","","","","","",""
"59343001","LILLE-LESQUIN",50.57,3.0975,47,1959032212,"","","","",6.,1,"","","","","","","","","","","","","","","","","","","","","","","","","","","","","","",13.1,1,11.2,1,"","","","","","","","","","","","","","","","","","","","","","","","","","",91,1,"","","","","","","","","","","","",13.6,1,1020.7,1,"","","","","","",8,1,6,1,6,1,"","","","","","","","","","","","","","","","","","","","","","","","","","","","",3000,1,"","",10,1,6,1,"","","","","","","","","","","","","","","","","","","","","","","","","","","","","","","","","","","","","","","","","","","","","","","","","","","","","","","","","","","","","","","","","",""
"59343001","LILLE-LESQUIN",50.57,3.0975,47,1959032215,"","","","",2.,1,"","","","","","","","","","","","","","","","","","","","","","","","","","","","","","",13.2,1,11.,1,"","","","","","","","","","","","","","","","","","","","","","","","","","",88,1,"","","","","","","","","","","","",13.4,1,1021.4,1,"","","","","","",8,1,8,1,5,1,"","","","","","","","","","","","","","","","","","","","","","","","","","","","",5000,1,"","",60,1,6,1,"","","","","","","","","","","","","","","","","","","","","","","","","","","","","","","","","","","","","","","","","","","","","","","","","","","","","","","","","","","","","","","","","",""
"59343001","LILLE-LESQUIN",50.57,3.0975,47,1959032218,"","","","",5.,1,"","","","","","","","","","","","","","","","","","","","","","","","","","","","","","",12.,1,11.,1,"","","","","","","","","","","","","","","","","","","","","","","","","","",95,1,"","","","","","","","","","","","",13.4,1,1022.5,1,"","","","","","",8,1,8,1,7,1,2,1,"","","","","","","","","","","","","","","","","","","","","","","","","","",3000,1,"","",61,1,6,1,"","","","","","","","","","","","","","","","","","","","","","","","","","","","","","","","","","","","","","","","","","","","","","","","","","","","","","","","","","","","","","","","","",""
"59343001","LILLE-LESQUIN",50.57,3.0975,47,1959032221,"","","","",5.,1,"","","","","","","","","","","","","","","","","","","","","","","","","","","","","","",11.4,1,10.1,1,"","","","","","","","","","","","","","","","","","","","","","","","","","",94,1,"","","","","","","","","","","","",12.6,1,1024.1,1,"","","","","","",8,1,8,1,6,1,"","","","","","","","","","","","","","","","","","","","","","","","","","","","",6000,1,"","",21,1,6,1,"","","","","","","","","","","","","","","","","","","","","","","","","","","","","","","","","","","","","","","","","","","","","","","","","","","","","","","","","","","","","","","","","",""
"59343001","LILLE-LESQUIN",50.57,3.0975,47,1959032300,"","","","",5.,1,"","","","","","","","","","","","","","","","","","","","","","","","","","","","","","",8.7,1,7.3,1,"","","","","","","","","","","","","","","","","","","","","","","","","","",93,1,"","","","","","","","","","","","",10.4,1,1025.3,1,"","","","","","",8,1,8,1,6,1,"","","","","","","","","","","","","","","","","","","","","","","","","","","","",7000,1,"","",2,1,6,1,"","","","","","","","","","","","","","","","","","","","","","","","","","","","","","","","","","","","","","","","","","","","","","","","","","","","","","","","","","","","","","","","","",""
"59343001","LILLE-LESQUIN",50.57,3.0975,47,1959032303,"","","","",4.,1,"","","","","","","","","","","","","","","","","","","","","","","","","","","","","","",8.,1,7.1,1,"","","","","","","","","","","","","","","","","","","","","","","","","","",94,1,"","","","","","","","","","","","",10.2,1,1026.5,1,"","","","","","",8,1,8,1,6,1,"","","","","","","","","","","","","","","","","","","","","","","","","","","","",6000,1,"","",2,1,2,1,"","","","","","","","","","","","","","","","","","","","","","","","","","","","","","","","","","","","","","","","","","","","","","","","","","","","","","","","","","","","","","","","","",""
"59343001","LILLE-LESQUIN",50.57,3.0975,47,1959032306,"","","","",3.,1,"","","","","","","","","","","","","","","","","","","","","","","","","","","","","","",7.8,1,6.8,1,"","","","","","","","","","","","","","","","","","","","","","","","","","",94,1,"","","","","","","","","","","","",10.,1,1027.3,1,"","","","","","",8,1,8,1,6,1,"","","","","","","","","","","","","","","","","","","","","","","","","","","","",3000,1,"","",10,1,2,1,"","",0,1,"","","","","","","","","","","","","","","","","","","","","","","","","","","","","","","","","","","","","","","","","","","","","","","","","","","","","","","","","","","","","",""
"59343001","LILLE-LESQUIN",50.57,3.0975,47,1959032309,"","","","",2.,1,"","","","","","","","","","","","","","","","","","","","","","","","","","","","","","",8.8,1,6.9,1,"","","","","","","","","","","","","","","","","","","","","","","","","","",89,1,"","","","","","","","","","","","",10.1,1,1028.5,1,"","","","","","",7,1,7,1,6,1,"","","","","","","","","","","","","","","","","","","","","","","","","","","","",1800,1,"","",10,1,2,1,"","","","","","","","","","","","","","","","","","","","","","","","","","","","","","","","","","","","","","","","","","","","","","","","","","","","","","","","","","","","","","","","","",""
"59343001","LILLE-LESQUIN",50.57,3.0975,47,1959032312,"","","","",3.,1,"","","","","","","","","","","","","","","","","","","","","","","","","","","","","","",13.1,1,8.5,1,"","","","","","","","","","","","","","","","","","","","","","","","","","",75,1,"","","","","","","","","","","","",11.3,1,1027.9,1,"","","","","","",3,1,0,1,1,1,0,1,0,1,"","","","","","","","","","","","","","","","","","","","","","","","",1800,1,"","",10,1,1,1,"","","","","","","","","","","","","","","","","","","","","","","","","","","","","","","","","","","","","","","","","","","","","","","","","","","","","","","","","","","","","","","","","",""
"59343001","LILLE-LESQUIN",50.57,3.0975,47,1959032315,"","","","",3.,1,"","","","","","","","","","","","","","","","","","","","","","","","","","","","","","",16.5,1,7.3,1,"","","","","","","","","","","","","","","","","","","","","","","","","","",55,1,"","","","","","","","","","","","",10.4,1,1025.9,1,"","","","","","",2,1,0,1,1,1,0,1,0,1,"","","","","","","","","","","","","","","","","","","","","","","","",8000,1,"","",3,1,0,1,"","","","","","","","","","","","","","","","","","","","","","","","","","","","","","","","","","","","","","","","","","","","","","","","","","","","","","","","","","","","","","","","","",""
"59343001","LILLE-LESQUIN",50.57,3.0975,47,1959032318,"","","","",3.,1,"","","","","","","","","","","","","","","","","","","","","","","","","","","","","","",12.,1,8.5,1,"","","","","","","","","","","","","","","","","","","","","","","","","","",81,1,"","","","","","","","","","","","",11.3,1,1025.1,1,"","","","","","",2,1,0,1,0,1,0,1,1,1,"","","","","","","","","","","","","","","","","","","","","","","","",6000,1,"","",1,1,0,1,"","","","","","","","","","","","","","","","","","","","","","","","","","","","","","","","","","","","","","","","","","","","","","","","","","","","","","","","","","","","","","","","","",""
"59343001","LILLE-LESQUIN",50.57,3.0975,47,1959032321,"","","","",4.,1,"","","","","","","","","","","","","","","","","","","","","","","","","","","","","","",8.,1,7.3,1,"","","","","","","","","","","","","","","","","","","","","","","","","","",97,1,"","","","","","","","","","","","",10.4,1,1024.8,1,"","","","","","",1,1,0,1,0,1,0,1,1,1,"","","","","","","","","","","","","","","","","","","","","","","","",2000,1,"","",10,1,0,1,"","","","","","","","","","","","","","","","","","","","","","","","","","","","","","","","","","","","","","","","","","","","","","","","","","","","","","","","","","","","","","","","","",""
"59343001","LILLE-LESQUIN",50.57,3.0975,47,1959032400,"","","","",4.,1,"","","","","","","","","","","","","","","","","","","","","","","","","","","","","","",7.8,1,6.8,1,"","","","","","","","","","","","","","","","","","","","","","","","","","",94,1,"","","","","","","","","","","","",10.,1,1023.,1,"","","","","","",3,1,0,1,0,1,0,1,2,1,"","","","","","","","","","","","","","","","","","","","","","","","",2000,1,"","",10,1,0,1,"","","","","","","","","","","","","","","","","","","","","","","","","","","","","","","","","","","","","","","","","","","","","","","","","","","","","","","","","","","","","","","","","",""
"59343001","LILLE-LESQUIN",50.57,3.0975,47,1959032403,"","","","",4.,1,"","","","","","","","","","","","","","","","","","","","","","","","","","","","","","",7.2,1,6.1,1,"","","","","","","","","","","","","","","","","","","","","","","","","","",94,1,"","","","","","","","","","","","",9.5,1,1021.4,1,"","","","","","",5,1,5,1,0,1,0,1,5,1,"","","","","","","","","","","","","","","","","","","","","","","","",1200,1,"","",10,1,2,1,"","","","","","","","","","","","","","","","","","","","","","","","","","","","","","","","","","","","","","","","","","","","","","","","","","","","","","","","","","","","","","","","","",""
"59343001","LILLE-LESQUIN",50.57,3.0975,47,1959032406,"","","","",5.,1,"","","","","","","","","","","","","","","","","","","","","","","","","","","","","","",7.1,1,4.7,1,"","","","","","","","","","","","","","","","","","","","","","","","","","",85,1,"","","","","","","","","","","","",8.6,1,1019.8,1,"","","","","","",6,1,5,1,6,1,4,1,2,1,"","","","","","","","","","","","","","","","","","","","","","","","",1700,1,"","",10,1,2,1,"","",0,1,"","","","","","","","","","","","","","","","","","","","","","","","","","","","","","","","","","","","","","","","","","","","","","","","","","","","","","","","","","","","","",""
"59343001","LILLE-LESQUIN",50.57,3.0975,47,1959032409,"","","","",5.,1,"","","","","","","","","","","","","","","","","","","","","","","","","","","","","","",13.,1,8.8,1,"","","","","","","","","","","","","","","","","","","","","","","","","","",77,1,"","","","","","","","","","","","",11.5,1,1018.8,1,"","","","","","",6,1,5,1,0,1,8,1,2,1,"","","","","","","","","","","","","","","","","","","","","","","","",5000,1,"","",10,1,2,1,"","","","","","","","","","","","","","","","","","","","","","","","","","","","","","","","","","","","","","","","","","","","","","","","","","","","","","","","","","","","","","","","","",""
"59343001","LILLE-LESQUIN",50.57,3.0975,47,1959032412,"","","","",7.,1,"","","","","","","","","","","","","","","","","","","","","","","","","","","","","","",16.1,1,9.9,1,"","","","","","","","","","","","","","","","","","","","","","","","","","",68,1,"","","","","","","","","","","","",12.4,1,1018.3,1,"","","","","","",7,1,5,1,1,1,8,1,2,1,"","","","","","","","","","","","","","","","","","","","","","","","",10000,1,"","",2,1,2,1,"","","","","","","","","","","","","","","","","","","","","","","","","","","","","","","","","","","","","","","","","","","","","","","","","","","","","","","","","","","","","","","","","",""
"59343001","LILLE-LESQUIN",50.57,3.0975,47,1959032415,"","","","",5.,1,"","","","","","","","","","","","","","","","","","","","","","","","","","","","","","",14.,1,11.2,1,"","","","","","","","","","","","","","","","","","","","","","","","","","",86,1,"","","","","","","","","","","","",13.6,1,1017.8,1,"","","","","","",8,1,8,1,2,1,7,1,"","","","","","","","","","","","","","","","","","","","","","","","","","",8000,1,"","",25,1,8,1,"","","","","","","","","","","","","","","","","","","","","","","","","","","","","","","","","","","","","","","","","","","","","","","","","","","","","","","","","","","","","","","","","",""
"59343001","LILLE-LESQUIN",50.57,3.0975,47,1959032418,"","","","",4.,1,"","","","","","","","","","","","","","","","","","","","","","","","","","","","","","",12.8,1,10.8,1,"","","","","","","","","","","","","","","","","","","","","","","","","","",89,1,"","","","","","","","","","","","",13.2,1,1017.9,1,"","","","","","",8,1,8,1,5,1,7,1,"","","","","","","","","","","","","","","","","","","","","","","","","","",6000,1,"","",1,1,8,1,"","","","","","","","","","","","","","","","","","","","","","","","","","","","","","","","","","","","","","","","","","","","","","","","","","","","","","","","","","","","","","","","","",""
"59343001","LILLE-LESQUIN",50.57,3.0975,47,1959032421,"","","","",3.,1,"","","","","","","","","","","","","","","","","","","","","","","","","","","","","","",11.3,1,9.8,1,"","","","","","","","","","","","","","","","","","","","","","","","","","",91,1,"","","","","","","","","","","","",12.3,1,1018.1,1,"","","","","","",8,1,8,1,5,1,1,1,"","","","","","","","","","","","","","","","","","","","","","","","","","",6000,1,"","",3,1,2,1,"","","","","","","","","","","","","","","","","","","","","","","","","","","","","","","","","","","","","","","","","","","","","","","","","","","","","","","","","","","","","","","","","",""
"59343001","LILLE-LESQUIN",50.57,3.0975,47,1959032500,"","","","",5.,1,"","","","","","","","","","","","","","","","","","","","","","","","","","","","","","",11.5,1,8.7,1,"","","","","","","","","","","","","","","","","","","","","","","","","","",84,1,"","","","","","","","","","","","",11.4,1,1017.6,1,"","","","","","",8,1,8,1,8,1,"","","","","","","","","","","","","","","","","","","","","","","","","","","","",10000,1,"","",60,1,2,1,"","","","","","","","","","","","","","","","","","","","","","","","","","","","","","","","","","","","","","","","","","","","","","","","","","","","","","","","","","","","","","","","","",""
"59343001","LILLE-LESQUIN",50.57,3.0975,47,1959032503,"","","","",2.,1,"","","","","","","","","","","","","","","","","","","","","","","","","","","","","","",10.,1,8.5,1,"","","","","","","","","","","","","","","","","","","","","","","","","","",92,1,"","","","","","","","","","","","",11.3,1,1016.5,1,"","","","","","",8,1,5,1,5,1,1,1,"","","","","","","","","","","","","","","","","","","","","","","","","","",6000,1,"","",2,1,6,1,"","","","","","","","","","","","","","","","","","","","","","","","","","","","","","","","","","","","","","","","","","","","","","","","","","","","","","","","","","","","","","","","","",""
"59343001","LILLE-LESQUIN",50.57,3.0975,47,1959032506,"","","","",2.,1,"","","","","","","","","","","","","","","","","","","","","","","","","","","","","","",8.8,1,7.3,1,"","","","","","","","","","","","","","","","","","","","","","","","","","",92,1,"","","","","","","","","","","","",10.4,1,1016.3,1,"","","","","","",8,1,8,1,5,1,"","","","","","","","","","","","","","","","","","","","","","","","","","","","",3500,1,"","",60,1,6,1,"","",0,1,"","","","","","","","","","","","","","","","","","","","","","","","","","","","","","","","","","","","","","","","","","","","","","","","","","","","","","","","","","","","","",""
"59343001","LILLE-LESQUIN",50.57,3.0975,47,1959032509,"","","","",4.,1,"","","","","","","","","","","","","","","","","","","","","","","","","","","","","","",9.,1,6.5,1,"","","","","","","","","","","","","","","","","","","","","","","","","","",85,1,"","","","","","","","","","","","",9.8,1,1016.4,1,"","","","","","",8,1,8,1,0,1,7,1,"","","","","","","","","","","","","","","","","","","","","","","","","","","","","","",10,1,6,1,"","","","","","","","","","","","","","","","","","","","","","","","","","","","","","","","","","","","","","","","","","","","","","","","","","","","","","","","","","","","","","","","","",""
"59343001","LILLE-LESQUIN",50.57,3.0975,47,1959032512,"","","","",3.,1,"","","","","","","","","","","","","","","","","","","","","","","","","","","","","","",11.7,1,6.1,1,"","","","","","","","","","","","","","","","","","","","","","","","","","",69,1,"","","","","","","","","","","","",9.5,1,1015.7,1,"","","","","","",6,1,0,1,2,1,0,1,2,1,"","","","","","","","","","","","","","","","","","","","","","","","",12000,1,"","",2,1,6,1,"","","","","","","","","","","","","","","","","","","","","","","","","","","","","","","","","","","","","","","","","","","","","","","","","","","","","","","","","","","","","","","","","",""
"59343001","LILLE-LESQUIN",50.57,3.0975,47,1959032515,"","","","",3.,1,"","","","","","","","","","","","","","","","","","","","","","","","","","","","","","",13.7,1,4.2,1,"","","","","","","","","","","","","","","","","","","","","","","","","","",53,1,"","","","","","","","","","","","",8.3,1,1013.9,1,"","","","","","",6,1,0,1,2,1,6,1,2,1,"","","","","","","","","","","","","","","","","","","","","","","","",25000,1,"","",2,1,2,1,"","","","","","","","","","","","","","","","","","","","","","","","","","","","","","","","","","","","","","","","","","","","","","","","","","","","","","","","","","","","","","","","","",""
"59343001","LILLE-LESQUIN",50.57,3.0975,47,1959032518,"","","","",0.,1,"","","","","","","","","","","","","","","","","","","","","","","","","","","","","","",8.4,1,6.4,1,"","","","","","","","","","","","","","","","","","","","","","","","","","",88,1,"","","","","","","","","","","","",9.7,1,1014.3,1,"","","","","","",6,1,0,1,5,1,7,1,3,1,"","","","","","","","","","","","","","","","","","","","","","","","",20000,1,"","",21,1,8,1,"","","","","","","","","","","","","","","","","","","","","","","","","","","","","","","","","","","","","","","","","","","","","","","","","","","","","","","","","","","","","","","","","",""
"59343001","LILLE-LESQUIN",50.57,3.0975,47,1959032521,"","","","",1.,1,"","","","","","","","","","","","","","","","","","","","","","","","","","","","","","",5.7,1,4.7,1,"","","","","","","","","","","","","","","","","","","","","","","","","","",94,1,"","","","","","","","","","","","",8.6,1,1014.8,1,"","","","","","",1,1,0,1,0,1,6,1,0,1,"","","","","","","","","","","","","","","","","","","","","","","","",6000,1,"","",2,1,1,1,"","","","","","","","","","","","","","","","","","","","","","","","","","","","","","","","","","","","","","","","","","","","","","","","","","","","","","","","","","","","","","","","","",""
"59343001","LILLE-LESQUIN",50.57,3.0975,47,1959032600,"","","","",1.,1,"","","","","","","","","","","","","","","","","","","","","","","","","","","","","","",4.2,1,3.7,1,"","","","","","","","","","","","","","","","","","","","","","","","","","",97,1,"","","","","","","","","","","","",8.,1,1014.8,1,"","","","","","",7,1,7,1,0,1,5,1,"","","","","","","","","","","","","","","","","","","","","","","","","","",400,1,"","",46,1,4,1,"","","","","","","","","","","","","","","","","","","","","","","","","","","","","","","","","","","","","","","","","","","","","","","","","","","","","","","","","","","","","","","","","",""
"59343001","LILLE-LESQUIN",50.57,3.0975,47,1959032603,"","","","",0.,1,"","","","","","","","","","","","","","","","","","","","","","","","","","","","","","",6.,1,5.1,1,"","","","","","","","","","","","","","","","","","","","","","","","","","",95,1,"","","","","","","","","","","","",8.9,1,1014.4,1,"","","","","","",8,1,8,1,5,1,"","","","","","","","","","","","","","","","","","","","","","","","","","","","",4000,1,"","",61,1,4,1,"","","","","","","","","","","","","","","","","","","","","","","","","","","","","","","","","","","","","","","","","","","","","","","","","","","","","","","","","","","","","","","","","",""
"59343001","LILLE-LESQUIN",50.57,3.0975,47,1959032606,"","","","",1.,1,"","","","","","","","","","","","","","","","","","","","","","","","","","","","","","",6.1,1,5.6,1,"","","","","","","","","","","","","","","","","","","","","","","","","","",97,1,"","","","","","","","","","","","",9.2,1,1015.3,1,"","","","","","",8,1,5,1,5,1,7,1,"","","","","","","","","","","","","","","","","","","","","","","","","","",2500,1,"","",61,1,4,1,"","",0,1,"","","","","","","","","","","","","","","","","","","","","","","","","","","","","","","","","","","","","","","","","","","","","","","","","","","","","","","","","","","","","",""
"59343001","LILLE-LESQUIN",50.57,3.0975,47,1959032609,"","","","",5.,1,"","","","","","","","","","","","","","","","","","","","","","","","","","","","","","",8.4,1,5.6,1,"","","","","","","","","","","","","","","","","","","","","","","","","","",83,1,"","","","","","","","","","","","",9.2,1,1016.6,1,"","","","","","",6,1,0,1,8,1,3,1,0,1,"","","","","","","","","","","","","","","","","","","","","","","","","","","","",10,1,6,1,"","","","","","","","","","","","","","","","","","","","","","","","","","","","","","","","","","","","","","","","","","","","","","","","","","","","","","","","","","","","","","","","","",""
"59343001","LILLE-LESQUIN",50.57,3.0975,47,1959032612,"","","","",5.,1,"","","","","","","","","","","","","","","","","","","","","","","","","","","","","","",10.8,1,3.7,1,"","","","","","","","","","","","","","","","","","","","","","","","","","",63,1,"","","","","","","","","","","","",8.,1,1016.8,1,"","","","","","",5,1,5,1,2,1,0,1,1,1,"","","","","","","","","","","","","","","","","","","","","","","","",12000,1,"","",2,1,6,1,"","","","","","","","","","","","","","","","","","","","","","","","","","","","","","","","","","","","","","","","","","","","","","","","","","","","","","","","","","","","","","","","","",""
"59343001","LILLE-LESQUIN",50.57,3.0975,47,1959032615,"","","","",6.,1,"","","","","","","","","","","","","","","","","","","","","","","","","","","","","","",12.5,1,3.3,1,"","","","","","","","","","","","","","","","","","","","","","","","","","",54,1,"","","","","","","","","","","","",7.8,1,1016.8,1,"","","","","","",6,1,0,1,8,1,0,1,0,1,"","","","","","","","","","","","","","","","","","","","","","","","",15000,1,"","",3,1,2,1,"","","","","","","","","","","","","","","","","","","","","","","","","","","","","","","","","","","","","","","","","","","","","","","","","","","","","","","","","","","","","","","","","",""
"59343001","LILLE-LESQUIN",50.57,3.0975,47,1959032618,"","","","",4.,1,"","","","","","","","","","","","","","","","","","","","","","","","","","","","","","",9.5,1,3.7,1,"","","","","","","","","","","","","","","","","","","","","","","","","","",68,1,"","","","","","","","","","","","",8.,1,1017.2,1,"","","","","","",1,1,0,1,0,1,0,1,1,1,"","","","","","","","","","","","","","","","","","","","","","","","",20000,1,"","",1,1,0,1,"","","","","","","","","","","","","","","","","","","","","","","","","","","","","","","","","","","","","","","","","","","","","","","","","","","","","","","","","","","","","","","","","",""
"59343001","LILLE-LESQUIN",50.57,3.0975,47,1959032621,"","","","",3.,1,"","","","","","","","","","","","","","","","","","","","","","","","","","","","","","",5.6,1,3.1,1,"","","","","","","","","","","","","","","","","","","","","","","","","","",85,1,"","","","","","","","","","","","",7.7,1,1017.6,1,"","","","","","",0,1,"","",0,1,0,1,0,1,"","","","","","","","","","","","","","","","","","","","","","","","",10000,1,"","",2,1,0,1,"","","","","","","","","","","","","","","","","","","","","","","","","","","","","","","","","","","","","","","","","","","","","","","","","","","","","","","","","","","","","","","","","",""
"59343001","LILLE-LESQUIN",50.57,3.0975,47,1959032700,"","","","",2.,1,"","","","","","","","","","","","","","","","","","","","","","","","","","","","","","",3.6,1,2.,1,"","","","","","","","","","","","","","","","","","","","","","","","","","",90,1,"","","","","","","","","","","","",7.1,1,1017.,1,"","","","","","",0,1,"","",0,1,0,1,0,1,"","","","","","","","","","","","","","","","","","","","","","","","",7000,1,"","",2,1,0,1,"","","","","","","","","","","","","","","","","","","","","","","","","","","","","","","","","","","","","","","","","","","","","","","","","","","","","","","","","","","","","","","","","",""
"59343001","LILLE-LESQUIN",50.57,3.0975,47,1959032703,"","","","",1.,1,"","","","","","","","","","","","","","","","","","","","","","","","","","","","","","",2.7,1,1.8,1,"","","","","","","","","","","","","","","","","","","","","","","","","","",95,1,"","","","","","","","","","","","",7.,1,1015.2,1,"","","","","","",3,1,0,1,0,1,0,1,2,1,"","","","","","","","","","","","","","","","","","","","","","","","",6000,1,"","",3,1,0,1,"","","","","","","","","","","","","","","","","","","","","","","","","","","","","","","","","","","","","","","","","","","","","","","","","","","","","","","","","","","","","","","","","",""
"59343001","LILLE-LESQUIN",50.57,3.0975,47,1959032706,"","","","",4.,1,"","","","","","","","","","","","","","","","","","","","","","","","","","","","","","",3.3,1,2.6,1,"","","","","","","","","","","","","","","","","","","","","","","","","","",95,1,"","","","","","","","","","","","",7.4,1,1013.3,1,"","","","","","",6,1,6,1,0,1,0,1,2,1,"","","","","","","","","","","","","","","","","","","","","","","","",3000,1,"","",10,1,1,1,"","",0,1,"","","","","","","","","","","","","","","","","","","","","","","","","","","","","","","","","","","","","","","","","","","","","","","","","","","","","","","","","","","","","",""
"59343001","LILLE-LESQUIN",50.57,3.0975,47,1959032709,"","","","",6.,1,"","","","","","","","","","","","","","","","","","","","","","","","","","","","","","",8.4,1,4.5,1,"","","","","","","","","","","","","","","","","","","","","","","","","","",77,1,"","","","","","","","","","","","",8.5,1,1012.,1,"","","","","","",7,1,5,1,5,1,7,1,1,1,"","","","","","","","","","","","","","","","","","","","","","","","","","","","",10,1,2,1,"","","","","","","","","","","","","","","","","","","","","","","","","","","","","","","","","","","","","","","","","","","","","","","","","","","","","","","","","","","","","","","","","",""
"59343001","LILLE-LESQUIN",50.57,3.0975,47,1959032712,"","","","",9.,1,"","","","","","","","","","","","","","","","","","","","","","","","","","","","","","",12.4,1,7.1,1,"","","","","","","","","","","","","","","","","","","","","","","","","","",71,1,"","","","","","","","","","","","",10.2,1,1009.2,1,"","","","","","",8,1,6,1,7,1,2,1,"","","","","","","","","","","","","","","","","","","","","","","","","","",10000,1,"","",3,1,2,1,"","","","","","","","","","","","","","","","","","","","","","","","","","","","","","","","","","","","","","","","","","","","","","","","","","","","","","","","","","","","","","","","","",""
"59343001","LILLE-LESQUIN",50.57,3.0975,47,1959032715,"","","","",10.,1,"","","","","","","","","","","","","","","","","","","","","","","","","","","","","","",10.8,1,7.9,1,"","","","","","","","","","","","","","","","","","","","","","","","","","",83,1,"","","","","","","","","","","","",10.8,1,1007.7,1,"","","","","","",8,1,7,1,7,1,"","","","","","","","","","","","","","","","","","","","","","","","","","","","",4000,1,"","",51,1,6,1,"","","","","","","","","","","","","","","","","","","","","","","","","","","","","","","","","","","","","","","","","","","","","","","","","","","","","","","","","","","","","","","","","",""
"59343001","LILLE-LESQUIN",50.57,3.0975,47,1959032718,"","","","",7.,1,"","","","","","","","","","","","","","","","","","","","","","","","","","","","","","",10.,1,8.8,1,"","","","","","","","","","","","","","","","","","","","","","","","","","",94,1,"","","","","","","","","","","","",11.5,1,1007.1,1,"","","","","","",8,1,7,1,7,1,"","","","","","","","","","","","","","","","","","","","","","","","","","","","",2500,1,"","",51,1,6,1,"","","","","","","","","","","","","","","","","","","","","","","","","","","","","","","","","","","","","","","","","","","","","","","","","","","","","","","","","","","","","","","","","",""
"59343001","LILLE-LESQUIN",50.57,3.0975,47,1959032721,"","","","",5.,1,"","","","","","","","","","","","","","","","","","","","","","","","","","","","","","",9.2,1,7.6,1,"","","","","","","","","","","","","","","","","","","","","","","","","","",91,1,"","","","","","","","","","","","",10.6,1,1008.1,1,"","","","","","",7,1,7,1,5,1,"","","","","","","","","","","","","","","","","","","","","","","","","","","","",9000,1,"","",3,1,5,1,"","","","","","","","","","","","","","","","","","","","","","","","","","","","","","","","","","","","","","","","","","","","","","","","","","","","","","","","","","","","","","","","","",""
"59343001","LILLE-LESQUIN",50.57,3.0975,47,1959032800,"","","","",5.,1,"","","","","","","","","","","","","","","","","","","","","","","","","","","","","","",8.5,1,6.6,1,"","","","","","","","","","","","","","","","","","","","","","","","","","",89,1,"","","","","","","","","","","","",9.9,1,1008.4,1,"","","","","","",8,1,8,1,5,1,"","","","","","","","","","","","","","","","","","","","","","","","","","","","",8000,1,"","",3,1,5,1,"","","","","","","","","","","","","","","","","","","","","","","","","","","","","","","","","","","","","","","","","","","","","","","","","","","","","","","","","","","","","","","","","",""
"59343001","LILLE-LESQUIN",50.57,3.0975,47,1959032803,"","","","",4.,1,"","","","","","","","","","","","","","","","","","","","","","","","","","","","","","",6.5,1,5.,1,"","","","","","","","","","","","","","","","","","","","","","","","","","",91,1,"","","","","","","","","","","","",8.8,1,1008.9,1,"","","","","","",0,1,"","",0,1,0,1,0,1,"","","","","","","","","","","","","","","","","","","","","","","","",9000,1,"","",2,1,1,1,"","","","","","","","","","","","","","","","","","","","","","","","","","","","","","","","","","","","","","","","","","","","","","","","","","","","","","","","","","","","","","","","","",""
"59343001","LILLE-LESQUIN",50.57,3.0975,47,1959032806,"","","","",5.,1,"","","","","","","","","","","","","","","","","","","","","","","","","","","","","","",5.7,1,4.3,1,"","","","","","","","","","","","","","","","","","","","","","","","","","",92,1,"","","","","","","","","","","","",8.4,1,1010.5,1,"","","","","","",1,1,0,1,5,1,3,1,0,1,"","","","","","","","","","","","","","","","","","","","","","","","",7000,1,"","",1,1,1,1,"","",0,1,"","","","","","","","","","","","","","","","","","","","","","","","","","","","","","","","","","","","","","","","","","","","","","","","","","","","","","","","","","","","","",""
"59343001","LILLE-LESQUIN",50.57,3.0975,47,1959032809,"","","","",7.,1,"","","","","","","","","","","","","","","","","","","","","","","","","","","","","","",9.8,1,5.1,1,"","","","","","","","","","","","","","","","","","","","","","","","","","",74,1,"","","","","","","","","","","","",8.9,1,1012.3,1,"","","","","","",6,1,6,1,2,1,0,1,0,1,"","","","","","","","","","","","","","","","","","","","","","","","",12000,1,"","",3,1,2,1,"","","","","","","","","","","","","","","","","","","","","","","","","","","","","","","","","","","","","","","","","","","","","","","","","","","","","","","","","","","","","","","","","",""
"59343001","LILLE-LESQUIN",50.57,3.0975,47,1959032812,"","","","",7.,1,"","","","","","","","","","","","","","","","","","","","","","","","","","","","","","",11.4,1,3.3,1,"","","","","","","","","","","","","","","","","","","","","","","","","","",58,1,"","","","","","","","","","","","",7.8,1,1012.7,1,"","","","","","",5,1,5,1,2,1,0,1,0,1,"","","","","","","","","","","","","","","","","","","","","","","","",20000,1,"","",1,1,2,1,"","","","","","","","","","","","","","","","","","","","","","","","","","","","","","","","","","","","","","","","","","","","","","","","","","","","","","","","","","","","","","","","","",""
"59343001","LILLE-LESQUIN",50.57,3.0975,47,1959032815,"","","","",8.,1,"","","","","","","","","","","","","","","","","","","","","","","","","","","","","","",13.3,1,3.8,1,"","","","","","","","","","","","","","","","","","","","","","","","","","",53,1,"","","","","","","","","","","","",8.1,1,1012.8,1,"","","","","","",4,1,0,1,2,1,0,1,0,1,"","","","","","","","","","","","","","","","","","","","","","","","",25000,1,"","",1,1,2,1,"","","","","","","","","","","","","","","","","","","","","","","","","","","","","","","","","","","","","","","","","","","","","","","","","","","","","","","","","","","","","","","","","",""
"59343001","LILLE-LESQUIN",50.57,3.0975,47,1959032818,"","","","",4.,1,"","","","","","","","","","","","","","","","","","","","","","","","","","","","","","",10.,1,3.8,1,"","","","","","","","","","","","","","","","","","","","","","","","","","",66,1,"","","","","","","","","","","","",8.1,1,1013.9,1,"","","","","","",1,1,0,1,0,1,6,1,3,1,"","","","","","","","","","","","","","","","","","","","","","","","",20000,1,"","",3,1,1,1,"","","","","","","","","","","","","","","","","","","","","","","","","","","","","","","","","","","","","","","","","","","","","","","","","","","","","","","","","","","","","","","","","",""
"59343001","LILLE-LESQUIN",50.57,3.0975,47,1959032821,"","","","",3.,1,"","","","","","","","","","","","","","","","","","","","","","","","","","","","","","",5.2,1,3.1,1,"","","","","","","","","","","","","","","","","","","","","","","","","","",87,1,"","","","","","","","","","","","",7.7,1,1015.,1,"","","","","","",0,1,"","",0,1,0,1,0,1,"","","","","","","","","","","","","","","","","","","","","","","","",8000,1,"","",2,1,0,1,"","","","","","","","","","","","","","","","","","","","","","","","","","","","","","","","","","","","","","","","","","","","","","","","","","","","","","","","","","","","","","","","","",""
"59343001","LILLE-LESQUIN",50.57,3.0975,47,1959032900,"","","","",4.,1,"","","","","","","","","","","","","","","","","","","","","","","","","","","","","","",4.6,1,3.,1,"","","","","","","","","","","","","","","","","","","","","","","","","","",90,1,"","","","","","","","","","","","",7.6,1,1015.3,1,"","","","","","",0,1,"","",0,1,0,1,0,1,"","","","","","","","","","","","","","","","","","","","","","","","",6000,1,"","",2,1,0,1,"","","","","","","","","","","","","","","","","","","","","","","","","","","","","","","","","","","","","","","","","","","","","","","","","","","","","","","","","","","","","","","","","",""
"59343001","LILLE-LESQUIN",50.57,3.0975,47,1959032903,"","","","",1.,1,"","","","","","","","","","","","","","","","","","","","","","","","","","","","","","",3.,1,2.2,1,"","","","","","","","","","","","","","","","","","","","","","","","","","","","","","","","","","","","","","","","",7.2,1,1014.,1,"","","","","","",0,1,"","",0,1,0,1,0,1,"","","","","","","","","","","","","","","","","","","","","","","","",6000,1,"","",2,1,0,1,"","","","","","","","","","","","","","","","","","","","","","","","","","","","","","","","","","","","","","","","","","","","","","","","","","","","","","","","","","","","","","","","","",""
"59343001","LILLE-LESQUIN",50.57,3.0975,47,1959032906,"","","","",2.,1,"","","","","","","","","","","","","","","","","","","","","","","","","","","","","","",2.,1,0.6,1,"","","","","","","","","","","","","","","","","","","","","","","","","","",91,1,"","","","","","","","","","","","",6.4,1,1013.7,1,"","","","","","",1,1,0,1,0,1,0,1,1,1,"","","","","","","","","","","","","","","","","","","","","","","","",4000,1,"","",10,1,0,1,"","",0,1,"","","","","","","","","","","","","","","","","","","","","","","","","","","","","","","","","","","","","","","","","","","","","","","","","","","","","","","","","","","","","",""
"59343001","LILLE-LESQUIN",50.57,3.0975,47,1959032909,"","","","",4.,1,"","","","","","","","","","","","","","","","","","","","","","","","","","","","","","",9.4,1,5.1,1,"","","","","","","","","","","","","","","","","","","","","","","","","","",76,1,"","","","","","","","","","","","",8.9,1,1012.5,1,"","","","","","",5,1,5,1,0,1,0,1,6,1,"","","","","","","","","","","","","","","","","","","","","","","","",4000,1,"","",10,1,1,1,"","","","","","","","","","","","","","","","","","","","","","","","","","","","","","","","","","","","","","","","","","","","","","","","","","","","","","","","","","","","","","","","","",""
"59343001","LILLE-LESQUIN",50.57,3.0975,47,1959032912,"","","","",7.,1,"","","","","","","","","","","","","","","","","","","","","","","","","","","","","","",13.2,1,3.8,1,"","","","","","","","","","","","","","","","","","","","","","","","","","",54,1,"","","","","","","","","","","","",8.1,1,1009.8,1,"","","","","","",6,1,5,1,1,1,0,1,2,1,"","","","","","","","","","","","","","","","","","","","","","","","",20000,1,"","",2,1,2,1,"","","","","","","","","","","","","","","","","","","","","","","","","","","","","","","","","","","","","","","","","","","","","","","","","","","","","","","","","","","","","","","","","",""
"59343001","LILLE-LESQUIN",50.57,3.0975,47,1959032915,"","","","",7.,1,"","","","","","","","","","","","","","","","","","","","","","","","","","","","","","",13.2,1,3.8,1,"","","","","","","","","","","","","","","","","","","","","","","","","","",54,1,"","","","","","","","","","","","",8.1,1,1005.8,1,"","","","","","",7,1,7,1,1,1,0,1,6,1,"","","","","","","","","","","","","","","","","","","","","","","","",20000,1,"","",2,1,2,1,"","","","","","","","","","","","","","","","","","","","","","","","","","","","","","","","","","","","","","","","","","","","","","","","","","","","","","","","","","","","","","","","","",""
"59343001","LILLE-LESQUIN",50.57,3.0975,47,1959032918,"","","","",7.,1,"","","","","","","","","","","","","","","","","","","","","","","","","","","","","","",11.2,1,4.,1,"","","","","","","","","","","","","","","","","","","","","","","","","","",62,1,"","","","","","","","","","","","",8.2,1,1003.4,1,"","","","","","",8,1,8,1,5,1,2,1,"","","","","","","","","","","","","","","","","","","","","","","","","","",10000,1,"","",2,1,2,1,"","","","","","","","","","","","","","","","","","","","","","","","","","","","","","","","","","","","","","","","","","","","","","","","","","","","","","","","","","","","","","","","","",""
"59343001","LILLE-LESQUIN",50.57,3.0975,47,1959032921,"","","","",8.,1,"","","","","","","","","","","","","","","","","","","","","","","","","","","","","","",8.,1,6.4,1,"","","","","","","","","","","","","","","","","","","","","","","","","","",90,1,"","","","","","","","","","","","",9.7,1,1003.1,1,"","","","","","",8,1,8,1,7,1,2,1,"","","","","","","","","","","","","","","","","","","","","","","","","","",7000,1,"","",61,1,6,1,"","","","","","","","","","","","","","","","","","","","","","","","","","","","","","","","","","","","","","","","","","","","","","","","","","","","","","","","","","","","","","","","","",""
"59343001","LILLE-LESQUIN",50.57,3.0975,47,1959033000,"","","","",6.,1,"","","","","","","","","","","","","","","","","","","","","","","","","","","","","","",6.9,1,5.6,1,"","","","","","","","","","","","","","","","","","","","","","","","","","",93,1,"","","","","","","","","","","","",9.2,1,1002.1,1,"","","","","","",8,1,8,1,5,1,2,1,"","","","","","","","","","","","","","","","","","","","","","","","","","",10000,1,"","",61,1,6,1,"","","","","","","","","","","","","","","","","","","","","","","","","","","","","","","","","","","","","","","","","","","","","","","","","","","","","","","","","","","","","","","","","",""
"59343001","LILLE-LESQUIN",50.57,3.0975,47,1959033003,"","","","",6.,1,"","","","","","","","","","","","","","","","","","","","","","","","","","","","","","",6.8,1,5.1,1,"","","","","","","","","","","","","","","","","","","","","","","","","","",90,1,"","","","","","","","","","","","",8.9,1,1001.9,1,"","","","","","",7,1,6,1,5,1,4,1,0,1,"","","","","","","","","","","","","","","","","","","","","","","","",15000,1,"","",1,1,6,1,"","","","","","","","","","","","","","","","","","","","","","","","","","","","","","","","","","","","","","","","","","","","","","","","","","","","","","","","","","","","","","","","","",""
"59343001","LILLE-LESQUIN",50.57,3.0975,47,1959033006,"","","","",6.,1,"","","","","","","","","","","","","","","","","","","","","","","","","","","","","","",5.2,1,3.3,1,"","","","","","","","","","","","","","","","","","","","","","","","","","",89,1,"","","","","","","","","","","","",7.8,1,1002.,1,"","","","","","",6,1,6,1,2,1,0,1,0,1,"","","","","","","","","","","","","","","","","","","","","","","","",10000,1,"","",2,1,6,1,"","",0,1,"","","","","","","","","","","","","","","","","","","","","","","","","","","","","","","","","","","","","","","","","","","","","","","","","","","","","","","","","","","","","",""
"59343001","LILLE-LESQUIN",50.57,3.0975,47,1959033009,"","","","",6.,1,"","","","","","","","","","","","","","","","","","","","","","","","","","","","","","",7.1,1,5.,1,"","","","","","","","","","","","","","","","","","","","","","","","","","",87,1,"","","","","","","","","","","","",8.8,1,1002.4,1,"","","","","","",8,1,8,1,2,1,"","","","","","","","","","","","","","","","","","","","","","","","","","","","",10000,1,"","",2,1,8,1,"","","","","","","","","","","","","","","","","","","","","","","","","","","","","","","","","","","","","","","","","","","","","","","","","","","","","","","","","","","","","","","","","",""
"59343001","LILLE-LESQUIN",50.57,3.0975,47,1959033012,"","","","",5.,1,"","","","","","","","","","","","","","","","","","","","","","","","","","","","","","",8.7,1,5.6,1,"","","","","","","","","","","","","","","","","","","","","","","","","","",82,1,"","","","","","","","","","","","",9.2,1,1002.2,1,"","","","","","",7,1,7,1,2,1,"","","","","","","","","","","","","","","","","","","","","","","","","","","","",8000,1,"","",25,1,8,1,"","","","","","","","","","","","","","","","","","","","","","","","","","","","","","","","","","","","","","","","","","","","","","","","","","","","","","","","","","","","","","","","","",""
"59343001","LILLE-LESQUIN",50.57,3.0975,47,1959033015,"","","","",3.,1,"","","","","","","","","","","","","","","","","","","","","","","","","","","","","","",9.8,1,5.6,1,"","","","","","","","","","","","","","","","","","","","","","","","","","",81,1,"","","","","","","","","","","","",9.2,1,1002.2,1,"","","","","","",8,1,6,1,3,1,6,1,"","","","","","","","","","","","","","","","","","","","","","","","","","",15000,1,"","",25,1,8,1,"","","","","","","","","","","","","","","","","","","","","","","","","","","","","","","","","","","","","","","","","","","","","","","","","","","","","","","","","","","","","","","","","",""
"59343001","LILLE-LESQUIN",50.57,3.0975,47,1959033018,"","","","",0.,1,"","","","","","","","","","","","","","","","","","","","","","","","","","","","","","",8.,1,6.4,1,"","","","","","","","","","","","","","","","","","","","","","","","","","",90,1,"","","","","","","","","","","","",9.7,1,1005.1,1,"","","","","","",8,1,7,1,2,1,6,1,"","","","","","","","","","","","","","","","","","","","","","","","","","",7000,1,"","",81,1,8,1,"","","","","","","","","","","","","","","","","","","","","","","","","","","","","","","","","","","","","","","","","","","","","","","","","","","","","","","","","","","","","","","","","",""
"59343001","LILLE-LESQUIN",50.57,3.0975,47,1959033021,"","","","",1.,1,"","","","","","","","","","","","","","","","","","","","","","","","","","","","","","",5.7,1,4.3,1,"","","","","","","","","","","","","","","","","","","","","","","","","","",92,1,"","","","","","","","","","","","",8.4,1,1008.5,1,"","","","","","",2,1,0,1,2,1,6,1,0,1,"","","","","","","","","","","","","","","","","","","","","","","","",7000,1,"","",1,1,8,1,"","","","","","","","","","","","","","","","","","","","","","","","","","","","","","","","","","","","","","","","","","","","","","","","","","","","","","","","","","","","","","","","","",""
"59343001","LILLE-LESQUIN",50.57,3.0975,47,1959033100,"","","","",1.,1,"","","","","","","","","","","","","","","","","","","","","","","","","","","","","","",3.8,1,3.1,1,"","","","","","","","","","","","","","","","","","","","","","","","","","",97,1,"","","","","","","","","","","","",7.7,1,1011.7,1,"","","","","","",0,1,"","",0,1,0,1,0,1,"","","","","","","","","","","","","","","","","","","","","","","","",2000,1,"","",10,1,8,1,"","","","","","","","","","","","","","","","","","","","","","","","","","","","","","","","","","","","","","","","","","","","","","","","","","","","","","","","","","","","","","","","","",""
"59343001","LILLE-LESQUIN",50.57,3.0975,47,1959033103,"","","","",3.,1,"","","","","","","","","","","","","","","","","","","","","","","","","","","","","","",2.7,1,2.2,1,"","","","","","","","","","","","","","","","","","","","","","","","","","",97,1,"","","","","","","","","","","","",7.2,1,1015.,1,"","","","","","",0,1,"","",0,1,0,1,0,1,"","","","","","","","","","","","","","","","","","","","","","","","",1400,1,"","",10,1,0,1,"","","","","","","","","","","","","","","","","","","","","","","","","","","","","","","","","","","","","","","","","","","","","","","","","","","","","","","","","","","","","","","","","",""
"59343001","LILLE-LESQUIN",50.57,3.0975,47,1959033106,"","","","",4.,1,"","","","","","","","","","","","","","","","","","","","","","","","","","","","","","",2.9,1,2.4,1,"","","","","","","","","","","","","","","","","","","","","","","","","","",97,1,"","","","","","","","","","","","",7.3,1,1018.5,1,"","","","","","",8,1,8,1,6,1,"","","","","","","","","","","","","","","","","","","","","","","","","","","","",100,1,"","",44,1,4,1,"","",0,1,"","","","","","","","","","","","","","","","","","","","","","","","","","","","","","","","","","","","","","","","","","","","","","","","","","","","","","","","","","","","","",""
"59343001","LILLE-LESQUIN",50.57,3.0975,47,1959033109,"","","","",1.,1,"","","","","","","","","","","","","","","","","","","","","","","","","","","","","","",5.4,1,5.4,1,"","","","","","","","","","","","","","","","","","","","","","","","","","",100,1,"","","","","","","","","","","","",9.,1,1020.9,1,"","","","","","",9,1,"","","","","","","","","","","","","","","","","","","","","","","","","","","","","","","","",100,1,"","",43,1,4,1,"","","","","","","","","","","","","","","","","","","","","","","","","","","","","","","","","","","","","","","","","","","","","","","","","","","","","","","","","","","","","","","","","",""
"59343001","LILLE-LESQUIN",50.57,3.0975,47,1959033112,"","","","",1.,1,"","","","","","","","","","","","","","","","","","","","","","","","","","","","","","",10.2,1,7.5,1,"","","","","","","","","","","","","","","","","","","","","","","","","","",85,1,"","","","","","","","","","","","",10.5,1,1022.5,1,"","","","","","",3,1,0,1,1,1,0,1,0,1,"","","","","","","","","","","","","","","","","","","","","","","","",3500,1,"","",10,1,4,1,"","","","","","","","","","","","","","","","","","","","","","","","","","","","","","","","","","","","","","","","","","","","","","","","","","","","","","","","","","","","","","","","","",""
"59343001","LILLE-LESQUIN",50.57,3.0975,47,1959033115,"","","","",2.,1,"","","","","","","","","","","","","","","","","","","","","","","","","","","","","","",14.,1,4.5,1,"","","","","","","","","","","","","","","","","","","","","","","","","","",53,1,"","","","","","","","","","","","",8.5,1,1023.1,1,"","","","","","",5,1,5,1,2,1,0,1,0,1,"","","","","","","","","","","","","","","","","","","","","","","","",10000,1,"","",2,1,2,1,"","","","","","","","","","","","","","","","","","","","","","","","","","","","","","","","","","","","","","","","","","","","","","","","","","","","","","","","","","","","","","","","","",""
"59343001","LILLE-LESQUIN",50.57,3.0975,47,1959033118,"","","","",0.,1,"","","","","","","","","","","","","","","","","","","","","","","","","","","","","","",11.7,1,7.3,1,"","","","","","","","","","","","","","","","","","","","","","","","","","",76,1,"","","","","","","","","","","","",10.4,1,1024.3,1,"","","","","","",6,1,6,1,4,1,0,1,2,1,"","","","","","","","","","","","","","","","","","","","","","","","",8000,1,"","",3,1,2,1,"","","","","","","","","","","","","","","","","","","","","","","","","","","","","","","","","","","","","","","","","","","","","","","","","","","","","","","","","","","","","","","","","",""
"59343001","LILLE-LESQUIN",50.57,3.0975,47,1959033121,"","","","",3.,1,"","","","","","","","","","","","","","","","","","","","","","","","","","","","","","",8.,1,5.5,1,"","","","","","","","","","","","","","","","","","","","","","","","","","",85,1,"","","","","","","","","","","","",9.1,1,1026.2,1,"","","","","","",3,1,0,1,0,1,0,1,2,1,"","","","","","","","","","","","","","","","","","","","","","","","",6000,1,"","",2,1,1,1,"","","","","","","","","","","","","","","","","","","","","","","","","","","","","","","","","","","","","","","","","","","","","","","","","","","","","","","","","","","","","","","","","",""
"59343001","LILLE-LESQUIN",50.57,3.0975,47,1959040100,"","","","",1.,1,"","","","","","","","","","","","","","","","","","","","","","","","","","","","","","",5.3,1,5.,1,"","","","","","","","","","","","","","","","","","","","","","","","","","",98,1,"","","","","","","","","","","","",8.8,1,1027.2,1,"","","","","","",0,1,"","",0,1,0,1,0,1,"","","","","","","","","","","","","","","","","","","","","","","","",300,1,"","",46,1,1,1,"","","","","","","","","","","","","","","","","","","","","","","","","","","","","","","","","","","","","","","","","","","","","","","","","","","","","","","","","","","","","","","","","",""
"59343001","LILLE-LESQUIN",50.57,3.0975,47,1959040103,"","","","",1.,1,"","","","","","","","","","","","","","","","","","","","","","","","","","","","","","",4.8,1,3.5,1,"","","","","","","","","","","","","","","","","","","","","","","","","","",92,1,"","","","","","","","","","","","",7.9,1,1027.,1,"","","","","","",0,1,"","",0,1,0,1,0,1,"","","","","","","","","","","","","","","","","","","","","","","","",3000,1,"","",10,1,4,1,"","","","","","","","","","","","","","","","","","","","","","","","","","","","","","","","","","","","","","","","","","","","","","","","","","","","","","","","","","","","","","","","","",""
"59343001","LILLE-LESQUIN",50.57,3.0975,47,1959040106,"","","","",1.,1,"","","","","","","","","","","","","","","","","","","","","","","","","","","","","","",5.1,1,3.8,1,"","","","","","","","","","","","","","","","","","","","","","","","","","",92,1,"","","","","","","","","","","","",8.1,1,1027.6,1,"","","","","","",8,1,8,1,5,1,"","","","","","","","","","","","","","","","","","","","","","","","","","","","",1800,1,"","",10,1,4,1,"","",0,1,"","","","","","","","","","","","","","","","","","","","","","","","","","","","","","","","","","","","","","","","","","","","","","","","","","","","","","","","","","","","","",""
"59343001","LILLE-LESQUIN",50.57,3.0975,47,1959040109,"","","","",4.,1,"","","","","","","","","","","","","","","","","","","","","","","","","","","","","","",9.4,1,7.3,1,"","","","","","","","","","","","","","","","","","","","","","","","","","",88,1,"","","","","","","","","","","","",10.4,1,1028.8,1,"","","","","","",8,1,8,1,5,1,"","","","","","","","","","","","","","","","","","","","","","","","","","","","",1800,1,"","",10,1,2,1,"","","","","","","","","","","","","","","","","","","","","","","","","","","","","","","","","","","","","","","","","","","","","","","","","","","","","","","","","","","","","","","","","",""
"59343001","LILLE-LESQUIN",50.57,3.0975,47,1959040112,"","","","",5.,1,"","","","","","","","","","","","","","","","","","","","","","","","","","","","","","",11.4,1,8.4,1,"","","","","","","","","","","","","","","","","","","","","","","","","","",83,1,"","","","","","","","","","","","",11.2,1,1028.8,1,"","","","","","",8,1,6,1,5,1,7,1,"","","","","","","","","","","","","","","","","","","","","","","","","","",4000,1,"","",10,1,2,1,"","","","","","","","","","","","","","","","","","","","","","","","","","","","","","","","","","","","","","","","","","","","","","","","","","","","","","","","","","","","","","","","","",""
"59343001","LILLE-LESQUIN",50.57,3.0975,47,1959040115,"","","","",6.,1,"","","","","","","","","","","","","","","","","","","","","","","","","","","","","","",12.6,1,7.1,1,"","","","","","","","","","","","","","","","","","","","","","","","","","",70,1,"","","","","","","","","","","","",10.2,1,1028.1,1,"","","","","","",8,1,5,1,5,1,"","","","","","","","","","","","","","","","","","","","","","","","","","","","",8000,1,"","",2,1,2,1,"","","","","","","","","","","","","","","","","","","","","","","","","","","","","","","","","","","","","","","","","","","","","","","","","","","","","","","","","","","","","","","","","",""
"59343001","LILLE-LESQUIN",50.57,3.0975,47,1959040118,"","","","",3.,1,"","","","","","","","","","","","","","","","","","","","","","","","","","","","","","",11.8,1,8.1,1,"","","","","","","","","","","","","","","","","","","","","","","","","","",80,1,"","","","","","","","","","","","",11.,1,1028.3,1,"","","","","","",7,1,7,1,5,1,0,1,0,1,"","","","","","","","","","","","","","","","","","","","","","","","",8000,1,"","",1,1,2,1,"","","","","","","","","","","","","","","","","","","","","","","","","","","","","","","","","","","","","","","","","","","","","","","","","","","","","","","","","","","","","","","","","",""
"59343001","LILLE-LESQUIN",50.57,3.0975,47,1959040121,"","","","",2.,1,"","","","","","","","","","","","","","","","","","","","","","","","","","","","","","",10.5,1,8.4,1,"","","","","","","","","","","","","","","","","","","","","","","","","","",89,1,"","","","","","","","","","","","",11.2,1,1029.,1,"","","","","","",8,1,8,1,5,1,"","","","","","","","","","","","","","","","","","","","","","","","","","","","",6000,1,"","",2,1,2,1,"","","","","","","","","","","","","","","","","","","","","","","","","","","","","","","","","","","","","","","","","","","","","","","","","","","","","","","","","","","","","","","","","",""
"59343001","LILLE-LESQUIN",50.57,3.0975,47,1959040200,"","","","",2.,1,"","","","","","","","","","","","","","","","","","","","","","","","","","","","","","",10.,1,8.8,1,"","","","","","","","","","","","","","","","","","","","","","","","","","",93,1,"","","","","","","","","","","","",11.5,1,1028.9,1,"","","","","","",8,1,8,1,5,1,"","","","","","","","","","","","","","","","","","","","","","","","","","","","",6000,1,"","",2,1,2,1,"","","","","","","","","","","","","","","","","","","","","","","","","","","","","","","","","","","","","","","","","","","","","","","","","","","","","","","","","","","","","","","","","",""
"59343001","LILLE-LESQUIN",50.57,3.0975,47,1959040203,"","","","",1.,1,"","","","","","","","","","","","","","","","","","","","","","","","","","","","","","",9.3,1,8.4,1,"","","","","","","","","","","","","","","","","","","","","","","","","","",96,1,"","","","","","","","","","","","",11.2,1,1028.4,1,"","","","","","",1,1,0,1,5,1,0,1,0,1,"","","","","","","","","","","","","","","","","","","","","","","","",2000,1,"","",10,1,1,1,"","","","","","","","","","","","","","","","","","","","","","","","","","","","","","","","","","","","","","","","","","","","","","","","","","","","","","","","","","","","","","","","","",""
"59343001","LILLE-LESQUIN",50.57,3.0975,47,1959040206,"","","","",0.,1,"","","","","","","","","","","","","","","","","","","","","","","","","","","","","","",9.,1,8.4,1,"","","","","","","","","","","","","","","","","","","","","","","","","","",97,1,"","","","","","","","","","","","",11.2,1,1028.6,1,"","","","","","",8,1,8,1,6,1,"","","","","","","","","","","","","","","","","","","","","","","","","","","","",1200,1,"","",10,1,4,1,"","",0,1,"","","","","","","","","","","","","","","","","","","","","","","","","","","","","","","","","","","","","","","","","","","","","","","","","","","","","","","","","","","","","",""
"59343001","LILLE-LESQUIN",50.57,3.0975,47,1959040209,"","","","",1.,1,"","","","","","","","","","","","","","","","","","","","","","","","","","","","","","",10.5,1,9.4,1,"","","","","","","","","","","","","","","","","","","","","","","","","","",95,1,"","","","","","","","","","","","",12.,1,1029.3,1,"","","","","","",8,1,8,1,6,1,"","","","","","","","","","","","","","","","","","","","","","","","","","","","",1200,1,"","",10,1,2,1,"","","","","","","","","","","","","","","","","","","","","","","","","","","","","","","","","","","","","","","","","","","","","","","","","","","","","","","","","","","","","","","","","",""
"59343001","LILLE-LESQUIN",50.57,3.0975,47,1959040212,"","","","",3.,1,"","","","","","","","","","","","","","","","","","","","","","","","","","","","","","",15.1,1,10.9,1,"","","","","","","","","","","","","","","","","","","","","","","","","","",78,1,"","","","","","","","","","","","",13.3,1,1028.7,1,"","","","","","",2,1,0,1,2,1,0,1,0,1,"","","","","","","","","","","","","","","","","","","","","","","","",3000,1,"","",10,1,1,1,"","","","","","","","","","","","","","","","","","","","","","","","","","","","","","","","","","","","","","","","","","","","","","","","","","","","","","","","","","","","","","","","","",""
"59343001","LILLE-LESQUIN",50.57,3.0975,47,1959040215,"","","","",3.,1,"","","","","","","","","","","","","","","","","","","","","","","","","","","","","","",15.7,1,9.8,1,"","","","","","","","","","","","","","","","","","","","","","","","","","",69,1,"","","","","","","","","","","","",12.3,1,1027.4,1,"","","","","","",2,1,0,1,2,1,0,1,0,1,"","","","","","","","","","","","","","","","","","","","","","","","",3000,1,"","",10,1,0,1,"","","","","","","","","","","","","","","","","","","","","","","","","","","","","","","","","","","","","","","","","","","","","","","","","","","","","","","","","","","","","","","","","",""
"59343001","LILLE-LESQUIN",50.57,3.0975,47,1959040218,"","","","",3.,1,"","","","","","","","","","","","","","","","","","","","","","","","","","","","","","",12.2,1,9.6,1,"","","","","","","","","","","","","","","","","","","","","","","","","","",86,1,"","","","","","","","","","","","",12.2,1,1026.8,1,"","","","","","",2,1,0,1,0,1,0,1,1,1,"","","","","","","","","","","","","","","","","","","","","","","","",2000,1,"","",10,1,0,1,"","","","","","","","","","","","","","","","","","","","","","","","","","","","","","","","","","","","","","","","","","","","","","","","","","","","","","","","","","","","","","","","","",""
"59343001","LILLE-LESQUIN",50.57,3.0975,47,1959040221,"","","","",2.,1,"","","","","","","","","","","","","","","","","","","","","","","","","","","","","","",8.9,1,8.,1,"","","","","","","","","","","","","","","","","","","","","","","","","","",96,1,"","","","","","","","","","","","",10.9,1,1026.6,1,"","","","","","",0,1,"","",0,1,0,1,0,1,"","","","","","","","","","","","","","","","","","","","","","","","",800,1,"","",46,1,4,1,"","","","","","","","","","","","","","","","","","","","","","","","","","","","","","","","","","","","","","","","","","","","","","","","","","","","","","","","","","","","","","","","","",""
"59343001","LILLE-LESQUIN",50.57,3.0975,47,1959040300,"","","","",2.,1,"","","","","","","","","","","","","","","","","","","","","","","","","","","","","","",8.6,1,7.7,1,"","","","","","","","","","","","","","","","","","","","","","","","","","",96,1,"","","","","","","","","","","","",10.7,1,1025.8,1,"","","","","","",0,1,"","",0,1,0,1,0,1,"","","","","","","","","","","","","","","","","","","","","","","","",700,1,"","",44,1,4,1,"","","","","","","","","","","","","","","","","","","","","","","","","","","","","","","","","","","","","","","","","","","","","","","","","","","","","","","","","","","","","","","","","",""
"59343001","LILLE-LESQUIN",50.57,3.0975,47,1959040303,"","","","",3.,1,"","","","","","","","","","","","","","","","","","","","","","","","","","","","","","",7.8,1,7.2,1,"","","","","","","","","","","","","","","","","","","","","","","","","","",97,1,"","","","","","","","","","","","",10.3,1,1024.4,1,"","","","","","",9,1,"","","","","","","","","","","","","","","","","","","","","","","","","","","","","","","","",200,1,"","",47,1,4,1,"","","","","","","","","","","","","","","","","","","","","","","","","","","","","","","","","","","","","","","","","","","","","","","","","","","","","","","","","","","","","","","","","",""
"59343001","LILLE-LESQUIN",50.57,3.0975,47,1959040306,"","","","",1.,1,"","","","","","","","","","","","","","","","","","","","","","","","","","","","","","",7.,1,7.,1,"","","","","","","","","","","","","","","","","","","","","","","","","","",99,1,"","","","","","","","","","","","",9.9,1,1024.1,1,"","","","","","",9,1,"","","","","","","","","","","","","","","","","","","","","","","","","","","","","","","","",70,1,"","",45,1,4,1,"","",0,1,"","","","","","","","","","","","","","","","","","","","","","","","","","","","","","","","","","","","","","","","","","","","","","","","","","","","","","","","","","","","","",""
"59343001","LILLE-LESQUIN",50.57,3.0975,47,1959040309,"","","","",2.,1,"","","","","","","","","","","","","","","","","","","","","","","","","","","","","","",8.2,1,7.6,1,"","","","","","","","","","","","","","","","","","","","","","","","","","",97,1,"","","","","","","","","","","","",10.6,1,1024.,1,"","","","","","",8,1,8,1,6,1,"","","","","","","","","","","","","","","","","","","","","","","","","","","","",200,1,"","",42,1,4,1,"","","","","","","","","","","","","","","","","","","","","","","","","","","","","","","","","","","","","","","","","","","","","","","","","","","","","","","","","","","","","","","","","",""
"59343001","LILLE-LESQUIN",50.57,3.0975,47,1959040312,"","","","",1.,1,"","","","","","","","","","","","","","","","","","","","","","","","","","","","","","",16.6,1,9.5,1,"","","","","","","","","","","","","","","","","","","","","","","","","","",64,1,"","","","","","","","","","","","",12.1,1,1022.3,1,"","","","","","",2,1,0,1,0,1,0,1,1,1,"","","","","","","","","","","","","","","","","","","","","","","","",2500,1,"","",10,1,4,1,"","","","","","","","","","","","","","","","","","","","","","","","","","","","","","","","","","","","","","","","","","","","","","","","","","","","","","","","","","","","","","","","","",""
"59343001","LILLE-LESQUIN",50.57,3.0975,47,1959040315,"","","","",3.,1,"","","","","","","","","","","","","","","","","","","","","","","","","","","","","","",18.3,1,9.3,1,"","","","","","","","","","","","","","","","","","","","","","","","","","",57,1,"","","","","","","","","","","","",11.9,1,1020.2,1,"","","","","","",7,1,7,1,0,1,0,1,6,1,"","","","","","","","","","","","","","","","","","","","","","","","",4500,1,"","",10,1,1,1,"","","","","","","","","","","","","","","","","","","","","","","","","","","","","","","","","","","","","","","","","","","","","","","","","","","","","","","","","","","","","","","","","",""
"59343001","LILLE-LESQUIN",50.57,3.0975,47,1959040318,"","","","",3.,1,"","","","","","","","","","","","","","","","","","","","","","","","","","","","","","",15.1,1,9.8,1,"","","","","","","","","","","","","","","","","","","","","","","","","","",71,1,"","","","","","","","","","","","",12.3,1,1019.9,1,"","","","","","",7,1,7,1,0,1,0,1,2,1,"","","","","","","","","","","","","","","","","","","","","","","","",4500,1,"","",10,1,1,1,"","","","","","","","","","","","","","","","","","","","","","","","","","","","","","","","","","","","","","","","","","","","","","","","","","","","","","","","","","","","","","","","","",""
"59343001","LILLE-LESQUIN",50.57,3.0975,47,1959040321,"","","","",4.,1,"","","","","","","","","","","","","","","","","","","","","","","","","","","","","","",11.4,1,9.2,1,"","","","","","","","","","","","","","","","","","","","","","","","","","",88,1,"","","","","","","","","","","","",11.8,1,1020.,1,"","","","","","",0,1,"","",0,1,0,1,0,1,"","","","","","","","","","","","","","","","","","","","","","","","",2500,1,"","",10,1,1,1,"","","","","","","","","","","","","","","","","","","","","","","","","","","","","","","","","","","","","","","","","","","","","","","","","","","","","","","","","","","","","","","","","",""
"59343001","LILLE-LESQUIN",50.57,3.0975,47,1959040400,"","","","",5.,1,"","","","","","","","","","","","","","","","","","","","","","","","","","","","","","",10.,1,8.8,1,"","","","","","","","","","","","","","","","","","","","","","","","","","",93,1,"","","","","","","","","","","","",11.5,1,1019.7,1,"","","","","","",0,1,"","",0,1,0,1,0,1,"","","","","","","","","","","","","","","","","","","","","","","","",2000,1,"","",10,1,1,1,"","","","","","","","","","","","","","","","","","","","","","","","","","","","","","","","","","","","","","","","","","","","","","","","","","","","","","","","","","","","","","","","","",""
"59343001","LILLE-LESQUIN",50.57,3.0975,47,1959040403,"","","","",3.,1,"","","","","","","","","","","","","","","","","","","","","","","","","","","","","","",8.2,1,7.3,1,"","","","","","","","","","","","","","","","","","","","","","","","","","",96,1,"","","","","","","","","","","","",10.4,1,1018.5,1,"","","","","","",0,1,"","",0,1,0,1,0,1,"","","","","","","","","","","","","","","","","","","","","","","","",300,1,"","",44,1,4,1,"","","","","","","","","","","","","","","","","","","","","","","","","","","","","","","","","","","","","","","","","","","","","","","","","","","","","","","","","","","","","","","","","",""
"59343001","LILLE-LESQUIN",50.57,3.0975,47,1959040406,"","","","",4.,1,"","","","","","","","","","","","","","","","","","","","","","","","","","","","","","",7.,1,7.,1,"","","","","","","","","","","","","","","","","","","","","","","","","","",99,1,"","","","","","","","","","","","",9.9,1,1018.1,1,"","","","","","",9,1,"","","","","","","","","","","","","","","","","","","","","","","","","","","","","","","","",50,1,"","",47,1,4,1,"","",0,1,"","","","","","","","","","","","","","","","","","","","","","","","","","","","","","","","","","","","","","","","","","","","","","","","","","","","","","","","","","","","","",""
"59343001","LILLE-LESQUIN",50.57,3.0975,47,1959040409,"","","","",4.,1,"","","","","","","","","","","","","","","","","","","","","","","","","","","","","","",10.4,1,8.9,1,"","","","","","","","","","","","","","","","","","","","","","","","","","",92,1,"","","","","","","","","","","","",11.6,1,1017.5,1,"","","","","","",3,1,0,1,6,1,0,1,0,1,"","","","","","","","","","","","","","","","","","","","","","","","",900,1,"","",42,1,4,1,"","","","","","","","","","","","","","","","","","","","","","","","","","","","","","","","","","","","","","","","","","","","","","","","","","","","","","","","","","","","","","","","","",""
"59343001","LILLE-LESQUIN",50.57,3.0975,47,1959040412,"","","","",5.,1,"","","","","","","","","","","","","","","","","","","","","","","","","","","","","","",18.1,1,8.,1,"","","","","","","","","","","","","","","","","","","","","","","","","","",53,1,"","","","","","","","","","","","",10.9,1,1015.4,1,"","","","","","",0,1,"","",0,1,0,1,0,1,"","","","","","","","","","","","","","","","","","","","","","","","",3000,1,"","",10,1,4,1,"","","","","","","","","","","","","","","","","","","","","","","","","","","","","","","","","","","","","","","","","","","","","","","","","","","","","","","","","","","","","","","","","",""
"59343001","LILLE-LESQUIN",50.57,3.0975,47,1959040415,"","","","",4.,1,"","","","","","","","","","","","","","","","","","","","","","","","","","","","","","",21.9,1,7.1,1,"","","","","","","","","","","","","","","","","","","","","","","","","","",39,1,"","","","","","","","","","","","",10.2,1,1012.8,1,"","","","","","",0,1,"","",0,1,0,1,0,1,"","","","","","","","","","","","","","","","","","","","","","","","",4000,1,"","",10,1,0,1,"","","","","","","","","","","","","","","","","","","","","","","","","","","","","","","","","","","","","","","","","","","","","","","","","","","","","","","","","","","","","","","","","",""
"59343001","LILLE-LESQUIN",50.57,3.0975,47,1959040418,"","","","",2.,1,"","","","","","","","","","","","","","","","","","","","","","","","","","","","","","",18.2,1,11.3,1,"","","","","","","","","","","","","","","","","","","","","","","","","","",66,1,"","","","","","","","","","","","",13.7,1,1011.7,1,"","","","","","",1,1,0,1,0,1,0,1,1,1,"","","","","","","","","","","","","","","","","","","","","","","","",6000,1,"","",3,1,0,1,"","","","","","","","","","","","","","","","","","","","","","","","","","","","","","","","","","","","","","","","","","","","","","","","","","","","","","","","","","","","","","","","","",""
"59343001","LILLE-LESQUIN",50.57,3.0975,47,1959040421,"","","","",4.,1,"","","","","","","","","","","","","","","","","","","","","","","","","","","","","","",13.4,1,8.8,1,"","","","","","","","","","","","","","","","","","","","","","","","","","",75,1,"","","","","","","","","","","","",11.5,1,1011.8,1,"","","","","","",0,1,"","",0,1,0,1,0,1,"","","","","","","","","","","","","","","","","","","","","","","","",2500,1,"","",10,1,0,1,"","","","","","","","","","","","","","","","","","","","","","","","","","","","","","","","","","","","","","","","","","","","","","","","","","","","","","","","","","","","","","","","","",""
"59343001","LILLE-LESQUIN",50.57,3.0975,47,1959040500,"","","","",0.,1,"","","","","","","","","","","","","","","","","","","","","","","","","","","","","","",10.9,1,7.9,1,"","","","","","","","","","","","","","","","","","","","","","","","","","",83,1,"","","","","","","","","","","","",10.8,1,1011.7,1,"","","","","","",0,1,"","",0,1,0,1,0,1,"","","","","","","","","","","","","","","","","","","","","","","","",2500,1,"","",10,1,0,1,"","","","","","","","","","","","","","","","","","","","","","","","","","","","","","","","","","","","","","","","","","","","","","","","","","","","","","","","","","","","","","","","","",""
"59343001","LILLE-LESQUIN",50.57,3.0975,47,1959040503,"","","","",4.,1,"","","","","","","","","","","","","","","","","","","","","","","","","","","","","","",9.8,1,7.3,1,"","","","","","","","","","","","","","","","","","","","","","","","","","",86,1,"","","","","","","","","","","","",10.4,1,1010.4,1,"","","","","","",0,1,"","",0,1,0,1,0,1,"","","","","","","","","","","","","","","","","","","","","","","","",2500,1,"","",10,1,0,1,"","","","","","","","","","","","","","","","","","","","","","","","","","","","","","","","","","","","","","","","","","","","","","","","","","","","","","","","","","","","","","","","","",""
"59343001","LILLE-LESQUIN",50.57,3.0975,47,1959040506,"","","","",3.,1,"","","","","","","","","","","","","","","","","","","","","","","","","","","","","","",8.6,1,7.1,1,"","","","","","","","","","","","","","","","","","","","","","","","","","",92,1,"","","","","","","","","","","","",10.2,1,1010.9,1,"","","","","","",0,1,"","",0,1,0,1,0,1,"","","","","","","","","","","","","","","","","","","","","","","","",2500,1,"","",10,1,0,1,"","",0,1,"","","","","","","","","","","","","","","","","","","","","","","","","","","","","","","","","","","","","","","","","","","","","","","","","","","","","","","","","","","","","",""
"59343001","LILLE-LESQUIN",50.57,3.0975,47,1959040509,"","","","",5.,1,"","","","","","","","","","","","","","","","","","","","","","","","","","","","","","",10.8,1,5.,1,"","","","","","","","","","","","","","","","","","","","","","","","","","",68,1,"","","","","","","","","","","","",8.8,1,1013.3,1,"","","","","","",1,1,0,1,1,1,0,1,0,1,"","","","","","","","","","","","","","","","","","","","","","","","","","","","",10,1,1,1,"","","","","","","","","","","","","","","","","","","","","","","","","","","","","","","","","","","","","","","","","","","","","","","","","","","","","","","","","","","","","","","","","",""
"59343001","LILLE-LESQUIN",50.57,3.0975,47,1959040512,"","","","",6.,1,"","","","","","","","","","","","","","","","","","","","","","","","","","","","","","",11.9,1,4.5,1,"","","","","","","","","","","","","","","","","","","","","","","","","","",62,1,"","","","","","","","","","","","",8.5,1,1013.9,1,"","","","","","",7,1,5,1,2,1,0,1,2,1,"","","","","","","","","","","","","","","","","","","","","","","","",15000,1,"","",3,1,1,1,"","","","","","","","","","","","","","","","","","","","","","","","","","","","","","","","","","","","","","","","","","","","","","","","","","","","","","","","","","","","","","","","","",""
"59343001","LILLE-LESQUIN",50.57,3.0975,47,1959040515,"","","","",4.,1,"","","","","","","","","","","","","","","","","","","","","","","","","","","","","","",11.1,1,3.3,1,"","","","","","","","","","","","","","","","","","","","","","","","","","",60,1,"","","","","","","","","","","","",7.8,1,1013.7,1,"","","","","","",8,1,8,1,1,1,0,1,7,1,"","","","","","","","","","","","","","","","","","","","","","","","",15000,1,"","",2,1,2,1,"","","","","","","","","","","","","","","","","","","","","","","","","","","","","","","","","","","","","","","","","","","","","","","","","","","","","","","","","","","","","","","","","",""
"59343001","LILLE-LESQUIN",50.57,3.0975,47,1959040518,"","","","",3.,1,"","","","","","","","","","","","","","","","","","","","","","","","","","","","","","",8.6,1,3.,1,"","","","","","","","","","","","","","","","","","","","","","","","","","",68,1,"","","","","","","","","","","","",7.6,1,1013.7,1,"","","","","","",7,1,7,1,0,1,0,1,6,1,"","","","","","","","","","","","","","","","","","","","","","","","",15000,1,"","",1,1,2,1,"","","","","","","","","","","","","","","","","","","","","","","","","","","","","","","","","","","","","","","","","","","","","","","","","","","","","","","","","","","","","","","","","",""
"59343001","LILLE-LESQUIN",50.57,3.0975,47,1959040521,"","","","",0.,1,"","","","","","","","","","","","","","","","","","","","","","","","","","","","","","",5.8,1,2.8,1,"","","","","","","","","","","","","","","","","","","","","","","","","","",82,1,"","","","","","","","","","","","",7.5,1,1013.2,1,"","","","","","",3,1,0,1,0,1,0,1,2,1,"","","","","","","","","","","","","","","","","","","","","","","","",5000,1,"","",1,1,1,1,"","","","","","","","","","","","","","","","","","","","","","","","","","","","","","","","","","","","","","","","","","","","","","","","","","","","","","","","","","","","","","","","","",""
"59343001","LILLE-LESQUIN",50.57,3.0975,47,1959040600,"","","","",1.,1,"","","","","","","","","","","","","","","","","","","","","","","","","","","","","","",4.2,1,2.4,1,"","","","","","","","","","","","","","","","","","","","","","","","","","",89,1,"","","","","","","","","","","","",7.3,1,1011.7,1,"","","","","","",2,1,0,1,0,1,0,1,1,1,"","","","","","","","","","","","","","","","","","","","","","","","",3500,1,"","",10,1,1,1,"","","","","","","","","","","","","","","","","","","","","","","","","","","","","","","","","","","","","","","","","","","","","","","","","","","","","","","","","","","","","","","","","",""
"59343001","LILLE-LESQUIN",50.57,3.0975,47,1959040603,"","","","",3.,1,"","","","","","","","","","","","","","","","","","","","","","","","","","","","","","",5.,1,2.6,1,"","","","","","","","","","","","","","","","","","","","","","","","","","",84,1,"","","","","","","","","","","","",7.4,1,1008.6,1,"","","","","","",2,1,0,1,0,1,0,1,1,1,"","","","","","","","","","","","","","","","","","","","","","","","",3500,1,"","",10,1,0,1,"","","","","","","","","","","","","","","","","","","","","","","","","","","","","","","","","","","","","","","","","","","","","","","","","","","","","","","","","","","","","","","","","",""
"59343001","LILLE-LESQUIN",50.57,3.0975,47,1959040606,"","","","",4.,1,"","","","","","","","","","","","","","","","","","","","","","","","","","","","","","",3.8,1,1.6,1,"","","","","","","","","","","","","","","","","","","","","","","","","","",87,1,"","","","","","","","","","","","",6.9,1,1006.1,1,"","","","","","",6,1,5,1,0,1,4,1,1,1,"","","","","","","","","","","","","","","","","","","","","","","","",3000,1,"","",10,1,1,1,"","",0,1,"","","","","","","","","","","","","","","","","","","","","","","","","","","","","","","","","","","","","","","","","","","","","","","","","","","","","","","","","","","","","",""
"59343001","LILLE-LESQUIN",50.57,3.0975,47,1959040609,"","","","",9.,1,"","","","","","","","","","","","","","","","","","","","","","","","","","","","","","",10.9,1,2.6,1,"","","","","","","","","","","","","","","","","","","","","","","","","","",56,1,"","","","","","","","","","","","",7.4,1,1003.1,1,"","","","","","",5,1,5,1,1,1,8,1,2,1,"","","","","","","","","","","","","","","","","","","","","","","","",8000,1,"","",3,1,1,1,"","","","","","","","","","","","","","","","","","","","","","","","","","","","","","","","","","","","","","","","","","","","","","","","","","","","","","","","","","","","","","","","","",""
"59343001","LILLE-LESQUIN",50.57,3.0975,47,1959040612,"","","","",13.,1,"","","","","","","","","","","","","","","","","","","","","","","","","","","","","","",10.,1,2.4,1,"","","","","","","","","","","","","","","","","","","","","","","","","","",60,1,"","","","","","","","","","","","",7.3,1,1000.4,1,"","","","","","",8,1,8,1,8,1,2,1,"","","","","","","","","","","","","","","","","","","","","","","","","","",15000,1,"","",3,1,1,1,"","","","","","","","","","","","","","","","","","","","","","","","","","","","","","","","","","","","","","","","","","","","","","","","","","","","","","","","","","","","","","","","","",""
"59343001","LILLE-LESQUIN",50.57,3.0975,47,1959040615,"","","","",15.,1,"","","","","","","","","","","","","","","","","","","","","","","","","","","","","","",9.,1,5.3,1,"","","","","","","","","","","","","","","","","","","","","","","","","","",78,1,"","","","","","","","","","","","",9.,1,997.2,1,"","","","","","",8,1,6,1,7,1,2,1,"","","","","","","","","","","","","","","","","","","","","","","","","","",8000,1,"","",51,1,2,1,"","","","","","","","","","","","","","","","","","","","","","","","","","","","","","","","","","","","","","","","","","","","","","","","","","","","","","","","","","","","","","","","","",""
"59343001","LILLE-LESQUIN",50.57,3.0975,47,1959040618,"","","","",10.,1,"","","","","","","","","","","","","","","","","","","","","","","","","","","","","","",8.6,1,6.5,1,"","","","","","","","","","","","","","","","","","","","","","","","","","",88,1,"","","","","","","","","","","","",9.8,1,993.9,1,"","","","","","",8,1,5,1,7,1,2,1,"","","","","","","","","","","","","","","","","","","","","","","","","","",6000,1,"","",21,1,5,1,"","","","","","","","","","","","","","","","","","","","","","","","","","","","","","","","","","","","","","","","","","","","","","","","","","","","","","","","","","","","","","","","","",""
"59343001","LILLE-LESQUIN",50.57,3.0975,47,1959040621,"","","","",9.,1,"","","","","","","","","","","","","","","","","","","","","","","","","","","","","","",8.3,1,5.6,1,"","","","","","","","","","","","","","","","","","","","","","","","","","",83,1,"","","","","","","","","","","","",9.2,1,992.2,1,"","","","","","",8,1,8,1,5,1,"","","","","","","","","","","","","","","","","","","","","","","","","","","","",10000,1,"","",1,1,2,1,"","","","","","","","","","","","","","","","","","","","","","","","","","","","","","","","","","","","","","","","","","","","","","","","","","","","","","","","","","","","","","","","","",""
"59343001","LILLE-LESQUIN",50.57,3.0975,47,1959040700,"","","","",8.,1,"","","","","","","","","","","","","","","","","","","","","","","","","","","","","","",5.8,1,1.6,1,"","","","","","","","","","","","","","","","","","","","","","","","","","",76,1,"","","","","","","","","","","","",6.9,1,992.,1,"","","","","","",8,1,8,1,7,1,"","","","","","","","","","","","","","","","","","","","","","","","","","","","",10000,1,"","",21,1,9,1,"","","","","","","","","","","","","","","","","","","","","","","","","","","","","","","","","","","","","","","","","","","","","","","","","","","","","","","","","","","","","","","","","",""
"59343001","LILLE-LESQUIN",50.57,3.0975,47,1959040703,"","","","",9.,1,"","","","","","","","","","","","","","","","","","","","","","","","","","","","","","",5.8,1,1.4,1,"","","","","","","","","","","","","","","","","","","","","","","","","","",74,1,"","","","","","","","","","","","",6.8,1,992.3,1,"","","","","","",4,1,0,1,5,1,0,1,0,1,"","","","","","","","","","","","","","","","","","","","","","","","",10000,1,"","",3,1,1,1,"","","","","","","","","","","","","","","","","","","","","","","","","","","","","","","","","","","","","","","","","","","","","","","","","","","","","","","","","","","","","","","","","",""
"59343001","LILLE-LESQUIN",50.57,3.0975,47,1959040706,"","","","",9.,1,"","","","","","","","","","","","","","","","","","","","","","","","","","","","","","",5.1,1,1.2,1,"","","","","","","","","","","","","","","","","","","","","","","","","","",77,1,"","","","","","","","","","","","",6.7,1,993.4,1,"","","","","","",7,1,0,1,8,1,0,1,3,1,"","","","","","","","","","","","","","","","","","","","","","","","",10000,1,"","",3,1,1,1,"","",0,1,"","","","","","","","","","","","","","","","","","","","","","","","","","","","","","","","","","","","","","","","","","","","","","","","","","","","","","","","","","","","","",""
"59343001","LILLE-LESQUIN",50.57,3.0975,47,1959040709,"","","","",10.,1,"","","","","","","","","","","","","","","","","","","","","","","","","","","","","","",7.8,1,1.6,1,"","","","","","","","","","","","","","","","","","","","","","","","","","",65,1,"","","","","","","","","","","","",6.9,1,995.9,1,"","","","","","",7,1,6,1,2,1,0,1,3,1,"","","","","","","","","","","","","","","","","","","","","","","","",15000,1,"","",2,1,2,1,"","","","","","","","","","","","","","","","","","","","","","","","","","","","","","","","","","","","","","","","","","","","","","","","","","","","","","","","","","","","","","","","","",""
"59343001","LILLE-LESQUIN",50.57,3.0975,47,1959040712,"","","","",10.,1,"","","","","","","","","","","","","","","","","","","","","","","","","","","","","","",7.2,1,-1.2,1,"","","","","","","","","","","","","","","","","","","","","","","","","","",55,1,"","","","","","","","","","","","",5.6,1,998.3,1,"","","","","","",7,1,7,1,3,1,0,1,0,1,"","","","","","","","","","","","","","","","","","","","","","","","",25000,1,"","",15,1,2,1,"","","","","","","","","","","","","","","","","","","","","","","","","","","","","","","","","","","","","","","","","","","","","","","","","","","","","","","","","","","","","","","","","",""
"59343001","LILLE-LESQUIN",50.57,3.0975,47,1959040715,"","","","",8.,1,"","","","","","","","","","","","","","","","","","","","","","","","","","","","","","",9.,1,-0.9,1,"","","","","","","","","","","","","","","","","","","","","","","","","","",49,1,"","","","","","","","","","","","",5.7,1,999.4,1,"","","","","","",7,1,6,1,3,1,6,1,0,1,"","","","","","","","","","","","","","","","","","","","","","","","",15000,1,"","",15,1,8,1,"","","","","","","","","","","","","","","","","","","","","","","","","","","","","","","","","","","","","","","","","","","","","","","","","","","","","","","","","","","","","","","","","",""
"59343001","LILLE-LESQUIN",50.57,3.0975,47,1959040718,"","","","",7.,1,"","","","","","","","","","","","","","","","","","","","","","","","","","","","","","",7.8,1,2.,1,"","","","","","","","","","","","","","","","","","","","","","","","","","",67,1,"","","","","","","","","","","","",7.1,1,1000.8,1,"","","","","","",7,1,0,1,8,1,6,1,3,1,"","","","","","","","","","","","","","","","","","","","","","","","",15000,1,"","",3,1,8,1,"","","","","","","","","","","","","","","","","","","","","","","","","","","","","","","","","","","","","","","","","","","","","","","","","","","","","","","","","","","","","","","","","",""
"59343001","LILLE-LESQUIN",50.57,3.0975,47,1959040721,"","","","",6.,1,"","","","","","","","","","","","","","","","","","","","","","","","","","","","","","",6.,1,2.8,1,"","","","","","","","","","","","","","","","","","","","","","","","","","",81,1,"","","","","","","","","","","","",7.5,1,1001.2,1,"","","","","","",0,1,"","",0,1,0,1,0,1,"","","","","","","","","","","","","","","","","","","","","","","","",7000,1,"","",1,1,1,1,"","","","","","","","","","","","","","","","","","","","","","","","","","","","","","","","","","","","","","","","","","","","","","","","","","","","","","","","","","","","","","","","","",""
"59343001","LILLE-LESQUIN",50.57,3.0975,47,1959040800,"","","","",9.,1,"","","","","","","","","","","","","","","","","","","","","","","","","","","","","","",6.6,1,2.8,1,"","","","","","","","","","","","","","","","","","","","","","","","","","",77,1,"","","","","","","","","","","","",7.5,1,999.1,1,"","","","","","",8,1,8,1,5,1,"","","","","","","","","","","","","","","","","","","","","","","","","","","","",10000,1,"","",3,1,1,1,"","","","","","","","","","","","","","","","","","","","","","","","","","","","","","","","","","","","","","","","","","","","","","","","","","","","","","","","","","","","","","","","","",""
"59343001","LILLE-LESQUIN",50.57,3.0975,47,1959040803,"","","","",10.,1,"","","","","","","","","","","","","","","","","","","","","","","","","","","","","","",7.5,1,5.8,1,"","","","","","","","","","","","","","","","","","","","","","","","","","",90,1,"","","","","","","","","","","","",9.3,1,996.2,1,"","","","","","",8,1,5,1,7,1,"","","","","","","","","","","","","","","","","","","","","","","","","","","","",10000,1,"","",20,1,5,1,"","","","","","","","","","","","","","","","","","","","","","","","","","","","","","","","","","","","","","","","","","","","","","","","","","","","","","","","","","","","","","","","","",""
"59343001","LILLE-LESQUIN",50.57,3.0975,47,1959040806,"","","","",10.,1,"","","","","","","","","","","","","","","","","","","","","","","","","","","","","","",8.2,1,5.8,1,"","","","","","","","","","","","","","","","","","","","","","","","","","",86,1,"","","","","","","","","","","","",9.3,1,994.6,1,"","","","","","",8,1,7,1,7,1,"","","","","","","","","","","","","","","","","","","","","","","","","","","","",15000,1,"","",58,1,5,1,"","",0,1,"","","","","","","","","","","","","","","","","","","","","","","","","","","","","","","","","","","","","","","","","","","","","","","","","","","","","","","","","","","","","",""
"59343001","LILLE-LESQUIN",50.57,3.0975,47,1959040809,"","","","",12.,1,"","","","","","","","","","","","","","","","","","","","","","","","","","","","","","",10.2,1,5.3,1,"","","","","","","","","","","","","","","","","","","","","","","","","","",72,1,"","","","","","","","","","","","",9.,1,994.2,1,"","","","","","",7,1,7,1,2,1,0,1,0,1,"","","","","","","","","","","","","","","","","","","","","","","","",15000,1,"","",2,1,8,1,"","","","","","","","","","","","","","","","","","","","","","","","","","","","","","","","","","","","","","","","","","","","","","","","","","","","","","","","","","","","","","","","","",""
"59343001","LILLE-LESQUIN",50.57,3.0975,47,1959040812,"","","","",14.,1,"","","","","","","","","","","","","","","","","","","","","","","","","","","","","","",10.7,1,3.7,1,"","","","","","","","","","","","","","","","","","","","","","","","","","",62,1,"","","","","","","","","","","","",8.,1,994.7,1,"","","","","","",7,1,5,1,2,1,4,1,0,1,"","","","","","","","","","","","","","","","","","","","","","","","",20000,1,"","",2,1,8,1,"","","","","","","","","","","","","","","","","","","","","","","","","","","","","","","","","","","","","","","","","","","","","","","","","","","","","","","","","","","","","","","","","",""
"59343001","LILLE-LESQUIN",50.57,3.0975,47,1959040815,"","","","",12.,1,"","","","","","","","","","","","","","","","","","","","","","","","","","","","","","",11.6,1,1.8,1,"","","","","","","","","","","","","","","","","","","","","","","","","","",51,1,"","","","","","","","","","","","",7.,1,993.7,1,"","","","","","",7,1,5,1,2,1,3,1,0,1,"","","","","","","","","","","","","","","","","","","","","","","","",30000,1,"","",2,1,2,1,"","","","","","","","","","","","","","","","","","","","","","","","","","","","","","","","","","","","","","","","","","","","","","","","","","","","","","","","","","","","","","","","","",""
"59343001","LILLE-LESQUIN",50.57,3.0975,47,1959040818,"","","","",9.,1,"","","","","","","","","","","","","","","","","","","","","","","","","","","","","","",10.7,1,3.3,1,"","","","","","","","","","","","","","","","","","","","","","","","","","",61,1,"","","","","","","","","","","","",7.8,1,993.1,1,"","","","","","",5,1,0,1,2,1,4,1,0,1,"","","","","","","","","","","","","","","","","","","","","","","","",20000,1,"","",2,1,2,1,"","","","","","","","","","","","","","","","","","","","","","","","","","","","","","","","","","","","","","","","","","","","","","","","","","","","","","","","","","","","","","","","","",""
"59343001","LILLE-LESQUIN",50.57,3.0975,47,1959040821,"","","","",6.,1,"","","","","","","","","","","","","","","","","","","","","","","","","","","","","","",8.4,1,4.,1,"","","","","","","","","","","","","","","","","","","","","","","","","","",74,1,"","","","","","","","","","","","",8.2,1,993.6,1,"","","","","","",3,1,0,1,5,1,0,1,0,1,"","","","","","","","","","","","","","","","","","","","","","","","",15000,1,"","",1,1,8,1,"","","","","","","","","","","","","","","","","","","","","","","","","","","","","","","","","","","","","","","","","","","","","","","","","","","","","","","","","","","","","","","","","",""
"59343001","LILLE-LESQUIN",50.57,3.0975,47,1959040900,"","","","",7.,1,"","","","","","","","","","","","","","","","","","","","","","","","","","","","","","",7.5,1,3.5,1,"","","","","","","","","","","","","","","","","","","","","","","","","","",76,1,"","","","","","","","","","","","",7.9,1,993.5,1,"","","","","","",7,1,7,1,5,1,"","","","","","","","","","","","","","","","","","","","","","","","","","","","",15000,1,"","",3,1,8,1,"","","","","","","","","","","","","","","","","","","","","","","","","","","","","","","","","","","","","","","","","","","","","","","","","","","","","","","","","","","","","","","","","",""
"59343001","LILLE-LESQUIN",50.57,3.0975,47,1959040903,"","","","",6.,1,"","","","","","","","","","","","","","","","","","","","","","","","","","","","","","",5.9,1,3.1,1,"","","","","","","","","","","","","","","","","","","","","","","","","","",83,1,"","","","","","","","","","","","",7.7,1,992.8,1,"","","","","","",3,1,0,1,5,1,0,1,0,1,"","","","","","","","","","","","","","","","","","","","","","","","",10000,1,"","",1,1,1,1,"","","","","","","","","","","","","","","","","","","","","","","","","","","","","","","","","","","","","","","","","","","","","","","","","","","","","","","","","","","","","","","","","",""
"59343001","LILLE-LESQUIN",50.57,3.0975,47,1959040906,"","","","",6.,1,"","","","","","","","","","","","","","","","","","","","","","","","","","","","","","",5.,1,3.1,1,"","","","","","","","","","","","","","","","","","","","","","","","","","",89,1,"","","","","","","","","","","","",7.7,1,992.8,1,"","","","","","",6,1,0,1,9,1,6,1,3,1,"","","","","","","","","","","","","","","","","","","","","","","","",8000,1,"","",25,1,1,1,"","",0,1,"","","","","","","","","","","","","","","","","","","","","","","","","","","","","","","","","","","","","","","","","","","","","","","","","","","","","","","","","","","","","",""
"59343001","LILLE-LESQUIN",50.57,3.0975,47,1959040909,"","","","",8.,1,"","","","","","","","","","","","","","","","","","","","","","","","","","","","","","",8.5,1,3.8,1,"","","","","","","","","","","","","","","","","","","","","","","","","","",72,1,"","","","","","","","","","","","",8.1,1,993.5,1,"","","","","","",7,1,7,1,2,1,"","","","","","","","","","","","","","","","","","","","","","","","","","","","",12000,1,"","",3,1,1,1,"","","","","","","","","","","","","","","","","","","","","","","","","","","","","","","","","","","","","","","","","","","","","","","","","","","","","","","","","","","","","","","","","",""
"59343001","LILLE-LESQUIN",50.57,3.0975,47,1959040912,"","","","",10.,1,"","","","","","","","","","","","","","","","","","","","","","","","","","","","","","",7.,1,2.6,1,"","","","","","","","","","","","","","","","","","","","","","","","","","",74,1,"","","","","","","","","","","","",7.4,1,993.8,1,"","","","","","",7,1,6,1,3,1,0,1,0,1,"","","","","","","","","","","","","","","","","","","","","","","","",8000,1,"","",27,1,8,1,"","","","","","","","","","","","","","","","","","","","","","","","","","","","","","","","","","","","","","","","","","","","","","","","","","","","","","","","","","","","","","","","","",""
"59343001","LILLE-LESQUIN",50.57,3.0975,47,1959040915,"","","","",8.,1,"","","","","","","","","","","","","","","","","","","","","","","","","","","","","","",9.7,1,4.7,1,"","","","","","","","","","","","","","","","","","","","","","","","","","",71,1,"","","","","","","","","","","","",8.6,1,993.4,1,"","","","","","",6,1,5,1,9,1,0,1,0,1,"","","","","","","","","","","","","","","","","","","","","","","","",12000,1,"","",25,1,8,1,"","","","","","","","","","","","","","","","","","","","","","","","","","","","","","","","","","","","","","","","","","","","","","","","","","","","","","","","","","","","","","","","","",""
"59343001","LILLE-LESQUIN",50.57,3.0975,47,1959040918,"","","","",6.,1,"","","","","","","","","","","","","","","","","","","","","","","","","","","","","","",8.1,1,4.2,1,"","","","","","","","","","","","","","","","","","","","","","","","","","",76,1,"","","","","","","","","","","","",8.3,1,993.4,1,"","","","","","",6,1,0,1,4,1,6,1,3,1,"","","","","","","","","","","","","","","","","","","","","","","","",10000,1,"","",3,1,8,1,"","","","","","","","","","","","","","","","","","","","","","","","","","","","","","","","","","","","","","","","","","","","","","","","","","","","","","","","","","","","","","","","","",""
"59343001","LILLE-LESQUIN",50.57,3.0975,47,1959040921,"","","","",3.,1,"","","","","","","","","","","","","","","","","","","","","","","","","","","","","","",5.4,1,3.7,1,"","","","","","","","","","","","","","","","","","","","","","","","","","",89,1,"","","","","","","","","","","","",8.,1,994.,1,"","","","","","",1,1,0,1,2,1,0,1,0,1,"","","","","","","","","","","","","","","","","","","","","","","","",9000,1,"","",2,1,1,1,"","","","","","","","","","","","","","","","","","","","","","","","","","","","","","","","","","","","","","","","","","","","","","","","","","","","","","","","","","","","","","","","","",""
"59343001","LILLE-LESQUIN",50.57,3.0975,47,1959041000,"","","","",2.,1,"","","","","","","","","","","","","","","","","","","","","","","","","","","","","","",4.9,1,3.3,1,"","","","","","","","","","","","","","","","","","","","","","","","","","",90,1,"","","","","","","","","","","","",7.8,1,994.,1,"","","","","","",7,1,7,1,5,1,0,1,0,1,"","","","","","","","","","","","","","","","","","","","","","","","",8000,1,"","",3,1,1,1,"","","","","","","","","","","","","","","","","","","","","","","","","","","","","","","","","","","","","","","","","","","","","","","","","","","","","","","","","","","","","","","","","",""
"59343001","LILLE-LESQUIN",50.57,3.0975,47,1959041003,"","","","",4.,1,"","","","","","","","","","","","","","","","","","","","","","","","","","","","","","",3.4,1,1.4,1,"","","","","","","","","","","","","","","","","","","","","","","","","","",88,1,"","","","","","","","","","","","",6.8,1,993.2,1,"","","","","","",5,1,5,1,5,1,0,1,0,1,"","","","","","","","","","","","","","","","","","","","","","","","",10000,1,"","",3,1,1,1,"","","","","","","","","","","","","","","","","","","","","","","","","","","","","","","","","","","","","","","","","","","","","","","","","","","","","","","","","","","","","","","","","",""
"59343001","LILLE-LESQUIN",50.57,3.0975,47,1959041006,"","","","",4.,1,"","","","","","","","","","","","","","","","","","","","","","","","","","","","","","",3.9,1,2.4,1,"","","","","","","","","","","","","","","","","","","","","","","","","","",90,1,"","","","","","","","","","","","",7.3,1,993.1,1,"","","","","","",6,1,0,1,5,1,0,1,1,1,"","","","","","","","","","","","","","","","","","","","","","","","",5000,1,"","",3,1,1,1,"","",0,1,"","","","","","","","","","","","","","","","","","","","","","","","","","","","","","","","","","","","","","","","","","","","","","","","","","","","","","","","","","","","","",""
"59343001","LILLE-LESQUIN",50.57,3.0975,47,1959041009,"","","","",5.,1,"","","","","","","","","","","","","","","","","","","","","","","","","","","","","","",7.8,1,3.8,1,"","","","","","","","","","","","","","","","","","","","","","","","","","",76,1,"","","","","","","","","","","","",8.1,1,993.8,1,"","","","","","",8,1,7,1,8,1,"","","","","","","","","","","","","","","","","","","","","","","","","","","","",6000,1,"","",3,1,2,1,"","","","","","","","","","","","","","","","","","","","","","","","","","","","","","","","","","","","","","","","","","","","","","","","","","","","","","","","","","","","","","","","","",""
"59343001","LILLE-LESQUIN",50.57,3.0975,47,1959041012,"","","","",3.,1,"","","","","","","","","","","","","","","","","","","","","","","","","","","","","","",7.7,1,3.7,1,"","","","","","","","","","","","","","","","","","","","","","","","","","",76,1,"","","","","","","","","","","","",8.,1,994.6,1,"","","","","","",7,1,5,1,8,1,4,1,"","","","","","","","","","","","","","","","","","","","","","","","","","",15000,1,"","",21,1,8,1,"","","","","","","","","","","","","","","","","","","","","","","","","","","","","","","","","","","","","","","","","","","","","","","","","","","","","","","","","","","","","","","","","",""
"59343001","LILLE-LESQUIN",50.57,3.0975,47,1959041015,"","","","",8.,1,"","","","","","","","","","","","","","","","","","","","","","","","","","","","","","",11.,1,4.3,1,"","","","","","","","","","","","","","","","","","","","","","","","","","",64,1,"","","","","","","","","","","","",8.4,1,995.,1,"","","","","","",7,1,0,1,9,1,0,1,3,1,"","","","","","","","","","","","","","","","","","","","","","","","",15000,1,"","",29,1,9,1,"","","","","","","","","","","","","","","","","","","","","","","","","","","","","","","","","","","","","","","","","","","","","","","","","","","","","","","","","","","","","","","","","",""
"59343001","LILLE-LESQUIN",50.57,3.0975,47,1959041018,"","","","",7.,1,"","","","","","","","","","","","","","","","","","","","","","","","","","","","","","",8.4,1,3.1,1,"","","","","","","","","","","","","","","","","","","","","","","","","","",70,1,"","","","","","","","","","","","",7.7,1,996.7,1,"","","","","","",4,1,0,1,2,1,0,1,3,1,"","","","","","","","","","","","","","","","","","","","","","","","",20000,1,"","",1,1,9,1,"","","","","","","","","","","","","","","","","","","","","","","","","","","","","","","","","","","","","","","","","","","","","","","","","","","","","","","","","","","","","","","","","",""
"59343001","LILLE-LESQUIN",50.57,3.0975,47,1959041021,"","","","",4.,1,"","","","","","","","","","","","","","","","","","","","","","","","","","","","","","",5.1,1,3.3,1,"","","","","","","","","","","","","","","","","","","","","","","","","","",89,1,"","","","","","","","","","","","",7.8,1,998.7,1,"","","","","","",1,1,0,1,5,1,0,1,0,1,"","","","","","","","","","","","","","","","","","","","","","","","",10000,1,"","",1,1,0,1,"","","","","","","","","","","","","","","","","","","","","","","","","","","","","","","","","","","","","","","","","","","","","","","","","","","","","","","","","","","","","","","","","",""
"59343001","LILLE-LESQUIN",50.57,3.0975,47,1959041100,"","","","",5.,1,"","","","","","","","","","","","","","","","","","","","","","","","","","","","","","",4.8,1,3.5,1,"","","","","","","","","","","","","","","","","","","","","","","","","","",92,1,"","","","","","","","","","","","",7.9,1,999.9,1,"","","","","","",0,1,"","",0,1,0,1,0,1,"","","","","","","","","","","","","","","","","","","","","","","","",9000,1,"","",2,1,0,1,"","","","","","","","","","","","","","","","","","","","","","","","","","","","","","","","","","","","","","","","","","","","","","","","","","","","","","","","","","","","","","","","","",""
"59343001","LILLE-LESQUIN",50.57,3.0975,47,1959041103,"","","","",6.,1,"","","","","","","","","","","","","","","","","","","","","","","","","","","","","","",5.4,1,3.7,1,"","","","","","","","","","","","","","","","","","","","","","","","","","",89,1,"","","","","","","","","","","","",8.,1,1000.8,1,"","","","","","",2,1,0,1,5,1,0,1,0,1,"","","","","","","","","","","","","","","","","","","","","","","","",15000,1,"","",2,1,0,1,"","","","","","","","","","","","","","","","","","","","","","","","","","","","","","","","","","","","","","","","","","","","","","","","","","","","","","","","","","","","","","","","","",""
"59343001","LILLE-LESQUIN",50.57,3.0975,47,1959041106,"","","","",3.,1,"","","","","","","","","","","","","","","","","","","","","","","","","","","","","","",4.4,1,3.1,1,"","","","","","","","","","","","","","","","","","","","","","","","","","",92,1,"","","","","","","","","","","","",7.7,1,1002.2,1,"","","","","","",2,1,0,1,5,1,0,1,0,1,"","","","","","","","","","","","","","","","","","","","","","","","",7000,1,"","",2,1,1,1,"","",0,1,"","","","","","","","","","","","","","","","","","","","","","","","","","","","","","","","","","","","","","","","","","","","","","","","","","","","","","","","","","","","","",""
"59343001","LILLE-LESQUIN",50.57,3.0975,47,1959041109,"","","","",7.,1,"","","","","","","","","","","","","","","","","","","","","","","","","","","","","","",9.8,1,4.8,1,"","","","","","","","","","","","","","","","","","","","","","","","","","",72,1,"","","","","","","","","","","","",8.7,1,1003.8,1,"","","","","","",6,1,5,1,2,1,0,1,1,1,"","","","","","","","","","","","","","","","","","","","","","","","",12000,1,"","",3,1,1,1,"","","","","","","","","","","","","","","","","","","","","","","","","","","","","","","","","","","","","","","","","","","","","","","","","","","","","","","","","","","","","","","","","",""
"59343001","LILLE-LESQUIN",50.57,3.0975,47,1959041112,"","","","",9.,1,"","","","","","","","","","","","","","","","","","","","","","","","","","","","","","",11.4,1,4.3,1,"","","","","","","","","","","","","","","","","","","","","","","","","","",62,1,"","","","","","","","","","","","",8.4,1,1004.2,1,"","","","","","",7,1,5,1,2,1,5,1,"","","","","","","","","","","","","","","","","","","","","","","","","","",20000,1,"","",3,1,2,1,"","","","","","","","","","","","","","","","","","","","","","","","","","","","","","","","","","","","","","","","","","","","","","","","","","","","","","","","","","","","","","","","","",""
"59343001","LILLE-LESQUIN",50.57,3.0975,47,1959041115,"","","","",9.,1,"","","","","","","","","","","","","","","","","","","","","","","","","","","","","","",12.1,1,3.8,1,"","","","","","","","","","","","","","","","","","","","","","","","","","",57,1,"","","","","","","","","","","","",8.1,1,1004.2,1,"","","","","","",8,1,8,1,2,1,7,1,"","","","","","","","","","","","","","","","","","","","","","","","","","",30000,1,"","",3,1,8,1,"","","","","","","","","","","","","","","","","","","","","","","","","","","","","","","","","","","","","","","","","","","","","","","","","","","","","","","","","","","","","","","","","",""
"59343001","LILLE-LESQUIN",50.57,3.0975,47,1959041118,"","","","",7.,1,"","","","","","","","","","","","","","","","","","","","","","","","","","","","","","",9.7,1,6.9,1,"","","","","","","","","","","","","","","","","","","","","","","","","","",84,1,"","","","","","","","","","","","",10.1,1,1003.6,1,"","","","","","",8,1,8,1,7,1,2,1,"","","","","","","","","","","","","","","","","","","","","","","","","","",7000,1,"","",61,1,8,1,"","","","","","","","","","","","","","","","","","","","","","","","","","","","","","","","","","","","","","","","","","","","","","","","","","","","","","","","","","","","","","","","","",""
"59343001","LILLE-LESQUIN",50.57,3.0975,47,1959041121,"","","","",9.,1,"","","","","","","","","","","","","","","","","","","","","","","","","","","","","","",9.8,1,8.,1,"","","","","","","","","","","","","","","","","","","","","","","","","","",90,1,"","","","","","","","","","","","",10.9,1,1002.3,1,"","","","","","",8,1,7,1,7,1,"","","","","","","","","","","","","","","","","","","","","","","","","","","","",6000,1,"","",61,1,6,1,"","","","","","","","","","","","","","","","","","","","","","","","","","","","","","","","","","","","","","","","","","","","","","","","","","","","","","","","","","","","","","","","","",""
"59343001","LILLE-LESQUIN",50.57,3.0975,47,1959041200,"","","","",7.,1,"","","","","","","","","","","","","","","","","","","","","","","","","","","","","","",9.8,1,6.8,1,"","","","","","","","","","","","","","","","","","","","","","","","","","",83,1,"","","","","","","","","","","","",10.,1,1003.9,1,"","","","","","",5,1,5,1,5,1,0,1,0,1,"","","","","","","","","","","","","","","","","","","","","","","","",15000,1,"","",2,1,6,1,"","","","","","","","","","","","","","","","","","","","","","","","","","","","","","","","","","","","","","","","","","","","","","","","","","","","","","","","","","","","","","","","","",""
"59343001","LILLE-LESQUIN",50.57,3.0975,47,1959041203,"","","","",6.,1,"","","","","","","","","","","","","","","","","","","","","","","","","","","","","","",9.,1,7.1,1,"","","","","","","","","","","","","","","","","","","","","","","","","","",89,1,"","","","","","","","","","","","",10.2,1,1005.5,1,"","","","","","",4,1,0,1,5,1,0,1,0,1,"","","","","","","","","","","","","","","","","","","","","","","","",15000,1,"","",3,1,0,1,"","","","","","","","","","","","","","","","","","","","","","","","","","","","","","","","","","","","","","","","","","","","","","","","","","","","","","","","","","","","","","","","","",""
"59343001","LILLE-LESQUIN",50.57,3.0975,47,1959041206,"","","","",6.,1,"","","","","","","","","","","","","","","","","","","","","","","","","","","","","","",8.8,1,6.8,1,"","","","","","","","","","","","","","","","","","","","","","","","","","",88,1,"","","","","","","","","","","","",10.,1,1007.4,1,"","","","","","",7,1,0,1,6,1,3,1,2,1,"","","","","","","","","","","","","","","","","","","","","","","","",15000,1,"","",2,1,2,1,"","",0,1,"","","","","","","","","","","","","","","","","","","","","","","","","","","","","","","","","","","","","","","","","","","","","","","","","","","","","","","","","","","","","",""
"59343001","LILLE-LESQUIN",50.57,3.0975,47,1959041209,"","","","",6.,1,"","","","","","","","","","","","","","","","","","","","","","","","","","","","","","",11.3,1,7.7,1,"","","","","","","","","","","","","","","","","","","","","","","","","","",80,1,"","","","","","","","","","","","",10.7,1,1008.7,1,"","","","","","",7,1,7,1,5,1,7,1,"","","","","","","","","","","","","","","","","","","","","","","","","","",12000,1,"","",3,1,2,1,"","","","","","","","","","","","","","","","","","","","","","","","","","","","","","","","","","","","","","","","","","","","","","","","","","","","","","","","","","","","","","","","","",""
"59343001","LILLE-LESQUIN",50.57,3.0975,47,1959041212,"","","","",2.,1,"","","","","","","","","","","","","","","","","","","","","","","","","","","","","","",10.8,1,9.8,1,"","","","","","","","","","","","","","","","","","","","","","","","","","",95,1,"","","","","","","","","","","","",12.3,1,1009.1,1,"","","","","","",8,1,8,1,7,1,"","","","","","","","","","","","","","","","","","","","","","","","","","","","",1800,1,"","",51,1,6,1,"","","","","","","","","","","","","","","","","","","","","","","","","","","","","","","","","","","","","","","","","","","","","","","","","","","","","","","","","","","","","","","","","",""
"59343001","LILLE-LESQUIN",50.57,3.0975,47,1959041215,"","","","",7.,1,"","","","","","","","","","","","","","","","","","","","","","","","","","","","","","",13.3,1,10.6,1,"","","","","","","","","","","","","","","","","","","","","","","","","","",85,1,"","","","","","","","","","","","",13.,1,1009.5,1,"","","","","","",8,1,8,1,5,1,"","","","","","","","","","","","","","","","","","","","","","","","","","","","",8000,1,"","",60,1,6,1,"","","","","","","","","","","","","","","","","","","","","","","","","","","","","","","","","","","","","","","","","","","","","","","","","","","","","","","","","","","","","","","","","",""
"59343001","LILLE-LESQUIN",50.57,3.0975,47,1959041218,"","","","",5.,1,"","","","","","","","","","","","","","","","","","","","","","","","","","","","","","",12.3,1,10.1,1,"","","","","","","","","","","","","","","","","","","","","","","","","","",88,1,"","","","","","","","","","","","",12.6,1,1010.4,1,"","","","","","",8,1,8,1,5,1,7,1,"","","","","","","","","","","","","","","","","","","","","","","","","","",10000,1,"","",20,1,6,1,"","","","","","","","","","","","","","","","","","","","","","","","","","","","","","","","","","","","","","","","","","","","","","","","","","","","","","","","","","","","","","","","","",""
"59343001","LILLE-LESQUIN",50.57,3.0975,47,1959041221,"","","","",3.,1,"","","","","","","","","","","","","","","","","","","","","","","","","","","","","","",11.2,1,9.8,1,"","","","","","","","","","","","","","","","","","","","","","","","","","",93,1,"","","","","","","","","","","","",12.3,1,1011.,1,"","","","","","",7,1,5,1,0,1,3,1,2,1,"","","","","","","","","","","","","","","","","","","","","","","","",8000,1,"","",1,1,2,1,"","","","","","","","","","","","","","","","","","","","","","","","","","","","","","","","","","","","","","","","","","","","","","","","","","","","","","","","","","","","","","","","","",""
"59343001","LILLE-LESQUIN",50.57,3.0975,47,1959041300,"","","","",3.,1,"","","","","","","","","","","","","","","","","","","","","","","","","","","","","","",9.,1,7.3,1,"","","","","","","","","","","","","","","","","","","","","","","","","","",90,1,"","","","","","","","","","","","",10.4,1,1010.8,1,"","","","","","",0,1,"","",0,1,0,1,0,1,"","","","","","","","","","","","","","","","","","","","","","","","",8000,1,"","",2,1,1,1,"","","","","","","","","","","","","","","","","","","","","","","","","","","","","","","","","","","","","","","","","","","","","","","","","","","","","","","","","","","","","","","","","",""
"59343001","LILLE-LESQUIN",50.57,3.0975,47,1959041303,"","","","",1.,1,"","","","","","","","","","","","","","","","","","","","","","","","","","","","","","",9.,1,6.8,1,"","","","","","","","","","","","","","","","","","","","","","","","","","",87,1,"","","","","","","","","","","","",10.,1,1010.3,1,"","","","","","",2,1,0,1,0,1,0,1,1,1,"","","","","","","","","","","","","","","","","","","","","","","","",9000,1,"","",3,1,0,1,"","","","","","","","","","","","","","","","","","","","","","","","","","","","","","","","","","","","","","","","","","","","","","","","","","","","","","","","","","","","","","","","","",""
"59343001","LILLE-LESQUIN",50.57,3.0975,47,1959041306,"","","","",2.,1,"","","","","","","","","","","","","","","","","","","","","","","","","","","","","","",9.,1,7.1,1,"","","","","","","","","","","","","","","","","","","","","","","","","","",89,1,"","","","","","","","","","","","",10.2,1,1010.,1,"","","","","","",7,1,7,1,5,1,"","","","","","","","","","","","","","","","","","","","","","","","","","","","",5000,1,"","",3,1,1,1,"","",0,1,"","","","","","","","","","","","","","","","","","","","","","","","","","","","","","","","","","","","","","","","","","","","","","","","","","","","","","","","","","","","","",""
"59343001","LILLE-LESQUIN",50.57,3.0975,47,1959041309,"","","","",5.,1,"","","","","","","","","","","","","","","","","","","","","","","","","","","","","","",14.8,1,10.4,1,"","","","","","","","","","","","","","","","","","","","","","","","","","",77,1,"","","","","","","","","","","","",12.9,1,1009.6,1,"","","","","","",3,1,0,1,5,1,0,1,1,1,"","","","","","","","","","","","","","","","","","","","","","","","","","","","",10,1,1,1,"","","","","","","","","","","","","","","","","","","","","","","","","","","","","","","","","","","","","","","","","","","","","","","","","","","","","","","","","","","","","","","","","",""
"59343001","LILLE-LESQUIN",50.57,3.0975,47,1959041312,"","","","",8.,1,"","","","","","","","","","","","","","","","","","","","","","","","","","","","","","",19.6,1,12.3,1,"","","","","","","","","","","","","","","","","","","","","","","","","","",64,1,"","","","","","","","","","","","",14.6,1,1008.1,1,"","","","","","",3,1,0,1,0,1,0,1,2,1,"","","","","","","","","","","","","","","","","","","","","","","","",12000,1,"","",2,1,0,1,"","","","","","","","","","","","","","","","","","","","","","","","","","","","","","","","","","","","","","","","","","","","","","","","","","","","","","","","","","","","","","","","","",""
"59343001","LILLE-LESQUIN",50.57,3.0975,47,1959041315,"","","","",9.,1,"","","","","","","","","","","","","","","","","","","","","","","","","","","","","","",21.8,1,11.2,1,"","","","","","","","","","","","","","","","","","","","","","","","","","",52,1,"","","","","","","","","","","","",13.6,1,1006.5,1,"","","","","","",4,1,0,1,0,1,0,1,4,1,"","","","","","","","","","","","","","","","","","","","","","","","",15000,1,"","",2,1,0,1,"","","","","","","","","","","","","","","","","","","","","","","","","","","","","","","","","","","","","","","","","","","","","","","","","","","","","","","","","","","","","","","","","",""
"59343001","LILLE-LESQUIN",50.57,3.0975,47,1959041318,"","","","",6.,1,"","","","","","","","","","","","","","","","","","","","","","","","","","","","","","",20.,1,10.7,1,"","","","","","","","","","","","","","","","","","","","","","","","","","",56,1,"","","","","","","","","","","","",13.1,1,1005.6,1,"","","","","","",6,1,6,1,0,1,0,1,2,1,"","","","","","","","","","","","","","","","","","","","","","","","",15000,1,"","",2,1,2,1,"","","","","","","","","","","","","","","","","","","","","","","","","","","","","","","","","","","","","","","","","","","","","","","","","","","","","","","","","","","","","","","","","",""
"59343001","LILLE-LESQUIN",50.57,3.0975,47,1959041321,"","","","",2.,1,"","","","","","","","","","","","","","","","","","","","","","","","","","","","","","",14.7,1,9.2,1,"","","","","","","","","","","","","","","","","","","","","","","","","","",71,1,"","","","","","","","","","","","",11.8,1,1006.7,1,"","","","","","",2,1,0,1,0,1,0,1,2,1,"","","","","","","","","","","","","","","","","","","","","","","","",12000,1,"","",1,1,1,1,"","","","","","","","","","","","","","","","","","","","","","","","","","","","","","","","","","","","","","","","","","","","","","","","","","","","","","","","","","","","","","","","","",""
"59343001","LILLE-LESQUIN",50.57,3.0975,47,1959041400,"","","","",5.,1,"","","","","","","","","","","","","","","","","","","","","","","","","","","","","","",13.7,1,8.1,1,"","","","","","","","","","","","","","","","","","","","","","","","","","",70,1,"","","","","","","","","","","","",11.,1,1006.,1,"","","","","","",4,1,0,1,0,1,0,1,2,1,"","","","","","","","","","","","","","","","","","","","","","","","",15000,1,"","",2,1,1,1,"","","","","","","","","","","","","","","","","","","","","","","","","","","","","","","","","","","","","","","","","","","","","","","","","","","","","","","","","","","","","","","","","",""
"59343001","LILLE-LESQUIN",50.57,3.0975,47,1959041403,"","","","",3.,1,"","","","","","","","","","","","","","","","","","","","","","","","","","","","","","",11.1,1,7.6,1,"","","","","","","","","","","","","","","","","","","","","","","","","","",81,1,"","","","","","","","","","","","",10.6,1,1005.5,1,"","","","","","",2,1,0,1,0,1,0,1,2,1,"","","","","","","","","","","","","","","","","","","","","","","","",15000,1,"","",2,1,0,1,"","","","","","","","","","","","","","","","","","","","","","","","","","","","","","","","","","","","","","","","","","","","","","","","","","","","","","","","","","","","","","","","","",""
"59343001","LILLE-LESQUIN",50.57,3.0975,47,1959041406,"","","","",4.,1,"","","","","","","","","","","","","","","","","","","","","","","","","","","","","","",11.1,1,6.9,1,"","","","","","","","","","","","","","","","","","","","","","","","","","",77,1,"","","","","","","","","","","","",10.1,1,1006.,1,"","","","","","",8,1,8,1,0,1,5,1,2,1,"","","","","","","","","","","","","","","","","","","","","","","","",10000,1,"","",3,1,2,1,"","",0,1,"","","","","","","","","","","","","","","","","","","","","","","","","","","","","","","","","","","","","","","","","","","","","","","","","","","","","","","","","","","","","",""
"59343001","LILLE-LESQUIN",50.57,3.0975,47,1959041409,"","","","",6.,1,"","","","","","","","","","","","","","","","","","","","","","","","","","","","","","",15.8,1,7.3,1,"","","","","","","","","","","","","","","","","","","","","","","","","","",58,1,"","","","","","","","","","","","",10.4,1,1006.3,1,"","","","","","",6,1,5,1,0,1,8,1,2,1,"","","","","","","","","","","","","","","","","","","","","","","","",15000,1,"","",1,1,2,1,"","","","","","","","","","","","","","","","","","","","","","","","","","","","","","","","","","","","","","","","","","","","","","","","","","","","","","","","","","","","","","","","","",""
"59343001","LILLE-LESQUIN",50.57,3.0975,47,1959041412,"","","","",9.,1,"","","","","","","","","","","","","","","","","","","","","","","","","","","","","","",21.,1,7.9,1,"","","","","","","","","","","","","","","","","","","","","","","","","","",43,1,"","","","","","","","","","","","",10.8,1,1004.9,1,"","","","","","",2,1,0,1,0,1,0,1,1,1,"","","","","","","","","","","","","","","","","","","","","","","","",30000,1,"","",1,1,1,1,"","","","","","","","","","","","","","","","","","","","","","","","","","","","","","","","","","","","","","","","","","","","","","","","","","","","","","","","","","","","","","","","","",""
"59343001","LILLE-LESQUIN",50.57,3.0975,47,1959041415,"","","","",9.,1,"","","","","","","","","","","","","","","","","","","","","","","","","","","","","","",22.3,1,9.2,1,"","","","","","","","","","","","","","","","","","","","","","","","","","",44,1,"","","","","","","","","","","","",11.8,1,1003.4,1,"","","","","","",4,1,0,1,1,1,0,1,2,1,"","","","","","","","","","","","","","","","","","","","","","","","",30000,1,"","",3,1,0,1,"","","","","","","","","","","","","","","","","","","","","","","","","","","","","","","","","","","","","","","","","","","","","","","","","","","","","","","","","","","","","","","","","",""
"59343001","LILLE-LESQUIN",50.57,3.0975,47,1959041418,"","","","",7.,1,"","","","","","","","","","","","","","","","","","","","","","","","","","","","","","",21.4,1,8.9,1,"","","","","","","","","","","","","","","","","","","","","","","","","","",46,1,"","","","","","","","","","","","",11.6,1,1002.6,1,"","","","","","",5,1,5,1,5,1,4,1,3,1,"","","","","","","","","","","","","","","","","","","","","","","","",40000,1,"","",3,1,1,1,"","","","","","","","","","","","","","","","","","","","","","","","","","","","","","","","","","","","","","","","","","","","","","","","","","","","","","","","","","","","","","","","","",""
"59343001","LILLE-LESQUIN",50.57,3.0975,47,1959041421,"","","","",3.,1,"","","","","","","","","","","","","","","","","","","","","","","","","","","","","","",16.,1,12.7,1,"","","","","","","","","","","","","","","","","","","","","","","","","","",82,1,"","","","","","","","","","","","",15.,1,1002.1,1,"","","","","","",8,1,8,1,5,1,"","","","","","","","","","","","","","","","","","","","","","","","","","","","",15000,1,"","",29,1,9,1,"","","","","","","","","","","","","","","","","","","","","","","","","","","","","","","","","","","","","","","","","","","","","","","","","","","","","","","","","","","","","","","","","",""
"59343001","LILLE-LESQUIN",50.57,3.0975,47,1959041500,"","","","",7.,1,"","","","","","","","","","","","","","","","","","","","","","","","","","","","","","",16.4,1,9.2,1,"","","","","","","","","","","","","","","","","","","","","","","","","","",64,1,"","","","","","","","","","","","",11.8,1,1001.7,1,"","","","","","",8,1,8,1,5,1,"","","","","","","","","","","","","","","","","","","","","","","","","","","","",12000,1,"","",2,1,9,1,"","","","","","","","","","","","","","","","","","","","","","","","","","","","","","","","","","","","","","","","","","","","","","","","","","","","","","","","","","","","","","","","","",""
"59343001","LILLE-LESQUIN",50.57,3.0975,47,1959041503,"","","","",6.,1,"","","","","","","","","","","","","","","","","","","","","","","","","","","","","","",13.4,1,9.8,1,"","","","","","","","","","","","","","","","","","","","","","","","","","",80,1,"","","","","","","","","","","","",12.3,1,1003.4,1,"","","","","","",8,1,8,1,5,1,"","","","","","","","","","","","","","","","","","","","","","","","","","","","",10000,1,"","",61,1,2,1,"","","","","","","","","","","","","","","","","","","","","","","","","","","","","","","","","","","","","","","","","","","","","","","","","","","","","","","","","","","","","","","","","",""
"59343001","LILLE-LESQUIN",50.57,3.0975,47,1959041506,"","","","",6.,1,"","","","","","","","","","","","","","","","","","","","","","","","","","","","","","",12.9,1,10.9,1,"","","","","","","","","","","","","","","","","","","","","","","","","","",89,1,"","","","","","","","","","","","",13.3,1,1005.2,1,"","","","","","",8,1,7,1,6,1,7,1,"","","","","","","","","","","","","","","","","","","","","","","","","","",7000,1,"","",2,1,6,1,"","",0,1,"","","","","","","","","","","","","","","","","","","","","","","","","","","","","","","","","","","","","","","","","","","","","","","","","","","","","","","","","","","","","",""
"59343001","LILLE-LESQUIN",50.57,3.0975,47,1959041509,"","","","",7.,1,"","","","","","","","","","","","","","","","","","","","","","","","","","","","","","",12.8,1,7.7,1,"","","","","","","","","","","","","","","","","","","","","","","","","","",72,1,"","","","","","","","","","","","",10.7,1,1007.5,1,"","","","","","",5,1,0,1,8,1,7,1,2,1,"","","","","","","","","","","","","","","","","","","","","","","","",20000,1,"","",1,1,2,1,"","","","","","","","","","","","","","","","","","","","","","","","","","","","","","","","","","","","","","","","","","","","","","","","","","","","","","","","","","","","","","","","","",""
"59343001","LILLE-LESQUIN",50.57,3.0975,47,1959041512,"","","","",9.,1,"","","","","","","","","","","","","","","","","","","","","","","","","","","","","","",16.1,1,5.6,1,"","","","","","","","","","","","","","","","","","","","","","","","","","",50,1,"","","","","","","","","","","","",9.2,1,1007.5,1,"","","","","","",6,1,0,1,1,1,0,1,2,1,"","","","","","","","","","","","","","","","","","","","","","","","",30000,1,"","",2,1,2,1,"","","","","","","","","","","","","","","","","","","","","","","","","","","","","","","","","","","","","","","","","","","","","","","","","","","","","","","","","","","","","","","","","",""
"59343001","LILLE-LESQUIN",50.57,3.0975,47,1959041515,"","","","",9.,1,"","","","","","","","","","","","","","","","","","","","","","","","","","","","","","",17.4,1,5.9,1,"","","","","","","","","","","","","","","","","","","","","","","","","","",47,1,"","","","","","","","","","","","",9.4,1,1006.9,1,"","","","","","",6,1,0,1,2,1,0,1,2,1,"","","","","","","","","","","","","","","","","","","","","","","","",20000,1,"","",1,1,2,1,"","","","","","","","","","","","","","","","","","","","","","","","","","","","","","","","","","","","","","","","","","","","","","","","","","","","","","","","","","","","","","","","","",""
"59343001","LILLE-LESQUIN",50.57,3.0975,47,1959041518,"","","","",3.,1,"","","","","","","","","","","","","","","","","","","","","","","","","","","","","","",10.4,1,8.,1,"","","","","","","","","","","","","","","","","","","","","","","","","","",87,1,"","","","","","","","","","","","",10.9,1,1008.,1,"","","","","","",8,1,6,1,9,1,"","","","","","","","","","","","","","","","","","","","","","","","","","","","",8000,1,"","",61,1,8,1,"","","","","","","","","","","","","","","","","","","","","","","","","","","","","","","","","","","","","","","","","","","","","","","","","","","","","","","","","","","","","","","","","",""
"59343001","LILLE-LESQUIN",50.57,3.0975,47,1959041521,"","","","",5.,1,"","","","","","","","","","","","","","","","","","","","","","","","","","","","","","",9.6,1,8.,1,"","","","","","","","","","","","","","","","","","","","","","","","","","",91,1,"","","","","","","","","","","","",10.9,1,1006.2,1,"","","","","","",5,1,5,1,5,1,0,1,0,1,"","","","","","","","","","","","","","","","","","","","","","","","",10000,1,"","",1,1,6,1,"","","","","","","","","","","","","","","","","","","","","","","","","","","","","","","","","","","","","","","","","","","","","","","","","","","","","","","","","","","","","","","","","",""
"59343001","LILLE-LESQUIN",50.57,3.0975,47,1959041600,"","","","",3.,1,"","","","","","","","","","","","","","","","","","","","","","","","","","","","","","",9.6,1,8.1,1,"","","","","","","","","","","","","","","","","","","","","","","","","","",92,1,"","","","","","","","","","","","",11.,1,1003.9,1,"","","","","","",8,1,7,1,5,1,5,1,6,1,"","","","","","","","","","","","","","","","","","","","","","","","",8000,1,"","",3,1,6,1,"","","","","","","","","","","","","","","","","","","","","","","","","","","","","","","","","","","","","","","","","","","","","","","","","","","","","","","","","","","","","","","","","",""
"59343001","LILLE-LESQUIN",50.57,3.0975,47,1959041603,"","","","",4.,1,"","","","","","","","","","","","","","","","","","","","","","","","","","","","","","",10.1,1,9.,1,"","","","","","","","","","","","","","","","","","","","","","","","","","",95,1,"","","","","","","","","","","","",11.7,1,1000.8,1,"","","","","","",8,1,7,1,0,1,7,1,"","","","","","","","","","","","","","","","","","","","","","","","","","",8000,1,"","",2,1,2,1,"","","","","","","","","","","","","","","","","","","","","","","","","","","","","","","","","","","","","","","","","","","","","","","","","","","","","","","","","","","","","","","","","",""
"59343001","LILLE-LESQUIN",50.57,3.0975,47,1959041606,"","","","",7.,1,"","","","","","","","","","","","","","","","","","","","","","","","","","","","","","",10.9,1,8.8,1,"","","","","","","","","","","","","","","","","","","","","","","","","","",89,1,"","","","","","","","","","","","",11.5,1,997.4,1,"","","","","","",8,1,5,1,5,1,2,1,"","","","","","","","","","","","","","","","","","","","","","","","","","",10000,1,"","",61,1,6,1,"","",0,1,"","","","","","","","","","","","","","","","","","","","","","","","","","","","","","","","","","","","","","","","","","","","","","","","","","","","","","","","","","","","","",""
"59343001","LILLE-LESQUIN",50.57,3.0975,47,1959041609,"","","","",7.,1,"","","","","","","","","","","","","","","","","","","","","","","","","","","","","","",13.6,1,10.3,1,"","","","","","","","","","","","","","","","","","","","","","","","","","",82,1,"","","","","","","","","","","","",12.8,1,995.8,1,"","","","","","",8,1,5,1,5,1,7,1,"","","","","","","","","","","","","","","","","","","","","","","","","","",15000,1,"","",3,1,6,1,"","","","","","","","","","","","","","","","","","","","","","","","","","","","","","","","","","","","","","","","","","","","","","","","","","","","","","","","","","","","","","","","","",""
"59343001","LILLE-LESQUIN",50.57,3.0975,47,1959041612,"","","","",7.,1,"","","","","","","","","","","","","","","","","","","","","","","","","","","","","","",15.,1,10.4,1,"","","","","","","","","","","","","","","","","","","","","","","","","","",76,1,"","","","","","","","","","","","",12.9,1,994.3,1,"","","","","","",8,1,5,1,5,1,"","","","","","","","","","","","","","","","","","","","","","","","","","","","",15000,1,"","",2,1,6,1,"","","","","","","","","","","","","","","","","","","","","","","","","","","","","","","","","","","","","","","","","","","","","","","","","","","","","","","","","","","","","","","","","",""
"59343001","LILLE-LESQUIN",50.57,3.0975,47,1959041615,"","","","",5.,1,"","","","","","","","","","","","","","","","","","","","","","","","","","","","","","",14.3,1,10.6,1,"","","","","","","","","","","","","","","","","","","","","","","","","","",81,1,"","","","","","","","","","","","",13.,1,994.1,1,"","","","","","",8,1,8,1,2,1,7,1,"","","","","","","","","","","","","","","","","","","","","","","","","","",13000,1,"","",25,1,8,1,"","","","","","","","","","","","","","","","","","","","","","","","","","","","","","","","","","","","","","","","","","","","","","","","","","","","","","","","","","","","","","","","","",""
"59343001","LILLE-LESQUIN",50.57,3.0975,47,1959041618,"","","","",2.,1,"","","","","","","","","","","","","","","","","","","","","","","","","","","","","","",12.9,1,10.6,1,"","","","","","","","","","","","","","","","","","","","","","","","","","",87,1,"","","","","","","","","","","","",13.,1,995.1,1,"","","","","","",7,1,7,1,4,1,7,1,"","","","","","","","","","","","","","","","","","","","","","","","","","",7000,1,"","",1,1,8,1,"","","","","","","","","","","","","","","","","","","","","","","","","","","","","","","","","","","","","","","","","","","","","","","","","","","","","","","","","","","","","","","","","",""
"59343001","LILLE-LESQUIN",50.57,3.0975,47,1959041621,"","","","",2.,1,"","","","","","","","","","","","","","","","","","","","","","","","","","","","","","",10.7,1,9.,1,"","","","","","","","","","","","","","","","","","","","","","","","","","",91,1,"","","","","","","","","","","","",11.7,1,996.3,1,"","","","","","",8,1,8,1,5,1,"","","","","","","","","","","","","","","","","","","","","","","","","","","","",10000,1,"","",2,1,2,1,"","","","","","","","","","","","","","","","","","","","","","","","","","","","","","","","","","","","","","","","","","","","","","","","","","","","","","","","","","","","","","","","","",""
"59343001","LILLE-LESQUIN",50.57,3.0975,47,1959041700,"","","","",1.,1,"","","","","","","","","","","","","","","","","","","","","","","","","","","","","","",10.,1,8.5,1,"","","","","","","","","","","","","","","","","","","","","","","","","","",92,1,"","","","","","","","","","","","",11.3,1,997.2,1,"","","","","","",8,1,8,1,0,1,7,1,"","","","","","","","","","","","","","","","","","","","","","","","","","",10000,1,"","",3,1,2,1,"","","","","","","","","","","","","","","","","","","","","","","","","","","","","","","","","","","","","","","","","","","","","","","","","","","","","","","","","","","","","","","","","",""
"59343001","LILLE-LESQUIN",50.57,3.0975,47,1959041703,"","","","",0.,1,"","","","","","","","","","","","","","","","","","","","","","","","","","","","","","",7.5,1,6.6,1,"","","","","","","","","","","","","","","","","","","","","","","","","","",96,1,"","","","","","","","","","","","",9.9,1,997.4,1,"","","","","","",8,1,8,1,5,1,"","","","","","","","","","","","","","","","","","","","","","","","","","","","",3500,1,"","",10,1,2,1,"","","","","","","","","","","","","","","","","","","","","","","","","","","","","","","","","","","","","","","","","","","","","","","","","","","","","","","","","","","","","","","","","",""
"59343001","LILLE-LESQUIN",50.57,3.0975,47,1959041706,"","","","",2.,1,"","","","","","","","","","","","","","","","","","","","","","","","","","","","","","",9.6,1,8.8,1,"","","","","","","","","","","","","","","","","","","","","","","","","","",96,1,"","","","","","","","","","","","",11.5,1,998.7,1,"","","","","","",8,1,8,1,5,1,"","","","","","","","","","","","","","","","","","","","","","","","","","","","",800,1,"","",44,1,2,1,"","",0,1,"","","","","","","","","","","","","","","","","","","","","","","","","","","","","","","","","","","","","","","","","","","","","","","","","","","","","","","","","","","","","",""
"59343001","LILLE-LESQUIN",50.57,3.0975,47,1959041709,"","","","",5.,1,"","","","","","","","","","","","","","","","","","","","","","","","","","","","","","",11.8,1,10.3,1,"","","","","","","","","","","","","","","","","","","","","","","","","","",93,1,"","","","","","","","","","","","",12.8,1,999.9,1,"","","","","","",8,1,8,1,6,1,"","","","","","","","","","","","","","","","","","","","","","","","","","","","",1600,1,"","",21,1,6,1,"","","","","","","","","","","","","","","","","","","","","","","","","","","","","","","","","","","","","","","","","","","","","","","","","","","","","","","","","","","","","","","","","",""
"59343001","LILLE-LESQUIN",50.57,3.0975,47,1959041712,"","","","",7.,1,"","","","","","","","","","","","","","","","","","","","","","","","","","","","","","",13.,1,10.8,1,"","","","","","","","","","","","","","","","","","","","","","","","","","",88,1,"","","","","","","","","","","","",13.2,1,1001.4,1,"","","","","","",8,1,8,1,6,1,"","","","","","","","","","","","","","","","","","","","","","","","","","","","",2500,1,"","",60,1,6,1,"","","","","","","","","","","","","","","","","","","","","","","","","","","","","","","","","","","","","","","","","","","","","","","","","","","","","","","","","","","","","","","","","",""
"59343001","LILLE-LESQUIN",50.57,3.0975,47,1959041715,"","","","",6.,1,"","","","","","","","","","","","","","","","","","","","","","","","","","","","","","",12.6,1,9.,1,"","","","","","","","","","","","","","","","","","","","","","","","","","",86,1,"","","","","","","","","","","","",11.7,1,1002.1,1,"","","","","","",8,1,7,1,6,1,"","","","","","","","","","","","","","","","","","","","","","","","","","","","",1800,1,"","",10,1,6,1,"","","","","","","","","","","","","","","","","","","","","","","","","","","","","","","","","","","","","","","","","","","","","","","","","","","","","","","","","","","","","","","","","",""
"59343001","LILLE-LESQUIN",50.57,3.0975,47,1959041718,"","","","",5.,1,"","","","","","","","","","","","","","","","","","","","","","","","","","","","","","",12.1,1,9.9,1,"","","","","","","","","","","","","","","","","","","","","","","","","","",88,1,"","","","","","","","","","","","",12.4,1,1003.5,1,"","","","","","",7,1,7,1,6,1,"","","","","","","","","","","","","","","","","","","","","","","","","","","","",2000,1,"","",10,1,6,1,"","","","","","","","","","","","","","","","","","","","","","","","","","","","","","","","","","","","","","","","","","","","","","","","","","","","","","","","","","","","","","","","","",""
"59343001","LILLE-LESQUIN",50.57,3.0975,47,1959041721,"","","","",4.,1,"","","","","","","","","","","","","","","","","","","","","","","","","","","","","","",9.2,1,8.1,1,"","","","","","","","","","","","","","","","","","","","","","","","","","",95,1,"","","","","","","","","","","","",11.,1,1005.8,1,"","","","","","",5,1,5,1,6,1,0,1,0,1,"","","","","","","","","","","","","","","","","","","","","","","","",2500,1,"","",10,1,2,1,"","","","","","","","","","","","","","","","","","","","","","","","","","","","","","","","","","","","","","","","","","","","","","","","","","","","","","","","","","","","","","","","","",""
"59343001","LILLE-LESQUIN",50.57,3.0975,47,1959041800,"","","","",6.,1,"","","","","","","","","","","","","","","","","","","","","","","","","","","","","","",9.,1,8.,1,"","","","","","","","","","","","","","","","","","","","","","","","","","",95,1,"","","","","","","","","","","","",10.9,1,1006.2,1,"","","","","","",8,1,8,1,6,1,"","","","","","","","","","","","","","","","","","","","","","","","","","","","",2500,1,"","",10,1,2,1,"","","","","","","","","","","","","","","","","","","","","","","","","","","","","","","","","","","","","","","","","","","","","","","","","","","","","","","","","","","","","","","","","",""
"59343001","LILLE-LESQUIN",50.57,3.0975,47,1959041803,"","","","",6.,1,"","","","","","","","","","","","","","","","","","","","","","","","","","","","","","",8.8,1,7.3,1,"","","","","","","","","","","","","","","","","","","","","","","","","","",92,1,"","","","","","","","","","","","",10.4,1,1007.1,1,"","","","","","",8,1,8,1,6,1,"","","","","","","","","","","","","","","","","","","","","","","","","","","","",4000,1,"","",10,1,2,1,"","","","","","","","","","","","","","","","","","","","","","","","","","","","","","","","","","","","","","","","","","","","","","","","","","","","","","","","","","","","","","","","","",""
"59343001","LILLE-LESQUIN",50.57,3.0975,47,1959041806,"","","","",7.,1,"","","","","","","","","","","","","","","","","","","","","","","","","","","","","","",8.2,1,7.2,1,"","","","","","","","","","","","","","","","","","","","","","","","","","",94,1,"","","","","","","","","","","","",10.3,1,1008.4,1,"","","","","","",7,1,7,1,6,1,"","","","","","","","","","","","","","","","","","","","","","","","","","","","",1800,1,"","",10,1,2,1,"","",0,1,"","","","","","","","","","","","","","","","","","","","","","","","","","","","","","","","","","","","","","","","","","","","","","","","","","","","","","","","","","","","","",""
"59343001","LILLE-LESQUIN",50.57,3.0975,47,1959041809,"","","","",8.,1,"","","","","","","","","","","","","","","","","","","","","","","","","","","","","","",8.4,1,7.3,1,"","","","","","","","","","","","","","","","","","","","","","","","","","",94,1,"","","","","","","","","","","","",10.4,1,1010.,1,"","","","","","",8,1,8,1,6,1,"","","","","","","","","","","","","","","","","","","","","","","","","","","","",1400,1,"","",10,1,2,1,"","","","","","","","","","","","","","","","","","","","","","","","","","","","","","","","","","","","","","","","","","","","","","","","","","","","","","","","","","","","","","","","","",""
"59343001","LILLE-LESQUIN",50.57,3.0975,47,1959041812,"","","","",9.,1,"","","","","","","","","","","","","","","","","","","","","","","","","","","","","","",8.3,1,6.8,1,"","","","","","","","","","","","","","","","","","","","","","","","","","",92,1,"","","","","","","","","","","","",10.,1,1010.5,1,"","","","","","",8,1,8,1,6,1,"","","","","","","","","","","","","","","","","","","","","","","","","","","","",2000,1,"","",10,1,2,1,"","","","","","","","","","","","","","","","","","","","","","","","","","","","","","","","","","","","","","","","","","","","","","","","","","","","","","","","","","","","","","","","","",""
"59343001","LILLE-LESQUIN",50.57,3.0975,47,1959041815,"","","","",11.,1,"","","","","","","","","","","","","","","","","","","","","","","","","","","","","","",7.6,1,5.8,1,"","","","","","","","","","","","","","","","","","","","","","","","","","",89,1,"","","","","","","","","","","","",9.3,1,1012.3,1,"","","","","","",8,1,8,1,6,1,"","","","","","","","","","","","","","","","","","","","","","","","","","","","",1800,1,"","",51,1,5,1,"","","","","","","","","","","","","","","","","","","","","","","","","","","","","","","","","","","","","","","","","","","","","","","","","","","","","","","","","","","","","","","","","",""
"59343001","LILLE-LESQUIN",50.57,3.0975,47,1959041818,"","","","",11.,1,"","","","","","","","","","","","","","","","","","","","","","","","","","","","","","",6.8,1,4.2,1,"","","","","","","","","","","","","","","","","","","","","","","","","","",84,1,"","","","","","","","","","","","",8.3,1,1014.4,1,"","","","","","",8,1,7,1,7,1,2,1,"","","","","","","","","","","","","","","","","","","","","","","","","","",3000,1,"","",51,1,5,1,"","","","","","","","","","","","","","","","","","","","","","","","","","","","","","","","","","","","","","","","","","","","","","","","","","","","","","","","","","","","","","","","","",""
"59343001","LILLE-LESQUIN",50.57,3.0975,47,1959041821,"","","","",8.,1,"","","","","","","","","","","","","","","","","","","","","","","","","","","","","","",6.6,1,2.4,1,"","","","","","","","","","","","","","","","","","","","","","","","","","",75,1,"","","","","","","","","","","","",7.3,1,1016.,1,"","","","","","",7,1,7,1,5,1,"","","","","","","","","","","","","","","","","","","","","","","","","","","","",10000,1,"","",2,1,5,1,"","","","","","","","","","","","","","","","","","","","","","","","","","","","","","","","","","","","","","","","","","","","","","","","","","","","","","","","","","","","","","","","","",""
"59343001","LILLE-LESQUIN",50.57,3.0975,47,1959041900,"","","","",7.,1,"","","","","","","","","","","","","","","","","","","","","","","","","","","","","","",6.5,1,2.,1,"","","","","","","","","","","","","","","","","","","","","","","","","","",74,1,"","","","","","","","","","","","",7.1,1,1016.6,1,"","","","","","",8,1,8,1,5,1,"","","","","","","","","","","","","","","","","","","","","","","","","","","","",10000,1,"","",2,1,5,1,"","","","","","","","","","","","","","","","","","","","","","","","","","","","","","","","","","","","","","","","","","","","","","","","","","","","","","","","","","","","","","","","","",""
"59343001","LILLE-LESQUIN",50.57,3.0975,47,1959041903,"","","","",7.,1,"","","","","","","","","","","","","","","","","","","","","","","","","","","","","","",6.8,1,2.4,1,"","","","","","","","","","","","","","","","","","","","","","","","","","",74,1,"","","","","","","","","","","","",7.3,1,1017.,1,"","","","","","",8,1,8,1,5,1,"","","","","","","","","","","","","","","","","","","","","","","","","","","","",10000,1,"","",2,1,2,1,"","","","","","","","","","","","","","","","","","","","","","","","","","","","","","","","","","","","","","","","","","","","","","","","","","","","","","","","","","","","","","","","","",""
"59343001","LILLE-LESQUIN",50.57,3.0975,47,1959041906,"","","","",7.,1,"","","","","","","","","","","","","","","","","","","","","","","","","","","","","","",6.2,1,3.,1,"","","","","","","","","","","","","","","","","","","","","","","","","","",81,1,"","","","","","","","","","","","",7.6,1,1018.6,1,"","","","","","",7,1,5,1,8,1,"","","","","","","","","","","","","","","","","","","","","","","","","","","","",10000,1,"","",25,1,8,1,"","",0,1,"","","","","","","","","","","","","","","","","","","","","","","","","","","","","","","","","","","","","","","","","","","","","","","","","","","","","","","","","","","","","",""
"59343001","LILLE-LESQUIN",50.57,3.0975,47,1959041909,"","","","",8.,1,"","","","","","","","","","","","","","","","","","","","","","","","","","","","","","",6.9,1,4.2,1,"","","","","","","","","","","","","","","","","","","","","","","","","","",83,1,"","","","","","","","","","","","",8.3,1,1020.5,1,"","","","","","",8,1,6,1,8,1,"","","","","","","","","","","","","","","","","","","","","","","","","","","","",8000,1,"","",25,1,8,1,"","","","","","","","","","","","","","","","","","","","","","","","","","","","","","","","","","","","","","","","","","","","","","","","","","","","","","","","","","","","","","","","","",""
"59343001","LILLE-LESQUIN",50.57,3.0975,47,1959041912,"","","","",10.,1,"","","","","","","","","","","","","","","","","","","","","","","","","","","","","","",9.2,1,2.4,1,"","","","","","","","","","","","","","","","","","","","","","","","","","",62,1,"","","","","","","","","","","","",7.3,1,1021.3,1,"","","","","","",7,1,7,1,2,1,"","","","","","","","","","","","","","","","","","","","","","","","","","","","",12000,1,"","",2,1,8,1,"","","","","","","","","","","","","","","","","","","","","","","","","","","","","","","","","","","","","","","","","","","","","","","","","","","","","","","","","","","","","","","","","",""
"59343001","LILLE-LESQUIN",50.57,3.0975,47,1959041915,"","","","",9.,1,"","","","","","","","","","","","","","","","","","","","","","","","","","","","","","",10.7,1,2.8,1,"","","","","","","","","","","","","","","","","","","","","","","","","","",58,1,"","","","","","","","","","","","",7.5,1,1022.5,1,"","","","","","",7,1,0,1,2,1,0,1,2,1,"","","","","","","","","","","","","","","","","","","","","","","","",15000,1,"","",1,1,2,1,"","","","","","","","","","","","","","","","","","","","","","","","","","","","","","","","","","","","","","","","","","","","","","","","","","","","","","","","","","","","","","","","","",""
"59343001","LILLE-LESQUIN",50.57,3.0975,47,1959041918,"","","","",8.,1,"","","","","","","","","","","","","","","","","","","","","","","","","","","","","","",7.7,1,2.6,1,"","","","","","","","","","","","","","","","","","","","","","","","","","",71,1,"","","","","","","","","","","","",7.4,1,1024.,1,"","","","","","",7,1,6,1,2,1,0,1,6,1,"","","","","","","","","","","","","","","","","","","","","","","","",15000,1,"","",2,1,2,1,"","","","","","","","","","","","","","","","","","","","","","","","","","","","","","","","","","","","","","","","","","","","","","","","","","","","","","","","","","","","","","","","","",""
"59343001","LILLE-LESQUIN",50.57,3.0975,47,1959041921,"","","","",5.,1,"","","","","","","","","","","","","","","","","","","","","","","","","","","","","","",5.,1,2.6,1,"","","","","","","","","","","","","","","","","","","","","","","","","","",84,1,"","","","","","","","","","","","",7.4,1,1025.6,1,"","","","","","",5,1,5,1,0,1,0,1,2,1,"","","","","","","","","","","","","","","","","","","","","","","","",12000,1,"","",2,1,2,1,"","","","","","","","","","","","","","","","","","","","","","","","","","","","","","","","","","","","","","","","","","","","","","","","","","","","","","","","","","","","","","","","","",""
"59343001","LILLE-LESQUIN",50.57,3.0975,47,1959042000,"","","","",3.,1,"","","","","","","","","","","","","","","","","","","","","","","","","","","","","","",1.3,1,0.,1,"","","","","","","","","","","","","","","","","","","","","","","","","","",91,1,"","","","","","","","","","","","",6.1,1,1026.3,1,"","","","","","",1,1,0,1,0,1,0,1,1,1,"","","","","","","","","","","","","","","","","","","","","","","","",8000,1,"","",2,1,1,1,"","","","","","","","","","","","","","","","","","","","","","","","","","","","","","","","","","","","","","","","","","","","","","","","","","","","","","","","","","","","","","","","","",""
"59343001","LILLE-LESQUIN",50.57,3.0975,47,1959042003,"","","","",1.,1,"","","","","","","","","","","","","","","","","","","","","","","","","","","","","","",0.8,1,0.,1,"","","","","","","","","","","","","","","","","","","","","","","","","","",94,1,"","","","","","","","","","","","",6.1,1,1026.5,1,"","","","","","",5,1,5,1,0,1,0,1,2,1,"","","","","","","","","","","","","","","","","","","","","","","","",7000,1,"","",3,1,1,1,"","","","","","","","","","","","","","","","","","","","","","","","","","","","","","","","","","","","","","","","","","","","","","","","","","","","","","","","","","","","","","","","","",""
"59343001","LILLE-LESQUIN",50.57,3.0975,47,1959042006,"","","","",1.,1,"","","","","","","","","","","","","","","","","","","","","","","","","","","","","","",1.4,1,0.8,1,"","","","","","","","","","","","","","","","","","","","","","","","","","",96,1,"","","","","","","","","","","","",6.5,1,1027.3,1,"","","","","","",6,1,0,1,5,1,0,1,2,1,"","","","","","","","","","","","","","","","","","","","","","","","",2000,1,"","",10,1,2,1,"","",0,1,"","","","","","","","","","","","","","","","","","","","","","","","","","","","","","","","","","","","","","","","","","","","","","","","","","","","","","","","","","","","","",""
"59343001","LILLE-LESQUIN",50.57,3.0975,47,1959042009,"","","","",3.,1,"","","","","","","","","","","","","","","","","","","","","","","","","","","","","","",7.8,1,0.2,1,"","","","","","","","","","","","","","","","","","","","","","","","","","",59,1,"","","","","","","","","","","","",6.2,1,1028.,1,"","","","","","",5,1,0,1,2,1,0,1,1,1,"","","","","","","","","","","","","","","","","","","","","","","","",15000,1,"","",2,1,2,1,"","","","","","","","","","","","","","","","","","","","","","","","","","","","","","","","","","","","","","","","","","","","","","","","","","","","","","","","","","","","","","","","","",""
"59343001","LILLE-LESQUIN",50.57,3.0975,47,1959042012,"","","","",4.,1,"","","","","","","","","","","","","","","","","","","","","","","","","","","","","","",8.6,1,-2.1,1,"","","","","","","","","","","","","","","","","","","","","","","","","","",46,1,"","","","","","","","","","","","",5.2,1,1028.,1,"","","","","","",6,1,6,1,2,1,0,1,0,1,"","","","","","","","","","","","","","","","","","","","","","","","",20000,1,"","",2,1,2,1,"","","","","","","","","","","","","","","","","","","","","","","","","","","","","","","","","","","","","","","","","","","","","","","","","","","","","","","","","","","","","","","","","",""
"59343001","LILLE-LESQUIN",50.57,3.0975,47,1959042015,"","","","",5.,1,"","","","","","","","","","","","","","","","","","","","","","","","","","","","","","",9.8,1,-3.7,1,"","","","","","","","","","","","","","","","","","","","","","","","","","",38,1,"","","","","","","","","","","","",4.6,1,1027.,1,"","","","","","",4,1,0,1,4,1,0,1,0,1,"","","","","","","","","","","","","","","","","","","","","","","","",15000,1,"","",1,1,1,1,"","","","","","","","","","","","","","","","","","","","","","","","","","","","","","","","","","","","","","","","","","","","","","","","","","","","","","","","","","","","","","","","","",""
"59343001","LILLE-LESQUIN",50.57,3.0975,47,1959042018,"","","","",4.,1,"","","","","","","","","","","","","","","","","","","","","","","","","","","","","","",9.,1,-1.9,1,"","","","","","","","","","","","","","","","","","","","","","","","","","",46,1,"","","","","","","","","","","","",5.3,1,1027.4,1,"","","","","","",2,1,0,1,4,1,0,1,0,1,"","","","","","","","","","","","","","","","","","","","","","","","",15000,1,"","",1,1,1,1,"","","","","","","","","","","","","","","","","","","","","","","","","","","","","","","","","","","","","","","","","","","","","","","","","","","","","","","","","","","","","","","","","",""
"59343001","LILLE-LESQUIN",50.57,3.0975,47,1959042021,"","","","",4.,1,"","","","","","","","","","","","","","","","","","","","","","","","","","","","","","",3.,1,-1.4,1,"","","","","","","","","","","","","","","","","","","","","","","","","","",72,1,"","","","","","","","","","","","",5.5,1,1028.9,1,"","","","","","",1,1,0,1,5,1,0,1,0,1,"","","","","","","","","","","","","","","","","","","","","","","","",8000,1,"","",1,1,0,1,"","","","","","","","","","","","","","","","","","","","","","","","","","","","","","","","","","","","","","","","","","","","","","","","","","","","","","","","","","","","","","","","","",""
"59343001","LILLE-LESQUIN",50.57,3.0975,47,1959042100,"","","","",4.,1,"","","","","","","","","","","","","","","","","","","","","","","","","","","","","","",1.,1,-1.4,1,"","","","","","","","","","","","","","","","","","","","","","","","","","",85,1,"","","","","","","","","","","","",5.5,1,1029.1,1,"","","","","","",0,1,"","",0,1,0,1,0,1,"","","","","","","","","","","","","","","","","","","","","","","","",10000,1,"","",2,1,0,1,"","","","","","","","","","","","","","","","","","","","","","","","","","","","","","","","","","","","","","","","","","","","","","","","","","","","","","","","","","","","","","","","","",""
"59343001","LILLE-LESQUIN",50.57,3.0975,47,1959042103,"","","","",0.,1,"","","","","","","","","","","","","","","","","","","","","","","","","","","","","","",-0.8,1,-1.9,1,"","","","","","","","","","","","","","","","","","","","","","","","","","",90,1,"","","","","","","","","","","","",5.3,1,1029.3,1,"","","","","","",0,1,"","",0,1,0,1,0,1,"","","","","","","","","","","","","","","","","","","","","","","","",10000,1,"","",2,1,0,1,"","","","","","","","","","","","","","","","","","","","","","","","","","","","","","","","","","","","","","","","","","","","","","","","","","","","","","","","","","","","","","","","","",""
"59343001","LILLE-LESQUIN",50.57,3.0975,47,1959042106,"","","","",1.,1,"","","","","","","","","","","","","","","","","","","","","","","","","","","","","","",-0.3,1,-1.4,1,"","","","","","","","","","","","","","","","","","","","","","","","","","",92,1,"","","","","","","","","","","","",5.5,1,1030.,1,"","","","","","",1,1,0,1,0,1,4,1,1,1,"","","","","","","","","","","","","","","","","","","","","","","","",2000,1,"","",10,1,0,1,"","",0,1,"","","","","","","","","","","","","","","","","","","","","","","","","","","","","","","","","","","","","","","","","","","","","","","","","","","","","","","","","","","","","",""
"59343001","LILLE-LESQUIN",50.57,3.0975,47,1959042109,"","","","",0.,1,"","","","","","","","","","","","","","","","","","","","","","","","","","","","","","",8.8,1,-1.4,1,"","","","","","","","","","","","","","","","","","","","","","","","","","",48,1,"","","","","","","","","","","","",5.5,1,1030.4,1,"","","","","","",1,1,0,1,1,1,4,1,0,1,"","","","","","","","","","","","","","","","","","","","","","","","",5000,1,"","",10,1,0,1,"","","","","","","","","","","","","","","","","","","","","","","","","","","","","","","","","","","","","","","","","","","","","","","","","","","","","","","","","","","","","","","","","",""
"59343001","LILLE-LESQUIN",50.57,3.0975,47,1959042112,"","","","",4.,1,"","","","","","","","","","","","","","","","","","","","","","","","","","","","","","",11.4,1,-0.7,1,"","","","","","","","","","","","","","","","","","","","","","","","","","",43,1,"","","","","","","","","","","","",5.8,1,1029.6,1,"","","","","","",1,1,0,1,1,1,0,1,0,1,"","","","","","","","","","","","","","","","","","","","","","","","",10000,1,"","",1,1,0,1,"","","","","","","","","","","","","","","","","","","","","","","","","","","","","","","","","","","","","","","","","","","","","","","","","","","","","","","","","","","","","","","","","",""
"59343001","LILLE-LESQUIN",50.57,3.0975,47,1959042115,"","","","",2.,1,"","","","","","","","","","","","","","","","","","","","","","","","","","","","","","",11.8,1,1.4,1,"","","","","","","","","","","","","","","","","","","","","","","","","","",49,1,"","","","","","","","","","","","",6.8,1,1028.7,1,"","","","","","",7,1,0,1,2,1,5,1,"","","","","","","","","","","","","","","","","","","","","","","","","","",20000,1,"","",3,1,1,1,"","","","","","","","","","","","","","","","","","","","","","","","","","","","","","","","","","","","","","","","","","","","","","","","","","","","","","","","","","","","","","","","","",""
"59343001","LILLE-LESQUIN",50.57,3.0975,47,1959042118,"","","","",2.,1,"","","","","","","","","","","","","","","","","","","","","","","","","","","","","","",11.4,1,3.7,1,"","","","","","","","","","","","","","","","","","","","","","","","","","",60,1,"","","","","","","","","","","","",8.,1,1028.5,1,"","","","","","",4,1,0,1,4,1,4,1,0,1,"","","","","","","","","","","","","","","","","","","","","","","","",6000,1,"","",1,1,1,1,"","","","","","","","","","","","","","","","","","","","","","","","","","","","","","","","","","","","","","","","","","","","","","","","","","","","","","","","","","","","","","","","","",""
"59343001","LILLE-LESQUIN",50.57,3.0975,47,1959042121,"","","","",2.,1,"","","","","","","","","","","","","","","","","","","","","","","","","","","","","","",7.1,1,3.5,1,"","","","","","","","","","","","","","","","","","","","","","","","","","",79,1,"","","","","","","","","","","","",7.9,1,1029.4,1,"","","","","","",6,1,6,1,5,1,0,1,0,1,"","","","","","","","","","","","","","","","","","","","","","","","",3000,1,"","",10,1,1,1,"","","","","","","","","","","","","","","","","","","","","","","","","","","","","","","","","","","","","","","","","","","","","","","","","","","","","","","","","","","","","","","","","",""
"59343001","LILLE-LESQUIN",50.57,3.0975,47,1959042200,"","","","",3.,1,"","","","","","","","","","","","","","","","","","","","","","","","","","","","","","",3.8,1,1.4,1,"","","","","","","","","","","","","","","","","","","","","","","","","","",85,1,"","","","","","","","","","","","",6.8,1,1028.6,1,"","","","","","",0,1,"","",0,1,0,1,0,1,"","","","","","","","","","","","","","","","","","","","","","","","",5000,1,"","",2,1,1,1,"","","","","","","","","","","","","","","","","","","","","","","","","","","","","","","","","","","","","","","","","","","","","","","","","","","","","","","","","","","","","","","","","",""
"59343001","LILLE-LESQUIN",50.57,3.0975,47,1959042203,"","","","",1.,1,"","","","","","","","","","","","","","","","","","","","","","","","","","","","","","",3.6,1,2.,1,"","","","","","","","","","","","","","","","","","","","","","","","","","",90,1,"","","","","","","","","","","","",7.1,1,1027.7,1,"","","","","","",7,1,7,1,0,1,5,1,"","","","","","","","","","","","","","","","","","","","","","","","","","",2000,1,"","",10,1,1,1,"","","","","","","","","","","","","","","","","","","","","","","","","","","","","","","","","","","","","","","","","","","","","","","","","","","","","","","","","","","","","","","","","",""
"59343001","LILLE-LESQUIN",50.57,3.0975,47,1959042206,"","","","",2.,1,"","","","","","","","","","","","","","","","","","","","","","","","","","","","","","",5.1,1,4.3,1,"","","","","","","","","","","","","","","","","","","","","","","","","","",95,1,"","","","","","","","","","","","",8.4,1,1027.3,1,"","","","","","",8,1,5,1,5,1,3,1,"","","","","","","","","","","","","","","","","","","","","","","","","","",1100,1,"","",10,1,1,1,"","",0,1,"","","","","","","","","","","","","","","","","","","","","","","","","","","","","","","","","","","","","","","","","","","","","","","","","","","","","","","","","","","","","",""
"59343001","LILLE-LESQUIN",50.57,3.0975,47,1959042209,"","","","",2.,1,"","","","","","","","","","","","","","","","","","","","","","","","","","","","","","",8.2,1,6.9,1,"","","","","","","","","","","","","","","","","","","","","","","","","","",93,1,"","","","","","","","","","","","",10.1,1,1027.4,1,"","","","","","",8,1,8,1,6,1,"","","","","","","","","","","","","","","","","","","","","","","","","","","","",1100,1,"","",10,1,2,1,"","","","","","","","","","","","","","","","","","","","","","","","","","","","","","","","","","","","","","","","","","","","","","","","","","","","","","","","","","","","","","","","","",""
"59343001","LILLE-LESQUIN",50.57,3.0975,47,1959042212,"","","","",2.,1,"","","","","","","","","","","","","","","","","","","","","","","","","","","","","","",12.2,1,8.,1,"","","","","","","","","","","","","","","","","","","","","","","","","","",76,1,"","","","","","","","","","","","",10.9,1,1026.3,1,"","","","","","",7,1,7,1,6,1,0,1,0,1,"","","","","","","","","","","","","","","","","","","","","","","","",1800,1,"","",10,1,2,1,"","","","","","","","","","","","","","","","","","","","","","","","","","","","","","","","","","","","","","","","","","","","","","","","","","","","","","","","","","","","","","","","","",""
"59343001","LILLE-LESQUIN",50.57,3.0975,47,1959042215,"","","","",2.,1,"","","","","","","","","","","","","","","","","","","","","","","","","","","","","","",12.6,1,9.,1,"","","","","","","","","","","","","","","","","","","","","","","","","","",80,1,"","","","","","","","","","","","",11.7,1,1024.5,1,"","","","","","",8,1,8,1,5,1,"","","","","","","","","","","","","","","","","","","","","","","","","","","","",1800,1,"","",10,1,2,1,"","","","","","","","","","","","","","","","","","","","","","","","","","","","","","","","","","","","","","","","","","","","","","","","","","","","","","","","","","","","","","","","","",""
"59343001","LILLE-LESQUIN",50.57,3.0975,47,1959042218,"","","","",0.,1,"","","","","","","","","","","","","","","","","","","","","","","","","","","","","","",14.,1,8.4,1,"","","","","","","","","","","","","","","","","","","","","","","","","","",70,1,"","","","","","","","","","","","",11.2,1,1023.6,1,"","","","","","",2,1,0,1,5,1,4,1,1,1,"","","","","","","","","","","","","","","","","","","","","","","","",3000,1,"","",10,1,1,1,"","","","","","","","","","","","","","","","","","","","","","","","","","","","","","","","","","","","","","","","","","","","","","","","","","","","","","","","","","","","","","","","","",""
"59343001","LILLE-LESQUIN",50.57,3.0975,47,1959042221,"","","","",1.,1,"","","","","","","","","","","","","","","","","","","","","","","","","","","","","","",8.1,1,7.3,1,"","","","","","","","","","","","","","","","","","","","","","","","","","",96,1,"","","","","","","","","","","","",10.4,1,1023.7,1,"","","","","","",7,1,7,1,0,1,0,1,6,1,"","","","","","","","","","","","","","","","","","","","","","","","",1600,1,"","",10,1,1,1,"","","","","","","","","","","","","","","","","","","","","","","","","","","","","","","","","","","","","","","","","","","","","","","","","","","","","","","","","","","","","","","","","",""
"59343001","LILLE-LESQUIN",50.57,3.0975,47,1959042300,"","","","",0.,1,"","","","","","","","","","","","","","","","","","","","","","","","","","","","","","",4.8,1,4.2,1,"","","","","","","","","","","","","","","","","","","","","","","","","","",97,1,"","","","","","","","","","","","",8.3,1,1022.9,1,"","","","","","",9,1,"","","","","","","","","","","","","","","","","","","","","","","","","","","","","","","","",60,1,"","",47,1,4,1,"","","","","","","","","","","","","","","","","","","","","","","","","","","","","","","","","","","","","","","","","","","","","","","","","","","","","","","","","","","","","","","","","",""
"59343001","LILLE-LESQUIN",50.57,3.0975,47,1959042303,"","","","",0.,1,"","","","","","","","","","","","","","","","","","","","","","","","","","","","","","",4.3,1,3.7,1,"","","","","","","","","","","","","","","","","","","","","","","","","","",97,1,"","","","","","","","","","","","",8.,1,1021.9,1,"","","","","","",9,1,"","","","","","","","","","","","","","","","","","","","","","","","","","","","","","","","",80,1,"","",45,1,4,1,"","","","","","","","","","","","","","","","","","","","","","","","","","","","","","","","","","","","","","","","","","","","","","","","","","","","","","","","","","","","","","","","","",""
"59343001","LILLE-LESQUIN",50.57,3.0975,47,1959042306,"","","","",0.,1,"","","","","","","","","","","","","","","","","","","","","","","","","","","","","","",5.6,1,5.,1,"","","","","","","","","","","","","","","","","","","","","","","","","","",97,1,"","","","","","","","","","","","",8.8,1,1021.4,1,"","","","","","",9,1,"","","","","","","","","","","","","","","","","","","","","","","","","","","","","","","","",40,1,"","",45,1,4,1,"","",0,1,"","","","","","","","","","","","","","","","","","","","","","","","","","","","","","","","","","","","","","","","","","","","","","","","","","","","","","","","","","","","","",""
"59343001","LILLE-LESQUIN",50.57,3.0975,47,1959042309,"","","","",0.,1,"","","","","","","","","","","","","","","","","","","","","","","","","","","","","","",9.8,1,9.2,1,"","","","","","","","","","","","","","","","","","","","","","","","","","",97,1,"","","","","","","","","","","","",11.8,1,1021.2,1,"","","","","","",6,1,6,1,6,1,0,1,0,1,"","","","","","","","","","","","","","","","","","","","","","","","",1200,1,"","",28,1,4,1,"","","","","","","","","","","","","","","","","","","","","","","","","","","","","","","","","","","","","","","","","","","","","","","","","","","","","","","","","","","","","","","","","",""
"59343001","LILLE-LESQUIN",50.57,3.0975,47,1959042312,"","","","",1.,1,"","","","","","","","","","","","","","","","","","","","","","","","","","","","","","",15.6,1,6.8,1,"","","","","","","","","","","","","","","","","","","","","","","","","","",56,1,"","","","","","","","","","","","",10.,1,1019.8,1,"","","","","","",3,1,0,1,1,1,0,1,1,1,"","","","","","","","","","","","","","","","","","","","","","","","","","","","",10,1,4,1,"","","","","","","","","","","","","","","","","","","","","","","","","","","","","","","","","","","","","","","","","","","","","","","","","","","","","","","","","","","","","","","","","",""
"59343001","LILLE-LESQUIN",50.57,3.0975,47,1959042315,"","","","",4.,1,"","","","","","","","","","","","","","","","","","","","","","","","","","","","","","",17.2,1,4.2,1,"","","","","","","","","","","","","","","","","","","","","","","","","","",42,1,"","","","","","","","","","","","",8.3,1,1018.2,1,"","","","","","",4,1,0,1,2,1,0,1,1,1,"","","","","","","","","","","","","","","","","","","","","","","","",10000,1,"","",2,1,0,1,"","","","","","","","","","","","","","","","","","","","","","","","","","","","","","","","","","","","","","","","","","","","","","","","","","","","","","","","","","","","","","","","","",""
"59343001","LILLE-LESQUIN",50.57,3.0975,47,1959042318,"","","","",5.,1,"","","","","","","","","","","","","","","","","","","","","","","","","","","","","","",14.4,1,7.2,1,"","","","","","","","","","","","","","","","","","","","","","","","","","",63,1,"","","","","","","","","","","","",10.3,1,1018.4,1,"","","","","","",2,1,0,1,0,1,0,1,1,1,"","","","","","","","","","","","","","","","","","","","","","","","",3000,1,"","",10,1,0,1,"","","","","","","","","","","","","","","","","","","","","","","","","","","","","","","","","","","","","","","","","","","","","","","","","","","","","","","","","","","","","","","","","",""
"59343001","LILLE-LESQUIN",50.57,3.0975,47,1959042321,"","","","",4.,1,"","","","","","","","","","","","","","","","","","","","","","","","","","","","","","",9.2,1,6.2,1,"","","","","","","","","","","","","","","","","","","","","","","","","","",83,1,"","","","","","","","","","","","",9.6,1,1019.5,1,"","","","","","",2,1,0,1,0,1,0,1,1,1,"","","","","","","","","","","","","","","","","","","","","","","","",1800,1,"","",10,1,0,1,"","","","","","","","","","","","","","","","","","","","","","","","","","","","","","","","","","","","","","","","","","","","","","","","","","","","","","","","","","","","","","","","","",""
"59343001","LILLE-LESQUIN",50.57,3.0975,47,1959042400,"","","","",3.,1,"","","","","","","","","","","","","","","","","","","","","","","","","","","","","","",7.6,1,5.8,1,"","","","","","","","","","","","","","","","","","","","","","","","","","",89,1,"","","","","","","","","","","","",9.3,1,1020.,1,"","","","","","",2,1,0,1,0,1,0,1,1,1,"","","","","","","","","","","","","","","","","","","","","","","","",1800,1,"","",10,1,0,1,"","","","","","","","","","","","","","","","","","","","","","","","","","","","","","","","","","","","","","","","","","","","","","","","","","","","","","","","","","","","","","","","","",""
"59343001","LILLE-LESQUIN",50.57,3.0975,47,1959042403,"","","","",1.,1,"","","","","","","","","","","","","","","","","","","","","","","","","","","","","","",6.2,1,4.7,1,"","","","","","","","","","","","","","","","","","","","","","","","","","",91,1,"","","","","","","","","","","","",8.6,1,1019.8,1,"","","","","","",0,1,"","",0,1,0,1,0,1,"","","","","","","","","","","","","","","","","","","","","","","","",1700,1,"","",10,1,0,1,"","","","","","","","","","","","","","","","","","","","","","","","","","","","","","","","","","","","","","","","","","","","","","","","","","","","","","","","","","","","","","","","","",""
"59343001","LILLE-LESQUIN",50.57,3.0975,47,1959042406,"","","","",1.,1,"","","","","","","","","","","","","","","","","","","","","","","","","","","","","","",5.6,1,4.5,1,"","","","","","","","","","","","","","","","","","","","","","","","","","",94,1,"","","","","","","","","","","","",8.5,1,1020.4,1,"","","","","","",0,1,"","",0,1,0,1,0,1,"","","","","","","","","","","","","","","","","","","","","","","","",1200,1,"","",10,1,0,1,"","",0,1,"","","","","","","","","","","","","","","","","","","","","","","","","","","","","","","","","","","","","","","","","","","","","","","","","","","","","","","","","","","","","",""
"59343001","LILLE-LESQUIN",50.57,3.0975,47,1959042409,"","","","",1.,1,"","","","","","","","","","","","","","","","","","","","","","","","","","","","","","",14.6,1,8.7,1,"","","","","","","","","","","","","","","","","","","","","","","","","","",69,1,"","","","","","","","","","","","",11.4,1,1020.6,1,"","","","","","",0,1,"","",0,1,0,1,0,1,"","","","","","","","","","","","","","","","","","","","","","","","",2000,1,"","",10,1,0,1,"","","","","","","","","","","","","","","","","","","","","","","","","","","","","","","","","","","","","","","","","","","","","","","","","","","","","","","","","","","","","","","","","",""
"59343001","LILLE-LESQUIN",50.57,3.0975,47,1959042412,"","","","",2.,1,"","","","","","","","","","","","","","","","","","","","","","","","","","","","","","",18.6,1,6.1,1,"","","","","","","","","","","","","","","","","","","","","","","","","","",44,1,"","","","","","","","","","","","",9.5,1,1019.7,1,"","","","","","",1,1,0,1,1,1,0,1,0,1,"","","","","","","","","","","","","","","","","","","","","","","","",12000,1,"","",2,1,0,1,"","","","","","","","","","","","","","","","","","","","","","","","","","","","","","","","","","","","","","","","","","","","","","","","","","","","","","","","","","","","","","","","","",""
"59343001","LILLE-LESQUIN",50.57,3.0975,47,1959042415,"","","","",3.,1,"","","","","","","","","","","","","","","","","","","","","","","","","","","","","","",19.1,1,6.1,1,"","","","","","","","","","","","","","","","","","","","","","","","","","",43,1,"","","","","","","","","","","","",9.5,1,1017.9,1,"","","","","","",2,1,0,1,2,1,0,1,0,1,"","","","","","","","","","","","","","","","","","","","","","","","",9000,1,"","",2,1,0,1,"","","","","","","","","","","","","","","","","","","","","","","","","","","","","","","","","","","","","","","","","","","","","","","","","","","","","","","","","","","","","","","","","",""
"59343001","LILLE-LESQUIN",50.57,3.0975,47,1959042418,"","","","",0.,1,"","","","","","","","","","","","","","","","","","","","","","","","","","","","","","",17.3,1,7.7,1,"","","","","","","","","","","","","","","","","","","","","","","","","","",54,1,"","","","","","","","","","","","",10.7,1,1017.5,1,"","","","","","",4,1,0,1,1,1,0,1,4,1,"","","","","","","","","","","","","","","","","","","","","","","","",9000,1,"","",3,1,0,1,"","","","","","","","","","","","","","","","","","","","","","","","","","","","","","","","","","","","","","","","","","","","","","","","","","","","","","","","","","","","","","","","","",""
"59343001","LILLE-LESQUIN",50.57,3.0975,47,1959042421,"","","","",1.,1,"","","","","","","","","","","","","","","","","","","","","","","","","","","","","","",11.7,1,6.1,1,"","","","","","","","","","","","","","","","","","","","","","","","","","",69,1,"","","","","","","","","","","","",9.5,1,1017.5,1,"","","","","","",0,1,"","",0,1,0,1,0,1,"","","","","","","","","","","","","","","","","","","","","","","","",5000,1,"","",1,1,0,1,"","","","","","","","","","","","","","","","","","","","","","","","","","","","","","","","","","","","","","","","","","","","","","","","","","","","","","","","","","","","","","","","","",""
"59343001","LILLE-LESQUIN",50.57,3.0975,47,1959042500,"","","","",2.,1,"","","","","","","","","","","","","","","","","","","","","","","","","","","","","","",8.9,1,5.3,1,"","","","","","","","","","","","","","","","","","","","","","","","","","",78,1,"","","","","","","","","","","","",9.,1,1016.5,1,"","","","","","",0,1,"","",0,1,0,1,0,1,"","","","","","","","","","","","","","","","","","","","","","","","",5000,1,"","",1,1,0,1,"","","","","","","","","","","","","","","","","","","","","","","","","","","","","","","","","","","","","","","","","","","","","","","","","","","","","","","","","","","","","","","","","",""
"59343001","LILLE-LESQUIN",50.57,3.0975,47,1959042503,"","","","",1.,1,"","","","","","","","","","","","","","","","","","","","","","","","","","","","","","",8.6,1,5.3,1,"","","","","","","","","","","","","","","","","","","","","","","","","","",81,1,"","","","","","","","","","","","",9.,1,1015.2,1,"","","","","","",7,1,7,1,0,1,5,1,"","","","","","","","","","","","","","","","","","","","","","","","","","",4000,1,"","",10,1,1,1,"","","","","","","","","","","","","","","","","","","","","","","","","","","","","","","","","","","","","","","","","","","","","","","","","","","","","","","","","","","","","","","","","",""
"59343001","LILLE-LESQUIN",50.57,3.0975,47,1959042506,"","","","",3.,1,"","","","","","","","","","","","","","","","","","","","","","","","","","","","","","",9.,1,4.8,1,"","","","","","","","","","","","","","","","","","","","","","","","","","",76,1,"","","","","","","","","","","","",8.7,1,1014.5,1,"","","","","","",7,1,7,1,0,1,4,1,6,1,"","","","","","","","","","","","","","","","","","","","","","","","",4000,1,"","",10,1,1,1,"","",0,1,"","","","","","","","","","","","","","","","","","","","","","","","","","","","","","","","","","","","","","","","","","","","","","","","","","","","","","","","","","","","","",""
"59343001","LILLE-LESQUIN",50.57,3.0975,47,1959042509,"","","","",6.,1,"","","","","","","","","","","","","","","","","","","","","","","","","","","","","","",14.,1,6.9,1,"","","","","","","","","","","","","","","","","","","","","","","","","","",63,1,"","","","","","","","","","","","",10.1,1,1014.,1,"","","","","","",8,1,8,1,0,1,4,1,7,1,"","","","","","","","","","","","","","","","","","","","","","","","",7000,1,"","",3,1,2,1,"","","","","","","","","","","","","","","","","","","","","","","","","","","","","","","","","","","","","","","","","","","","","","","","","","","","","","","","","","","","","","","","","",""
"59343001","LILLE-LESQUIN",50.57,3.0975,47,1959042512,"","","","",10.,1,"","","","","","","","","","","","","","","","","","","","","","","","","","","","","","",14.9,1,6.5,1,"","","","","","","","","","","","","","","","","","","","","","","","","","",58,1,"","","","","","","","","","","","",9.8,1,1012.8,1,"","","","","","",8,1,8,1,1,1,4,1,7,1,"","","","","","","","","","","","","","","","","","","","","","","","",9000,1,"","",2,1,2,1,"","","","","","","","","","","","","","","","","","","","","","","","","","","","","","","","","","","","","","","","","","","","","","","","","","","","","","","","","","","","","","","","","",""
"59343001","LILLE-LESQUIN",50.57,3.0975,47,1959042515,"","","","",10.,1,"","","","","","","","","","","","","","","","","","","","","","","","","","","","","","",14.3,1,6.5,1,"","","","","","","","","","","","","","","","","","","","","","","","","","",61,1,"","","","","","","","","","","","",9.8,1,1011.,1,"","","","","","",8,1,8,1,5,1,7,1,"","","","","","","","","","","","","","","","","","","","","","","","","","",10000,1,"","",2,1,2,1,"","","","","","","","","","","","","","","","","","","","","","","","","","","","","","","","","","","","","","","","","","","","","","","","","","","","","","","","","","","","","","","","","",""
"59343001","LILLE-LESQUIN",50.57,3.0975,47,1959042518,"","","","",9.,1,"","","","","","","","","","","","","","","","","","","","","","","","","","","","","","",13.5,1,7.3,1,"","","","","","","","","","","","","","","","","","","","","","","","","","",68,1,"","","","","","","","","","","","",10.4,1,1009.4,1,"","","","","","",8,1,8,1,0,1,7,1,"","","","","","","","","","","","","","","","","","","","","","","","","","",12000,1,"","",61,1,6,1,"","","","","","","","","","","","","","","","","","","","","","","","","","","","","","","","","","","","","","","","","","","","","","","","","","","","","","","","","","","","","","","","","",""
"59343001","LILLE-LESQUIN",50.57,3.0975,47,1959042521,"","","","",8.,1,"","","","","","","","","","","","","","","","","","","","","","","","","","","","","","",11.,1,8.1,1,"","","","","","","","","","","","","","","","","","","","","","","","","","",84,1,"","","","","","","","","","","","",11.,1,1008.4,1,"","","","","","",8,1,8,1,0,1,2,1,"","","","","","","","","","","","","","","","","","","","","","","","","","",10000,1,"","",61,1,6,1,"","","","","","","","","","","","","","","","","","","","","","","","","","","","","","","","","","","","","","","","","","","","","","","","","","","","","","","","","","","","","","","","","",""
"59343001","LILLE-LESQUIN",50.57,3.0975,47,1959042600,"","","","",10.,1,"","","","","","","","","","","","","","","","","","","","","","","","","","","","","","",11.2,1,8.8,1,"","","","","","","","","","","","","","","","","","","","","","","","","","",86,1,"","","","","","","","","","","","",11.5,1,1007.,1,"","","","","","",8,1,8,1,7,1,2,1,"","","","","","","","","","","","","","","","","","","","","","","","","","",10000,1,"","",61,1,6,1,"","","","","","","","","","","","","","","","","","","","","","","","","","","","","","","","","","","","","","","","","","","","","","","","","","","","","","","","","","","","","","","","","",""
"59343001","LILLE-LESQUIN",50.57,3.0975,47,1959042603,"","","","",9.,1,"","","","","","","","","","","","","","","","","","","","","","","","","","","","","","",10.8,1,9.2,1,"","","","","","","","","","","","","","","","","","","","","","","","","","",91,1,"","","","","","","","","","","","",11.8,1,1006.3,1,"","","","","","",8,1,5,1,7,1,2,1,"","","","","","","","","","","","","","","","","","","","","","","","","","",7000,1,"","",51,1,6,1,"","","","","","","","","","","","","","","","","","","","","","","","","","","","","","","","","","","","","","","","","","","","","","","","","","","","","","","","","","","","","","","","","",""
"59343001","LILLE-LESQUIN",50.57,3.0975,47,1959042606,"","","","",6.,1,"","","","","","","","","","","","","","","","","","","","","","","","","","","","","","",11.1,1,8.8,1,"","","","","","","","","","","","","","","","","","","","","","","","","","",88,1,"","","","","","","","","","","","",11.5,1,1006.3,1,"","","","","","",7,1,7,1,8,1,"","","","","","","","","","","","","","","","","","","","","","","","","","","","",15000,1,"","",2,1,6,1,"","",0,1,"","","","","","","","","","","","","","","","","","","","","","","","","","","","","","","","","","","","","","","","","","","","","","","","","","","","","","","","","","","","","",""
"59343001","LILLE-LESQUIN",50.57,3.0975,47,1959042609,"","","","",4.,1,"","","","","","","","","","","","","","","","","","","","","","","","","","","","","","",10.4,1,8.8,1,"","","","","","","","","","","","","","","","","","","","","","","","","","",91,1,"","","","","","","","","","","","",11.5,1,1006.3,1,"","","","","","",7,1,5,1,8,1,7,1,2,1,"","","","","","","","","","","","","","","","","","","","","","","","",10000,1,"","",20,1,5,1,"","","","","","","","","","","","","","","","","","","","","","","","","","","","","","","","","","","","","","","","","","","","","","","","","","","","","","","","","","","","","","","","","",""
"59343001","LILLE-LESQUIN",50.57,3.0975,47,1959042612,"","","","",7.,1,"","","","","","","","","","","","","","","","","","","","","","","","","","","","","","",13.8,1,5.8,1,"","","","","","","","","","","","","","","","","","","","","","","","","","",59,1,"","","","","","","","","","","","",9.3,1,1005.3,1,"","","","","","",7,1,5,1,3,1,0,1,2,1,"","","","","","","","","","","","","","","","","","","","","","","","",40000,1,"","",3,1,5,1,"","","","","","","","","","","","","","","","","","","","","","","","","","","","","","","","","","","","","","","","","","","","","","","","","","","","","","","","","","","","","","","","","",""
"59343001","LILLE-LESQUIN",50.57,3.0975,47,1959042615,"","","","",7.,1,"","","","","","","","","","","","","","","","","","","","","","","","","","","","","","",14.6,1,6.8,1,"","","","","","","","","","","","","","","","","","","","","","","","","","",60,1,"","","","","","","","","","","","",10.,1,1004.3,1,"","","","","","",5,1,0,1,8,1,0,1,0,1,"","","","","","","","","","","","","","","","","","","","","","","","",40000,1,"","",2,1,2,1,"","","","","","","","","","","","","","","","","","","","","","","","","","","","","","","","","","","","","","","","","","","","","","","","","","","","","","","","","","","","","","","","","",""
"59343001","LILLE-LESQUIN",50.57,3.0975,47,1959042618,"","","","",4.,1,"","","","","","","","","","","","","","","","","","","","","","","","","","","","","","",11.2,1,6.8,1,"","","","","","","","","","","","","","","","","","","","","","","","","","",75,1,"","","","","","","","","","","","",10.,1,1004.3,1,"","","","","","",5,1,0,1,8,1,6,1,2,1,"","","","","","","","","","","","","","","","","","","","","","","","",20000,1,"","",1,1,8,1,"","","","","","","","","","","","","","","","","","","","","","","","","","","","","","","","","","","","","","","","","","","","","","","","","","","","","","","","","","","","","","","","","",""
"59343001","LILLE-LESQUIN",50.57,3.0975,47,1959042621,"","","","",6.,1,"","","","","","","","","","","","","","","","","","","","","","","","","","","","","","",9.4,1,6.2,1,"","","","","","","","","","","","","","","","","","","","","","","","","","",82,1,"","","","","","","","","","","","",9.6,1,1004.8,1,"","","","","","",7,1,5,1,3,1,"","","","","","","","","","","","","","","","","","","","","","","","","","","","",12000,1,"","",25,1,8,1,"","","","","","","","","","","","","","","","","","","","","","","","","","","","","","","","","","","","","","","","","","","","","","","","","","","","","","","","","","","","","","","","","",""
"59343001","LILLE-LESQUIN",50.57,3.0975,47,1959042700,"","","","",6.,1,"","","","","","","","","","","","","","","","","","","","","","","","","","","","","","",8.8,1,6.4,1,"","","","","","","","","","","","","","","","","","","","","","","","","","",85,1,"","","","","","","","","","","","",9.7,1,1004.8,1,"","","","","","",7,1,7,1,5,1,"","","","","","","","","","","","","","","","","","","","","","","","","","","","",12000,1,"","",3,1,8,1,"","","","","","","","","","","","","","","","","","","","","","","","","","","","","","","","","","","","","","","","","","","","","","","","","","","","","","","","","","","","","","","","","",""
"59343001","LILLE-LESQUIN",50.57,3.0975,47,1959042703,"","","","",10.,1,"","","","","","","","","","","","","","","","","","","","","","","","","","","","","","",8.,1,5.3,1,"","","","","","","","","","","","","","","","","","","","","","","","","","",83,1,"","","","","","","","","","","","",9.,1,1004.4,1,"","","","","","",7,1,7,1,5,1,"","","","","","","","","","","","","","","","","","","","","","","","","","","","",10000,1,"","",2,1,2,1,"","","","","","","","","","","","","","","","","","","","","","","","","","","","","","","","","","","","","","","","","","","","","","","","","","","","","","","","","","","","","","","","","",""
"59343001","LILLE-LESQUIN",50.57,3.0975,47,1959042706,"","","","",7.,1,"","","","","","","","","","","","","","","","","","","","","","","","","","","","","","",8.2,1,5.5,1,"","","","","","","","","","","","","","","","","","","","","","","","","","",83,1,"","","","","","","","","","","","",9.1,1,1005.9,1,"","","","","","",6,1,0,1,8,1,4,1,0,1,"","","","","","","","","","","","","","","","","","","","","","","","",15000,1,"","",3,1,1,1,"","",0,1,"","","","","","","","","","","","","","","","","","","","","","","","","","","","","","","","","","","","","","","","","","","","","","","","","","","","","","","","","","","","","",""
"59343001","LILLE-LESQUIN",50.57,3.0975,47,1959042709,"","","","",9.,1,"","","","","","","","","","","","","","","","","","","","","","","","","","","","","","",10.8,1,6.2,1,"","","","","","","","","","","","","","","","","","","","","","","","","","",74,1,"","","","","","","","","","","","",9.6,1,1006.6,1,"","","","","","",6,1,0,1,8,1,0,1,0,1,"","","","","","","","","","","","","","","","","","","","","","","","",15000,1,"","",1,1,2,1,"","","","","","","","","","","","","","","","","","","","","","","","","","","","","","","","","","","","","","","","","","","","","","","","","","","","","","","","","","","","","","","","","",""
"59343001","LILLE-LESQUIN",50.57,3.0975,47,1959042712,"","","","",10.,1,"","","","","","","","","","","","","","","","","","","","","","","","","","","","","","",13.3,1,4.3,1,"","","","","","","","","","","","","","","","","","","","","","","","","","",55,1,"","","","","","","","","","","","",8.4,1,1005.9,1,"","","","","","",7,1,7,1,2,1,0,1,2,1,"","","","","","","","","","","","","","","","","","","","","","","","",30000,1,"","",2,1,2,1,"","","","","","","","","","","","","","","","","","","","","","","","","","","","","","","","","","","","","","","","","","","","","","","","","","","","","","","","","","","","","","","","","",""
"59343001","LILLE-LESQUIN",50.57,3.0975,47,1959042715,"","","","",9.,1,"","","","","","","","","","","","","","","","","","","","","","","","","","","","","","",12.8,1,5.,1,"","","","","","","","","","","","","","","","","","","","","","","","","","",59,1,"","","","","","","","","","","","",8.8,1,1004.8,1,"","","","","","",7,1,6,1,9,1,0,1,4,1,"","","","","","","","","","","","","","","","","","","","","","","","",30000,1,"","",3,1,2,1,"","","","","","","","","","","","","","","","","","","","","","","","","","","","","","","","","","","","","","","","","","","","","","","","","","","","","","","","","","","","","","","","","",""
"59343001","LILLE-LESQUIN",50.57,3.0975,47,1959042718,"","","","",7.,1,"","","","","","","","","","","","","","","","","","","","","","","","","","","","","","",12.4,1,5.8,1,"","","","","","","","","","","","","","","","","","","","","","","","","","",64,1,"","","","","","","","","","","","",9.3,1,1003.6,1,"","","","","","",8,1,8,1,4,1,5,1,6,1,"","","","","","","","","","","","","","","","","","","","","","","","",20000,1,"","",1,1,8,1,"","","","","","","","","","","","","","","","","","","","","","","","","","","","","","","","","","","","","","","","","","","","","","","","","","","","","","","","","","","","","","","","","",""
"59343001","LILLE-LESQUIN",50.57,3.0975,47,1959042721,"","","","",6.,1,"","","","","","","","","","","","","","","","","","","","","","","","","","","","","","",10.7,1,7.1,1,"","","","","","","","","","","","","","","","","","","","","","","","","","",79,1,"","","","","","","","","","","","",10.2,1,1003.2,1,"","","","","","",4,1,0,1,5,1,0,1,0,1,"","","","","","","","","","","","","","","","","","","","","","","","",15000,1,"","",1,1,1,1,"","","","","","","","","","","","","","","","","","","","","","","","","","","","","","","","","","","","","","","","","","","","","","","","","","","","","","","","","","","","","","","","","",""
"59343001","LILLE-LESQUIN",50.57,3.0975,47,1959042800,"","","","",4.,1,"","","","","","","","","","","","","","","","","","","","","","","","","","","","","","",9.6,1,7.7,1,"","","","","","","","","","","","","","","","","","","","","","","","","","",90,1,"","","","","","","","","","","","",10.7,1,1002.2,1,"","","","","","",6,1,6,1,5,1,0,1,0,1,"","","","","","","","","","","","","","","","","","","","","","","","",12000,1,"","",2,1,8,1,"","","","","","","","","","","","","","","","","","","","","","","","","","","","","","","","","","","","","","","","","","","","","","","","","","","","","","","","","","","","","","","","","",""
"59343001","LILLE-LESQUIN",50.57,3.0975,47,1959042803,"","","","",7.,1,"","","","","","","","","","","","","","","","","","","","","","","","","","","","","","",9.4,1,7.7,1,"","","","","","","","","","","","","","","","","","","","","","","","","","",91,1,"","","","","","","","","","","","",10.7,1,1001.1,1,"","","","","","",8,1,8,1,5,1,"","","","","","","","","","","","","","","","","","","","","","","","","","","","",10000,1,"","",60,1,2,1,"","","","","","","","","","","","","","","","","","","","","","","","","","","","","","","","","","","","","","","","","","","","","","","","","","","","","","","","","","","","","","","","","",""
"59343001","LILLE-LESQUIN",50.57,3.0975,47,1959042806,"","","","",6.,1,"","","","","","","","","","","","","","","","","","","","","","","","","","","","","","",9.4,1,8.,1,"","","","","","","","","","","","","","","","","","","","","","","","","","",92,1,"","","","","","","","","","","","",10.9,1,1000.8,1,"","","","","","",8,1,7,1,7,1,"","","","","","","","","","","","","","","","","","","","","","","","","","","","",7000,1,"","",60,1,6,1,"","",0,1,"","","","","","","","","","","","","","","","","","","","","","","","","","","","","","","","","","","","","","","","","","","","","","","","","","","","","","","","","","","","","",""
"59343001","LILLE-LESQUIN",50.57,3.0975,47,1959042809,"","","","",6.,1,"","","","","","","","","","","","","","","","","","","","","","","","","","","","","","",9.2,1,7.7,1,"","","","","","","","","","","","","","","","","","","","","","","","","","",92,1,"","","","","","","","","","","","",10.7,1,1001.8,1,"","","","","","",8,1,8,1,8,1,2,1,"","","","","","","","","","","","","","","","","","","","","","","","","","",6000,1,"","",60,1,6,1,"","","","","","","","","","","","","","","","","","","","","","","","","","","","","","","","","","","","","","","","","","","","","","","","","","","","","","","","","","","","","","","","","",""
"59343001","LILLE-LESQUIN",50.57,3.0975,47,1959042812,"","","","",4.,1,"","","","","","","","","","","","","","","","","","","","","","","","","","","","","","",11.,1,8.1,1,"","","","","","","","","","","","","","","","","","","","","","","","","","",84,1,"","","","","","","","","","","","",11.,1,1002.7,1,"","","","","","",8,1,5,1,2,1,2,1,"","","","","","","","","","","","","","","","","","","","","","","","","","",6000,1,"","",61,1,6,1,"","","","","","","","","","","","","","","","","","","","","","","","","","","","","","","","","","","","","","","","","","","","","","","","","","","","","","","","","","","","","","","","","",""
"59343001","LILLE-LESQUIN",50.57,3.0975,47,1959042815,"","","","",7.,1,"","","","","","","","","","","","","","","","","","","","","","","","","","","","","","",13.1,1,4.3,1,"","","","","","","","","","","","","","","","","","","","","","","","","","",56,1,"","","","","","","","","","","","",8.4,1,1003.6,1,"","","","","","",5,1,5,1,2,1,0,1,0,1,"","","","","","","","","","","","","","","","","","","","","","","","",40000,1,"","",1,1,6,1,"","","","","","","","","","","","","","","","","","","","","","","","","","","","","","","","","","","","","","","","","","","","","","","","","","","","","","","","","","","","","","","","","",""
"59343001","LILLE-LESQUIN",50.57,3.0975,47,1959042818,"","","","",6.,1,"","","","","","","","","","","","","","","","","","","","","","","","","","","","","","",11.4,1,4.5,1,"","","","","","","","","","","","","","","","","","","","","","","","","","",63,1,"","","","","","","","","","","","",8.5,1,1005.2,1,"","","","","","",1,1,0,1,1,1,0,1,0,1,"","","","","","","","","","","","","","","","","","","","","","","","",30000,1,"","",1,1,6,1,"","","","","","","","","","","","","","","","","","","","","","","","","","","","","","","","","","","","","","","","","","","","","","","","","","","","","","","","","","","","","","","","","",""
"59343001","LILLE-LESQUIN",50.57,3.0975,47,1959042821,"","","","",3.,1,"","","","","","","","","","","","","","","","","","","","","","","","","","","","","","",5.3,1,3.7,1,"","","","","","","","","","","","","","","","","","","","","","","","","","",89,1,"","","","","","","","","","","","",8.,1,1007.3,1,"","","","","","",0,1,"","",0,1,0,1,0,1,"","","","","","","","","","","","","","","","","","","","","","","","",12000,1,"","",2,1,0,1,"","","","","","","","","","","","","","","","","","","","","","","","","","","","","","","","","","","","","","","","","","","","","","","","","","","","","","","","","","","","","","","","","",""
"59343001","LILLE-LESQUIN",50.57,3.0975,47,1959042900,"","","","",0.,1,"","","","","","","","","","","","","","","","","","","","","","","","","","","","","","",3.4,1,2.6,1,"","","","","","","","","","","","","","","","","","","","","","","","","","",95,1,"","","","","","","","","","","","",7.4,1,1007.6,1,"","","","","","",0,1,"","",0,1,0,1,0,1,"","","","","","","","","","","","","","","","","","","","","","","","",10000,1,"","",2,1,0,1,"","","","","","","","","","","","","","","","","","","","","","","","","","","","","","","","","","","","","","","","","","","","","","","","","","","","","","","","","","","","","","","","","",""
"59343001","LILLE-LESQUIN",50.57,3.0975,47,1959042903,"","","","",0.,1,"","","","","","","","","","","","","","","","","","","","","","","","","","","","","","",2.1,1,1.4,1,"","","","","","","","","","","","","","","","","","","","","","","","","","",96,1,"","","","","","","","","","","","",6.8,1,1007.3,1,"","","","","","",2,1,0,1,5,1,0,1,1,1,"","","","","","","","","","","","","","","","","","","","","","","","",10000,1,"","",3,1,0,1,"","","","","","","","","","","","","","","","","","","","","","","","","","","","","","","","","","","","","","","","","","","","","","","","","","","","","","","","","","","","","","","","","",""
"59343001","LILLE-LESQUIN",50.57,3.0975,47,1959042906,"","","","",3.,1,"","","","","","","","","","","","","","","","","","","","","","","","","","","","","","",4.4,1,3.3,1,"","","","","","","","","","","","","","","","","","","","","","","","","","",93,1,"","","","","","","","","","","","",7.8,1,1006.2,1,"","","","","","",8,1,7,1,5,1,7,1,"","","","","","","","","","","","","","","","","","","","","","","","","","",3500,1,"","",10,1,2,1,"","",0,1,"","","","","","","","","","","","","","","","","","","","","","","","","","","","","","","","","","","","","","","","","","","","","","","","","","","","","","","","","","","","","",""
"59343001","LILLE-LESQUIN",50.57,3.0975,47,1959042909,"","","","",5.,1,"","","","","","","","","","","","","","","","","","","","","","","","","","","","","","",10.,1,6.2,1,"","","","","","","","","","","","","","","","","","","","","","","","","","",78,1,"","","","","","","","","","","","",9.6,1,1005.1,1,"","","","","","",8,1,8,1,0,1,2,1,"","","","","","","","","","","","","","","","","","","","","","","","","","",5000,1,"","",10,1,2,1,"","","","","","","","","","","","","","","","","","","","","","","","","","","","","","","","","","","","","","","","","","","","","","","","","","","","","","","","","","","","","","","","","",""
"59343001","LILLE-LESQUIN",50.57,3.0975,47,1959042912,"","","","",7.,1,"","","","","","","","","","","","","","","","","","","","","","","","","","","","","","",12.8,1,5.8,1,"","","","","","","","","","","","","","","","","","","","","","","","","","",63,1,"","","","","","","","","","","","",9.3,1,1003.6,1,"","","","","","",8,1,8,1,5,1,2,1,"","","","","","","","","","","","","","","","","","","","","","","","","","",7000,1,"","",2,1,2,1,"","","","","","","","","","","","","","","","","","","","","","","","","","","","","","","","","","","","","","","","","","","","","","","","","","","","","","","","","","","","","","","","","",""
"59343001","LILLE-LESQUIN",50.57,3.0975,47,1959042915,"","","","",8.,1,"","","","","","","","","","","","","","","","","","","","","","","","","","","","","","",10.6,1,5.6,1,"","","","","","","","","","","","","","","","","","","","","","","","","","",71,1,"","","","","","","","","","","","",9.2,1,1001.9,1,"","","","","","",8,1,8,1,5,1,7,1,"","","","","","","","","","","","","","","","","","","","","","","","","","",6000,1,"","",60,1,6,1,"","","","","","","","","","","","","","","","","","","","","","","","","","","","","","","","","","","","","","","","","","","","","","","","","","","","","","","","","","","","","","","","","",""
"59343001","LILLE-LESQUIN",50.57,3.0975,47,1959042918,"","","","",8.,1,"","","","","","","","","","","","","","","","","","","","","","","","","","","","","","",9.2,1,6.4,1,"","","","","","","","","","","","","","","","","","","","","","","","","","",84,1,"","","","","","","","","","","","",9.7,1,1000.8,1,"","","","","","",8,1,8,1,7,1,7,1,"","","","","","","","","","","","","","","","","","","","","","","","","","",5000,1,"","",61,1,6,1,"","","","","","","","","","","","","","","","","","","","","","","","","","","","","","","","","","","","","","","","","","","","","","","","","","","","","","","","","","","","","","","","","",""
"59343001","LILLE-LESQUIN",50.57,3.0975,47,1959042921,"","","","",9.,1,"","","","","","","","","","","","","","","","","","","","","","","","","","","","","","",9.,1,8.,1,"","","","","","","","","","","","","","","","","","","","","","","","","","",95,1,"","","","","","","","","","","","",10.9,1,1001.,1,"","","","","","",8,1,7,1,7,1,"","","","","","","","","","","","","","","","","","","","","","","","","","","","",2500,1,"","",59,1,6,1,"","","","","","","","","","","","","","","","","","","","","","","","","","","","","","","","","","","","","","","","","","","","","","","","","","","","","","","","","","","","","","","","","",""
"59343001","LILLE-LESQUIN",50.57,3.0975,47,1959043000,"","","","",8.,1,"","","","","","","","","","","","","","","","","","","","","","","","","","","","","","",9.2,1,8.1,1,"","","","","","","","","","","","","","","","","","","","","","","","","","",95,1,"","","","","","","","","","","","",11.,1,1000.8,1,"","","","","","",8,1,8,1,7,1,"","","","","","","","","","","","","","","","","","","","","","","","","","","","",3000,1,"","",58,1,6,1,"","","","","","","","","","","","","","","","","","","","","","","","","","","","","","","","","","","","","","","","","","","","","","","","","","","","","","","","","","","","","","","","","",""
"59343001","LILLE-LESQUIN",50.57,3.0975,47,1959043003,"","","","",7.,1,"","","","","","","","","","","","","","","","","","","","","","","","","","","","","","",9.5,1,8.7,1,"","","","","","","","","","","","","","","","","","","","","","","","","","",96,1,"","","","","","","","","","","","",11.4,1,1001.1,1,"","","","","","",8,1,8,1,6,1,"","","","","","","","","","","","","","","","","","","","","","","","","","","","",2500,1,"","",51,1,6,1,"","","","","","","","","","","","","","","","","","","","","","","","","","","","","","","","","","","","","","","","","","","","","","","","","","","","","","","","","","","","","","","","","",""
"59343001","LILLE-LESQUIN",50.57,3.0975,47,1959043006,"","","","",6.,1,"","","","","","","","","","","","","","","","","","","","","","","","","","","","","","",9.6,1,8.8,1,"","","","","","","","","","","","","","","","","","","","","","","","","","",96,1,"","","","","","","","","","","","",11.5,1,1003.6,1,"","","","","","",8,1,8,1,6,1,"","","","","","","","","","","","","","","","","","","","","","","","","","","","",1400,1,"","",51,1,6,1,"","",0,1,"","","","","","","","","","","","","","","","","","","","","","","","","","","","","","","","","","","","","","","","","","","","","","","","","","","","","","","","","","","","","",""
"59343001","LILLE-LESQUIN",50.57,3.0975,47,1959043009,"","","","",1.,1,"","","","","","","","","","","","","","","","","","","","","","","","","","","","","","",11.4,1,9.9,1,"","","","","","","","","","","","","","","","","","","","","","","","","","",93,1,"","","","","","","","","","","","",12.4,1,1006.8,1,"","","","","","",8,1,8,1,6,1,"","","","","","","","","","","","","","","","","","","","","","","","","","","","",2000,1,"","",10,1,5,1,"","","","","","","","","","","","","","","","","","","","","","","","","","","","","","","","","","","","","","","","","","","","","","","","","","","","","","","","","","","","","","","","","",""
"59343001","LILLE-LESQUIN",50.57,3.0975,47,1959043012,"","","","",9.,1,"","","","","","","","","","","","","","","","","","","","","","","","","","","","","","",10.3,1,8.8,1,"","","","","","","","","","","","","","","","","","","","","","","","","","",92,1,"","","","","","","","","","","","",11.5,1,1010.1,1,"","","","","","",8,1,8,1,6,1,"","","","","","","","","","","","","","","","","","","","","","","","","","","","",2500,1,"","",60,1,5,1,"","","","","","","","","","","","","","","","","","","","","","","","","","","","","","","","","","","","","","","","","","","","","","","","","","","","","","","","","","","","","","","","","",""
"59343001","LILLE-LESQUIN",50.57,3.0975,47,1959043015,"","","","",13.,1,"","","","","","","","","","","","","","","","","","","","","","","","","","","","","","",8.7,1,7.2,1,"","","","","","","","","","","","","","","","","","","","","","","","","","",92,1,"","","","","","","","","","","","",10.3,1,1013.2,1,"","","","","","",8,1,8,1,7,1,"","","","","","","","","","","","","","","","","","","","","","","","","","","","",3000,1,"","",61,1,6,1,"","","","","","","","","","","","","","","","","","","","","","","","","","","","","","","","","","","","","","","","","","","","","","","","","","","","","","","","","","","","","","","","","",""
"59343001","LILLE-LESQUIN",50.57,3.0975,47,1959043018,"","","","",11.,1,"","","","","","","","","","","","","","","","","","","","","","","","","","","","","","",8.2,1,5.8,1,"","","","","","","","","","","","","","","","","","","","","","","","","","",86,1,"","","","","","","","","","","","",9.3,1,1016.1,1,"","","","","","",8,1,8,1,7,1,"","","","","","","","","","","","","","","","","","","","","","","","","","","","",4000,1,"","",60,1,6,1,"","","","","","","","","","","","","","","","","","","","","","","","","","","","","","","","","","","","","","","","","","","","","","","","","","","","","","","","","","","","","","","","","",""
"59343001","LILLE-LESQUIN",50.57,3.0975,47,1959043021,"","","","",10.,1,"","","","","","","","","","","","","","","","","","","","","","","","","","","","","","",8.1,1,5.6,1,"","","","","","","","","","","","","","","","","","","","","","","","","","",85,1,"","","","","","","","","","","","",9.2,1,1018.6,1,"","","","","","",8,1,7,1,6,1,"","","","","","","","","","","","","","","","","","","","","","","","","","","","",12000,1,"","",2,1,6,1,"","","","","","","","","","","","","","","","","","","","","","","","","","","","","","","","","","","","","","","","","","","","","","","","","","","","","","","","","","","","","","","","","",""
"59343001","LILLE-LESQUIN",50.57,3.0975,47,1959050100,"","","","",8.,1,"","","","","","","","","","","","","","","","","","","","","","","","","","","","","","",7.8,1,5.5,1,"","","","","","","","","","","","","","","","","","","","","","","","","","",86,1,"","","","","","","","","","","","",9.1,1,1019.7,1,"","","","","","",8,1,8,1,6,1,"","","","","","","","","","","","","","","","","","","","","","","","","","","","",12000,1,"","",2,1,6,1,"","","","","","","","","","","","","","","","","","","","","","","","","","","","","","","","","","","","","","","","","","","","","","","","","","","","","","","","","","","","","","","","","",""
"59343001","LILLE-LESQUIN",50.57,3.0975,47,1959050103,"","","","",7.,1,"","","","","","","","","","","","","","","","","","","","","","","","","","","","","","",6.6,1,4.7,1,"","","","","","","","","","","","","","","","","","","","","","","","","","",88,1,"","","","","","","","","","","","",8.6,1,1020.6,1,"","","","","","",2,1,0,1,5,1,0,1,0,1,"","","","","","","","","","","","","","","","","","","","","","","","",20000,1,"","",1,1,1,1,"","","","","","","","","","","","","","","","","","","","","","","","","","","","","","","","","","","","","","","","","","","","","","","","","","","","","","","","","","","","","","","","","",""
"59343001","LILLE-LESQUIN",50.57,3.0975,47,1959050106,"","","","",7.,1,"","","","","","","","","","","","","","","","","","","","","","","","","","","","","","",6.8,1,4.8,1,"","","","","","","","","","","","","","","","","","","","","","","","","","",88,1,"","","","","","","","","","","","",8.7,1,1022.2,1,"","","","","","",2,1,0,1,5,1,3,1,0,1,"","","","","","","","","","","","","","","","","","","","","","","","",12000,1,"","",1,1,1,1,"","",0,1,"","","","","","","","","","","","","","","","","","","","","","","","","","","","","","","","","","","","","","","","","","","","","","","","","","","","","","","","","","","","","",""
"59343001","LILLE-LESQUIN",50.57,3.0975,47,1959050109,"","","","",7.,1,"","","","","","","","","","","","","","","","","","","","","","","","","","","","","","",11.2,1,4.,1,"","","","","","","","","","","","","","","","","","","","","","","","","","",62,1,"","","","","","","","","","","","",8.2,1,1023.2,1,"","","","","","",2,1,0,1,1,1,0,1,1,1,"","","","","","","","","","","","","","","","","","","","","","","","",25000,1,"","",3,1,0,1,"","","","","","","","","","","","","","","","","","","","","","","","","","","","","","","","","","","","","","","","","","","","","","","","","","","","","","","","","","","","","","","","","",""
"59343001","LILLE-LESQUIN",50.57,3.0975,47,1959050112,"","","","",5.,1,"","","","","","","","","","","","","","","","","","","","","","","","","","","","","","",13.2,1,4.8,1,"","","","","","","","","","","","","","","","","","","","","","","","","","",57,1,"","","","","","","","","","","","",8.7,1,1023.1,1,"","","","","","",5,1,5,1,2,1,0,1,1,1,"","","","","","","","","","","","","","","","","","","","","","","","",15000,1,"","",3,1,1,1,"","","","","","","","","","","","","","","","","","","","","","","","","","","","","","","","","","","","","","","","","","","","","","","","","","","","","","","","","","","","","","","","","",""
"59343001","LILLE-LESQUIN",50.57,3.0975,47,1959050115,"","","","",7.,1,"","","","","","","","","","","","","","","","","","","","","","","","","","","","","","",13.5,1,2.6,1,"","","","","","","","","","","","","","","","","","","","","","","","","","",47,1,"","","","","","","","","","","","",7.4,1,1022.5,1,"","","","","","",5,1,5,1,1,1,0,1,4,1,"","","","","","","","","","","","","","","","","","","","","","","","",20000,1,"","",1,1,2,1,"","","","","","","","","","","","","","","","","","","","","","","","","","","","","","","","","","","","","","","","","","","","","","","","","","","","","","","","","","","","","","","","","",""
"59343001","LILLE-LESQUIN",50.57,3.0975,47,1959050118,"","","","",8.,1,"","","","","","","","","","","","","","","","","","","","","","","","","","","","","","",12.1,1,5.3,1,"","","","","","","","","","","","","","","","","","","","","","","","","","",64,1,"","","","","","","","","","","","",9.,1,1022.,1,"","","","","","",6,1,5,1,4,1,0,1,4,1,"","","","","","","","","","","","","","","","","","","","","","","","",25000,1,"","",1,1,2,1,"","","","","","","","","","","","","","","","","","","","","","","","","","","","","","","","","","","","","","","","","","","","","","","","","","","","","","","","","","","","","","","","","",""
"59343001","LILLE-LESQUIN",50.57,3.0975,47,1959050121,"","","","",4.,1,"","","","","","","","","","","","","","","","","","","","","","","","","","","","","","",9.,1,5.6,1,"","","","","","","","","","","","","","","","","","","","","","","","","","",85,1,"","","","","","","","","","","","",9.2,1,1021.8,1,"","","","","","",7,1,6,1,5,1,"","","","","","","","","","","","","","","","","","","","","","","","","","","","",15000,1,"","",3,1,2,1,"","","","","","","","","","","","","","","","","","","","","","","","","","","","","","","","","","","","","","","","","","","","","","","","","","","","","","","","","","","","","","","","","",""
"59343001","LILLE-LESQUIN",50.57,3.0975,47,1959050200,"","","","",4.,1,"","","","","","","","","","","","","","","","","","","","","","","","","","","","","","",9.2,1,7.1,1,"","","","","","","","","","","","","","","","","","","","","","","","","","",88,1,"","","","","","","","","","","","",10.2,1,1020.8,1,"","","","","","",7,1,6,1,5,1,"","","","","","","","","","","","","","","","","","","","","","","","","","","","",15000,1,"","",2,1,2,1,"","","","","","","","","","","","","","","","","","","","","","","","","","","","","","","","","","","","","","","","","","","","","","","","","","","","","","","","","","","","","","","","","",""
"59343001","LILLE-LESQUIN",50.57,3.0975,47,1959050203,"","","","",3.,1,"","","","","","","","","","","","","","","","","","","","","","","","","","","","","","",8.,1,6.5,1,"","","","","","","","","","","","","","","","","","","","","","","","","","",91,1,"","","","","","","","","","","","",9.8,1,1020.,1,"","","","","","",8,1,5,1,3,1,"","","","","","","","","","","","","","","","","","","","","","","","","","","","",15000,1,"","",25,1,8,1,"","","","","","","","","","","","","","","","","","","","","","","","","","","","","","","","","","","","","","","","","","","","","","","","","","","","","","","","","","","","","","","","","",""
"59343001","LILLE-LESQUIN",50.57,3.0975,47,1959050206,"","","","",4.,1,"","","","","","","","","","","","","","","","","","","","","","","","","","","","","","",6.3,1,5.1,1,"","","","","","","","","","","","","","","","","","","","","","","","","","",93,1,"","","","","","","","","","","","",8.9,1,1021.3,1,"","","","","","",2,1,0,1,1,1,0,1,0,1,"","","","","","","","","","","","","","","","","","","","","","","","",7000,1,"","",2,1,8,1,"","",0,1,"","","","","","","","","","","","","","","","","","","","","","","","","","","","","","","","","","","","","","","","","","","","","","","","","","","","","","","","","","","","","",""
"59343001","LILLE-LESQUIN",50.57,3.0975,47,1959050209,"","","","",7.,1,"","","","","","","","","","","","","","","","","","","","","","","","","","","","","","",10.7,1,5.1,1,"","","","","","","","","","","","","","","","","","","","","","","","","","",69,1,"","","","","","","","","","","","",8.9,1,1021.8,1,"","","","","","",6,1,6,1,2,1,0,1,0,1,"","","","","","","","","","","","","","","","","","","","","","","","",10000,1,"","",3,1,1,1,"","","","","","","","","","","","","","","","","","","","","","","","","","","","","","","","","","","","","","","","","","","","","","","","","","","","","","","","","","","","","","","","","",""
"59343001","LILLE-LESQUIN",50.57,3.0975,47,1959050212,"","","","",8.,1,"","","","","","","","","","","","","","","","","","","","","","","","","","","","","","",12.3,1,2.4,1,"","","","","","","","","","","","","","","","","","","","","","","","","","",50,1,"","","","","","","","","","","","",7.3,1,1022.,1,"","","","","","",6,1,6,1,2,1,0,1,0,1,"","","","","","","","","","","","","","","","","","","","","","","","",25000,1,"","",2,1,2,1,"","","","","","","","","","","","","","","","","","","","","","","","","","","","","","","","","","","","","","","","","","","","","","","","","","","","","","","","","","","","","","","","","",""
"59343001","LILLE-LESQUIN",50.57,3.0975,47,1959050215,"","","","",8.,1,"","","","","","","","","","","","","","","","","","","","","","","","","","","","","","",11.9,1,0.6,1,"","","","","","","","","","","","","","","","","","","","","","","","","","",45,1,"","","","","","","","","","","","",6.4,1,1021.9,1,"","","","","","",5,1,5,1,2,1,0,1,0,1,"","","","","","","","","","","","","","","","","","","","","","","","",20000,1,"","",2,1,2,1,"","","","","","","","","","","","","","","","","","","","","","","","","","","","","","","","","","","","","","","","","","","","","","","","","","","","","","","","","","","","","","","","","",""
"59343001","LILLE-LESQUIN",50.57,3.0975,47,1959050218,"","","","",5.,1,"","","","","","","","","","","","","","","","","","","","","","","","","","","","","","",10.6,1,4.8,1,"","","","","","","","","","","","","","","","","","","","","","","","","","",68,1,"","","","","","","","","","","","",8.7,1,1021.9,1,"","","","","","",4,1,0,1,8,1,0,1,0,1,"","","","","","","","","","","","","","","","","","","","","","","","",15000,1,"","",1,1,2,1,"","","","","","","","","","","","","","","","","","","","","","","","","","","","","","","","","","","","","","","","","","","","","","","","","","","","","","","","","","","","","","","","","",""
"59343001","LILLE-LESQUIN",50.57,3.0975,47,1959050221,"","","","",1.,1,"","","","","","","","","","","","","","","","","","","","","","","","","","","","","","",6.8,1,4.7,1,"","","","","","","","","","","","","","","","","","","","","","","","","","",87,1,"","","","","","","","","","","","",8.6,1,1022.6,1,"","","","","","",2,1,0,1,5,1,0,1,0,1,"","","","","","","","","","","","","","","","","","","","","","","","",10000,1,"","",1,1,1,1,"","","","","","","","","","","","","","","","","","","","","","","","","","","","","","","","","","","","","","","","","","","","","","","","","","","","","","","","","","","","","","","","","",""
"59343001","LILLE-LESQUIN",50.57,3.0975,47,1959050300,"","","","",2.,1,"","","","","","","","","","","","","","","","","","","","","","","","","","","","","","",4.2,1,3.7,1,"","","","","","","","","","","","","","","","","","","","","","","","","","",97,1,"","","","","","","","","","","","",8.,1,1021.8,1,"","","","","","",0,1,"","",0,1,0,1,0,1,"","","","","","","","","","","","","","","","","","","","","","","","",3000,1,"","",10,1,1,1,"","","","","","","","","","","","","","","","","","","","","","","","","","","","","","","","","","","","","","","","","","","","","","","","","","","","","","","","","","","","","","","","","",""
"59343001","LILLE-LESQUIN",50.57,3.0975,47,1959050303,"","","","",2.,1,"","","","","","","","","","","","","","","","","","","","","","","","","","","","","","",3.8,1,3.1,1,"","","","","","","","","","","","","","","","","","","","","","","","","","",97,1,"","","","","","","","","","","","",7.7,1,1020.9,1,"","","","","","",7,1,7,1,0,1,1,1,"","","","","","","","","","","","","","","","","","","","","","","","","","",4000,1,"","",10,1,1,1,"","","","","","","","","","","","","","","","","","","","","","","","","","","","","","","","","","","","","","","","","","","","","","","","","","","","","","","","","","","","","","","","","",""
"59343001","LILLE-LESQUIN",50.57,3.0975,47,1959050306,"","","","",3.,1,"","","","","","","","","","","","","","","","","","","","","","","","","","","","","","",7.4,1,6.4,1,"","","","","","","","","","","","","","","","","","","","","","","","","","",94,1,"","","","","","","","","","","","",9.7,1,1020.2,1,"","","","","","",8,1,8,1,0,1,7,1,"","","","","","","","","","","","","","","","","","","","","","","","","","",4500,1,"","",10,1,1,1,"","",0,1,"","","","","","","","","","","","","","","","","","","","","","","","","","","","","","","","","","","","","","","","","","","","","","","","","","","","","","","","","","","","","",""
"59343001","LILLE-LESQUIN",50.57,3.0975,47,1959050309,"","","","",6.,1,"","","","","","","","","","","","","","","","","","","","","","","","","","","","","","",11.3,1,7.1,1,"","","","","","","","","","","","","","","","","","","","","","","","","","",75,1,"","","","","","","","","","","","",10.2,1,1019.7,1,"","","","","","",6,1,0,1,8,1,0,1,0,1,"","","","","","","","","","","","","","","","","","","","","","","","",6000,1,"","",1,1,2,1,"","","","","","","","","","","","","","","","","","","","","","","","","","","","","","","","","","","","","","","","","","","","","","","","","","","","","","","","","","","","","","","","","",""
"59343001","LILLE-LESQUIN",50.57,3.0975,47,1959050312,"","","","",9.,1,"","","","","","","","","","","","","","","","","","","","","","","","","","","","","","",11.9,1,3.3,1,"","","","","","","","","","","","","","","","","","","","","","","","","","",56,1,"","","","","","","","","","","","",7.8,1,1018.9,1,"","","","","","",8,1,5,1,8,1,"","","","","","","","","","","","","","","","","","","","","","","","","","","","",20000,1,"","",3,1,2,1,"","","","","","","","","","","","","","","","","","","","","","","","","","","","","","","","","","","","","","","","","","","","","","","","","","","","","","","","","","","","","","","","","",""
"59343001","LILLE-LESQUIN",50.57,3.0975,47,1959050315,"","","","",9.,1,"","","","","","","","","","","","","","","","","","","","","","","","","","","","","","",12.2,1,3.7,1,"","","","","","","","","","","","","","","","","","","","","","","","","","",56,1,"","","","","","","","","","","","",8.,1,1018.,1,"","","","","","",8,1,6,1,2,1,4,1,6,1,"","","","","","","","","","","","","","","","","","","","","","","","",20000,1,"","",2,1,2,1,"","","","","","","","","","","","","","","","","","","","","","","","","","","","","","","","","","","","","","","","","","","","","","","","","","","","","","","","","","","","","","","","","",""
"59343001","LILLE-LESQUIN",50.57,3.0975,47,1959050318,"","","","",10.,1,"","","","","","","","","","","","","","","","","","","","","","","","","","","","","","",11.2,1,4.,1,"","","","","","","","","","","","","","","","","","","","","","","","","","",62,1,"","","","","","","","","","","","",8.2,1,1016.8,1,"","","","","","",7,1,7,1,0,1,7,1,"","","","","","","","","","","","","","","","","","","","","","","","","","",20000,1,"","",2,1,2,1,"","","","","","","","","","","","","","","","","","","","","","","","","","","","","","","","","","","","","","","","","","","","","","","","","","","","","","","","","","","","","","","","","",""
"59343001","LILLE-LESQUIN",50.57,3.0975,47,1959050321,"","","","",8.,1,"","","","","","","","","","","","","","","","","","","","","","","","","","","","","","",10.,1,5.9,1,"","","","","","","","","","","","","","","","","","","","","","","","","","",77,1,"","","","","","","","","","","","",9.4,1,1015.6,1,"","","","","","",8,1,5,1,5,1,7,1,"","","","","","","","","","","","","","","","","","","","","","","","","","",12000,1,"","",60,1,6,1,"","","","","","","","","","","","","","","","","","","","","","","","","","","","","","","","","","","","","","","","","","","","","","","","","","","","","","","","","","","","","","","","","",""
"59343001","LILLE-LESQUIN",50.57,3.0975,47,1959050400,"","","","",8.,1,"","","","","","","","","","","","","","","","","","","","","","","","","","","","","","",9.8,1,6.8,1,"","","","","","","","","","","","","","","","","","","","","","","","","","",83,1,"","","","","","","","","","","","",10.,1,1014.1,1,"","","","","","",8,1,8,1,7,1,"","","","","","","","","","","","","","","","","","","","","","","","","","","","",10000,1,"","",2,1,6,1,"","","","","","","","","","","","","","","","","","","","","","","","","","","","","","","","","","","","","","","","","","","","","","","","","","","","","","","","","","","","","","","","","",""
"59343001","LILLE-LESQUIN",50.57,3.0975,47,1959050403,"","","","",3.,1,"","","","","","","","","","","","","","","","","","","","","","","","","","","","","","",8.,1,6.1,1,"","","","","","","","","","","","","","","","","","","","","","","","","","",89,1,"","","","","","","","","","","","",9.5,1,1014.1,1,"","","","","","",8,1,6,1,7,1,"","","","","","","","","","","","","","","","","","","","","","","","","","","","",7000,1,"","",51,1,5,1,"","","","","","","","","","","","","","","","","","","","","","","","","","","","","","","","","","","","","","","","","","","","","","","","","","","","","","","","","","","","","","","","","",""
"59343001","LILLE-LESQUIN",50.57,3.0975,47,1959050406,"","","","",3.,1,"","","","","","","","","","","","","","","","","","","","","","","","","","","","","","",7.3,1,6.2,1,"","","","","","","","","","","","","","","","","","","","","","","","","","",94,1,"","","","","","","","","","","","",9.6,1,1015.5,1,"","","","","","",8,1,8,1,7,1,7,1,"","","","","","","","","","","","","","","","","","","","","","","","","","",3000,1,"","",21,1,6,1,"","",0,1,"","","","","","","","","","","","","","","","","","","","","","","","","","","","","","","","","","","","","","","","","","","","","","","","","","","","","","","","","","","","","",""
"59343001","LILLE-LESQUIN",50.57,3.0975,47,1959050409,"","","","",4.,1,"","","","","","","","","","","","","","","","","","","","","","","","","","","","","","",9.3,1,6.4,1,"","","","","","","","","","","","","","","","","","","","","","","","","","",83,1,"","","","","","","","","","","","",9.7,1,1017.,1,"","","","","","",7,1,5,1,7,1,7,1,2,1,"","","","","","","","","","","","","","","","","","","","","","","","",5000,1,"","",1,1,6,1,"","","","","","","","","","","","","","","","","","","","","","","","","","","","","","","","","","","","","","","","","","","","","","","","","","","","","","","","","","","","","","","","","",""
"59343001","LILLE-LESQUIN",50.57,3.0975,47,1959050412,"","","","",4.,1,"","","","","","","","","","","","","","","","","","","","","","","","","","","","","","",11.2,1,3.7,1,"","","","","","","","","","","","","","","","","","","","","","","","","","",60,1,"","","","","","","","","","","","",8.,1,1017.7,1,"","","","","","",6,1,6,1,2,1,0,1,0,1,"","","","","","","","","","","","","","","","","","","","","","","","",10000,1,"","",2,1,6,1,"","","","","","","","","","","","","","","","","","","","","","","","","","","","","","","","","","","","","","","","","","","","","","","","","","","","","","","","","","","","","","","","","",""
"59343001","LILLE-LESQUIN",50.57,3.0975,47,1959050415,"","","","",5.,1,"","","","","","","","","","","","","","","","","","","","","","","","","","","","","","",12.9,1,1.6,1,"","","","","","","","","","","","","","","","","","","","","","","","","","",46,1,"","","","","","","","","","","","",6.9,1,1017.9,1,"","","","","","",4,1,0,1,2,1,0,1,1,1,"","","","","","","","","","","","","","","","","","","","","","","","",12000,1,"","",2,1,1,1,"","","","","","","","","","","","","","","","","","","","","","","","","","","","","","","","","","","","","","","","","","","","","","","","","","","","","","","","","","","","","","","","","",""
"59343001","LILLE-LESQUIN",50.57,3.0975,47,1959050418,"","","","",6.,1,"","","","","","","","","","","","","","","","","","","","","","","","","","","","","","",10.4,1,1.6,1,"","","","","","","","","","","","","","","","","","","","","","","","","","",54,1,"","","","","","","","","","","","",6.9,1,1019.2,1,"","","","","","",1,1,0,1,1,1,0,1,2,1,"","","","","","","","","","","","","","","","","","","","","","","","",20000,1,"","",1,1,1,1,"","","","","","","","","","","","","","","","","","","","","","","","","","","","","","","","","","","","","","","","","","","","","","","","","","","","","","","","","","","","","","","","","",""
"59343001","LILLE-LESQUIN",50.57,3.0975,47,1959050421,"","","","",5.,1,"","","","","","","","","","","","","","","","","","","","","","","","","","","","","","",5.4,1,1.,1,"","","","","","","","","","","","","","","","","","","","","","","","","","",74,1,"","","","","","","","","","","","",6.6,1,1020.8,1,"","","","","","",0,1,"","",0,1,0,1,0,1,"","","","","","","","","","","","","","","","","","","","","","","","",15000,1,"","",2,1,0,1,"","","","","","","","","","","","","","","","","","","","","","","","","","","","","","","","","","","","","","","","","","","","","","","","","","","","","","","","","","","","","","","","","",""
"59343001","LILLE-LESQUIN",50.57,3.0975,47,1959050500,"","","","",3.,1,"","","","","","","","","","","","","","","","","","","","","","","","","","","","","","",2.4,1,0.8,1,"","","","","","","","","","","","","","","","","","","","","","","","","","",89,1,"","","","","","","","","","","","",6.5,1,1021.8,1,"","","","","","",0,1,"","",0,1,0,1,0,1,"","","","","","","","","","","","","","","","","","","","","","","","",10000,1,"","",2,1,0,1,"","","","","","","","","","","","","","","","","","","","","","","","","","","","","","","","","","","","","","","","","","","","","","","","","","","","","","","","","","","","","","","","","",""
"59343001","LILLE-LESQUIN",50.57,3.0975,47,1959050503,"","","","",4.,1,"","","","","","","","","","","","","","","","","","","","","","","","","","","","","","",2.2,1,0.8,1,"","","","","","","","","","","","","","","","","","","","","","","","","","",91,1,"","","","","","","","","","","","",6.5,1,1021.8,1,"","","","","","",0,1,"","",0,1,0,1,0,1,"","","","","","","","","","","","","","","","","","","","","","","","",8000,1,"","",2,1,0,1,"","","","","","","","","","","","","","","","","","","","","","","","","","","","","","","","","","","","","","","","","","","","","","","","","","","","","","","","","","","","","","","","","",""
"59343001","LILLE-LESQUIN",50.57,3.0975,47,1959050506,"","","","",5.,1,"","","","","","","","","","","","","","","","","","","","","","","","","","","","","","",3.7,1,1.8,1,"","","","","","","","","","","","","","","","","","","","","","","","","","",88,1,"","","","","","","","","","","","",7.,1,1022.4,1,"","","","","","",1,1,0,1,0,1,0,1,1,1,"","","","","","","","","","","","","","","","","","","","","","","","",6000,1,"","",2,1,0,1,"","",0,1,"","","","","","","","","","","","","","","","","","","","","","","","","","","","","","","","","","","","","","","","","","","","","","","","","","","","","","","","","","","","","",""
"59343001","LILLE-LESQUIN",50.57,3.0975,47,1959050509,"","","","",8.,1,"","","","","","","","","","","","","","","","","","","","","","","","","","","","","","",9.7,1,0.6,1,"","","","","","","","","","","","","","","","","","","","","","","","","","",53,1,"","","","","","","","","","","","",6.4,1,1022.4,1,"","","","","","",3,1,0,1,1,1,0,1,1,1,"","","","","","","","","","","","","","","","","","","","","","","","",15000,1,"","",1,1,0,1,"","","","","","","","","","","","","","","","","","","","","","","","","","","","","","","","","","","","","","","","","","","","","","","","","","","","","","","","","","","","","","","","","",""
"59343001","LILLE-LESQUIN",50.57,3.0975,47,1959050512,"","","","",6.,1,"","","","","","","","","","","","","","","","","","","","","","","","","","","","","","",12.9,1,0.2,1,"","","","","","","","","","","","","","","","","","","","","","","","","","",42,1,"","","","","","","","","","","","",6.2,1,1021.5,1,"","","","","","",2,1,0,1,0,1,0,1,1,1,"","","","","","","","","","","","","","","","","","","","","","","","",20000,1,"","",2,1,0,1,"","","","","","","","","","","","","","","","","","","","","","","","","","","","","","","","","","","","","","","","","","","","","","","","","","","","","","","","","","","","","","","","","",""
"59343001","LILLE-LESQUIN",50.57,3.0975,47,1959050515,"","","","",7.,1,"","","","","","","","","","","","","","","","","","","","","","","","","","","","","","",14.1,1,-1.2,1,"","","","","","","","","","","","","","","","","","","","","","","","","","",35,1,"","","","","","","","","","","","",5.6,1,1020.2,1,"","","","","","",2,1,0,1,1,1,0,1,1,1,"","","","","","","","","","","","","","","","","","","","","","","","",20000,1,"","",2,1,0,1,"","","","","","","","","","","","","","","","","","","","","","","","","","","","","","","","","","","","","","","","","","","","","","","","","","","","","","","","","","","","","","","","","",""
"59343001","LILLE-LESQUIN",50.57,3.0975,47,1959050518,"","","","",7.,1,"","","","","","","","","","","","","","","","","","","","","","","","","","","","","","",12.6,1,-0.2,1,"","","","","","","","","","","","","","","","","","","","","","","","","","",42,1,"","","","","","","","","","","","",6.,1,1020.4,1,"","","","","","",5,1,0,1,0,1,5,1,2,1,"","","","","","","","","","","","","","","","","","","","","","","","",25000,1,"","",3,1,1,1,"","","","","","","","","","","","","","","","","","","","","","","","","","","","","","","","","","","","","","","","","","","","","","","","","","","","","","","","","","","","","","","","","",""
"59343001","LILLE-LESQUIN",50.57,3.0975,47,1959050521,"","","","",5.,1,"","","","","","","","","","","","","","","","","","","","","","","","","","","","","","",8.6,1,2.4,1,"","","","","","","","","","","","","","","","","","","","","","","","","","",65,1,"","","","","","","","","","","","",7.3,1,1021.4,1,"","","","","","",7,1,7,1,0,1,5,1,0,1,"","","","","","","","","","","","","","","","","","","","","","","","",15000,1,"","",2,1,2,1,"","","","","","","","","","","","","","","","","","","","","","","","","","","","","","","","","","","","","","","","","","","","","","","","","","","","","","","","","","","","","","","","","",""
"59343001","LILLE-LESQUIN",50.57,3.0975,47,1959050600,"","","","",5.,1,"","","","","","","","","","","","","","","","","","","","","","","","","","","","","","",6.8,1,2.2,1,"","","","","","","","","","","","","","","","","","","","","","","","","","",73,1,"","","","","","","","","","","","",7.2,1,1022.2,1,"","","","","","",4,1,0,1,0,1,3,1,0,1,"","","","","","","","","","","","","","","","","","","","","","","","",15000,1,"","",1,1,2,1,"","","","","","","","","","","","","","","","","","","","","","","","","","","","","","","","","","","","","","","","","","","","","","","","","","","","","","","","","","","","","","","","","",""
"59343001","LILLE-LESQUIN",50.57,3.0975,47,1959050603,"","","","",6.,1,"","","","","","","","","","","","","","","","","","","","","","","","","","","","","","",5.3,1,2.6,1,"","","","","","","","","","","","","","","","","","","","","","","","","","",83,1,"","","","","","","","","","","","",7.4,1,1021.8,1,"","","","","","",5,1,5,1,0,1,0,1,2,1,"","","","","","","","","","","","","","","","","","","","","","","","",15000,1,"","",3,1,1,1,"","","","","","","","","","","","","","","","","","","","","","","","","","","","","","","","","","","","","","","","","","","","","","","","","","","","","","","","","","","","","","","","","",""
"59343001","LILLE-LESQUIN",50.57,3.0975,47,1959050606,"","","","",6.,1,"","","","","","","","","","","","","","","","","","","","","","","","","","","","","","",5.5,1,2.8,1,"","","","","","","","","","","","","","","","","","","","","","","","","","",83,1,"","","","","","","","","","","","",7.5,1,1022.5,1,"","","","","","",3,1,0,1,0,1,0,1,2,1,"","","","","","","","","","","","","","","","","","","","","","","","",5000,1,"","",1,1,1,1,"","",0,1,"","","","","","","","","","","","","","","","","","","","","","","","","","","","","","","","","","","","","","","","","","","","","","","","","","","","","","","","","","","","","",""
"59343001","LILLE-LESQUIN",50.57,3.0975,47,1959050609,"","","","",7.,1,"","","","","","","","","","","","","","","","","","","","","","","","","","","","","","",11.5,1,3.8,1,"","","","","","","","","","","","","","","","","","","","","","","","","","",60,1,"","","","","","","","","","","","",8.1,1,1022.8,1,"","","","","","",2,1,0,1,0,1,0,1,1,1,"","","","","","","","","","","","","","","","","","","","","","","","",6000,1,"","",2,1,0,1,"","","","","","","","","","","","","","","","","","","","","","","","","","","","","","","","","","","","","","","","","","","","","","","","","","","","","","","","","","","","","","","","","",""
"59343001","LILLE-LESQUIN",50.57,3.0975,47,1959050612,"","","","",7.,1,"","","","","","","","","","","","","","","","","","","","","","","","","","","","","","",15.6,1,6.1,1,"","","","","","","","","","","","","","","","","","","","","","","","","","",54,1,"","","","","","","","","","","","",9.5,1,1022.,1,"","","","","","",1,1,0,1,0,1,0,1,1,1,"","","","","","","","","","","","","","","","","","","","","","","","",10000,1,"","",2,1,0,1,"","","","","","","","","","","","","","","","","","","","","","","","","","","","","","","","","","","","","","","","","","","","","","","","","","","","","","","","","","","","","","","","","",""
"59343001","LILLE-LESQUIN",50.57,3.0975,47,1959050615,"","","","",5.,1,"","","","","","","","","","","","","","","","","","","","","","","","","","","","","","",17.6,1,5.3,1,"","","","","","","","","","","","","","","","","","","","","","","","","","",44,1,"","","","","","","","","","","","",9.,1,1021.2,1,"","","","","","",2,1,0,1,1,1,0,1,0,1,"","","","","","","","","","","","","","","","","","","","","","","","",10000,1,"","",3,1,0,1,"","","","","","","","","","","","","","","","","","","","","","","","","","","","","","","","","","","","","","","","","","","","","","","","","","","","","","","","","","","","","","","","","",""
"59343001","LILLE-LESQUIN",50.57,3.0975,47,1959050618,"","","","",4.,1,"","","","","","","","","","","","","","","","","","","","","","","","","","","","","","",16.,1,4.7,1,"","","","","","","","","","","","","","","","","","","","","","","","","","",47,1,"","","","","","","","","","","","",8.6,1,1020.8,1,"","","","","","",0,1,"","",0,1,0,1,0,1,"","","","","","","","","","","","","","","","","","","","","","","","",8000,1,"","",2,1,0,1,"","","","","","","","","","","","","","","","","","","","","","","","","","","","","","","","","","","","","","","","","","","","","","","","","","","","","","","","","","","","","","","","","",""
"59343001","LILLE-LESQUIN",50.57,3.0975,47,1959050621,"","","","",4.,1,"","","","","","","","","","","","","","","","","","","","","","","","","","","","","","",9.9,1,6.8,1,"","","","","","","","","","","","","","","","","","","","","","","","","","",82,1,"","","","","","","","","","","","",10.,1,1021.2,1,"","","","","","",3,1,0,1,0,1,8,1,0,1,"","","","","","","","","","","","","","","","","","","","","","","","",6000,1,"","",3,1,0,1,"","","","","","","","","","","","","","","","","","","","","","","","","","","","","","","","","","","","","","","","","","","","","","","","","","","","","","","","","","","","","","","","","",""
"59343001","LILLE-LESQUIN",50.57,3.0975,47,1959050700,"","","","",3.,1,"","","","","","","","","","","","","","","","","","","","","","","","","","","","","","",7.8,1,5.3,1,"","","","","","","","","","","","","","","","","","","","","","","","","","",85,1,"","","","","","","","","","","","",9.,1,1020.6,1,"","","","","","",0,1,"","",0,1,0,1,0,1,"","","","","","","","","","","","","","","","","","","","","","","","",6000,1,"","",1,1,0,1,"","","","","","","","","","","","","","","","","","","","","","","","","","","","","","","","","","","","","","","","","","","","","","","","","","","","","","","","","","","","","","","","","",""
"59343001","LILLE-LESQUIN",50.57,3.0975,47,1959050703,"","","","",2.,1,"","","","","","","","","","","","","","","","","","","","","","","","","","","","","","",5.6,1,3.3,1,"","","","","","","","","","","","","","","","","","","","","","","","","","",86,1,"","","","","","","","","","","","",7.8,1,1019.8,1,"","","","","","",0,1,"","",0,1,0,1,0,1,"","","","","","","","","","","","","","","","","","","","","","","","",6000,1,"","",2,1,0,1,"","","","","","","","","","","","","","","","","","","","","","","","","","","","","","","","","","","","","","","","","","","","","","","","","","","","","","","","","","","","","","","","","",""
"59343001","LILLE-LESQUIN",50.57,3.0975,47,1959050706,"","","","",3.,1,"","","","","","","","","","","","","","","","","","","","","","","","","","","","","","",8.5,1,6.4,1,"","","","","","","","","","","","","","","","","","","","","","","","","","",88,1,"","","","","","","","","","","","",9.7,1,1019.7,1,"","","","","","",0,1,"","",0,1,0,1,0,1,"","","","","","","","","","","","","","","","","","","","","","","","",2200,1,"","",10,1,0,1,"","",0,1,"","","","","","","","","","","","","","","","","","","","","","","","","","","","","","","","","","","","","","","","","","","","","","","","","","","","","","","","","","","","","",""
"59343001","LILLE-LESQUIN",50.57,3.0975,47,1959050709,"","","","",3.,1,"","","","","","","","","","","","","","","","","","","","","","","","","","","","","","",15.8,1,8.5,1,"","","","","","","","","","","","","","","","","","","","","","","","","","",63,1,"","","","","","","","","","","","",11.3,1,1018.,1,"","","","","","",1,1,0,1,0,1,0,1,1,1,"","","","","","","","","","","","","","","","","","","","","","","","","","","","",10,1,0,1,"","","","","","","","","","","","","","","","","","","","","","","","","","","","","","","","","","","","","","","","","","","","","","","","","","","","","","","","","","","","","","","","","",""
"59343001","LILLE-LESQUIN",50.57,3.0975,47,1959050712,"","","","",4.,1,"","","","","","","","","","","","","","","","","","","","","","","","","","","","","","",20.6,1,10.7,1,"","","","","","","","","","","","","","","","","","","","","","","","","","",54,1,"","","","","","","","","","","","",13.1,1,1016.1,1,"","","","","","",3,1,0,1,0,1,0,1,1,1,"","","","","","","","","","","","","","","","","","","","","","","","",7000,1,"","",2,1,0,1,"","","","","","","","","","","","","","","","","","","","","","","","","","","","","","","","","","","","","","","","","","","","","","","","","","","","","","","","","","","","","","","","","",""
"59343001","LILLE-LESQUIN",50.57,3.0975,47,1959050715,"","","","",5.,1,"","","","","","","","","","","","","","","","","","","","","","","","","","","","","","",23.1,1,10.,1,"","","","","","","","","","","","","","","","","","","","","","","","","","",44,1,"","","","","","","","","","","","",12.5,1,1014.1,1,"","","","","","",2,1,0,1,2,1,0,1,2,1,"","","","","","","","","","","","","","","","","","","","","","","","",15000,1,"","",2,1,0,1,"","","","","","","","","","","","","","","","","","","","","","","","","","","","","","","","","","","","","","","","","","","","","","","","","","","","","","","","","","","","","","","","","",""
"59343001","LILLE-LESQUIN",50.57,3.0975,47,1959050718,"","","","",4.,1,"","","","","","","","","","","","","","","","","","","","","","","","","","","","","","",21.3,1,11.1,1,"","","","","","","","","","","","","","","","","","","","","","","","","","",53,1,"","","","","","","","","","","","",13.5,1,1013.,1,"","","","","","",3,1,0,1,2,1,0,1,2,1,"","","","","","","","","","","","","","","","","","","","","","","","",12000,1,"","",1,1,1,1,"","","","","","","","","","","","","","","","","","","","","","","","","","","","","","","","","","","","","","","","","","","","","","","","","","","","","","","","","","","","","","","","","",""
"59343001","LILLE-LESQUIN",50.57,3.0975,47,1959050721,"","","","",3.,1,"","","","","","","","","","","","","","","","","","","","","","","","","","","","","","",15.,1,8.9,1,"","","","","","","","","","","","","","","","","","","","","","","","","","",68,1,"","","","","","","","","","","","",11.6,1,1013.1,1,"","","","","","",3,1,0,1,0,1,0,1,2,1,"","","","","","","","","","","","","","","","","","","","","","","","",10000,1,"","",1,1,1,1,"","","","","","","","","","","","","","","","","","","","","","","","","","","","","","","","","","","","","","","","","","","","","","","","","","","","","","","","","","","","","","","","","",""
"59343001","LILLE-LESQUIN",50.57,3.0975,47,1959050800,"","","","",1.,1,"","","","","","","","","","","","","","","","","","","","","","","","","","","","","","",12.1,1,9.5,1,"","","","","","","","","","","","","","","","","","","","","","","","","","",86,1,"","","","","","","","","","","","",12.1,1,1012.2,1,"","","","","","",0,1,"","",0,1,0,1,0,1,"","","","","","","","","","","","","","","","","","","","","","","","",10000,1,"","",2,1,1,1,"","","","","","","","","","","","","","","","","","","","","","","","","","","","","","","","","","","","","","","","","","","","","","","","","","","","","","","","","","","","","","","","","",""
"59343001","LILLE-LESQUIN",50.57,3.0975,47,1959050803,"","","","",1.,1,"","","","","","","","","","","","","","","","","","","","","","","","","","","","","","",10.,1,8.4,1,"","","","","","","","","","","","","","","","","","","","","","","","","","",91,1,"","","","","","","","","","","","",11.2,1,1011.5,1,"","","","","","",0,1,"","",0,1,0,1,0,1,"","","","","","","","","","","","","","","","","","","","","","","","",6000,1,"","",2,1,0,1,"","","","","","","","","","","","","","","","","","","","","","","","","","","","","","","","","","","","","","","","","","","","","","","","","","","","","","","","","","","","","","","","","",""
"59343001","LILLE-LESQUIN",50.57,3.0975,47,1959050806,"","","","",1.,1,"","","","","","","","","","","","","","","","","","","","","","","","","","","","","","",11.1,1,9.4,1,"","","","","","","","","","","","","","","","","","","","","","","","","","",91,1,"","","","","","","","","","","","",12.,1,1011.4,1,"","","","","","",2,1,0,1,0,1,0,1,1,1,"","","","","","","","","","","","","","","","","","","","","","","","",3000,1,"","",10,1,0,1,"","",0,1,"","","","","","","","","","","","","","","","","","","","","","","","","","","","","","","","","","","","","","","","","","","","","","","","","","","","","","","","","","","","","",""
"59343001","LILLE-LESQUIN",50.57,3.0975,47,1959050809,"","","","",2.,1,"","","","","","","","","","","","","","","","","","","","","","","","","","","","","","",19.4,1,12.9,1,"","","","","","","","","","","","","","","","","","","","","","","","","","",67,1,"","","","","","","","","","","","",15.2,1,1011.4,1,"","","","","","",5,1,5,1,0,1,8,1,0,1,"","","","","","","","","","","","","","","","","","","","","","","","",3000,1,"","",10,1,2,1,"","","","","","","","","","","","","","","","","","","","","","","","","","","","","","","","","","","","","","","","","","","","","","","","","","","","","","","","","","","","","","","","","",""
"59343001","LILLE-LESQUIN",50.57,3.0975,47,1959050812,"","","","",4.,1,"","","","","","","","","","","","","","","","","","","","","","","","","","","","","","",22.,1,10.6,1,"","","","","","","","","","","","","","","","","","","","","","","","","","",50,1,"","","","","","","","","","","","",13.,1,1010.,1,"","","","","","",6,1,0,1,1,1,4,1,1,1,"","","","","","","","","","","","","","","","","","","","","","","","",10000,1,"","",3,1,1,1,"","","","","","","","","","","","","","","","","","","","","","","","","","","","","","","","","","","","","","","","","","","","","","","","","","","","","","","","","","","","","","","","","",""
"59343001","LILLE-LESQUIN",50.57,3.0975,47,1959050815,"","","","",3.,1,"","","","","","","","","","","","","","","","","","","","","","","","","","","","","","",23.,1,10.1,1,"","","","","","","","","","","","","","","","","","","","","","","","","","",45,1,"","","","","","","","","","","","",12.6,1,1008.8,1,"","","","","","",6,1,0,1,2,1,4,1,1,1,"","","","","","","","","","","","","","","","","","","","","","","","",15000,1,"","",2,1,2,1,"","","","","","","","","","","","","","","","","","","","","","","","","","","","","","","","","","","","","","","","","","","","","","","","","","","","","","","","","","","","","","","","","",""
"59343001","LILLE-LESQUIN",50.57,3.0975,47,1959050818,"","","","",2.,1,"","","","","","","","","","","","","","","","","","","","","","","","","","","","","","",20.,1,11.4,1,"","","","","","","","","","","","","","","","","","","","","","","","","","",59,1,"","","","","","","","","","","","",13.8,1,1008.4,1,"","","","","","",5,1,0,1,3,1,4,1,2,1,"","","","","","","","","","","","","","","","","","","","","","","","",10000,1,"","",1,1,2,1,"","","","","","","","","","","","","","","","","","","","","","","","","","","","","","","","","","","","","","","","","","","","","","","","","","","","","","","","","","","","","","","","","",""
"59343001","LILLE-LESQUIN",50.57,3.0975,47,1959050821,"","","","",2.,1,"","","","","","","","","","","","","","","","","","","","","","","","","","","","","","",13.8,1,10.9,1,"","","","","","","","","","","","","","","","","","","","","","","","","","",84,1,"","","","","","","","","","","","",13.3,1,1008.5,1,"","","","","","",4,1,0,1,0,1,4,1,0,1,"","","","","","","","","","","","","","","","","","","","","","","","",10000,1,"","",2,1,0,1,"","","","","","","","","","","","","","","","","","","","","","","","","","","","","","","","","","","","","","","","","","","","","","","","","","","","","","","","","","","","","","","","","",""
"59343001","LILLE-LESQUIN",50.57,3.0975,47,1959050900,"","","","",0.,1,"","","","","","","","","","","","","","","","","","","","","","","","","","","","","","",14.2,1,11.6,1,"","","","","","","","","","","","","","","","","","","","","","","","","","",87,1,"","","","","","","","","","","","",14.,1,1007.8,1,"","","","","","",8,1,8,1,5,1,"","","","","","","","","","","","","","","","","","","","","","","","","","","","",8000,1,"","",2,1,1,1,"","","","","","","","","","","","","","","","","","","","","","","","","","","","","","","","","","","","","","","","","","","","","","","","","","","","","","","","","","","","","","","","","",""
"59343001","LILLE-LESQUIN",50.57,3.0975,47,1959050903,"","","","",0.,1,"","","","","","","","","","","","","","","","","","","","","","","","","","","","","","",13.5,1,11.6,1,"","","","","","","","","","","","","","","","","","","","","","","","","","",91,1,"","","","","","","","","","","","",14.,1,1006.5,1,"","","","","","",8,1,8,1,5,1,"","","","","","","","","","","","","","","","","","","","","","","","","","","","",7000,1,"","",2,1,2,1,"","","","","","","","","","","","","","","","","","","","","","","","","","","","","","","","","","","","","","","","","","","","","","","","","","","","","","","","","","","","","","","","","",""
"59343001","LILLE-LESQUIN",50.57,3.0975,47,1959050906,"","","","",0.,1,"","","","","","","","","","","","","","","","","","","","","","","","","","","","","","",14.3,1,12.5,1,"","","","","","","","","","","","","","","","","","","","","","","","","","",91,1,"","","","","","","","","","","","",14.8,1,1006.1,1,"","","","","","",7,1,7,1,5,1,"","","","","","","","","","","","","","","","","","","","","","","","","","","","",2500,1,"","",10,1,2,1,"","",0,1,"","","","","","","","","","","","","","","","","","","","","","","","","","","","","","","","","","","","","","","","","","","","","","","","","","","","","","","","","","","","","",""
"59343001","LILLE-LESQUIN",50.57,3.0975,47,1959050909,"","","","",0.,1,"","","","","","","","","","","","","","","","","","","","","","","","","","","","","","",20.2,1,12.9,1,"","","","","","","","","","","","","","","","","","","","","","","","","","",64,1,"","","","","","","","","","","","",15.2,1,1005.6,1,"","","","","","",4,1,0,1,5,1,0,1,1,1,"","","","","","","","","","","","","","","","","","","","","","","","","","","","",10,1,2,1,"","","","","","","","","","","","","","","","","","","","","","","","","","","","","","","","","","","","","","","","","","","","","","","","","","","","","","","","","","","","","","","","","",""
"59343001","LILLE-LESQUIN",50.57,3.0975,47,1959050912,"","","","",3.,1,"","","","","","","","","","","","","","","","","","","","","","","","","","","","","","",23.6,1,11.2,1,"","","","","","","","","","","","","","","","","","","","","","","","","","",47,1,"","","","","","","","","","","","",13.6,1,1004.6,1,"","","","","","",5,1,0,1,2,1,0,1,1,1,"","","","","","","","","","","","","","","","","","","","","","","","",10000,1,"","",3,1,1,1,"","","","","","","","","","","","","","","","","","","","","","","","","","","","","","","","","","","","","","","","","","","","","","","","","","","","","","","","","","","","","","","","","",""
"59343001","LILLE-LESQUIN",50.57,3.0975,47,1959050915,"","","","",2.,1,"","","","","","","","","","","","","","","","","","","","","","","","","","","","","","",24.3,1,11.9,1,"","","","","","","","","","","","","","","","","","","","","","","","","","",46,1,"","","","","","","","","","","","",14.2,1,1003.7,1,"","","","","","",4,1,0,1,2,1,0,1,1,1,"","","","","","","","","","","","","","","","","","","","","","","","",15000,1,"","",1,1,1,1,"","","","","","","","","","","","","","","","","","","","","","","","","","","","","","","","","","","","","","","","","","","","","","","","","","","","","","","","","","","","","","","","","",""
"59343001","LILLE-LESQUIN",50.57,3.0975,47,1959050918,"","","","",3.,1,"","","","","","","","","","","","","","","","","","","","","","","","","","","","","","",22.8,1,13.8,1,"","","","","","","","","","","","","","","","","","","","","","","","","","",59,1,"","","","","","","","","","","","",16.2,1,1002.6,1,"","","","","","",1,1,0,1,0,1,0,1,1,1,"","","","","","","","","","","","","","","","","","","","","","","","",8000,1,"","",2,1,1,1,"","","","","","","","","","","","","","","","","","","","","","","","","","","","","","","","","","","","","","","","","","","","","","","","","","","","","","","","","","","","","","","","","",""
"59343001","LILLE-LESQUIN",50.57,3.0975,47,1959050921,"","","","",5.,1,"","","","","","","","","","","","","","","","","","","","","","","","","","","","","","",17.6,1,13.1,1,"","","","","","","","","","","","","","","","","","","","","","","","","","",76,1,"","","","","","","","","","","","",15.4,1,1002.7,1,"","","","","","",0,1,"","",0,1,0,1,0,1,"","","","","","","","","","","","","","","","","","","","","","","","",4000,1,"","",10,1,0,1,"","","","","","","","","","","","","","","","","","","","","","","","","","","","","","","","","","","","","","","","","","","","","","","","","","","","","","","","","","","","","","","","","",""
"59343001","LILLE-LESQUIN",50.57,3.0975,47,1959051000,"","","","",4.,1,"","","","","","","","","","","","","","","","","","","","","","","","","","","","","","",13.2,1,11.5,1,"","","","","","","","","","","","","","","","","","","","","","","","","","",92,1,"","","","","","","","","","","","",13.9,1,1002.3,1,"","","","","","",0,1,"","",0,1,0,1,0,1,"","","","","","","","","","","","","","","","","","","","","","","","",5000,1,"","",10,1,0,1,"","","","","","","","","","","","","","","","","","","","","","","","","","","","","","","","","","","","","","","","","","","","","","","","","","","","","","","","","","","","","","","","","",""
"59343001","LILLE-LESQUIN",50.57,3.0975,47,1959051003,"","","","",3.,1,"","","","","","","","","","","","","","","","","","","","","","","","","","","","","","",12.2,1,10.2,1,"","","","","","","","","","","","","","","","","","","","","","","","","","",89,1,"","","","","","","","","","","","",12.7,1,1002.1,1,"","","","","","",0,1,"","",0,1,0,1,0,1,"","","","","","","","","","","","","","","","","","","","","","","","",6000,1,"","",2,1,0,1,"","","","","","","","","","","","","","","","","","","","","","","","","","","","","","","","","","","","","","","","","","","","","","","","","","","","","","","","","","","","","","","","","",""
"59343001","LILLE-LESQUIN",50.57,3.0975,47,1959051006,"","","","",3.,1,"","","","","","","","","","","","","","","","","","","","","","","","","","","","","","",14.4,1,11.2,1,"","","","","","","","","","","","","","","","","","","","","","","","","","",83,1,"","","","","","","","","","","","",13.6,1,1002.6,1,"","","","","","",1,1,0,1,0,1,8,1,1,1,"","","","","","","","","","","","","","","","","","","","","","","","",4000,1,"","",10,1,0,1,"","",0,1,"","","","","","","","","","","","","","","","","","","","","","","","","","","","","","","","","","","","","","","","","","","","","","","","","","","","","","","","","","","","","",""
"59343001","LILLE-LESQUIN",50.57,3.0975,47,1959051009,"","","","",4.,1,"","","","","","","","","","","","","","","","","","","","","","","","","","","","","","",20.7,1,13.7,1,"","","","","","","","","","","","","","","","","","","","","","","","","","",66,1,"","","","","","","","","","","","",16.1,1,1004.,1,"","","","","","",2,1,0,1,1,1,8,1,1,1,"","","","","","","","","","","","","","","","","","","","","","","","",6000,1,"","",3,1,0,1,"","","","","","","","","","","","","","","","","","","","","","","","","","","","","","","","","","","","","","","","","","","","","","","","","","","","","","","","","","","","","","","","","",""
"59343001","LILLE-LESQUIN",50.57,3.0975,47,1959051012,"","","","",5.,1,"","","","","","","","","","","","","","","","","","","","","","","","","","","","","","",25.,1,12.7,1,"","","","","","","","","","","","","","","","","","","","","","","","","","",47,1,"","","","","","","","","","","","",15.,1,1005.7,1,"","","","","","",4,1,0,1,0,1,0,1,4,1,"","","","","","","","","","","","","","","","","","","","","","","","",15000,1,"","",3,1,0,1,"","","","","","","","","","","","","","","","","","","","","","","","","","","","","","","","","","","","","","","","","","","","","","","","","","","","","","","","","","","","","","","","","",""
"59343001","LILLE-LESQUIN",50.57,3.0975,47,1959051015,"","","","",5.,1,"","","","","","","","","","","","","","","","","","","","","","","","","","","","","","",25.3,1,10.8,1,"","","","","","","","","","","","","","","","","","","","","","","","","","",41,1,"","","","","","","","","","","","",13.2,1,1007.,1,"","","","","","",6,1,6,1,1,1,0,1,4,1,"","","","","","","","","","","","","","","","","","","","","","","","",30000,1,"","",3,1,1,1,"","","","","","","","","","","","","","","","","","","","","","","","","","","","","","","","","","","","","","","","","","","","","","","","","","","","","","","","","","","","","","","","","",""
"59343001","LILLE-LESQUIN",50.57,3.0975,47,1959051018,"","","","",2.,1,"","","","","","","","","","","","","","","","","","","","","","","","","","","","","","",24.,1,13.2,1,"","","","","","","","","","","","","","","","","","","","","","","","","","",52,1,"","","","","","","","","","","","",15.5,1,1008.2,1,"","","","","","",3,1,0,1,0,1,0,1,2,1,"","","","","","","","","","","","","","","","","","","","","","","","",30000,1,"","",1,1,1,1,"","","","","","","","","","","","","","","","","","","","","","","","","","","","","","","","","","","","","","","","","","","","","","","","","","","","","","","","","","","","","","","","","",""
"59343001","LILLE-LESQUIN",50.57,3.0975,47,1959051021,"","","","",2.,1,"","","","","","","","","","","","","","","","","","","","","","","","","","","","","","",18.4,1,12.2,1,"","","","","","","","","","","","","","","","","","","","","","","","","","",69,1,"","","","","","","","","","","","",14.5,1,1010.9,1,"","","","","","",2,1,0,1,0,1,0,1,2,1,"","","","","","","","","","","","","","","","","","","","","","","","",10000,1,"","",13,1,0,1,"","","","","","","","","","","","","","","","","","","","","","","","","","","","","","","","","","","","","","","","","","","","","","","","","","","","","","","","","","","","","","","","","",""
"59343001","LILLE-LESQUIN",50.57,3.0975,47,1959051100,"","","","",5.,1,"","","","","","","","","","","","","","","","","","","","","","","","","","","","","","",15.8,1,11.9,1,"","","","","","","","","","","","","","","","","","","","","","","","","","",80,1,"","","","","","","","","","","","",14.2,1,1012.2,1,"","","","","","",0,1,"","",0,1,0,1,0,1,"","","","","","","","","","","","","","","","","","","","","","","","",10000,1,"","",1,1,0,1,"","","","","","","","","","","","","","","","","","","","","","","","","","","","","","","","","","","","","","","","","","","","","","","","","","","","","","","","","","","","","","","","","",""
"59343001","LILLE-LESQUIN",50.57,3.0975,47,1959051103,"","","","",1.,1,"","","","","","","","","","","","","","","","","","","","","","","","","","","","","","",15.3,1,12.9,1,"","","","","","","","","","","","","","","","","","","","","","","","","","",87,1,"","","","","","","","","","","","",15.2,1,1012.7,1,"","","","","","",8,1,8,1,5,1,"","","","","","","","","","","","","","","","","","","","","","","","","","","","",10000,1,"","",2,1,1,1,"","","","","","","","","","","","","","","","","","","","","","","","","","","","","","","","","","","","","","","","","","","","","","","","","","","","","","","","","","","","","","","","","",""
"59343001","LILLE-LESQUIN",50.57,3.0975,47,1959051106,"","","","",1.,1,"","","","","","","","","","","","","","","","","","","","","","","","","","","","","","",16.8,1,13.3,1,"","","","","","","","","","","","","","","","","","","","","","","","","","",82,1,"","","","","","","","","","","","",15.7,1,1013.9,1,"","","","","","",6,1,0,1,0,1,4,1,2,1,"","","","","","","","","","","","","","","","","","","","","","","","",7000,1,"","",1,1,1,1,"","",0,1,"","","","","","","","","","","","","","","","","","","","","","","","","","","","","","","","","","","","","","","","","","","","","","","","","","","","","","","","","","","","","",""
"59343001","LILLE-LESQUIN",50.57,3.0975,47,1959051109,"","","","",1.,1,"","","","","","","","","","","","","","","","","","","","","","","","","","","","","","",22.6,1,13.8,1,"","","","","","","","","","","","","","","","","","","","","","","","","","",59,1,"","","","","","","","","","","","",16.2,1,1014.6,1,"","","","","","",3,1,0,1,0,1,0,1,2,1,"","","","","","","","","","","","","","","","","","","","","","","","",12000,1,"","",2,1,1,1,"","","","","","","","","","","","","","","","","","","","","","","","","","","","","","","","","","","","","","","","","","","","","","","","","","","","","","","","","","","","","","","","","",""
"59343001","LILLE-LESQUIN",50.57,3.0975,47,1959051112,"","","","",2.,1,"","","","","","","","","","","","","","","","","","","","","","","","","","","","","","",26.4,1,13.7,1,"","","","","","","","","","","","","","","","","","","","","","","","","","",46,1,"","","","","","","","","","","","",16.1,1,1015.2,1,"","","","","","",5,1,5,1,1,1,0,1,2,1,"","","","","","","","","","","","","","","","","","","","","","","","",15000,1,"","",3,1,1,1,"","","","","","","","","","","","","","","","","","","","","","","","","","","","","","","","","","","","","","","","","","","","","","","","","","","","","","","","","","","","","","","","","",""
"59343001","LILLE-LESQUIN",50.57,3.0975,47,1959051115,"","","","",3.,1,"","","","","","","","","","","","","","","","","","","","","","","","","","","","","","",26.9,1,12.3,1,"","","","","","","","","","","","","","","","","","","","","","","","","","",41,1,"","","","","","","","","","","","",14.6,1,1014.9,1,"","","","","","",6,1,5,1,2,1,0,1,2,1,"","","","","","","","","","","","","","","","","","","","","","","","",20000,1,"","",2,1,2,1,"","","","","","","","","","","","","","","","","","","","","","","","","","","","","","","","","","","","","","","","","","","","","","","","","","","","","","","","","","","","","","","","","",""
"59343001","LILLE-LESQUIN",50.57,3.0975,47,1959051118,"","","","",4.,1,"","","","","","","","","","","","","","","","","","","","","","","","","","","","","","",21.,1,11.7,1,"","","","","","","","","","","","","","","","","","","","","","","","","","",57,1,"","","","","","","","","","","","",14.1,1,1016.,1,"","","","","","",6,1,0,1,9,1,0,1,3,1,"","","","","","","","","","","","","","","","","","","","","","","","",20000,1,"","",17,1,9,1,"","","","","","","","","","","","","","","","","","","","","","","","","","","","","","","","","","","","","","","","","","","","","","","","","","","","","","","","","","","","","","","","","",""
"59343001","LILLE-LESQUIN",50.57,3.0975,47,1959051121,"","","","",2.,1,"","","","","","","","","","","","","","","","","","","","","","","","","","","","","","",17.3,1,11.3,1,"","","","","","","","","","","","","","","","","","","","","","","","","","",69,1,"","","","","","","","","","","","",13.7,1,1017.4,1,"","","","","","",6,1,5,1,9,1,8,1,3,1,"","","","","","","","","","","","","","","","","","","","","","","","",15000,1,"","",13,1,9,1,"","","","","","","","","","","","","","","","","","","","","","","","","","","","","","","","","","","","","","","","","","","","","","","","","","","","","","","","","","","","","","","","","",""
"59343001","LILLE-LESQUIN",50.57,3.0975,47,1959051200,"","","","",4.,1,"","","","","","","","","","","","","","","","","","","","","","","","","","","","","","",15.5,1,13.3,1,"","","","","","","","","","","","","","","","","","","","","","","","","","",90,1,"","","","","","","","","","","","",15.7,1,1019.1,1,"","","","","","",7,1,7,1,9,1,7,1,"","","","","","","","","","","","","","","","","","","","","","","","","","",12000,1,"","",29,1,9,1,"","","","","","","","","","","","","","","","","","","","","","","","","","","","","","","","","","","","","","","","","","","","","","","","","","","","","","","","","","","","","","","","","",""
"59343001","LILLE-LESQUIN",50.57,3.0975,47,1959051203,"","","","",3.,1,"","","","","","","","","","","","","","","","","","","","","","","","","","","","","","",13.7,1,11.6,1,"","","","","","","","","","","","","","","","","","","","","","","","","","",90,1,"","","","","","","","","","","","",14.,1,1019.4,1,"","","","","","",0,1,"","",0,1,0,1,0,1,"","","","","","","","","","","","","","","","","","","","","","","","",12000,1,"","",2,1,1,1,"","","","","","","","","","","","","","","","","","","","","","","","","","","","","","","","","","","","","","","","","","","","","","","","","","","","","","","","","","","","","","","","","",""
"59343001","LILLE-LESQUIN",50.57,3.0975,47,1959051206,"","","","",1.,1,"","","","","","","","","","","","","","","","","","","","","","","","","","","","","","",13.3,1,12.1,1,"","","","","","","","","","","","","","","","","","","","","","","","","","",94,1,"","","","","","","","","","","","",14.4,1,1020.6,1,"","","","","","",3,1,0,1,2,1,0,1,1,1,"","","","","","","","","","","","","","","","","","","","","","","","",3500,1,"","",10,1,1,1,"","",0,1,"","","","","","","","","","","","","","","","","","","","","","","","","","","","","","","","","","","","","","","","","","","","","","","","","","","","","","","","","","","","","",""
"59343001","LILLE-LESQUIN",50.57,3.0975,47,1959051209,"","","","",4.,1,"","","","","","","","","","","","","","","","","","","","","","","","","","","","","","",21.,1,13.6,1,"","","","","","","","","","","","","","","","","","","","","","","","","","",64,1,"","","","","","","","","","","","",16.,1,1021.7,1,"","","","","","",1,1,0,1,0,1,8,1,1,1,"","","","","","","","","","","","","","","","","","","","","","","","",5000,1,"","",1,1,0,1,"","","","","","","","","","","","","","","","","","","","","","","","","","","","","","","","","","","","","","","","","","","","","","","","","","","","","","","","","","","","","","","","","",""
"59343001","LILLE-LESQUIN",50.57,3.0975,47,1959051212,"","","","",6.,1,"","","","","","","","","","","","","","","","","","","","","","","","","","","","","","",25.1,1,11.7,1,"","","","","","","","","","","","","","","","","","","","","","","","","","",44,1,"","","","","","","","","","","","",14.1,1,1021.8,1,"","","","","","",1,1,0,1,0,1,0,1,1,1,"","","","","","","","","","","","","","","","","","","","","","","","",10000,1,"","",1,1,0,1,"","","","","","","","","","","","","","","","","","","","","","","","","","","","","","","","","","","","","","","","","","","","","","","","","","","","","","","","","","","","","","","","","",""
"59343001","LILLE-LESQUIN",50.57,3.0975,47,1959051215,"","","","",4.,1,"","","","","","","","","","","","","","","","","","","","","","","","","","","","","","",25.6,1,10.9,1,"","","","","","","","","","","","","","","","","","","","","","","","","","",40,1,"","","","","","","","","","","","",13.3,1,1021.7,1,"","","","","","",2,1,0,1,2,1,0,1,1,1,"","","","","","","","","","","","","","","","","","","","","","","","",10000,1,"","",3,1,0,1,"","","","","","","","","","","","","","","","","","","","","","","","","","","","","","","","","","","","","","","","","","","","","","","","","","","","","","","","","","","","","","","","","",""
"59343001","LILLE-LESQUIN",50.57,3.0975,47,1959051218,"","","","",4.,1,"","","","","","","","","","","","","","","","","","","","","","","","","","","","","","",22.6,1,12.8,1,"","","","","","","","","","","","","","","","","","","","","","","","","","",55,1,"","","","","","","","","","","","",15.1,1,1021.6,1,"","","","","","",1,1,0,1,0,1,0,1,1,1,"","","","","","","","","","","","","","","","","","","","","","","","",8000,1,"","",2,1,0,1,"","","","","","","","","","","","","","","","","","","","","","","","","","","","","","","","","","","","","","","","","","","","","","","","","","","","","","","","","","","","","","","","","",""
"59343001","LILLE-LESQUIN",50.57,3.0975,47,1959051221,"","","","",4.,1,"","","","","","","","","","","","","","","","","","","","","","","","","","","","","","",15.8,1,11.4,1,"","","","","","","","","","","","","","","","","","","","","","","","","","",78,1,"","","","","","","","","","","","",13.8,1,1023.1,1,"","","","","","",0,1,"","",0,1,0,1,0,1,"","","","","","","","","","","","","","","","","","","","","","","","",7000,1,"","",1,1,0,1,"","","","","","","","","","","","","","","","","","","","","","","","","","","","","","","","","","","","","","","","","","","","","","","","","","","","","","","","","","","","","","","","","",""
"59343001","LILLE-LESQUIN",50.57,3.0975,47,1959051300,"","","","",2.,1,"","","","","","","","","","","","","","","","","","","","","","","","","","","","","","",11.4,1,9.6,1,"","","","","","","","","","","","","","","","","","","","","","","","","","",90,1,"","","","","","","","","","","","",12.2,1,1024.3,1,"","","","","","",0,1,"","",0,1,0,1,0,1,"","","","","","","","","","","","","","","","","","","","","","","","",7000,1,"","",2,1,0,1,"","","","","","","","","","","","","","","","","","","","","","","","","","","","","","","","","","","","","","","","","","","","","","","","","","","","","","","","","","","","","","","","","",""
"59343001","LILLE-LESQUIN",50.57,3.0975,47,1959051303,"","","","",0.,1,"","","","","","","","","","","","","","","","","","","","","","","","","","","","","","",10.,1,8.8,1,"","","","","","","","","","","","","","","","","","","","","","","","","","",93,1,"","","","","","","","","","","","",11.5,1,1024.4,1,"","","","","","",0,1,"","",0,1,0,1,0,1,"","","","","","","","","","","","","","","","","","","","","","","","",6000,1,"","",2,1,0,1,"","","","","","","","","","","","","","","","","","","","","","","","","","","","","","","","","","","","","","","","","","","","","","","","","","","","","","","","","","","","","","","","","",""
"59343001","LILLE-LESQUIN",50.57,3.0975,47,1959051306,"","","","",3.,1,"","","","","","","","","","","","","","","","","","","","","","","","","","","","","","",11.9,1,9.2,1,"","","","","","","","","","","","","","","","","","","","","","","","","","",85,1,"","","","","","","","","","","","",11.8,1,1026.,1,"","","","","","",0,1,"","",0,1,0,1,0,1,"","","","","","","","","","","","","","","","","","","","","","","","",5000,1,"","",2,1,0,1,"","",0,1,"","","","","","","","","","","","","","","","","","","","","","","","","","","","","","","","","","","","","","","","","","","","","","","","","","","","","","","","","","","","","",""
"59343001","LILLE-LESQUIN",50.57,3.0975,47,1959051309,"","","","",5.,1,"","","","","","","","","","","","","","","","","","","","","","","","","","","","","","",18.2,1,10.1,1,"","","","","","","","","","","","","","","","","","","","","","","","","","",60,1,"","","","","","","","","","","","",12.6,1,1026.3,1,"","","","","","",0,1,"","",0,1,0,1,0,1,"","","","","","","","","","","","","","","","","","","","","","","","",8000,1,"","",2,1,0,1,"","","","","","","","","","","","","","","","","","","","","","","","","","","","","","","","","","","","","","","","","","","","","","","","","","","","","","","","","","","","","","","","","",""
"59343001","LILLE-LESQUIN",50.57,3.0975,47,1959051312,"","","","",7.,1,"","","","","","","","","","","","","","","","","","","","","","","","","","","","","","",21.,1,5.1,1,"","","","","","","","","","","","","","","","","","","","","","","","","","",35,1,"","","","","","","","","","","","",8.9,1,1026.1,1,"","","","","","",1,1,0,1,0,1,0,1,1,1,"","","","","","","","","","","","","","","","","","","","","","","","",15000,1,"","",2,1,0,1,"","","","","","","","","","","","","","","","","","","","","","","","","","","","","","","","","","","","","","","","","","","","","","","","","","","","","","","","","","","","","","","","","",""
"59343001","LILLE-LESQUIN",50.57,3.0975,47,1959051315,"","","","",6.,1,"","","","","","","","","","","","","","","","","","","","","","","","","","","","","","",22.5,1,6.4,1,"","","","","","","","","","","","","","","","","","","","","","","","","","",35,1,"","","","","","","","","","","","",9.7,1,1025.9,1,"","","","","","",0,1,"","",0,1,0,1,0,1,"","","","","","","","","","","","","","","","","","","","","","","","",20000,1,"","",2,1,0,1,"","","","","","","","","","","","","","","","","","","","","","","","","","","","","","","","","","","","","","","","","","","","","","","","","","","","","","","","","","","","","","","","","",""
"59343001","LILLE-LESQUIN",50.57,3.0975,47,1959051318,"","","","",5.,1,"","","","","","","","","","","","","","","","","","","","","","","","","","","","","","",19.8,1,5.1,1,"","","","","","","","","","","","","","","","","","","","","","","","","","",39,1,"","","","","","","","","","","","",8.9,1,1025.9,1,"","","","","","",0,1,"","",0,1,0,1,0,1,"","","","","","","","","","","","","","","","","","","","","","","","",20000,1,"","",2,1,0,1,"","","","","","","","","","","","","","","","","","","","","","","","","","","","","","","","","","","","","","","","","","","","","","","","","","","","","","","","","","","","","","","","","",""
"59343001","LILLE-LESQUIN",50.57,3.0975,47,1959051321,"","","","",5.,1,"","","","","","","","","","","","","","","","","","","","","","","","","","","","","","",14.3,1,7.1,1,"","","","","","","","","","","","","","","","","","","","","","","","","","",63,1,"","","","","","","","","","","","",10.2,1,1026.9,1,"","","","","","",1,1,0,1,0,1,0,1,1,1,"","","","","","","","","","","","","","","","","","","","","","","","",10000,1,"","",2,1,0,1,"","","","","","","","","","","","","","","","","","","","","","","","","","","","","","","","","","","","","","","","","","","","","","","","","","","","","","","","","","","","","","","","","",""
"59343001","LILLE-LESQUIN",50.57,3.0975,47,1959051400,"","","","",5.,1,"","","","","","","","","","","","","","","","","","","","","","","","","","","","","","",12.2,1,6.4,1,"","","","","","","","","","","","","","","","","","","","","","","","","","",69,1,"","","","","","","","","","","","",9.7,1,1026.9,1,"","","","","","",0,1,"","",0,1,0,1,0,1,"","","","","","","","","","","","","","","","","","","","","","","","",15000,1,"","",2,1,0,1,"","","","","","","","","","","","","","","","","","","","","","","","","","","","","","","","","","","","","","","","","","","","","","","","","","","","","","","","","","","","","","","","","",""
"59343001","LILLE-LESQUIN",50.57,3.0975,47,1959051403,"","","","",3.,1,"","","","","","","","","","","","","","","","","","","","","","","","","","","","","","",9.,1,7.3,1,"","","","","","","","","","","","","","","","","","","","","","","","","","",90,1,"","","","","","","","","","","","",10.4,1,1026.5,1,"","","","","","",0,1,"","",0,1,0,1,0,1,"","","","","","","","","","","","","","","","","","","","","","","","",10000,1,"","",2,1,0,1,"","","","","","","","","","","","","","","","","","","","","","","","","","","","","","","","","","","","","","","","","","","","","","","","","","","","","","","","","","","","","","","","","",""
"59343001","LILLE-LESQUIN",50.57,3.0975,47,1959051406,"","","","",0.,1,"","","","","","","","","","","","","","","","","","","","","","","","","","","","","","",10.7,1,8.4,1,"","","","","","","","","","","","","","","","","","","","","","","","","","",88,1,"","","","","","","","","","","","",11.2,1,1026.9,1,"","","","","","",0,1,"","",0,1,0,1,0,1,"","","","","","","","","","","","","","","","","","","","","","","","",2500,1,"","",10,1,0,1,"","",0,1,"","","","","","","","","","","","","","","","","","","","","","","","","","","","","","","","","","","","","","","","","","","","","","","","","","","","","","","","","","","","","",""
"59343001","LILLE-LESQUIN",50.57,3.0975,47,1959051409,"","","","",4.,1,"","","","","","","","","","","","","","","","","","","","","","","","","","","","","","",16.4,1,8.4,1,"","","","","","","","","","","","","","","","","","","","","","","","","","",59,1,"","","","","","","","","","","","",11.2,1,1026.6,1,"","","","","","",0,1,"","",0,1,0,1,0,1,"","","","","","","","","","","","","","","","","","","","","","","","",6000,1,"","",2,1,0,1,"","","","","","","","","","","","","","","","","","","","","","","","","","","","","","","","","","","","","","","","","","","","","","","","","","","","","","","","","","","","","","","","","",""
"59343001","LILLE-LESQUIN",50.57,3.0975,47,1959051412,"","","","",7.,1,"","","","","","","","","","","","","","","","","","","","","","","","","","","","","","",19.4,1,4.7,1,"","","","","","","","","","","","","","","","","","","","","","","","","","",38,1,"","","","","","","","","","","","",8.6,1,1025.9,1,"","","","","","",0,1,"","",0,1,0,1,0,1,"","","","","","","","","","","","","","","","","","","","","","","","",20000,1,"","",2,1,0,1,"","","","","","","","","","","","","","","","","","","","","","","","","","","","","","","","","","","","","","","","","","","","","","","","","","","","","","","","","","","","","","","","","",""
"59343001","LILLE-LESQUIN",50.57,3.0975,47,1959051415,"","","","",9.,1,"","","","","","","","","","","","","","","","","","","","","","","","","","","","","","",18.3,1,5.3,1,"","","","","","","","","","","","","","","","","","","","","","","","","","",42,1,"","","","","","","","","","","","",9.,1,1025.,1,"","","","","","",0,1,"","",0,1,0,1,0,1,"","","","","","","","","","","","","","","","","","","","","","","","",40000,1,"","",2,1,0,1,"","","","","","","","","","","","","","","","","","","","","","","","","","","","","","","","","","","","","","","","","","","","","","","","","","","","","","","","","","","","","","","","","",""
"59343001","LILLE-LESQUIN",50.57,3.0975,47,1959051418,"","","","",8.,1,"","","","","","","","","","","","","","","","","","","","","","","","","","","","","","",15.3,1,3.8,1,"","","","","","","","","","","","","","","","","","","","","","","","","","",47,1,"","","","","","","","","","","","",8.1,1,1024.,1,"","","","","","",0,1,"","",0,1,0,1,0,1,"","","","","","","","","","","","","","","","","","","","","","","","",35000,1,"","",2,1,0,1,"","","","","","","","","","","","","","","","","","","","","","","","","","","","","","","","","","","","","","","","","","","","","","","","","","","","","","","","","","","","","","","","","",""
"59343001","LILLE-LESQUIN",50.57,3.0975,47,1959051421,"","","","",5.,1,"","","","","","","","","","","","","","","","","","","","","","","","","","","","","","",10.7,1,7.3,1,"","","","","","","","","","","","","","","","","","","","","","","","","","",81,1,"","","","","","","","","","","","",10.4,1,1024.4,1,"","","","","","",0,1,"","",0,1,0,1,0,1,"","","","","","","","","","","","","","","","","","","","","","","","",15000,1,"","",2,1,0,1,"","","","","","","","","","","","","","","","","","","","","","","","","","","","","","","","","","","","","","","","","","","","","","","","","","","","","","","","","","","","","","","","","",""
"59343001","LILLE-LESQUIN",50.57,3.0975,47,1959051500,"","","","",5.,1,"","","","","","","","","","","","","","","","","","","","","","","","","","","","","","",9.6,1,8.1,1,"","","","","","","","","","","","","","","","","","","","","","","","","","",92,1,"","","","","","","","","","","","",11.,1,1023.,1,"","","","","","",1,1,0,1,0,1,0,1,2,1,"","","","","","","","","","","","","","","","","","","","","","","","",6000,1,"","",2,1,0,1,"","","","","","","","","","","","","","","","","","","","","","","","","","","","","","","","","","","","","","","","","","","","","","","","","","","","","","","","","","","","","","","","","",""
"59343001","LILLE-LESQUIN",50.57,3.0975,47,1959051503,"","","","",2.,1,"","","","","","","","","","","","","","","","","","","","","","","","","","","","","","",10.,1,8.9,1,"","","","","","","","","","","","","","","","","","","","","","","","","","",95,1,"","","","","","","","","","","","",11.6,1,1022.6,1,"","","","","","",8,1,8,1,6,1,"","","","","","","","","","","","","","","","","","","","","","","","","","","","",3000,1,"","",10,1,1,1,"","","","","","","","","","","","","","","","","","","","","","","","","","","","","","","","","","","","","","","","","","","","","","","","","","","","","","","","","","","","","","","","","",""
"59343001","LILLE-LESQUIN",50.57,3.0975,47,1959051506,"","","","",2.,1,"","","","","","","","","","","","","","","","","","","","","","","","","","","","","","",10.3,1,9.4,1,"","","","","","","","","","","","","","","","","","","","","","","","","","",96,1,"","","","","","","","","","","","",12.,1,1023.4,1,"","","","","","",8,1,8,1,6,1,"","","","","","","","","","","","","","","","","","","","","","","","","","","","",800,1,"","",46,1,4,1,"","",0,1,"","","","","","","","","","","","","","","","","","","","","","","","","","","","","","","","","","","","","","","","","","","","","","","","","","","","","","","","","","","","","",""
"59343001","LILLE-LESQUIN",50.57,3.0975,47,1959051509,"","","","",5.,1,"","","","","","","","","","","","","","","","","","","","","","","","","","","","","","",15.3,1,8.5,1,"","","","","","","","","","","","","","","","","","","","","","","","","","",65,1,"","","","","","","","","","","","",11.3,1,1023.2,1,"","","","","","",3,1,0,1,2,1,0,1,0,1,"","","","","","","","","","","","","","","","","","","","","","","","",7000,1,"","",3,1,4,1,"","","","","","","","","","","","","","","","","","","","","","","","","","","","","","","","","","","","","","","","","","","","","","","","","","","","","","","","","","","","","","","","","",""
"59343001","LILLE-LESQUIN",50.57,3.0975,47,1959051512,"","","","",6.,1,"","","","","","","","","","","","","","","","","","","","","","","","","","","","","","",17.9,1,6.2,1,"","","","","","","","","","","","","","","","","","","","","","","","","","",46,1,"","","","","","","","","","","","",9.6,1,1023.,1,"","","","","","",4,1,0,1,2,1,0,1,0,1,"","","","","","","","","","","","","","","","","","","","","","","","",20000,1,"","",2,1,4,1,"","","","","","","","","","","","","","","","","","","","","","","","","","","","","","","","","","","","","","","","","","","","","","","","","","","","","","","","","","","","","","","","","",""
"59343001","LILLE-LESQUIN",50.57,3.0975,47,1959051515,"","","","",5.,1,"","","","","","","","","","","","","","","","","","","","","","","","","","","","","","",18.6,1,5.9,1,"","","","","","","","","","","","","","","","","","","","","","","","","","",44,1,"","","","","","","","","","","","",9.4,1,1021.8,1,"","","","","","",5,1,0,1,4,1,0,1,0,1,"","","","","","","","","","","","","","","","","","","","","","","","",15000,1,"","",1,1,2,1,"","","","","","","","","","","","","","","","","","","","","","","","","","","","","","","","","","","","","","","","","","","","","","","","","","","","","","","","","","","","","","","","","",""
"59343001","LILLE-LESQUIN",50.57,3.0975,47,1959051518,"","","","",7.,1,"","","","","","","","","","","","","","","","","","","","","","","","","","","","","","",16.4,1,9.3,1,"","","","","","","","","","","","","","","","","","","","","","","","","","",64,1,"","","","","","","","","","","","",11.9,1,1021.2,1,"","","","","","",2,1,0,1,2,1,0,1,0,1,"","","","","","","","","","","","","","","","","","","","","","","","",10000,1,"","",1,1,1,1,"","","","","","","","","","","","","","","","","","","","","","","","","","","","","","","","","","","","","","","","","","","","","","","","","","","","","","","","","","","","","","","","","",""
"59343001","LILLE-LESQUIN",50.57,3.0975,47,1959051521,"","","","",5.,1,"","","","","","","","","","","","","","","","","","","","","","","","","","","","","","",12.2,1,8.5,1,"","","","","","","","","","","","","","","","","","","","","","","","","","",80,1,"","","","","","","","","","","","",11.3,1,1022.3,1,"","","","","","",1,1,0,1,0,1,3,1,0,1,"","","","","","","","","","","","","","","","","","","","","","","","",7000,1,"","",3,1,0,1,"","","","","","","","","","","","","","","","","","","","","","","","","","","","","","","","","","","","","","","","","","","","","","","","","","","","","","","","","","","","","","","","","",""
"59343001","LILLE-LESQUIN",50.57,3.0975,47,1959051600,"","","","",5.,1,"","","","","","","","","","","","","","","","","","","","","","","","","","","","","","",11.2,1,8.9,1,"","","","","","","","","","","","","","","","","","","","","","","","","","",88,1,"","","","","","","","","","","","",11.6,1,1022.3,1,"","","","","","",0,1,"","",0,1,0,1,0,1,"","","","","","","","","","","","","","","","","","","","","","","","",8000,1,"","",1,1,0,1,"","","","","","","","","","","","","","","","","","","","","","","","","","","","","","","","","","","","","","","","","","","","","","","","","","","","","","","","","","","","","","","","","",""
"59343001","LILLE-LESQUIN",50.57,3.0975,47,1959051603,"","","","",3.,1,"","","","","","","","","","","","","","","","","","","","","","","","","","","","","","",9.7,1,8.4,1,"","","","","","","","","","","","","","","","","","","","","","","","","","",93,1,"","","","","","","","","","","","",11.2,1,1022.,1,"","","","","","",0,1,"","",0,1,0,1,0,1,"","","","","","","","","","","","","","","","","","","","","","","","",3500,1,"","",10,1,0,1,"","","","","","","","","","","","","","","","","","","","","","","","","","","","","","","","","","","","","","","","","","","","","","","","","","","","","","","","","","","","","","","","","",""
"59343001","LILLE-LESQUIN",50.57,3.0975,47,1959051606,"","","","",5.,1,"","","","","","","","","","","","","","","","","","","","","","","","","","","","","","",11.,1,9.8,1,"","","","","","","","","","","","","","","","","","","","","","","","","","",94,1,"","","","","","","","","","","","",12.3,1,1022.1,1,"","","","","","",4,1,0,1,6,1,0,1,0,1,"","","","","","","","","","","","","","","","","","","","","","","","",1600,1,"","",10,1,0,1,"","",0,1,"","","","","","","","","","","","","","","","","","","","","","","","","","","","","","","","","","","","","","","","","","","","","","","","","","","","","","","","","","","","","",""
"59343001","LILLE-LESQUIN",50.57,3.0975,47,1959051609,"","","","",5.,1,"","","","","","","","","","","","","","","","","","","","","","","","","","","","","","",13.6,1,10.3,1,"","","","","","","","","","","","","","","","","","","","","","","","","","",82,1,"","","","","","","","","","","","",12.8,1,1022.4,1,"","","","","","",6,1,6,1,6,1,0,1,0,1,"","","","","","","","","","","","","","","","","","","","","","","","",5000,1,"","",10,1,1,1,"","","","","","","","","","","","","","","","","","","","","","","","","","","","","","","","","","","","","","","","","","","","","","","","","","","","","","","","","","","","","","","","","",""
"59343001","LILLE-LESQUIN",50.57,3.0975,47,1959051612,"","","","",6.,1,"","","","","","","","","","","","","","","","","","","","","","","","","","","","","","",17.,1,11.2,1,"","","","","","","","","","","","","","","","","","","","","","","","","","",70,1,"","","","","","","","","","","","",13.6,1,1021.5,1,"","","","","","",4,1,0,1,2,1,0,1,0,1,"","","","","","","","","","","","","","","","","","","","","","","","",6000,1,"","",1,1,1,1,"","","","","","","","","","","","","","","","","","","","","","","","","","","","","","","","","","","","","","","","","","","","","","","","","","","","","","","","","","","","","","","","","",""
"59343001","LILLE-LESQUIN",50.57,3.0975,47,1959051615,"","","","",7.,1,"","","","","","","","","","","","","","","","","","","","","","","","","","","","","","",18.3,1,11.2,1,"","","","","","","","","","","","","","","","","","","","","","","","","","",65,1,"","","","","","","","","","","","",13.6,1,1020.3,1,"","","","","","",4,1,0,1,2,1,0,1,0,1,"","","","","","","","","","","","","","","","","","","","","","","","",10000,1,"","",2,1,0,1,"","","","","","","","","","","","","","","","","","","","","","","","","","","","","","","","","","","","","","","","","","","","","","","","","","","","","","","","","","","","","","","","","",""
"59343001","LILLE-LESQUIN",50.57,3.0975,47,1959051618,"","","","",7.,1,"","","","","","","","","","","","","","","","","","","","","","","","","","","","","","",14.6,1,10.8,1,"","","","","","","","","","","","","","","","","","","","","","","","","","",80,1,"","","","","","","","","","","","",13.2,1,1020.2,1,"","","","","","",5,1,5,1,5,1,0,1,0,1,"","","","","","","","","","","","","","","","","","","","","","","","",7000,1,"","",3,1,1,1,"","","","","","","","","","","","","","","","","","","","","","","","","","","","","","","","","","","","","","","","","","","","","","","","","","","","","","","","","","","","","","","","","",""
"59343001","LILLE-LESQUIN",50.57,3.0975,47,1959051621,"","","","",5.,1,"","","","","","","","","","","","","","","","","","","","","","","","","","","","","","",11.,1,9.2,1,"","","","","","","","","","","","","","","","","","","","","","","","","","",90,1,"","","","","","","","","","","","",11.8,1,1020.8,1,"","","","","","",8,1,8,1,6,1,"","","","","","","","","","","","","","","","","","","","","","","","","","","","",2500,1,"","",10,1,2,1,"","","","","","","","","","","","","","","","","","","","","","","","","","","","","","","","","","","","","","","","","","","","","","","","","","","","","","","","","","","","","","","","","",""
"59343001","LILLE-LESQUIN",50.57,3.0975,47,1959051700,"","","","",4.,1,"","","","","","","","","","","","","","","","","","","","","","","","","","","","","","",11.,1,9.8,1,"","","","","","","","","","","","","","","","","","","","","","","","","","",94,1,"","","","","","","","","","","","",12.3,1,1020.8,1,"","","","","","",8,1,8,1,6,1,"","","","","","","","","","","","","","","","","","","","","","","","","","","","",2000,1,"","",10,1,2,1,"","","","","","","","","","","","","","","","","","","","","","","","","","","","","","","","","","","","","","","","","","","","","","","","","","","","","","","","","","","","","","","","","",""
"59343001","LILLE-LESQUIN",50.57,3.0975,47,1959051703,"","","","",4.,1,"","","","","","","","","","","","","","","","","","","","","","","","","","","","","","",10.7,1,9.4,1,"","","","","","","","","","","","","","","","","","","","","","","","","","",94,1,"","","","","","","","","","","","",12.,1,1019.5,1,"","","","","","",8,1,8,1,6,1,"","","","","","","","","","","","","","","","","","","","","","","","","","","","",1800,1,"","",10,1,2,1,"","","","","","","","","","","","","","","","","","","","","","","","","","","","","","","","","","","","","","","","","","","","","","","","","","","","","","","","","","","","","","","","","",""
"59343001","LILLE-LESQUIN",50.57,3.0975,47,1959051706,"","","","",4.,1,"","","","","","","","","","","","","","","","","","","","","","","","","","","","","","",10.7,1,9.4,1,"","","","","","","","","","","","","","","","","","","","","","","","","","",94,1,"","","","","","","","","","","","",12.,1,1019.2,1,"","","","","","",8,1,8,1,6,1,"","","","","","","","","","","","","","","","","","","","","","","","","","","","",1800,1,"","",10,1,2,1,"","",0,1,"","","","","","","","","","","","","","","","","","","","","","","","","","","","","","","","","","","","","","","","","","","","","","","","","","","","","","","","","","","","","",""
"59343001","LILLE-LESQUIN",50.57,3.0975,47,1959051709,"","","","",6.,1,"","","","","","","","","","","","","","","","","","","","","","","","","","","","","","",12.6,1,10.4,1,"","","","","","","","","","","","","","","","","","","","","","","","","","",88,1,"","","","","","","","","","","","",12.9,1,1018.8,1,"","","","","","",8,1,6,1,5,1,"","","","","","","","","","","","","","","","","","","","","","","","","","","","",1700,1,"","",10,1,2,1,"","","","","","","","","","","","","","","","","","","","","","","","","","","","","","","","","","","","","","","","","","","","","","","","","","","","","","","","","","","","","","","","","",""
"59343001","LILLE-LESQUIN",50.57,3.0975,47,1959051712,"","","","",7.,1,"","","","","","","","","","","","","","","","","","","","","","","","","","","","","","",17.7,1,11.9,1,"","","","","","","","","","","","","","","","","","","","","","","","","","",70,1,"","","","","","","","","","","","",14.2,1,1017.1,1,"","","","","","",7,1,7,1,5,1,"","","","","","","","","","","","","","","","","","","","","","","","","","","","",4000,1,"","",10,1,2,1,"","","","","","","","","","","","","","","","","","","","","","","","","","","","","","","","","","","","","","","","","","","","","","","","","","","","","","","","","","","","","","","","","",""
"59343001","LILLE-LESQUIN",50.57,3.0975,47,1959051715,"","","","",8.,1,"","","","","","","","","","","","","","","","","","","","","","","","","","","","","","",19.4,1,12.4,1,"","","","","","","","","","","","","","","","","","","","","","","","","","",66,1,"","","","","","","","","","","","",14.7,1,1015.3,1,"","","","","","",7,1,7,1,2,1,3,1,0,1,"","","","","","","","","","","","","","","","","","","","","","","","",8000,1,"","",2,1,2,1,"","","","","","","","","","","","","","","","","","","","","","","","","","","","","","","","","","","","","","","","","","","","","","","","","","","","","","","","","","","","","","","","","",""
"59343001","LILLE-LESQUIN",50.57,3.0975,47,1959051718,"","","","",8.,1,"","","","","","","","","","","","","","","","","","","","","","","","","","","","","","",15.,1,11.3,1,"","","","","","","","","","","","","","","","","","","","","","","","","","",81,1,"","","","","","","","","","","","",13.7,1,1015.,1,"","","","","","",7,1,6,1,2,1,4,1,3,1,"","","","","","","","","","","","","","","","","","","","","","","","",8000,1,"","",29,1,9,1,"","","","","","","","","","","","","","","","","","","","","","","","","","","","","","","","","","","","","","","","","","","","","","","","","","","","","","","","","","","","","","","","","",""
"59343001","LILLE-LESQUIN",50.57,3.0975,47,1959051721,"","","","",8.,1,"","","","","","","","","","","","","","","","","","","","","","","","","","","","","","",11.8,1,10.,1,"","","","","","","","","","","","","","","","","","","","","","","","","","",90,1,"","","","","","","","","","","","",12.5,1,1015.5,1,"","","","","","",8,1,8,1,7,1,7,1,"","","","","","","","","","","","","","","","","","","","","","","","","","",5000,1,"","",2,1,2,1,"","","","","","","","","","","","","","","","","","","","","","","","","","","","","","","","","","","","","","","","","","","","","","","","","","","","","","","","","","","","","","","","","",""
"59343001","LILLE-LESQUIN",50.57,3.0975,47,1959051800,"","","","",5.,1,"","","","","","","","","","","","","","","","","","","","","","","","","","","","","","",11.3,1,10.2,1,"","","","","","","","","","","","","","","","","","","","","","","","","","",95,1,"","","","","","","","","","","","",12.7,1,1015.7,1,"","","","","","",8,1,8,1,9,1,"","","","","","","","","","","","","","","","","","","","","","","","","","","","",3500,1,"","",95,1,2,1,"","","","","","","","","","","","","","","","","","","","","","","","","","","","","","","","","","","","","","","","","","","","","","","","","","","","","","","","","","","","","","","","","",""
"59343001","LILLE-LESQUIN",50.57,3.0975,47,1959051803,"","","","",7.,1,"","","","","","","","","","","","","","","","","","","","","","","","","","","","","","",10.5,1,9.4,1,"","","","","","","","","","","","","","","","","","","","","","","","","","",95,1,"","","","","","","","","","","","",12.,1,1014.4,1,"","","","","","",8,1,8,1,6,1,"","","","","","","","","","","","","","","","","","","","","","","","","","","","",3000,1,"","",61,1,9,1,"","","","","","","","","","","","","","","","","","","","","","","","","","","","","","","","","","","","","","","","","","","","","","","","","","","","","","","","","","","","","","","","","",""
"59343001","LILLE-LESQUIN",50.57,3.0975,47,1959051806,"","","","",6.,1,"","","","","","","","","","","","","","","","","","","","","","","","","","","","","","",9.8,1,8.9,1,"","","","","","","","","","","","","","","","","","","","","","","","","","",96,1,"","","","","","","","","","","","",11.6,1,1014.7,1,"","","","","","",8,1,8,1,6,1,"","","","","","","","","","","","","","","","","","","","","","","","","","","","",1800,1,"","",61,1,9,1,"","",0,1,"","","","","","","","","","","","","","","","","","","","","","","","","","","","","","","","","","","","","","","","","","","","","","","","","","","","","","","","","","","","","",""
"59343001","LILLE-LESQUIN",50.57,3.0975,47,1959051809,"","","","",6.,1,"","","","","","","","","","","","","","","","","","","","","","","","","","","","","","",9.9,1,8.4,1,"","","","","","","","","","","","","","","","","","","","","","","","","","",92,1,"","","","","","","","","","","","",11.2,1,1015.2,1,"","","","","","",8,1,8,1,6,1,"","","","","","","","","","","","","","","","","","","","","","","","","","","","",2500,1,"","",10,1,6,1,"","","","","","","","","","","","","","","","","","","","","","","","","","","","","","","","","","","","","","","","","","","","","","","","","","","","","","","","","","","","","","","","","",""
"59343001","LILLE-LESQUIN",50.57,3.0975,47,1959051812,"","","","",7.,1,"","","","","","","","","","","","","","","","","","","","","","","","","","","","","","",11.5,1,9.,1,"","","","","","","","","","","","","","","","","","","","","","","","","","",86,1,"","","","","","","","","","","","",11.7,1,1015.1,1,"","","","","","",8,1,8,1,6,1,"","","","","","","","","","","","","","","","","","","","","","","","","","","","",4000,1,"","",10,1,6,1,"","","","","","","","","","","","","","","","","","","","","","","","","","","","","","","","","","","","","","","","","","","","","","","","","","","","","","","","","","","","","","","","","",""
"59343001","LILLE-LESQUIN",50.57,3.0975,47,1959051815,"","","","",7.,1,"","","","","","","","","","","","","","","","","","","","","","","","","","","","","","",13.1,1,9.2,1,"","","","","","","","","","","","","","","","","","","","","","","","","","",78,1,"","","","","","","","","","","","",11.8,1,1014.4,1,"","","","","","",8,1,8,1,5,1,"","","","","","","","","","","","","","","","","","","","","","","","","","","","",8000,1,"","",2,1,2,1,"","","","","","","","","","","","","","","","","","","","","","","","","","","","","","","","","","","","","","","","","","","","","","","","","","","","","","","","","","","","","","","","","",""
"59343001","LILLE-LESQUIN",50.57,3.0975,47,1959051818,"","","","",7.,1,"","","","","","","","","","","","","","","","","","","","","","","","","","","","","","",12.,1,8.4,1,"","","","","","","","","","","","","","","","","","","","","","","","","","",80,1,"","","","","","","","","","","","",11.2,1,1014.6,1,"","","","","","",8,1,8,1,5,1,"","","","","","","","","","","","","","","","","","","","","","","","","","","","",10000,1,"","",2,1,2,1,"","","","","","","","","","","","","","","","","","","","","","","","","","","","","","","","","","","","","","","","","","","","","","","","","","","","","","","","","","","","","","","","","",""
"59343001","LILLE-LESQUIN",50.57,3.0975,47,1959051821,"","","","",7.,1,"","","","","","","","","","","","","","","","","","","","","","","","","","","","","","",10.6,1,7.9,1,"","","","","","","","","","","","","","","","","","","","","","","","","","",85,1,"","","","","","","","","","","","",10.8,1,1015.2,1,"","","","","","",8,1,8,1,5,1,"","","","","","","","","","","","","","","","","","","","","","","","","","","","",12000,1,"","",2,1,2,1,"","","","","","","","","","","","","","","","","","","","","","","","","","","","","","","","","","","","","","","","","","","","","","","","","","","","","","","","","","","","","","","","","",""
"59343001","LILLE-LESQUIN",50.57,3.0975,47,1959051900,"","","","",7.,1,"","","","","","","","","","","","","","","","","","","","","","","","","","","","","","",9.8,1,7.3,1,"","","","","","","","","","","","","","","","","","","","","","","","","","",86,1,"","","","","","","","","","","","",10.4,1,1015.2,1,"","","","","","",8,1,8,1,5,1,"","","","","","","","","","","","","","","","","","","","","","","","","","","","",15000,1,"","",2,1,2,1,"","","","","","","","","","","","","","","","","","","","","","","","","","","","","","","","","","","","","","","","","","","","","","","","","","","","","","","","","","","","","","","","","",""
"59343001","LILLE-LESQUIN",50.57,3.0975,47,1959051903,"","","","",8.,1,"","","","","","","","","","","","","","","","","","","","","","","","","","","","","","",9.6,1,6.8,1,"","","","","","","","","","","","","","","","","","","","","","","","","","",84,1,"","","","","","","","","","","","",10.,1,1014.5,1,"","","","","","",8,1,8,1,5,1,"","","","","","","","","","","","","","","","","","","","","","","","","","","","",15000,1,"","",2,1,2,1,"","","","","","","","","","","","","","","","","","","","","","","","","","","","","","","","","","","","","","","","","","","","","","","","","","","","","","","","","","","","","","","","","",""
"59343001","LILLE-LESQUIN",50.57,3.0975,47,1959051906,"","","","",6.,1,"","","","","","","","","","","","","","","","","","","","","","","","","","","","","","",9.8,1,7.3,1,"","","","","","","","","","","","","","","","","","","","","","","","","","",86,1,"","","","","","","","","","","","",10.4,1,1014.7,1,"","","","","","",8,1,8,1,5,1,"","","","","","","","","","","","","","","","","","","","","","","","","","","","",7000,1,"","",2,1,2,1,"","",0,1,"","","","","","","","","","","","","","","","","","","","","","","","","","","","","","","","","","","","","","","","","","","","","","","","","","","","","","","","","","","","","",""
"59343001","LILLE-LESQUIN",50.57,3.0975,47,1959051909,"","","","",5.,1,"","","","","","","","","","","","","","","","","","","","","","","","","","","","","","",11.7,1,8.,1,"","","","","","","","","","","","","","","","","","","","","","","","","","",80,1,"","","","","","","","","","","","",10.9,1,1015.,1,"","","","","","",8,1,7,1,5,1,"","","","","","","","","","","","","","","","","","","","","","","","","","","","",6000,1,"","",2,1,2,1,"","","","","","","","","","","","","","","","","","","","","","","","","","","","","","","","","","","","","","","","","","","","","","","","","","","","","","","","","","","","","","","","","",""
"59343001","LILLE-LESQUIN",50.57,3.0975,47,1959051912,"","","","",6.,1,"","","","","","","","","","","","","","","","","","","","","","","","","","","","","","",13.2,1,7.7,1,"","","","","","","","","","","","","","","","","","","","","","","","","","",71,1,"","","","","","","","","","","","",10.7,1,1014.8,1,"","","","","","",8,1,8,1,5,1,7,1,"","","","","","","","","","","","","","","","","","","","","","","","","","",7000,1,"","",60,1,6,1,"","","","","","","","","","","","","","","","","","","","","","","","","","","","","","","","","","","","","","","","","","","","","","","","","","","","","","","","","","","","","","","","","",""
"59343001","LILLE-LESQUIN",50.57,3.0975,47,1959051915,"","","","",7.,1,"","","","","","","","","","","","","","","","","","","","","","","","","","","","","","",13.3,1,7.9,1,"","","","","","","","","","","","","","","","","","","","","","","","","","",71,1,"","","","","","","","","","","","",10.8,1,1014.,1,"","","","","","",8,1,8,1,5,1,7,1,"","","","","","","","","","","","","","","","","","","","","","","","","","",10000,1,"","",2,1,6,1,"","","","","","","","","","","","","","","","","","","","","","","","","","","","","","","","","","","","","","","","","","","","","","","","","","","","","","","","","","","","","","","","","",""
"59343001","LILLE-LESQUIN",50.57,3.0975,47,1959051918,"","","","",6.,1,"","","","","","","","","","","","","","","","","","","","","","","","","","","","","","",11.6,1,7.3,1,"","","","","","","","","","","","","","","","","","","","","","","","","","",76,1,"","","","","","","","","","","","",10.4,1,1014.2,1,"","","","","","",8,1,8,1,5,1,2,1,"","","","","","","","","","","","","","","","","","","","","","","","","","",8000,1,"","",60,1,6,1,"","","","","","","","","","","","","","","","","","","","","","","","","","","","","","","","","","","","","","","","","","","","","","","","","","","","","","","","","","","","","","","","","",""
"59343001","LILLE-LESQUIN",50.57,3.0975,47,1959051921,"","","","",5.,1,"","","","","","","","","","","","","","","","","","","","","","","","","","","","","","",10.3,1,7.3,1,"","","","","","","","","","","","","","","","","","","","","","","","","","",83,1,"","","","","","","","","","","","",10.4,1,1014.7,1,"","","","","","",8,1,8,1,5,1,"","","","","","","","","","","","","","","","","","","","","","","","","","","","",10000,1,"","",3,1,6,1,"","","","","","","","","","","","","","","","","","","","","","","","","","","","","","","","","","","","","","","","","","","","","","","","","","","","","","","","","","","","","","","","","",""
"59343001","LILLE-LESQUIN",50.57,3.0975,47,1959052000,"","","","",3.,1,"","","","","","","","","","","","","","","","","","","","","","","","","","","","","","",10.,1,7.7,1,"","","","","","","","","","","","","","","","","","","","","","","","","","",87,1,"","","","","","","","","","","","",10.7,1,1014.1,1,"","","","","","",8,1,8,1,5,1,"","","","","","","","","","","","","","","","","","","","","","","","","","","","",10000,1,"","",2,1,6,1,"","","","","","","","","","","","","","","","","","","","","","","","","","","","","","","","","","","","","","","","","","","","","","","","","","","","","","","","","","","","","","","","","",""
"59343001","LILLE-LESQUIN",50.57,3.0975,47,1959052003,"","","","",4.,1,"","","","","","","","","","","","","","","","","","","","","","","","","","","","","","",10.6,1,8.8,1,"","","","","","","","","","","","","","","","","","","","","","","","","","",90,1,"","","","","","","","","","","","",11.5,1,1013.1,1,"","","","","","",8,1,8,1,5,1,"","","","","","","","","","","","","","","","","","","","","","","","","","","","",8000,1,"","",2,1,2,1,"","","","","","","","","","","","","","","","","","","","","","","","","","","","","","","","","","","","","","","","","","","","","","","","","","","","","","","","","","","","","","","","","",""
"59343001","LILLE-LESQUIN",50.57,3.0975,47,1959052006,"","","","",4.,1,"","","","","","","","","","","","","","","","","","","","","","","","","","","","","","",10.8,1,9.8,1,"","","","","","","","","","","","","","","","","","","","","","","","","","",95,1,"","","","","","","","","","","","",12.3,1,1013.3,1,"","","","","","",8,1,8,1,5,1,"","","","","","","","","","","","","","","","","","","","","","","","","","","","",2500,1,"","",61,1,2,1,"","",0,1,"","","","","","","","","","","","","","","","","","","","","","","","","","","","","","","","","","","","","","","","","","","","","","","","","","","","","","","","","","","","","",""
"59343001","LILLE-LESQUIN",50.57,3.0975,47,1959052009,"","","","",2.,1,"","","","","","","","","","","","","","","","","","","","","","","","","","","","","","",14.7,1,12.4,1,"","","","","","","","","","","","","","","","","","","","","","","","","","",88,1,"","","","","","","","","","","","",14.7,1,1013.5,1,"","","","","","",7,1,7,1,2,1,0,1,0,1,"","","","","","","","","","","","","","","","","","","","","","","","",2000,1,"","",10,1,6,1,"","","","","","","","","","","","","","","","","","","","","","","","","","","","","","","","","","","","","","","","","","","","","","","","","","","","","","","","","","","","","","","","","",""
"59343001","LILLE-LESQUIN",50.57,3.0975,47,1959052012,"","","","",3.,1,"","","","","","","","","","","","","","","","","","","","","","","","","","","","","","",18.8,1,12.9,1,"","","","","","","","","","","","","","","","","","","","","","","","","","",70,1,"","","","","","","","","","","","",15.2,1,1013.4,1,"","","","","","",6,1,6,1,2,1,0,1,0,1,"","","","","","","","","","","","","","","","","","","","","","","","",3000,1,"","",10,1,6,1,"","","","","","","","","","","","","","","","","","","","","","","","","","","","","","","","","","","","","","","","","","","","","","","","","","","","","","","","","","","","","","","","","",""
"59343001","LILLE-LESQUIN",50.57,3.0975,47,1959052015,"","","","",0.,1,"","","","","","","","","","","","","","","","","","","","","","","","","","","","","","",19.6,1,12.7,1,"","","","","","","","","","","","","","","","","","","","","","","","","","",66,1,"","","","","","","","","","","","",15.,1,1012.2,1,"","","","","","",6,1,6,1,2,1,0,1,0,1,"","","","","","","","","","","","","","","","","","","","","","","","","","","","",10,1,2,1,"","","","","","","","","","","","","","","","","","","","","","","","","","","","","","","","","","","","","","","","","","","","","","","","","","","","","","","","","","","","","","","","","",""
"59343001","LILLE-LESQUIN",50.57,3.0975,47,1959052018,"","","","",5.,1,"","","","","","","","","","","","","","","","","","","","","","","","","","","","","","",18.9,1,14.,1,"","","","","","","","","","","","","","","","","","","","","","","","","","",75,1,"","","","","","","","","","","","",16.4,1,1011.8,1,"","","","","","",3,1,0,1,2,1,0,1,1,1,"","","","","","","","","","","","","","","","","","","","","","","","",3000,1,"","",10,1,1,1,"","","","","","","","","","","","","","","","","","","","","","","","","","","","","","","","","","","","","","","","","","","","","","","","","","","","","","","","","","","","","","","","","",""
"59343001","LILLE-LESQUIN",50.57,3.0975,47,1959052021,"","","","",5.,1,"","","","","","","","","","","","","","","","","","","","","","","","","","","","","","",15.5,1,13.1,1,"","","","","","","","","","","","","","","","","","","","","","","","","","",87,1,"","","","","","","","","","","","",15.4,1,1012.,1,"","","","","","",8,1,8,1,0,1,0,1,2,1,"","","","","","","","","","","","","","","","","","","","","","","","",2000,1,"","",10,1,1,1,"","","","","","","","","","","","","","","","","","","","","","","","","","","","","","","","","","","","","","","","","","","","","","","","","","","","","","","","","","","","","","","","","",""
"59343001","LILLE-LESQUIN",50.57,3.0975,47,1959052100,"","","","",5.,1,"","","","","","","","","","","","","","","","","","","","","","","","","","","","","","",14.,1,12.8,1,"","","","","","","","","","","","","","","","","","","","","","","","","","",94,1,"","","","","","","","","","","","",15.1,1,1011.4,1,"","","","","","",8,1,8,1,0,1,0,1,2,1,"","","","","","","","","","","","","","","","","","","","","","","","",2000,1,"","",10,1,1,1,"","","","","","","","","","","","","","","","","","","","","","","","","","","","","","","","","","","","","","","","","","","","","","","","","","","","","","","","","","","","","","","","","",""
"59343001","LILLE-LESQUIN",50.57,3.0975,47,1959052103,"","","","",3.,1,"","","","","","","","","","","","","","","","","","","","","","","","","","","","","","",13.3,1,12.3,1,"","","","","","","","","","","","","","","","","","","","","","","","","","",95,1,"","","","","","","","","","","","",14.6,1,1009.6,1,"","","","","","",8,1,6,1,0,1,5,1,2,1,"","","","","","","","","","","","","","","","","","","","","","","","",2200,1,"","",10,1,2,1,"","","","","","","","","","","","","","","","","","","","","","","","","","","","","","","","","","","","","","","","","","","","","","","","","","","","","","","","","","","","","","","","","",""
"59343001","LILLE-LESQUIN",50.57,3.0975,47,1959052106,"","","","",4.,1,"","","","","","","","","","","","","","","","","","","","","","","","","","","","","","",15.2,1,13.1,1,"","","","","","","","","","","","","","","","","","","","","","","","","","",89,1,"","","","","","","","","","","","",15.4,1,1009.9,1,"","","","","","",7,1,6,1,0,1,4,1,2,1,"","","","","","","","","","","","","","","","","","","","","","","","",2000,1,"","",21,1,2,1,"","",0,1,"","","","","","","","","","","","","","","","","","","","","","","","","","","","","","","","","","","","","","","","","","","","","","","","","","","","","","","","","","","","","",""
"59343001","LILLE-LESQUIN",50.57,3.0975,47,1959052109,"","","","",3.,1,"","","","","","","","","","","","","","","","","","","","","","","","","","","","","","",18.8,1,13.9,1,"","","","","","","","","","","","","","","","","","","","","","","","","","",75,1,"","","","","","","","","","","","",16.3,1,1009.8,1,"","","","","","",5,1,0,1,0,1,4,1,2,1,"","","","","","","","","","","","","","","","","","","","","","","","",3000,1,"","",10,1,2,1,"","","","","","","","","","","","","","","","","","","","","","","","","","","","","","","","","","","","","","","","","","","","","","","","","","","","","","","","","","","","","","","","","",""
"59343001","LILLE-LESQUIN",50.57,3.0975,47,1959052112,"","","","",7.,1,"","","","","","","","","","","","","","","","","","","","","","","","","","","","","","",22.2,1,14.8,1,"","","","","","","","","","","","","","","","","","","","","","","","","","",65,1,"","","","","","","","","","","","",17.3,1,1009.,1,"","","","","","",6,1,0,1,9,1,8,1,3,1,"","","","","","","","","","","","","","","","","","","","","","","","",6000,1,"","",3,1,2,1,"","","","","","","","","","","","","","","","","","","","","","","","","","","","","","","","","","","","","","","","","","","","","","","","","","","","","","","","","","","","","","","","","",""
"59343001","LILLE-LESQUIN",50.57,3.0975,47,1959052115,"","","","",9.,1,"","","","","","","","","","","","","","","","","","","","","","","","","","","","","","",23.4,1,14.2,1,"","","","","","","","","","","","","","","","","","","","","","","","","","",58,1,"","","","","","","","","","","","",16.6,1,1008.9,1,"","","","","","",6,1,5,1,2,1,0,1,2,1,"","","","","","","","","","","","","","","","","","","","","","","","",8000,1,"","",1,1,2,1,"","","","","","","","","","","","","","","","","","","","","","","","","","","","","","","","","","","","","","","","","","","","","","","","","","","","","","","","","","","","","","","","","",""
"59343001","LILLE-LESQUIN",50.57,3.0975,47,1959052118,"","","","",8.,1,"","","","","","","","","","","","","","","","","","","","","","","","","","","","","","",22.,1,15.4,1,"","","","","","","","","","","","","","","","","","","","","","","","","","",68,1,"","","","","","","","","","","","",18.,1,1008.9,1,"","","","","","",7,1,0,1,9,1,8,1,3,1,"","","","","","","","","","","","","","","","","","","","","","","","",5000,1,"","",2,1,9,1,"","","","","","","","","","","","","","","","","","","","","","","","","","","","","","","","","","","","","","","","","","","","","","","","","","","","","","","","","","","","","","","","","",""
"59343001","LILLE-LESQUIN",50.57,3.0975,47,1959052121,"","","","",4.,1,"","","","","","","","","","","","","","","","","","","","","","","","","","","","","","",16.3,1,12.6,1,"","","","","","","","","","","","","","","","","","","","","","","","","","",80,1,"","","","","","","","","","","","",14.9,1,1010.1,1,"","","","","","",7,1,0,1,0,1,4,1,3,1,"","","","","","","","","","","","","","","","","","","","","","","","",4000,1,"","",10,1,2,1,"","","","","","","","","","","","","","","","","","","","","","","","","","","","","","","","","","","","","","","","","","","","","","","","","","","","","","","","","","","","","","","","","",""
"59343001","LILLE-LESQUIN",50.57,3.0975,47,1959052200,"","","","",0.,1,"","","","","","","","","","","","","","","","","","","","","","","","","","","","","","",15.2,1,13.1,1,"","","","","","","","","","","","","","","","","","","","","","","","","","",89,1,"","","","","","","","","","","","",15.4,1,1011.9,1,"","","","","","",8,1,8,1,9,1,"","","","","","","","","","","","","","","","","","","","","","","","","","","","",5000,1,"","",95,1,9,1,"","","","","","","","","","","","","","","","","","","","","","","","","","","","","","","","","","","","","","","","","","","","","","","","","","","","","","","","","","","","","","","","","",""
"59343001","LILLE-LESQUIN",50.57,3.0975,47,1959052203,"","","","",3.,1,"","","","","","","","","","","","","","","","","","","","","","","","","","","","","","",13.7,1,12.1,1,"","","","","","","","","","","","","","","","","","","","","","","","","","",92,1,"","","","","","","","","","","","",14.4,1,1011.6,1,"","","","","","",8,1,8,1,3,1,"","","","","","","","","","","","","","","","","","","","","","","","","","","","",7000,1,"","",17,1,9,1,"","","","","","","","","","","","","","","","","","","","","","","","","","","","","","","","","","","","","","","","","","","","","","","","","","","","","","","","","","","","","","","","","",""
"59343001","LILLE-LESQUIN",50.57,3.0975,47,1959052206,"","","","",1.,1,"","","","","","","","","","","","","","","","","","","","","","","","","","","","","","",14.,1,12.6,1,"","","","","","","","","","","","","","","","","","","","","","","","","","",93,1,"","","","","","","","","","","","",14.9,1,1012.4,1,"","","","","","",8,1,0,1,5,1,7,1,2,1,"","","","","","","","","","","","","","","","","","","","","","","","",2000,1,"","",10,1,9,1,"","",0,1,"","","","","","","","","","","","","","","","","","","","","","","","","","","","","","","","","","","","","","","","","","","","","","","","","","","","","","","","","","","","","",""
"59343001","LILLE-LESQUIN",50.57,3.0975,47,1959052209,"","","","",2.,1,"","","","","","","","","","","","","","","","","","","","","","","","","","","","","","",18.5,1,13.8,1,"","","","","","","","","","","","","","","","","","","","","","","","","","",76,1,"","","","","","","","","","","","",16.2,1,1013.,1,"","","","","","",7,1,6,1,0,1,5,1,2,1,"","","","","","","","","","","","","","","","","","","","","","","","",4000,1,"","",10,1,2,1,"","","","","","","","","","","","","","","","","","","","","","","","","","","","","","","","","","","","","","","","","","","","","","","","","","","","","","","","","","","","","","","","","",""
"59343001","LILLE-LESQUIN",50.57,3.0975,47,1959052212,"","","","",4.,1,"","","","","","","","","","","","","","","","","","","","","","","","","","","","","","",21.4,1,13.9,1,"","","","","","","","","","","","","","","","","","","","","","","","","","",64,1,"","","","","","","","","","","","",16.3,1,1012.6,1,"","","","","","",5,1,0,1,2,1,0,1,2,1,"","","","","","","","","","","","","","","","","","","","","","","","",6000,1,"","",1,1,2,1,"","","","","","","","","","","","","","","","","","","","","","","","","","","","","","","","","","","","","","","","","","","","","","","","","","","","","","","","","","","","","","","","","",""
"59343001","LILLE-LESQUIN",50.57,3.0975,47,1959052215,"","","","",7.,1,"","","","","","","","","","","","","","","","","","","","","","","","","","","","","","",21.8,1,13.1,1,"","","","","","","","","","","","","","","","","","","","","","","","","","",59,1,"","","","","","","","","","","","",15.4,1,1012.4,1,"","","","","","",7,1,5,1,2,1,0,1,2,1,"","","","","","","","","","","","","","","","","","","","","","","","",6000,1,"","",2,1,2,1,"","","","","","","","","","","","","","","","","","","","","","","","","","","","","","","","","","","","","","","","","","","","","","","","","","","","","","","","","","","","","","","","","",""
"59343001","LILLE-LESQUIN",50.57,3.0975,47,1959052218,"","","","",4.,1,"","","","","","","","","","","","","","","","","","","","","","","","","","","","","","",20.8,1,13.6,1,"","","","","","","","","","","","","","","","","","","","","","","","","","",65,1,"","","","","","","","","","","","",16.,1,1012.9,1,"","","","","","",6,1,0,1,4,1,4,1,1,1,"","","","","","","","","","","","","","","","","","","","","","","","",7000,1,"","",2,1,2,1,"","","","","","","","","","","","","","","","","","","","","","","","","","","","","","","","","","","","","","","","","","","","","","","","","","","","","","","","","","","","","","","","","",""
"59343001","LILLE-LESQUIN",50.57,3.0975,47,1959052221,"","","","",6.,1,"","","","","","","","","","","","","","","","","","","","","","","","","","","","","","",16.,1,8.4,1,"","","","","","","","","","","","","","","","","","","","","","","","","","",61,1,"","","","","","","","","","","","",11.2,1,1014.2,1,"","","","","","",4,1,0,1,0,1,4,1,1,1,"","","","","","","","","","","","","","","","","","","","","","","","",8000,1,"","",2,1,1,1,"","","","","","","","","","","","","","","","","","","","","","","","","","","","","","","","","","","","","","","","","","","","","","","","","","","","","","","","","","","","","","","","","",""
"59343001","LILLE-LESQUIN",50.57,3.0975,47,1959052300,"","","","",5.,1,"","","","","","","","","","","","","","","","","","","","","","","","","","","","","","",13.,1,7.9,1,"","","","","","","","","","","","","","","","","","","","","","","","","","",70,1,"","","","","","","","","","","","",10.8,1,1015.5,1,"","","","","","",4,1,0,1,0,1,0,1,1,1,"","","","","","","","","","","","","","","","","","","","","","","","",10000,1,"","",2,1,1,1,"","","","","","","","","","","","","","","","","","","","","","","","","","","","","","","","","","","","","","","","","","","","","","","","","","","","","","","","","","","","","","","","","",""
"59343001","LILLE-LESQUIN",50.57,3.0975,47,1959052303,"","","","",5.,1,"","","","","","","","","","","","","","","","","","","","","","","","","","","","","","",11.8,1,7.6,1,"","","","","","","","","","","","","","","","","","","","","","","","","","",76,1,"","","","","","","","","","","","",10.6,1,1016.2,1,"","","","","","",4,1,0,1,0,1,0,1,2,1,"","","","","","","","","","","","","","","","","","","","","","","","",10000,1,"","",1,1,1,1,"","","","","","","","","","","","","","","","","","","","","","","","","","","","","","","","","","","","","","","","","","","","","","","","","","","","","","","","","","","","","","","","","",""
"59343001","LILLE-LESQUIN",50.57,3.0975,47,1959052306,"","","","",6.,1,"","","","","","","","","","","","","","","","","","","","","","","","","","","","","","",12.7,1,8.,1,"","","","","","","","","","","","","","","","","","","","","","","","","","",75,1,"","","","","","","","","","","","",10.9,1,1017.7,1,"","","","","","",6,1,6,1,0,1,0,1,2,1,"","","","","","","","","","","","","","","","","","","","","","","","",7000,1,"","",3,1,2,1,"","",0,1,"","","","","","","","","","","","","","","","","","","","","","","","","","","","","","","","","","","","","","","","","","","","","","","","","","","","","","","","","","","","","",""
"59343001","LILLE-LESQUIN",50.57,3.0975,47,1959052309,"","","","",8.,1,"","","","","","","","","","","","","","","","","","","","","","","","","","","","","","",17.3,1,8.4,1,"","","","","","","","","","","","","","","","","","","","","","","","","","",57,1,"","","","","","","","","","","","",11.2,1,1018.3,1,"","","","","","",5,1,5,1,0,1,0,1,2,1,"","","","","","","","","","","","","","","","","","","","","","","","",15000,1,"","",1,1,2,1,"","","","","","","","","","","","","","","","","","","","","","","","","","","","","","","","","","","","","","","","","","","","","","","","","","","","","","","","","","","","","","","","","",""
"59343001","LILLE-LESQUIN",50.57,3.0975,47,1959052312,"","","","",10.,1,"","","","","","","","","","","","","","","","","","","","","","","","","","","","","","",20.7,1,6.8,1,"","","","","","","","","","","","","","","","","","","","","","","","","","",41,1,"","","","","","","","","","","","",10.,1,1018.3,1,"","","","","","",4,1,0,1,0,1,0,1,1,1,"","","","","","","","","","","","","","","","","","","","","","","","",20000,1,"","",2,1,1,1,"","","","","","","","","","","","","","","","","","","","","","","","","","","","","","","","","","","","","","","","","","","","","","","","","","","","","","","","","","","","","","","","","",""
"59343001","LILLE-LESQUIN",50.57,3.0975,47,1959052315,"","","","",10.,1,"","","","","","","","","","","","","","","","","","","","","","","","","","","","","","",22.2,1,6.8,1,"","","","","","","","","","","","","","","","","","","","","","","","","","",37,1,"","","","","","","","","","","","",10.,1,1018.,1,"","","","","","",4,1,0,1,0,1,0,1,1,1,"","","","","","","","","","","","","","","","","","","","","","","","",15000,1,"","",2,1,0,1,"","","","","","","","","","","","","","","","","","","","","","","","","","","","","","","","","","","","","","","","","","","","","","","","","","","","","","","","","","","","","","","","","",""
"59343001","LILLE-LESQUIN",50.57,3.0975,47,1959052318,"","","","",7.,1,"","","","","","","","","","","","","","","","","","","","","","","","","","","","","","",19.4,1,7.3,1,"","","","","","","","","","","","","","","","","","","","","","","","","","",45,1,"","","","","","","","","","","","",10.4,1,1019.,1,"","","","","","",3,1,0,1,0,1,0,1,1,1,"","","","","","","","","","","","","","","","","","","","","","","","",15000,1,"","",1,1,0,1,"","","","","","","","","","","","","","","","","","","","","","","","","","","","","","","","","","","","","","","","","","","","","","","","","","","","","","","","","","","","","","","","","",""
"59343001","LILLE-LESQUIN",50.57,3.0975,47,1959052321,"","","","",5.,1,"","","","","","","","","","","","","","","","","","","","","","","","","","","","","","",14.,1,6.2,1,"","","","","","","","","","","","","","","","","","","","","","","","","","",60,1,"","","","","","","","","","","","",9.6,1,1020.3,1,"","","","","","",1,1,0,1,0,1,0,1,1,1,"","","","","","","","","","","","","","","","","","","","","","","","",12000,1,"","",2,1,0,1,"","","","","","","","","","","","","","","","","","","","","","","","","","","","","","","","","","","","","","","","","","","","","","","","","","","","","","","","","","","","","","","","","",""
"59343001","LILLE-LESQUIN",50.57,3.0975,47,1959052400,"","","","",5.,1,"","","","","","","","","","","","","","","","","","","","","","","","","","","","","","",11.6,1,5.6,1,"","","","","","","","","","","","","","","","","","","","","","","","","","",67,1,"","","","","","","","","","","","",9.2,1,1021.6,1,"","","","","","",0,1,"","",0,1,0,1,0,1,"","","","","","","","","","","","","","","","","","","","","","","","",10000,1,"","",2,1,0,1,"","","","","","","","","","","","","","","","","","","","","","","","","","","","","","","","","","","","","","","","","","","","","","","","","","","","","","","","","","","","","","","","","",""
"59343001","LILLE-LESQUIN",50.57,3.0975,47,1959052403,"","","","",5.,1,"","","","","","","","","","","","","","","","","","","","","","","","","","","","","","",9.,1,4.7,1,"","","","","","","","","","","","","","","","","","","","","","","","","","",75,1,"","","","","","","","","","","","",8.6,1,1021.8,1,"","","","","","",0,1,"","",0,1,0,1,0,1,"","","","","","","","","","","","","","","","","","","","","","","","",10000,1,"","",2,1,0,1,"","","","","","","","","","","","","","","","","","","","","","","","","","","","","","","","","","","","","","","","","","","","","","","","","","","","","","","","","","","","","","","","","",""
"59343001","LILLE-LESQUIN",50.57,3.0975,47,1959052406,"","","","",4.,1,"","","","","","","","","","","","","","","","","","","","","","","","","","","","","","",10.1,1,5.6,1,"","","","","","","","","","","","","","","","","","","","","","","","","","",74,1,"","","","","","","","","","","","",9.2,1,1022.4,1,"","","","","","",1,1,0,1,0,1,0,1,1,1,"","","","","","","","","","","","","","","","","","","","","","","","",10000,1,"","",2,1,0,1,"","",0,1,"","","","","","","","","","","","","","","","","","","","","","","","","","","","","","","","","","","","","","","","","","","","","","","","","","","","","","","","","","","","","",""
"59343001","LILLE-LESQUIN",50.57,3.0975,47,1959052409,"","","","",6.,1,"","","","","","","","","","","","","","","","","","","","","","","","","","","","","","",16.8,1,8.7,1,"","","","","","","","","","","","","","","","","","","","","","","","","","",60,1,"","","","","","","","","","","","",11.4,1,1022.7,1,"","","","","","",1,1,0,1,0,1,0,1,1,1,"","","","","","","","","","","","","","","","","","","","","","","","",10000,1,"","",2,1,0,1,"","","","","","","","","","","","","","","","","","","","","","","","","","","","","","","","","","","","","","","","","","","","","","","","","","","","","","","","","","","","","","","","","",""
"59343001","LILLE-LESQUIN",50.57,3.0975,47,1959052412,"","","","",8.,1,"","","","","","","","","","","","","","","","","","","","","","","","","","","","","","",21.,1,8.3,1,"","","","","","","","","","","","","","","","","","","","","","","","","","",45,1,"","","","","","","","","","","","",11.1,1,1022.2,1,"","","","","","",1,1,0,1,0,1,0,1,1,1,"","","","","","","","","","","","","","","","","","","","","","","","",15000,1,"","",2,1,0,1,"","","","","","","","","","","","","","","","","","","","","","","","","","","","","","","","","","","","","","","","","","","","","","","","","","","","","","","","","","","","","","","","","",""
"59343001","LILLE-LESQUIN",50.57,3.0975,47,1959052415,"","","","",7.,1,"","","","","","","","","","","","","","","","","","","","","","","","","","","","","","",22.1,1,9.2,1,"","","","","","","","","","","","","","","","","","","","","","","","","","",44,1,"","","","","","","","","","","","",11.8,1,1021.4,1,"","","","","","",1,1,0,1,0,1,0,1,1,1,"","","","","","","","","","","","","","","","","","","","","","","","",30000,1,"","",2,1,0,1,"","","","","","","","","","","","","","","","","","","","","","","","","","","","","","","","","","","","","","","","","","","","","","","","","","","","","","","","","","","","","","","","","",""
"59343001","LILLE-LESQUIN",50.57,3.0975,47,1959052418,"","","","",7.,1,"","","","","","","","","","","","","","","","","","","","","","","","","","","","","","",18.2,1,10.6,1,"","","","","","","","","","","","","","","","","","","","","","","","","","",62,1,"","","","","","","","","","","","",13.,1,1021.3,1,"","","","","","",1,1,0,1,0,1,0,1,1,1,"","","","","","","","","","","","","","","","","","","","","","","","",25000,1,"","",3,1,0,1,"","","","","","","","","","","","","","","","","","","","","","","","","","","","","","","","","","","","","","","","","","","","","","","","","","","","","","","","","","","","","","","","","",""
"59343001","LILLE-LESQUIN",50.57,3.0975,47,1959052421,"","","","",6.,1,"","","","","","","","","","","","","","","","","","","","","","","","","","","","","","",12.5,1,8.8,1,"","","","","","","","","","","","","","","","","","","","","","","","","","",79,1,"","","","","","","","","","","","",11.5,1,1022.7,1,"","","","","","",0,1,"","",0,1,0,1,0,1,"","","","","","","","","","","","","","","","","","","","","","","","",20000,1,"","",2,1,0,1,"","","","","","","","","","","","","","","","","","","","","","","","","","","","","","","","","","","","","","","","","","","","","","","","","","","","","","","","","","","","","","","","","",""
"59343001","LILLE-LESQUIN",50.57,3.0975,47,1959052500,"","","","",5.,1,"","","","","","","","","","","","","","","","","","","","","","","","","","","","","","",10.,1,8.8,1,"","","","","","","","","","","","","","","","","","","","","","","","","","",93,1,"","","","","","","","","","","","",11.5,1,1023.2,1,"","","","","","",8,1,8,1,6,1,"","","","","","","","","","","","","","","","","","","","","","","","","","","","",10000,1,"","",3,1,1,1,"","","","","","","","","","","","","","","","","","","","","","","","","","","","","","","","","","","","","","","","","","","","","","","","","","","","","","","","","","","","","","","","","",""
"59343001","LILLE-LESQUIN",50.57,3.0975,47,1959052503,"","","","",5.,1,"","","","","","","","","","","","","","","","","","","","","","","","","","","","","","",10.,1,7.7,1,"","","","","","","","","","","","","","","","","","","","","","","","","","",87,1,"","","","","","","","","","","","",10.7,1,1023.3,1,"","","","","","",8,1,8,1,6,1,"","","","","","","","","","","","","","","","","","","","","","","","","","","","",8000,1,"","",2,1,2,1,"","","","","","","","","","","","","","","","","","","","","","","","","","","","","","","","","","","","","","","","","","","","","","","","","","","","","","","","","","","","","","","","","",""
"59343001","LILLE-LESQUIN",50.57,3.0975,47,1959052506,"","","","",5.,1,"","","","","","","","","","","","","","","","","","","","","","","","","","","","","","",9.6,1,7.3,1,"","","","","","","","","","","","","","","","","","","","","","","","","","",87,1,"","","","","","","","","","","","",10.4,1,1023.3,1,"","","","","","",8,1,8,1,6,1,"","","","","","","","","","","","","","","","","","","","","","","","","","","","",4000,1,"","",10,1,2,1,"","",0,1,"","","","","","","","","","","","","","","","","","","","","","","","","","","","","","","","","","","","","","","","","","","","","","","","","","","","","","","","","","","","","",""
"59343001","LILLE-LESQUIN",50.57,3.0975,47,1959052509,"","","","",5.,1,"","","","","","","","","","","","","","","","","","","","","","","","","","","","","","",13.4,1,8.8,1,"","","","","","","","","","","","","","","","","","","","","","","","","","",75,1,"","","","","","","","","","","","",11.5,1,1023.6,1,"","","","","","",3,1,0,1,1,1,0,1,0,1,"","","","","","","","","","","","","","","","","","","","","","","","",6000,1,"","",1,1,1,1,"","","","","","","","","","","","","","","","","","","","","","","","","","","","","","","","","","","","","","","","","","","","","","","","","","","","","","","","","","","","","","","","","",""
"59343001","LILLE-LESQUIN",50.57,3.0975,47,1959052512,"","","","",5.,1,"","","","","","","","","","","","","","","","","","","","","","","","","","","","","","",17.1,1,7.5,1,"","","","","","","","","","","","","","","","","","","","","","","","","","",53,1,"","","","","","","","","","","","",10.5,1,1023.1,1,"","","","","","",2,1,0,1,0,1,0,1,1,1,"","","","","","","","","","","","","","","","","","","","","","","","",8000,1,"","",1,1,1,1,"","","","","","","","","","","","","","","","","","","","","","","","","","","","","","","","","","","","","","","","","","","","","","","","","","","","","","","","","","","","","","","","","",""
"59343001","LILLE-LESQUIN",50.57,3.0975,47,1959052515,"","","","",6.,1,"","","","","","","","","","","","","","","","","","","","","","","","","","","","","","",18.8,1,9.9,1,"","","","","","","","","","","","","","","","","","","","","","","","","","",57,1,"","","","","","","","","","","","",12.4,1,1021.8,1,"","","","","","",5,1,5,1,0,1,0,1,1,1,"","","","","","","","","","","","","","","","","","","","","","","","",10000,1,"","",2,1,2,1,"","","","","","","","","","","","","","","","","","","","","","","","","","","","","","","","","","","","","","","","","","","","","","","","","","","","","","","","","","","","","","","","","",""
"59343001","LILLE-LESQUIN",50.57,3.0975,47,1959052518,"","","","",8.,1,"","","","","","","","","","","","","","","","","","","","","","","","","","","","","","",14.3,1,8.4,1,"","","","","","","","","","","","","","","","","","","","","","","","","","",68,1,"","","","","","","","","","","","",11.2,1,1021.8,1,"","","","","","",4,1,0,1,0,1,0,1,1,1,"","","","","","","","","","","","","","","","","","","","","","","","",15000,1,"","",1,1,1,1,"","","","","","","","","","","","","","","","","","","","","","","","","","","","","","","","","","","","","","","","","","","","","","","","","","","","","","","","","","","","","","","","","",""
"59343001","LILLE-LESQUIN",50.57,3.0975,47,1959052521,"","","","",5.,1,"","","","","","","","","","","","","","","","","","","","","","","","","","","","","","",9.4,1,6.9,1,"","","","","","","","","","","","","","","","","","","","","","","","","","",85,1,"","","","","","","","","","","","",10.1,1,1022.6,1,"","","","","","",4,1,0,1,5,1,0,1,1,1,"","","","","","","","","","","","","","","","","","","","","","","","",10000,1,"","",3,1,0,1,"","","","","","","","","","","","","","","","","","","","","","","","","","","","","","","","","","","","","","","","","","","","","","","","","","","","","","","","","","","","","","","","","",""
"59343001","LILLE-LESQUIN",50.57,3.0975,47,1959052600,"","","","",2.,1,"","","","","","","","","","","","","","","","","","","","","","","","","","","","","","",8.2,1,6.4,1,"","","","","","","","","","","","","","","","","","","","","","","","","","",89,1,"","","","","","","","","","","","",9.7,1,1022.9,1,"","","","","","",6,1,6,1,6,1,0,1,0,1,"","","","","","","","","","","","","","","","","","","","","","","","",10000,1,"","",3,1,1,1,"","","","","","","","","","","","","","","","","","","","","","","","","","","","","","","","","","","","","","","","","","","","","","","","","","","","","","","","","","","","","","","","","",""
"59343001","LILLE-LESQUIN",50.57,3.0975,47,1959052603,"","","","",3.,1,"","","","","","","","","","","","","","","","","","","","","","","","","","","","","","",10.4,1,8.,1,"","","","","","","","","","","","","","","","","","","","","","","","","","",87,1,"","","","","","","","","","","","",10.9,1,1022.5,1,"","","","","","",8,1,8,1,6,1,"","","","","","","","","","","","","","","","","","","","","","","","","","","","",8000,1,"","",2,1,2,1,"","","","","","","","","","","","","","","","","","","","","","","","","","","","","","","","","","","","","","","","","","","","","","","","","","","","","","","","","","","","","","","","","",""
"59343001","LILLE-LESQUIN",50.57,3.0975,47,1959052606,"","","","",4.,1,"","","","","","","","","","","","","","","","","","","","","","","","","","","","","","",11.,1,7.5,1,"","","","","","","","","","","","","","","","","","","","","","","","","","",80,1,"","","","","","","","","","","","",10.5,1,1022.8,1,"","","","","","",8,1,8,1,6,1,"","","","","","","","","","","","","","","","","","","","","","","","","","","","",6000,1,"","",2,1,2,1,"","",0,1,"","","","","","","","","","","","","","","","","","","","","","","","","","","","","","","","","","","","","","","","","","","","","","","","","","","","","","","","","","","","","",""
"59343001","LILLE-LESQUIN",50.57,3.0975,47,1959052609,"","","","",3.,1,"","","","","","","","","","","","","","","","","","","","","","","","","","","","","","",12.,1,7.1,1,"","","","","","","","","","","","","","","","","","","","","","","","","","",73,1,"","","","","","","","","","","","",10.2,1,1022.7,1,"","","","","","",8,1,8,1,5,1,"","","","","","","","","","","","","","","","","","","","","","","","","","","","",8000,1,"","",2,1,2,1,"","","","","","","","","","","","","","","","","","","","","","","","","","","","","","","","","","","","","","","","","","","","","","","","","","","","","","","","","","","","","","","","","",""
"59343001","LILLE-LESQUIN",50.57,3.0975,47,1959052612,"","","","",6.,1,"","","","","","","","","","","","","","","","","","","","","","","","","","","","","","",14.6,1,7.2,1,"","","","","","","","","","","","","","","","","","","","","","","","","","",62,1,"","","","","","","","","","","","",10.3,1,1022.3,1,"","","","","","",7,1,7,1,5,1,0,1,0,1,"","","","","","","","","","","","","","","","","","","","","","","","",10000,1,"","",2,1,2,1,"","","","","","","","","","","","","","","","","","","","","","","","","","","","","","","","","","","","","","","","","","","","","","","","","","","","","","","","","","","","","","","","","",""
"59343001","LILLE-LESQUIN",50.57,3.0975,47,1959052615,"","","","",5.,1,"","","","","","","","","","","","","","","","","","","","","","","","","","","","","","",12.8,1,7.6,1,"","","","","","","","","","","","","","","","","","","","","","","","","","",71,1,"","","","","","","","","","","","",10.6,1,1022.3,1,"","","","","","",8,1,8,1,5,1,"","","","","","","","","","","","","","","","","","","","","","","","","","","","",15000,1,"","",2,1,2,1,"","","","","","","","","","","","","","","","","","","","","","","","","","","","","","","","","","","","","","","","","","","","","","","","","","","","","","","","","","","","","","","","","",""
"59343001","LILLE-LESQUIN",50.57,3.0975,47,1959052618,"","","","",5.,1,"","","","","","","","","","","","","","","","","","","","","","","","","","","","","","",11.3,1,7.9,1,"","","","","","","","","","","","","","","","","","","","","","","","","","",81,1,"","","","","","","","","","","","",10.8,1,1021.7,1,"","","","","","",8,1,8,1,5,1,"","","","","","","","","","","","","","","","","","","","","","","","","","","","",8000,1,"","",2,1,2,1,"","","","","","","","","","","","","","","","","","","","","","","","","","","","","","","","","","","","","","","","","","","","","","","","","","","","","","","","","","","","","","","","","",""
"59343001","LILLE-LESQUIN",50.57,3.0975,47,1959052621,"","","","",6.,1,"","","","","","","","","","","","","","","","","","","","","","","","","","","","","","",10.3,1,7.6,1,"","","","","","","","","","","","","","","","","","","","","","","","","","",85,1,"","","","","","","","","","","","",10.6,1,1022.3,1,"","","","","","",8,1,8,1,6,1,"","","","","","","","","","","","","","","","","","","","","","","","","","","","",9000,1,"","",2,1,2,1,"","","","","","","","","","","","","","","","","","","","","","","","","","","","","","","","","","","","","","","","","","","","","","","","","","","","","","","","","","","","","","","","","",""
"59343001","LILLE-LESQUIN",50.57,3.0975,47,1959052700,"","","","",3.,1,"","","","","","","","","","","","","","","","","","","","","","","","","","","","","","",9.8,1,8.,1,"","","","","","","","","","","","","","","","","","","","","","","","","","",90,1,"","","","","","","","","","","","",10.9,1,1022.1,1,"","","","","","",8,1,5,1,5,1,"","","","","","","","","","","","","","","","","","","","","","","","","","","","",10000,1,"","",20,1,5,1,"","","","","","","","","","","","","","","","","","","","","","","","","","","","","","","","","","","","","","","","","","","","","","","","","","","","","","","","","","","","","","","","","",""
"59343001","LILLE-LESQUIN",50.57,3.0975,47,1959052703,"","","","",4.,1,"","","","","","","","","","","","","","","","","","","","","","","","","","","","","","",9.4,1,8.,1,"","","","","","","","","","","","","","","","","","","","","","","","","","",92,1,"","","","","","","","","","","","",10.9,1,1021.3,1,"","","","","","",8,1,8,1,5,1,"","","","","","","","","","","","","","","","","","","","","","","","","","","","",10000,1,"","",2,1,2,1,"","","","","","","","","","","","","","","","","","","","","","","","","","","","","","","","","","","","","","","","","","","","","","","","","","","","","","","","","","","","","","","","","",""
"59343001","LILLE-LESQUIN",50.57,3.0975,47,1959052706,"","","","",3.,1,"","","","","","","","","","","","","","","","","","","","","","","","","","","","","","",9.8,1,5.8,1,"","","","","","","","","","","","","","","","","","","","","","","","","","",77,1,"","","","","","","","","","","","",9.3,1,1021.5,1,"","","","","","",8,1,8,1,5,1,"","","","","","","","","","","","","","","","","","","","","","","","","","","","",12000,1,"","",2,1,2,1,"","",0,1,"","","","","","","","","","","","","","","","","","","","","","","","","","","","","","","","","","","","","","","","","","","","","","","","","","","","","","","","","","","","","",""
"59343001","LILLE-LESQUIN",50.57,3.0975,47,1959052709,"","","","",3.,1,"","","","","","","","","","","","","","","","","","","","","","","","","","","","","","",10.9,1,6.1,1,"","","","","","","","","","","","","","","","","","","","","","","","","","",73,1,"","","","","","","","","","","","",9.5,1,1021.9,1,"","","","","","",8,1,8,1,8,1,"","","","","","","","","","","","","","","","","","","","","","","","","","","","",15000,1,"","",3,1,2,1,"","","","","","","","","","","","","","","","","","","","","","","","","","","","","","","","","","","","","","","","","","","","","","","","","","","","","","","","","","","","","","","","","",""
"59343001","LILLE-LESQUIN",50.57,3.0975,47,1959052712,"","","","",6.,1,"","","","","","","","","","","","","","","","","","","","","","","","","","","","","","",12.8,1,5.,1,"","","","","","","","","","","","","","","","","","","","","","","","","","",59,1,"","","","","","","","","","","","",8.8,1,1021.9,1,"","","","","","",7,1,7,1,8,1,"","","","","","","","","","","","","","","","","","","","","","","","","","","","",25000,1,"","",2,1,2,1,"","","","","","","","","","","","","","","","","","","","","","","","","","","","","","","","","","","","","","","","","","","","","","","","","","","","","","","","","","","","","","","","","",""
"59343001","LILLE-LESQUIN",50.57,3.0975,47,1959052715,"","","","",6.,1,"","","","","","","","","","","","","","","","","","","","","","","","","","","","","","",12.8,1,5.,1,"","","","","","","","","","","","","","","","","","","","","","","","","","",59,1,"","","","","","","","","","","","",8.8,1,1021.9,1,"","","","","","",7,1,7,1,8,1,"","","","","","","","","","","","","","","","","","","","","","","","","","","","",25000,1,"","",2,1,2,1,"","","","","","","","","","","","","","","","","","","","","","","","","","","","","","","","","","","","","","","","","","","","","","","","","","","","","","","","","","","","","","","","","",""
"59343001","LILLE-LESQUIN",50.57,3.0975,47,1959052718,"","","","",4.,1,"","","","","","","","","","","","","","","","","","","","","","","","","","","","","","",11.,1,4.,1,"","","","","","","","","","","","","","","","","","","","","","","","","","",63,1,"","","","","","","","","","","","",8.2,1,1021.6,1,"","","","","","",6,1,6,1,5,1,0,1,0,1,"","","","","","","","","","","","","","","","","","","","","","","","",20000,1,"","",1,1,2,1,"","","","","","","","","","","","","","","","","","","","","","","","","","","","","","","","","","","","","","","","","","","","","","","","","","","","","","","","","","","","","","","","","",""
"59343001","LILLE-LESQUIN",50.57,3.0975,47,1959052721,"","","","",3.,1,"","","","","","","","","","","","","","","","","","","","","","","","","","","","","","",7.2,1,3.3,1,"","","","","","","","","","","","","","","","","","","","","","","","","","",77,1,"","","","","","","","","","","","",7.8,1,1021.9,1,"","","","","","",2,1,0,1,5,1,0,1,0,1,"","","","","","","","","","","","","","","","","","","","","","","","",12000,1,"","",1,1,0,1,"","","","","","","","","","","","","","","","","","","","","","","","","","","","","","","","","","","","","","","","","","","","","","","","","","","","","","","","","","","","","","","","","",""
"59343001","LILLE-LESQUIN",50.57,3.0975,47,1959052800,"","","","",0.,1,"","","","","","","","","","","","","","","","","","","","","","","","","","","","","","",8.3,1,3.8,1,"","","","","","","","","","","","","","","","","","","","","","","","","","",74,1,"","","","","","","","","","","","",8.1,1,1021.2,1,"","","","","","",8,1,8,1,5,1,"","","","","","","","","","","","","","","","","","","","","","","","","","","","",10000,1,"","",2,1,2,1,"","","","","","","","","","","","","","","","","","","","","","","","","","","","","","","","","","","","","","","","","","","","","","","","","","","","","","","","","","","","","","","","","",""
"59343001","LILLE-LESQUIN",50.57,3.0975,47,1959052803,"","","","",0.,1,"","","","","","","","","","","","","","","","","","","","","","","","","","","","","","",7.2,1,4.5,1,"","","","","","","","","","","","","","","","","","","","","","","","","","",84,1,"","","","","","","","","","","","",8.5,1,1020.4,1,"","","","","","",8,1,8,1,5,1,"","","","","","","","","","","","","","","","","","","","","","","","","","","","",8000,1,"","",2,1,2,1,"","","","","","","","","","","","","","","","","","","","","","","","","","","","","","","","","","","","","","","","","","","","","","","","","","","","","","","","","","","","","","","","","",""
"59343001","LILLE-LESQUIN",50.57,3.0975,47,1959052806,"","","","",2.,1,"","","","","","","","","","","","","","","","","","","","","","","","","","","","","","",8.7,1,4.2,1,"","","","","","","","","","","","","","","","","","","","","","","","","","",73,1,"","","","","","","","","","","","",8.3,1,1020.1,1,"","","","","","",8,1,8,1,5,1,"","","","","","","","","","","","","","","","","","","","","","","","","","","","",7000,1,"","",2,1,2,1,"","",0,1,"","","","","","","","","","","","","","","","","","","","","","","","","","","","","","","","","","","","","","","","","","","","","","","","","","","","","","","","","","","","","",""
"59343001","LILLE-LESQUIN",50.57,3.0975,47,1959052809,"","","","",3.,1,"","","","","","","","","","","","","","","","","","","","","","","","","","","","","","",10.2,1,4.3,1,"","","","","","","","","","","","","","","","","","","","","","","","","","",68,1,"","","","","","","","","","","","",8.4,1,1020.,1,"","","","","","",8,1,8,1,8,1,"","","","","","","","","","","","","","","","","","","","","","","","","","","","",10000,1,"","",3,1,2,1,"","","","","","","","","","","","","","","","","","","","","","","","","","","","","","","","","","","","","","","","","","","","","","","","","","","","","","","","","","","","","","","","","",""
"59343001","LILLE-LESQUIN",50.57,3.0975,47,1959052812,"","","","",5.,1,"","","","","","","","","","","","","","","","","","","","","","","","","","","","","","",12.,1,4.3,1,"","","","","","","","","","","","","","","","","","","","","","","","","","",59,1,"","","","","","","","","","","","",8.4,1,1019.1,1,"","","","","","",7,1,7,1,8,1,"","","","","","","","","","","","","","","","","","","","","","","","","","","","",35000,1,"","",2,1,2,1,"","","","","","","","","","","","","","","","","","","","","","","","","","","","","","","","","","","","","","","","","","","","","","","","","","","","","","","","","","","","","","","","","",""
"59343001","LILLE-LESQUIN",50.57,3.0975,47,1959052815,"","","","",6.,1,"","","","","","","","","","","","","","","","","","","","","","","","","","","","","","",12.9,1,4.2,1,"","","","","","","","","","","","","","","","","","","","","","","","","","",56,1,"","","","","","","","","","","","",8.3,1,1018.3,1,"","","","","","",7,1,5,1,8,1,"","","","","","","","","","","","","","","","","","","","","","","","","","","","",40000,1,"","",2,1,2,1,"","","","","","","","","","","","","","","","","","","","","","","","","","","","","","","","","","","","","","","","","","","","","","","","","","","","","","","","","","","","","","","","","",""
"59343001","LILLE-LESQUIN",50.57,3.0975,47,1959052818,"","","","",4.,1,"","","","","","","","","","","","","","","","","","","","","","","","","","","","","","",11.1,1,4.2,1,"","","","","","","","","","","","","","","","","","","","","","","","","","",63,1,"","","","","","","","","","","","",8.3,1,1017.7,1,"","","","","","",7,1,7,1,8,1,"","","","","","","","","","","","","","","","","","","","","","","","","","","","",40000,1,"","",2,1,2,1,"","","","","","","","","","","","","","","","","","","","","","","","","","","","","","","","","","","","","","","","","","","","","","","","","","","","","","","","","","","","","","","","","",""
"59343001","LILLE-LESQUIN",50.57,3.0975,47,1959052821,"","","","",2.,1,"","","","","","","","","","","","","","","","","","","","","","","","","","","","","","",7.5,1,4.3,1,"","","","","","","","","","","","","","","","","","","","","","","","","","",81,1,"","","","","","","","","","","","",8.4,1,1018.2,1,"","","","","","",7,1,7,1,4,1,0,1,2,1,"","","","","","","","","","","","","","","","","","","","","","","","",20000,1,"","",1,1,2,1,"","","","","","","","","","","","","","","","","","","","","","","","","","","","","","","","","","","","","","","","","","","","","","","","","","","","","","","","","","","","","","","","","",""
"59343001","LILLE-LESQUIN",50.57,3.0975,47,1959052900,"","","","",2.,1,"","","","","","","","","","","","","","","","","","","","","","","","","","","","","","",5.5,1,3.3,1,"","","","","","","","","","","","","","","","","","","","","","","","","","",86,1,"","","","","","","","","","","","",7.8,1,1017.7,1,"","","","","","",1,1,0,1,5,1,0,1,0,1,"","","","","","","","","","","","","","","","","","","","","","","","",15000,1,"","",2,1,1,1,"","","","","","","","","","","","","","","","","","","","","","","","","","","","","","","","","","","","","","","","","","","","","","","","","","","","","","","","","","","","","","","","","",""
"59343001","LILLE-LESQUIN",50.57,3.0975,47,1959052903,"","","","",2.,1,"","","","","","","","","","","","","","","","","","","","","","","","","","","","","","",5.4,1,4.2,1,"","","","","","","","","","","","","","","","","","","","","","","","","","",92,1,"","","","","","","","","","","","",8.3,1,1016.9,1,"","","","","","",7,1,7,1,5,1,"","","","","","","","","","","","","","","","","","","","","","","","","","","","",15000,1,"","",2,1,1,1,"","","","","","","","","","","","","","","","","","","","","","","","","","","","","","","","","","","","","","","","","","","","","","","","","","","","","","","","","","","","","","","","","",""
"59343001","LILLE-LESQUIN",50.57,3.0975,47,1959052906,"","","","",4.,1,"","","","","","","","","","","","","","","","","","","","","","","","","","","","","","",9.2,1,6.2,1,"","","","","","","","","","","","","","","","","","","","","","","","","","",83,1,"","","","","","","","","","","","",9.6,1,1016.5,1,"","","","","","",7,1,5,1,8,1,0,1,2,1,"","","","","","","","","","","","","","","","","","","","","","","","",15000,1,"","",3,1,1,1,"","",0,1,"","","","","","","","","","","","","","","","","","","","","","","","","","","","","","","","","","","","","","","","","","","","","","","","","","","","","","","","","","","","","",""
"59343001","LILLE-LESQUIN",50.57,3.0975,47,1959052909,"","","","",5.,1,"","","","","","","","","","","","","","","","","","","","","","","","","","","","","","",12.,1,5.6,1,"","","","","","","","","","","","","","","","","","","","","","","","","","",66,1,"","","","","","","","","","","","",9.2,1,1016.5,1,"","","","","","",7,1,5,1,8,1,0,1,0,1,"","","","","","","","","","","","","","","","","","","","","","","","",12000,1,"","",1,1,8,1,"","","","","","","","","","","","","","","","","","","","","","","","","","","","","","","","","","","","","","","","","","","","","","","","","","","","","","","","","","","","","","","","","",""
"59343001","LILLE-LESQUIN",50.57,3.0975,47,1959052912,"","","","",7.,1,"","","","","","","","","","","","","","","","","","","","","","","","","","","","","","",13.6,1,5.5,1,"","","","","","","","","","","","","","","","","","","","","","","","","","",59,1,"","","","","","","","","","","","",9.1,1,1016.2,1,"","","","","","",6,1,5,1,3,1,0,1,0,1,"","","","","","","","","","","","","","","","","","","","","","","","",30000,1,"","",1,1,8,1,"","","","","","","","","","","","","","","","","","","","","","","","","","","","","","","","","","","","","","","","","","","","","","","","","","","","","","","","","","","","","","","","","",""
"59343001","LILLE-LESQUIN",50.57,3.0975,47,1959052915,"","","","",8.,1,"","","","","","","","","","","","","","","","","","","","","","","","","","","","","","",13.5,1,4.,1,"","","","","","","","","","","","","","","","","","","","","","","","","","",53,1,"","","","","","","","","","","","",8.2,1,1015.8,1,"","","","","","",6,1,6,1,2,1,0,1,0,1,"","","","","","","","","","","","","","","","","","","","","","","","",40000,1,"","",2,1,2,1,"","","","","","","","","","","","","","","","","","","","","","","","","","","","","","","","","","","","","","","","","","","","","","","","","","","","","","","","","","","","","","","","","",""
"59343001","LILLE-LESQUIN",50.57,3.0975,47,1959052918,"","","","",6.,1,"","","","","","","","","","","","","","","","","","","","","","","","","","","","","","",12.1,1,5.1,1,"","","","","","","","","","","","","","","","","","","","","","","","","","",63,1,"","","","","","","","","","","","",8.9,1,1015.6,1,"","","","","","",4,1,0,1,1,1,0,1,0,1,"","","","","","","","","","","","","","","","","","","","","","","","",30000,1,"","",2,1,1,1,"","","","","","","","","","","","","","","","","","","","","","","","","","","","","","","","","","","","","","","","","","","","","","","","","","","","","","","","","","","","","","","","","",""
"59343001","LILLE-LESQUIN",50.57,3.0975,47,1959052921,"","","","",5.,1,"","","","","","","","","","","","","","","","","","","","","","","","","","","","","","",9.3,1,5.6,1,"","","","","","","","","","","","","","","","","","","","","","","","","","",79,1,"","","","","","","","","","","","",9.2,1,1016.7,1,"","","","","","",6,1,6,1,5,1,0,1,0,1,"","","","","","","","","","","","","","","","","","","","","","","","",10000,1,"","",3,1,1,1,"","","","","","","","","","","","","","","","","","","","","","","","","","","","","","","","","","","","","","","","","","","","","","","","","","","","","","","","","","","","","","","","","",""
"59343001","LILLE-LESQUIN",50.57,3.0975,47,1959053000,"","","","",3.,1,"","","","","","","","","","","","","","","","","","","","","","","","","","","","","","",8.,1,5.6,1,"","","","","","","","","","","","","","","","","","","","","","","","","","",86,1,"","","","","","","","","","","","",9.2,1,1016.8,1,"","","","","","",5,1,5,1,5,1,0,1,0,1,"","","","","","","","","","","","","","","","","","","","","","","","",10000,1,"","",3,1,1,1,"","","","","","","","","","","","","","","","","","","","","","","","","","","","","","","","","","","","","","","","","","","","","","","","","","","","","","","","","","","","","","","","","",""
"59343001","LILLE-LESQUIN",50.57,3.0975,47,1959053003,"","","","",2.,1,"","","","","","","","","","","","","","","","","","","","","","","","","","","","","","",6.,1,4.5,1,"","","","","","","","","","","","","","","","","","","","","","","","","","",91,1,"","","","","","","","","","","","",8.5,1,1016.,1,"","","","","","",2,1,0,1,5,1,0,1,0,1,"","","","","","","","","","","","","","","","","","","","","","","","",8000,1,"","",1,1,1,1,"","","","","","","","","","","","","","","","","","","","","","","","","","","","","","","","","","","","","","","","","","","","","","","","","","","","","","","","","","","","","","","","","",""
"59343001","LILLE-LESQUIN",50.57,3.0975,47,1959053006,"","","","",2.,1,"","","","","","","","","","","","","","","","","","","","","","","","","","","","","","",9.8,1,6.6,1,"","","","","","","","","","","","","","","","","","","","","","","","","","",85,1,"","","","","","","","","","","","",9.9,1,1016.4,1,"","","","","","",1,1,0,1,5,1,0,1,0,1,"","","","","","","","","","","","","","","","","","","","","","","","",4000,1,"","",10,1,1,1,"","",0,1,"","","","","","","","","","","","","","","","","","","","","","","","","","","","","","","","","","","","","","","","","","","","","","","","","","","","","","","","","","","","","",""
"59343001","LILLE-LESQUIN",50.57,3.0975,47,1959053009,"","","","",2.,1,"","","","","","","","","","","","","","","","","","","","","","","","","","","","","","",13.4,1,6.2,1,"","","","","","","","","","","","","","","","","","","","","","","","","","",62,1,"","","","","","","","","","","","",9.6,1,1016.,1,"","","","","","",5,1,5,1,2,1,0,1,0,1,"","","","","","","","","","","","","","","","","","","","","","","","",10000,1,"","",2,1,1,1,"","","","","","","","","","","","","","","","","","","","","","","","","","","","","","","","","","","","","","","","","","","","","","","","","","","","","","","","","","","","","","","","","",""
"59343001","LILLE-LESQUIN",50.57,3.0975,47,1959053012,"","","","",3.,1,"","","","","","","","","","","","","","","","","","","","","","","","","","","","","","",14.8,1,3.8,1,"","","","","","","","","","","","","","","","","","","","","","","","","","",49,1,"","","","","","","","","","","","",8.1,1,1015.2,1,"","","","","","",6,1,6,1,2,1,0,1,0,1,"","","","","","","","","","","","","","","","","","","","","","","","",15000,1,"","",2,1,1,1,"","","","","","","","","","","","","","","","","","","","","","","","","","","","","","","","","","","","","","","","","","","","","","","","","","","","","","","","","","","","","","","","","",""
"59343001","LILLE-LESQUIN",50.57,3.0975,47,1959053015,"","","","",3.,1,"","","","","","","","","","","","","","","","","","","","","","","","","","","","","","",17.,1,4.7,1,"","","","","","","","","","","","","","","","","","","","","","","","","","",45,1,"","","","","","","","","","","","",8.6,1,1014.2,1,"","","","","","",5,1,5,1,2,1,0,1,1,1,"","","","","","","","","","","","","","","","","","","","","","","","",30000,1,"","",1,1,2,1,"","","","","","","","","","","","","","","","","","","","","","","","","","","","","","","","","","","","","","","","","","","","","","","","","","","","","","","","","","","","","","","","","",""
"59343001","LILLE-LESQUIN",50.57,3.0975,47,1959053018,"","","","",3.,1,"","","","","","","","","","","","","","","","","","","","","","","","","","","","","","",17.,1,4.3,1,"","","","","","","","","","","","","","","","","","","","","","","","","","",43,1,"","","","","","","","","","","","",8.4,1,1013.7,1,"","","","","","",6,1,5,1,2,1,4,1,2,1,"","","","","","","","","","","","","","","","","","","","","","","","",25000,1,"","",3,1,2,1,"","","","","","","","","","","","","","","","","","","","","","","","","","","","","","","","","","","","","","","","","","","","","","","","","","","","","","","","","","","","","","","","","",""
"59343001","LILLE-LESQUIN",50.57,3.0975,47,1959053021,"","","","",1.,1,"","","","","","","","","","","","","","","","","","","","","","","","","","","","","","",11.2,1,5.5,1,"","","","","","","","","","","","","","","","","","","","","","","","","","",69,1,"","","","","","","","","","","","",9.1,1,1014.8,1,"","","","","","",7,1,6,1,0,1,5,1,2,1,"","","","","","","","","","","","","","","","","","","","","","","","",15000,1,"","",2,1,2,1,"","","","","","","","","","","","","","","","","","","","","","","","","","","","","","","","","","","","","","","","","","","","","","","","","","","","","","","","","","","","","","","","","",""
"59343001","LILLE-LESQUIN",50.57,3.0975,47,1959053100,"","","","",0.,1,"","","","","","","","","","","","","","","","","","","","","","","","","","","","","","",7.6,1,4.2,1,"","","","","","","","","","","","","","","","","","","","","","","","","","",79,1,"","","","","","","","","","","","",8.3,1,1014.8,1,"","","","","","",0,1,"","",0,1,0,1,0,1,"","","","","","","","","","","","","","","","","","","","","","","","",10000,1,"","",2,1,1,1,"","","","","","","","","","","","","","","","","","","","","","","","","","","","","","","","","","","","","","","","","","","","","","","","","","","","","","","","","","","","","","","","","",""
"59343001","LILLE-LESQUIN",50.57,3.0975,47,1959053103,"","","","",0.,1,"","","","","","","","","","","","","","","","","","","","","","","","","","","","","","",6.4,1,4.5,1,"","","","","","","","","","","","","","","","","","","","","","","","","","",88,1,"","","","","","","","","","","","",8.5,1,1014.4,1,"","","","","","",8,1,8,1,0,1,7,1,"","","","","","","","","","","","","","","","","","","","","","","","","","",9000,1,"","",3,1,1,1,"","","","","","","","","","","","","","","","","","","","","","","","","","","","","","","","","","","","","","","","","","","","","","","","","","","","","","","","","","","","","","","","","",""
"59343001","LILLE-LESQUIN",50.57,3.0975,47,1959053106,"","","","",0.,1,"","","","","","","","","","","","","","","","","","","","","","","","","","","","","","",9.4,1,6.6,1,"","","","","","","","","","","","","","","","","","","","","","","","","","",84,1,"","","","","","","","","","","","",9.9,1,1014.1,1,"","","","","","",7,1,6,1,0,1,4,1,0,1,"","","","","","","","","","","","","","","","","","","","","","","","",4000,1,"","",10,1,1,1,"","",0,1,"","","","","","","","","","","","","","","","","","","","","","","","","","","","","","","","","","","","","","","","","","","","","","","","","","","","","","","","","","","","","",""
"59343001","LILLE-LESQUIN",50.57,3.0975,47,1959053109,"","","","",1.,1,"","","","","","","","","","","","","","","","","","","","","","","","","","","","","","",15.4,1,8.4,1,"","","","","","","","","","","","","","","","","","","","","","","","","","",64,1,"","","","","","","","","","","","",11.2,1,1014.5,1,"","","","","","",8,1,8,1,0,1,3,1,"","","","","","","","","","","","","","","","","","","","","","","","","","",3000,1,"","",10,1,2,1,"","","","","","","","","","","","","","","","","","","","","","","","","","","","","","","","","","","","","","","","","","","","","","","","","","","","","","","","","","","","","","","","","",""
"59343001","LILLE-LESQUIN",50.57,3.0975,47,1959053112,"","","","",3.,1,"","","","","","","","","","","","","","","","","","","","","","","","","","","","","","",18.,1,10.7,1,"","","","","","","","","","","","","","","","","","","","","","","","","","",64,1,"","","","","","","","","","","","",13.1,1,1014.6,1,"","","","","","",8,1,8,1,5,1,"","","","","","","","","","","","","","","","","","","","","","","","","","","","",3000,1,"","",10,1,2,1,"","","","","","","","","","","","","","","","","","","","","","","","","","","","","","","","","","","","","","","","","","","","","","","","","","","","","","","","","","","","","","","","","",""
"59343001","LILLE-LESQUIN",50.57,3.0975,47,1959053115,"","","","",3.,1,"","","","","","","","","","","","","","","","","","","","","","","","","","","","","","",19.5,1,9.2,1,"","","","","","","","","","","","","","","","","","","","","","","","","","",52,1,"","","","","","","","","","","","",11.8,1,1014.5,1,"","","","","","",7,1,5,1,8,1,0,1,0,1,"","","","","","","","","","","","","","","","","","","","","","","","",4000,1,"","",10,1,2,1,"","","","","","","","","","","","","","","","","","","","","","","","","","","","","","","","","","","","","","","","","","","","","","","","","","","","","","","","","","","","","","","","","",""
"59343001","LILLE-LESQUIN",50.57,3.0975,47,1959053118,"","","","",3.,1,"","","","","","","","","","","","","","","","","","","","","","","","","","","","","","",18.7,1,11.,1,"","","","","","","","","","","","","","","","","","","","","","","","","","",62,1,"","","","","","","","","","","","",13.4,1,1014.6,1,"","","","","","",6,1,0,1,4,1,4,1,0,1,"","","","","","","","","","","","","","","","","","","","","","","","",8000,1,"","",1,1,2,1,"","","","","","","","","","","","","","","","","","","","","","","","","","","","","","","","","","","","","","","","","","","","","","","","","","","","","","","","","","","","","","","","","",""
"59343001","LILLE-LESQUIN",50.57,3.0975,47,1959053121,"","","","",4.,1,"","","","","","","","","","","","","","","","","","","","","","","","","","","","","","",12.8,1,9.5,1,"","","","","","","","","","","","","","","","","","","","","","","","","","",82,1,"","","","","","","","","","","","",12.1,1,1016.4,1,"","","","","","",2,1,0,1,5,1,0,1,1,1,"","","","","","","","","","","","","","","","","","","","","","","","",4000,1,"","",10,1,1,1,"","","","","","","","","","","","","","","","","","","","","","","","","","","","","","","","","","","","","","","","","","","","","","","","","","","","","","","","","","","","","","","","","",""
"59343001","LILLE-LESQUIN",50.57,3.0975,47,1959060100,"","","","",2.,1,"","","","","","","","","","","","","","","","","","","","","","","","","","","","","","",9.7,1,8.,1,"","","","","","","","","","","","","","","","","","","","","","","","","","",91,1,"","","","","","","","","","","","",10.9,1,1016.9,1,"","","","","","",0,1,"","",0,1,0,1,0,1,"","","","","","","","","","","","","","","","","","","","","","","","",4800,1,"","",10,1,1,1,"","","","","","","","","","","","","","","","","","","","","","","","","","","","","","","","","","","","","","","","","","","","","","","","","","","","","","","","","","","","","","","","","",""
"59343001","LILLE-LESQUIN",50.57,3.0975,47,1959060103,"","","","",2.,1,"","","","","","","","","","","","","","","","","","","","","","","","","","","","","","",9.8,1,8.4,1,"","","","","","","","","","","","","","","","","","","","","","","","","","",92,1,"","","","","","","","","","","","",11.2,1,1016.9,1,"","","","","","",5,1,0,1,0,1,4,1,2,1,"","","","","","","","","","","","","","","","","","","","","","","","",5000,1,"","",10,1,1,1,"","","","","","","","","","","","","","","","","","","","","","","","","","","","","","","","","","","","","","","","","","","","","","","","","","","","","","","","","","","","","","","","","",""
"59343001","LILLE-LESQUIN",50.57,3.0975,47,1959060106,"","","","",5.,1,"","","","","","","","","","","","","","","","","","","","","","","","","","","","","","",12.1,1,9.9,1,"","","","","","","","","","","","","","","","","","","","","","","","","","",88,1,"","","","","","","","","","","","",12.4,1,1017.5,1,"","","","","","",6,1,0,1,6,1,3,1,2,1,"","","","","","","","","","","","","","","","","","","","","","","","",6000,1,"","",1,1,1,1,"","",0,1,"","","","","","","","","","","","","","","","","","","","","","","","","","","","","","","","","","","","","","","","","","","","","","","","","","","","","","","","","","","","","",""
"59343001","LILLE-LESQUIN",50.57,3.0975,47,1959060109,"","","","",6.,1,"","","","","","","","","","","","","","","","","","","","","","","","","","","","","","",15.,1,10.8,1,"","","","","","","","","","","","","","","","","","","","","","","","","","",78,1,"","","","","","","","","","","","",13.2,1,1018.7,1,"","","","","","",7,1,6,1,2,1,3,1,"","","","","","","","","","","","","","","","","","","","","","","","","","",8000,1,"","",2,1,2,1,"","","","","","","","","","","","","","","","","","","","","","","","","","","","","","","","","","","","","","","","","","","","","","","","","","","","","","","","","","","","","","","","","",""
"59343001","LILLE-LESQUIN",50.57,3.0975,47,1959060112,"","","","",7.,1,"","","","","","","","","","","","","","","","","","","","","","","","","","","","","","",18.4,1,10.,1,"","","","","","","","","","","","","","","","","","","","","","","","","","",59,1,"","","","","","","","","","","","",12.5,1,1019.4,1,"","","","","","",7,1,0,1,2,1,3,1,2,1,"","","","","","","","","","","","","","","","","","","","","","","","",12000,1,"","",2,1,2,1,"","","","","","","","","","","","","","","","","","","","","","","","","","","","","","","","","","","","","","","","","","","","","","","","","","","","","","","","","","","","","","","","","",""
"59343001","LILLE-LESQUIN",50.57,3.0975,47,1959060115,"","","","",8.,1,"","","","","","","","","","","","","","","","","","","","","","","","","","","","","","",18.5,1,8.5,1,"","","","","","","","","","","","","","","","","","","","","","","","","","",53,1,"","","","","","","","","","","","",11.3,1,1020.1,1,"","","","","","",7,1,5,1,2,1,3,1,2,1,"","","","","","","","","","","","","","","","","","","","","","","","",12000,1,"","",2,1,2,1,"","","","","","","","","","","","","","","","","","","","","","","","","","","","","","","","","","","","","","","","","","","","","","","","","","","","","","","","","","","","","","","","","",""
"59343001","LILLE-LESQUIN",50.57,3.0975,47,1959060118,"","","","",6.,1,"","","","","","","","","","","","","","","","","","","","","","","","","","","","","","",15.8,1,9.,1,"","","","","","","","","","","","","","","","","","","","","","","","","","",65,1,"","","","","","","","","","","","",11.7,1,1021.,1,"","","","","","",7,1,7,1,5,1,5,1,"","","","","","","","","","","","","","","","","","","","","","","","","","",10000,1,"","",2,1,2,1,"","","","","","","","","","","","","","","","","","","","","","","","","","","","","","","","","","","","","","","","","","","","","","","","","","","","","","","","","","","","","","","","","",""
"59343001","LILLE-LESQUIN",50.57,3.0975,47,1959060121,"","","","",4.,1,"","","","","","","","","","","","","","","","","","","","","","","","","","","","","","",13.3,1,10.2,1,"","","","","","","","","","","","","","","","","","","","","","","","","","",83,1,"","","","","","","","","","","","",12.7,1,1022.9,1,"","","","","","",7,1,7,1,8,1,7,1,"","","","","","","","","","","","","","","","","","","","","","","","","","",10000,1,"","",2,1,2,1,"","","","","","","","","","","","","","","","","","","","","","","","","","","","","","","","","","","","","","","","","","","","","","","","","","","","","","","","","","","","","","","","","",""
"59343001","LILLE-LESQUIN",50.57,3.0975,47,1959060200,"","","","",3.,1,"","","","","","","","","","","","","","","","","","","","","","","","","","","","","","",11.3,1,9.4,1,"","","","","","","","","","","","","","","","","","","","","","","","","","",90,1,"","","","","","","","","","","","",12.,1,1024.3,1,"","","","","","",6,1,6,1,5,1,0,1,0,1,"","","","","","","","","","","","","","","","","","","","","","","","",8000,1,"","",3,1,2,1,"","","","","","","","","","","","","","","","","","","","","","","","","","","","","","","","","","","","","","","","","","","","","","","","","","","","","","","","","","","","","","","","","",""
"59343001","LILLE-LESQUIN",50.57,3.0975,47,1959060203,"","","","",1.,1,"","","","","","","","","","","","","","","","","","","","","","","","","","","","","","",8.8,1,8.8,1,"","","","","","","","","","","","","","","","","","","","","","","","","","",99,1,"","","","","","","","","","","","",11.2,1,1025.7,1,"","","","","","",9,1,"","","","","","","","","","","","","","","","","","","","","","","","","","","","","","","","",100,1,"","",47,1,1,1,"","","","","","","","","","","","","","","","","","","","","","","","","","","","","","","","","","","","","","","","","","","","","","","","","","","","","","","","","","","","","","","","","",""
"59343001","LILLE-LESQUIN",50.57,3.0975,47,1959060206,"","","","",0.,1,"","","","","","","","","","","","","","","","","","","","","","","","","","","","","","",9.4,1,9.4,1,"","","","","","","","","","","","","","","","","","","","","","","","","","",99,1,"","","","","","","","","","","","",11.6,1,1026.9,1,"","","","","","",8,1,8,1,6,1,"","","","","","","","","","","","","","","","","","","","","","","","","","","","",300,1,"","",42,1,4,1,"","",0,1,"","","","","","","","","","","","","","","","","","","","","","","","","","","","","","","","","","","","","","","","","","","","","","","","","","","","","","","","","","","","","",""
"59343001","LILLE-LESQUIN",50.57,3.0975,47,1959060209,"","","","",0.,1,"","","","","","","","","","","","","","","","","","","","","","","","","","","","","","",15.1,1,9.2,1,"","","","","","","","","","","","","","","","","","","","","","","","","","",69,1,"","","","","","","","","","","","",11.8,1,1027.6,1,"","","","","","",3,1,0,1,1,1,0,1,1,1,"","","","","","","","","","","","","","","","","","","","","","","","",4000,1,"","",10,1,4,1,"","","","","","","","","","","","","","","","","","","","","","","","","","","","","","","","","","","","","","","","","","","","","","","","","","","","","","","","","","","","","","","","","",""
"59343001","LILLE-LESQUIN",50.57,3.0975,47,1959060212,"","","","",2.,1,"","","","","","","","","","","","","","","","","","","","","","","","","","","","","","",18.6,1,4.8,1,"","","","","","","","","","","","","","","","","","","","","","","","","","",40,1,"","","","","","","","","","","","",8.7,1,1027.1,1,"","","","","","",5,1,0,1,2,1,0,1,1,1,"","","","","","","","","","","","","","","","","","","","","","","","",10000,1,"","",2,1,4,1,"","","","","","","","","","","","","","","","","","","","","","","","","","","","","","","","","","","","","","","","","","","","","","","","","","","","","","","","","","","","","","","","","",""
"59343001","LILLE-LESQUIN",50.57,3.0975,47,1959060215,"","","","",1.,1,"","","","","","","","","","","","","","","","","","","","","","","","","","","","","","",19.9,1,5.3,1,"","","","","","","","","","","","","","","","","","","","","","","","","","",39,1,"","","","","","","","","","","","",9.,1,1026.2,1,"","","","","","",5,1,5,1,4,1,0,1,2,1,"","","","","","","","","","","","","","","","","","","","","","","","",25000,1,"","",3,1,1,1,"","","","","","","","","","","","","","","","","","","","","","","","","","","","","","","","","","","","","","","","","","","","","","","","","","","","","","","","","","","","","","","","","",""
"59343001","LILLE-LESQUIN",50.57,3.0975,47,1959060218,"","","","",4.,1,"","","","","","","","","","","","","","","","","","","","","","","","","","","","","","",18.3,1,6.8,1,"","","","","","","","","","","","","","","","","","","","","","","","","","",47,1,"","","","","","","","","","","","",10.,1,1025.5,1,"","","","","","",5,1,5,1,0,1,0,1,2,1,"","","","","","","","","","","","","","","","","","","","","","","","",20000,1,"","",1,1,1,1,"","","","","","","","","","","","","","","","","","","","","","","","","","","","","","","","","","","","","","","","","","","","","","","","","","","","","","","","","","","","","","","","","",""
"59343001","LILLE-LESQUIN",50.57,3.0975,47,1959060221,"","","","",3.,1,"","","","","","","","","","","","","","","","","","","","","","","","","","","","","","",12.1,1,5.3,1,"","","","","","","","","","","","","","","","","","","","","","","","","","",64,1,"","","","","","","","","","","","",9.,1,1026.1,1,"","","","","","",3,1,0,1,0,1,0,1,2,1,"","","","","","","","","","","","","","","","","","","","","","","","",13000,1,"","",1,1,0,1,"","","","","","","","","","","","","","","","","","","","","","","","","","","","","","","","","","","","","","","","","","","","","","","","","","","","","","","","","","","","","","","","","",""
"59343001","LILLE-LESQUIN",50.57,3.0975,47,1959060300,"","","","",0.,1,"","","","","","","","","","","","","","","","","","","","","","","","","","","","","","",9.8,1,5.3,1,"","","","","","","","","","","","","","","","","","","","","","","","","","",74,1,"","","","","","","","","","","","",9.,1,1026.,1,"","","","","","",0,1,"","",0,1,0,1,0,1,"","","","","","","","","","","","","","","","","","","","","","","","",15000,1,"","",2,1,0,1,"","","","","","","","","","","","","","","","","","","","","","","","","","","","","","","","","","","","","","","","","","","","","","","","","","","","","","","","","","","","","","","","","",""
"59343001","LILLE-LESQUIN",50.57,3.0975,47,1959060303,"","","","",0.,1,"","","","","","","","","","","","","","","","","","","","","","","","","","","","","","",8.3,1,4.8,1,"","","","","","","","","","","","","","","","","","","","","","","","","","",80,1,"","","","","","","","","","","","",8.7,1,1025.3,1,"","","","","","",0,1,"","",0,1,0,1,0,1,"","","","","","","","","","","","","","","","","","","","","","","","",15000,1,"","",2,1,0,1,"","","","","","","","","","","","","","","","","","","","","","","","","","","","","","","","","","","","","","","","","","","","","","","","","","","","","","","","","","","","","","","","","",""
"59343001","LILLE-LESQUIN",50.57,3.0975,47,1959060306,"","","","",0.,1,"","","","","","","","","","","","","","","","","","","","","","","","","","","","","","",10.8,1,6.6,1,"","","","","","","","","","","","","","","","","","","","","","","","","","",77,1,"","","","","","","","","","","","",9.9,1,1025.,1,"","","","","","",0,1,"","",0,1,0,1,0,1,"","","","","","","","","","","","","","","","","","","","","","","","",5000,1,"","",2,1,0,1,"","",0,1,"","","","","","","","","","","","","","","","","","","","","","","","","","","","","","","","","","","","","","","","","","","","","","","","","","","","","","","","","","","","","",""
"59343001","LILLE-LESQUIN",50.57,3.0975,47,1959060309,"","","","",3.,1,"","","","","","","","","","","","","","","","","","","","","","","","","","","","","","",19.6,1,8.8,1,"","","","","","","","","","","","","","","","","","","","","","","","","","",50,1,"","","","","","","","","","","","",11.5,1,1024.7,1,"","","","","","",0,1,"","",0,1,0,1,0,1,"","","","","","","","","","","","","","","","","","","","","","","","",6000,1,"","",2,1,0,1,"","","","","","","","","","","","","","","","","","","","","","","","","","","","","","","","","","","","","","","","","","","","","","","","","","","","","","","","","","","","","","","","","",""
"59343001","LILLE-LESQUIN",50.57,3.0975,47,1959060312,"","","","",2.,1,"","","","","","","","","","","","","","","","","","","","","","","","","","","","","","",23.,1,7.7,1,"","","","","","","","","","","","","","","","","","","","","","","","","","",38,1,"","","","","","","","","","","","",10.7,1,1022.9,1,"","","","","","",1,1,0,1,1,1,0,1,0,1,"","","","","","","","","","","","","","","","","","","","","","","","",10000,1,"","",3,1,0,1,"","","","","","","","","","","","","","","","","","","","","","","","","","","","","","","","","","","","","","","","","","","","","","","","","","","","","","","","","","","","","","","","","",""
"59343001","LILLE-LESQUIN",50.57,3.0975,47,1959060315,"","","","",2.,1,"","","","","","","","","","","","","","","","","","","","","","","","","","","","","","",24.8,1,7.7,1,"","","","","","","","","","","","","","","","","","","","","","","","","","",34,1,"","","","","","","","","","","","",10.7,1,1021.4,1,"","","","","","",1,1,0,1,1,1,0,1,0,1,"","","","","","","","","","","","","","","","","","","","","","","","",10000,1,"","",2,1,0,1,"","","","","","","","","","","","","","","","","","","","","","","","","","","","","","","","","","","","","","","","","","","","","","","","","","","","","","","","","","","","","","","","","",""
"59343001","LILLE-LESQUIN",50.57,3.0975,47,1959060318,"","","","",2.,1,"","","","","","","","","","","","","","","","","","","","","","","","","","","","","","",23.8,1,10.,1,"","","","","","","","","","","","","","","","","","","","","","","","","","",42,1,"","","","","","","","","","","","",12.5,1,1020.5,1,"","","","","","",1,1,0,1,4,1,0,1,0,1,"","","","","","","","","","","","","","","","","","","","","","","","",15000,1,"","",2,1,0,1,"","","","","","","","","","","","","","","","","","","","","","","","","","","","","","","","","","","","","","","","","","","","","","","","","","","","","","","","","","","","","","","","","",""
"59343001","LILLE-LESQUIN",50.57,3.0975,47,1959060321,"","","","",2.,1,"","","","","","","","","","","","","","","","","","","","","","","","","","","","","","",15.9,1,9.9,1,"","","","","","","","","","","","","","","","","","","","","","","","","","",69,1,"","","","","","","","","","","","",12.4,1,1021.1,1,"","","","","","",1,1,0,1,0,1,0,1,2,1,"","","","","","","","","","","","","","","","","","","","","","","","",5000,1,"","",1,1,0,1,"","","","","","","","","","","","","","","","","","","","","","","","","","","","","","","","","","","","","","","","","","","","","","","","","","","","","","","","","","","","","","","","","",""
"59343001","LILLE-LESQUIN",50.57,3.0975,47,1959060400,"","","","",2.,1,"","","","","","","","","","","","","","","","","","","","","","","","","","","","","","",10.6,1,8.9,1,"","","","","","","","","","","","","","","","","","","","","","","","","","",91,1,"","","","","","","","","","","","",11.6,1,1021.7,1,"","","","","","",0,1,"","",0,1,0,1,0,1,"","","","","","","","","","","","","","","","","","","","","","","","",5000,1,"","",2,1,0,1,"","","","","","","","","","","","","","","","","","","","","","","","","","","","","","","","","","","","","","","","","","","","","","","","","","","","","","","","","","","","","","","","","",""
"59343001","LILLE-LESQUIN",50.57,3.0975,47,1959060403,"","","","",1.,1,"","","","","","","","","","","","","","","","","","","","","","","","","","","","","","",9.1,1,7.2,1,"","","","","","","","","","","","","","","","","","","","","","","","","","",89,1,"","","","","","","","","","","","",10.3,1,1020.4,1,"","","","","","",1,1,0,1,0,1,0,1,2,1,"","","","","","","","","","","","","","","","","","","","","","","","",4000,1,"","",10,1,0,1,"","","","","","","","","","","","","","","","","","","","","","","","","","","","","","","","","","","","","","","","","","","","","","","","","","","","","","","","","","","","","","","","","",""
"59343001","LILLE-LESQUIN",50.57,3.0975,47,1959060406,"","","","",0.,1,"","","","","","","","","","","","","","","","","","","","","","","","","","","","","","",12.,1,9.4,1,"","","","","","","","","","","","","","","","","","","","","","","","","","",86,1,"","","","","","","","","","","","",12.,1,1020.1,1,"","","","","","",3,1,0,1,0,1,0,1,2,1,"","","","","","","","","","","","","","","","","","","","","","","","",3500,1,"","",10,1,0,1,"","",0,1,"","","","","","","","","","","","","","","","","","","","","","","","","","","","","","","","","","","","","","","","","","","","","","","","","","","","","","","","","","","","","",""
"59343001","LILLE-LESQUIN",50.57,3.0975,47,1959060409,"","","","",1.,1,"","","","","","","","","","","","","","","","","","","","","","","","","","","","","","",21.6,1,11.4,1,"","","","","","","","","","","","","","","","","","","","","","","","","","",54,1,"","","","","","","","","","","","",13.8,1,1019.7,1,"","","","","","",2,1,0,1,0,1,0,1,2,1,"","","","","","","","","","","","","","","","","","","","","","","","",4000,1,"","",10,1,0,1,"","","","","","","","","","","","","","","","","","","","","","","","","","","","","","","","","","","","","","","","","","","","","","","","","","","","","","","","","","","","","","","","","",""
"59343001","LILLE-LESQUIN",50.57,3.0975,47,1959060412,"","","","",2.,1,"","","","","","","","","","","","","","","","","","","","","","","","","","","","","","",25.2,1,9.4,1,"","","","","","","","","","","","","","","","","","","","","","","","","","",38,1,"","","","","","","","","","","","",12.,1,1018.2,1,"","","","","","",2,1,0,1,1,1,0,1,1,1,"","","","","","","","","","","","","","","","","","","","","","","","",9000,1,"","",3,1,0,1,"","","","","","","","","","","","","","","","","","","","","","","","","","","","","","","","","","","","","","","","","","","","","","","","","","","","","","","","","","","","","","","","","",""
"59343001","LILLE-LESQUIN",50.57,3.0975,47,1959060415,"","","","",1.,1,"","","","","","","","","","","","","","","","","","","","","","","","","","","","","","",26.1,1,9.,1,"","","","","","","","","","","","","","","","","","","","","","","","","","",35,1,"","","","","","","","","","","","",11.7,1,1016.6,1,"","","","","","",2,1,0,1,1,1,0,1,1,1,"","","","","","","","","","","","","","","","","","","","","","","","",10000,1,"","",1,1,0,1,"","","","","","","","","","","","","","","","","","","","","","","","","","","","","","","","","","","","","","","","","","","","","","","","","","","","","","","","","","","","","","","","","",""
"59343001","LILLE-LESQUIN",50.57,3.0975,47,1959060418,"","","","",3.,1,"","","","","","","","","","","","","","","","","","","","","","","","","","","","","","",24.5,1,11.2,1,"","","","","","","","","","","","","","","","","","","","","","","","","","",44,1,"","","","","","","","","","","","",13.6,1,1015.3,1,"","","","","","",0,1,"","",0,1,0,1,0,1,"","","","","","","","","","","","","","","","","","","","","","","","",9000,1,"","",1,1,0,1,"","","","","","","","","","","","","","","","","","","","","","","","","","","","","","","","","","","","","","","","","","","","","","","","","","","","","","","","","","","","","","","","","",""
"59343001","LILLE-LESQUIN",50.57,3.0975,47,1959060421,"","","","",4.,1,"","","","","","","","","","","","","","","","","","","","","","","","","","","","","","",17.,1,10.4,1,"","","","","","","","","","","","","","","","","","","","","","","","","","",67,1,"","","","","","","","","","","","",12.9,1,1015.5,1,"","","","","","",1,1,0,1,0,1,0,1,2,1,"","","","","","","","","","","","","","","","","","","","","","","","",8000,1,"","",2,1,0,1,"","","","","","","","","","","","","","","","","","","","","","","","","","","","","","","","","","","","","","","","","","","","","","","","","","","","","","","","","","","","","","","","","",""
"59343001","LILLE-LESQUIN",50.57,3.0975,47,1959060500,"","","","",4.,1,"","","","","","","","","","","","","","","","","","","","","","","","","","","","","","",14.2,1,10.1,1,"","","","","","","","","","","","","","","","","","","","","","","","","","",78,1,"","","","","","","","","","","","",12.6,1,1013.6,1,"","","","","","",2,1,0,1,0,1,0,1,2,1,"","","","","","","","","","","","","","","","","","","","","","","","",9000,1,"","",13,1,0,1,"","","","","","","","","","","","","","","","","","","","","","","","","","","","","","","","","","","","","","","","","","","","","","","","","","","","","","","","","","","","","","","","","",""
"59343001","LILLE-LESQUIN",50.57,3.0975,47,1959060503,"","","","",3.,1,"","","","","","","","","","","","","","","","","","","","","","","","","","","","","","",15.1,1,11.4,1,"","","","","","","","","","","","","","","","","","","","","","","","","","",81,1,"","","","","","","","","","","","",13.8,1,1013.,1,"","","","","","",7,1,7,1,9,1,7,1,"","","","","","","","","","","","","","","","","","","","","","","","","","",6000,1,"","",3,1,2,1,"","","","","","","","","","","","","","","","","","","","","","","","","","","","","","","","","","","","","","","","","","","","","","","","","","","","","","","","","","","","","","","","","",""
"59343001","LILLE-LESQUIN",50.57,3.0975,47,1959060506,"","","","",2.,1,"","","","","","","","","","","","","","","","","","","","","","","","","","","","","","",17.,1,14.2,1,"","","","","","","","","","","","","","","","","","","","","","","","","","",86,1,"","","","","","","","","","","","",16.6,1,1012.9,1,"","","","","","",8,1,8,1,7,1,7,1,"","","","","","","","","","","","","","","","","","","","","","","","","","",3500,1,"","",63,1,6,1,"","",0,1,"","","","","","","","","","","","","","","","","","","","","","","","","","","","","","","","","","","","","","","","","","","","","","","","","","","","","","","","","","","","","",""
"59343001","LILLE-LESQUIN",50.57,3.0975,47,1959060509,"","","","",1.,1,"","","","","","","","","","","","","","","","","","","","","","","","","","","","","","",18.8,1,15.6,1,"","","","","","","","","","","","","","","","","","","","","","","","","","",84,1,"","","","","","","","","","","","",18.2,1,1011.6,1,"","","","","","",7,1,5,1,5,1,9,1,3,1,"","","","","","","","","","","","","","","","","","","","","","","","",15000,1,"","",29,1,9,1,"","","","","","","","","","","","","","","","","","","","","","","","","","","","","","","","","","","","","","","","","","","","","","","","","","","","","","","","","","","","","","","","","",""
"59343001","LILLE-LESQUIN",50.57,3.0975,47,1959060512,"","","","",3.,1,"","","","","","","","","","","","","","","","","","","","","","","","","","","","","","",26.9,1,15.1,1,"","","","","","","","","","","","","","","","","","","","","","","","","","",50,1,"","","","","","","","","","","","",17.6,1,1010.9,1,"","","","","","",6,1,5,1,0,1,8,1,2,1,"","","","","","","","","","","","","","","","","","","","","","","","",9000,1,"","",2,1,9,1,"","","","","","","","","","","","","","","","","","","","","","","","","","","","","","","","","","","","","","","","","","","","","","","","","","","","","","","","","","","","","","","","","",""
"59343001","LILLE-LESQUIN",50.57,3.0975,47,1959060515,"","","","",5.,1,"","","","","","","","","","","","","","","","","","","","","","","","","","","","","","",22.2,1,16.6,1,"","","","","","","","","","","","","","","","","","","","","","","","","","",73,1,"","","","","","","","","","","","",19.5,1,1010.9,1,"","","","","","",7,1,6,1,0,1,8,1,2,1,"","","","","","","","","","","","","","","","","","","","","","","","",6000,1,"","",1,1,9,1,"","","","","","","","","","","","","","","","","","","","","","","","","","","","","","","","","","","","","","","","","","","","","","","","","","","","","","","","","","","","","","","","","",""
"59343001","LILLE-LESQUIN",50.57,3.0975,47,1959060518,"","","","",2.,1,"","","","","","","","","","","","","","","","","","","","","","","","","","","","","","",21.6,1,15.2,1,"","","","","","","","","","","","","","","","","","","","","","","","","","",69,1,"","","","","","","","","","","","",17.8,1,1011.2,1,"","","","","","",6,1,0,1,3,1,8,1,3,1,"","","","","","","","","","","","","","","","","","","","","","","","",15000,1,"","",17,1,9,1,"","","","","","","","","","","","","","","","","","","","","","","","","","","","","","","","","","","","","","","","","","","","","","","","","","","","","","","","","","","","","","","","","",""
"59343001","LILLE-LESQUIN",50.57,3.0975,47,1959060521,"","","","",2.,1,"","","","","","","","","","","","","","","","","","","","","","","","","","","","","","",16.1,1,13.8,1,"","","","","","","","","","","","","","","","","","","","","","","","","","",89,1,"","","","","","","","","","","","",16.2,1,1012.5,1,"","","","","","",5,1,0,1,5,1,8,1,2,1,"","","","","","","","","","","","","","","","","","","","","","","","",6000,1,"","",2,1,9,1,"","","","","","","","","","","","","","","","","","","","","","","","","","","","","","","","","","","","","","","","","","","","","","","","","","","","","","","","","","","","","","","","","",""
"59343001","LILLE-LESQUIN",50.57,3.0975,47,1959060600,"","","","",4.,1,"","","","","","","","","","","","","","","","","","","","","","","","","","","","","","",15.,1,12.9,1,"","","","","","","","","","","","","","","","","","","","","","","","","","",89,1,"","","","","","","","","","","","",15.2,1,1013.9,1,"","","","","","",8,1,8,1,6,1,"","","","","","","","","","","","","","","","","","","","","","","","","","","","",6000,1,"","",3,1,9,1,"","","","","","","","","","","","","","","","","","","","","","","","","","","","","","","","","","","","","","","","","","","","","","","","","","","","","","","","","","","","","","","","","",""
"59343001","LILLE-LESQUIN",50.57,3.0975,47,1959060603,"","","","",3.,1,"","","","","","","","","","","","","","","","","","","","","","","","","","","","","","",12.2,1,10.8,1,"","","","","","","","","","","","","","","","","","","","","","","","","","",93,1,"","","","","","","","","","","","",13.2,1,1013.5,1,"","","","","","",7,1,7,1,6,1,"","","","","","","","","","","","","","","","","","","","","","","","","","","","",5000,1,"","",2,1,2,1,"","","","","","","","","","","","","","","","","","","","","","","","","","","","","","","","","","","","","","","","","","","","","","","","","","","","","","","","","","","","","","","","","",""
"59343001","LILLE-LESQUIN",50.57,3.0975,47,1959060606,"","","","",2.,1,"","","","","","","","","","","","","","","","","","","","","","","","","","","","","","",12.3,1,10.6,1,"","","","","","","","","","","","","","","","","","","","","","","","","","",90,1,"","","","","","","","","","","","",13.,1,1014.6,1,"","","","","","",5,1,0,1,8,1,4,1,0,1,"","","","","","","","","","","","","","","","","","","","","","","","",6000,1,"","",3,1,1,1,"","",0,1,"","","","","","","","","","","","","","","","","","","","","","","","","","","","","","","","","","","","","","","","","","","","","","","","","","","","","","","","","","","","","",""
"59343001","LILLE-LESQUIN",50.57,3.0975,47,1959060609,"","","","",3.,1,"","","","","","","","","","","","","","","","","","","","","","","","","","","","","","",15.7,1,9.8,1,"","","","","","","","","","","","","","","","","","","","","","","","","","",69,1,"","","","","","","","","","","","",12.3,1,1015.,1,"","","","","","",6,1,6,1,2,1,0,1,1,1,"","","","","","","","","","","","","","","","","","","","","","","","",10000,1,"","",2,1,2,1,"","","","","","","","","","","","","","","","","","","","","","","","","","","","","","","","","","","","","","","","","","","","","","","","","","","","","","","","","","","","","","","","","",""
"59343001","LILLE-LESQUIN",50.57,3.0975,47,1959060612,"","","","",5.,1,"","","","","","","","","","","","","","","","","","","","","","","","","","","","","","",20.,1,7.3,1,"","","","","","","","","","","","","","","","","","","","","","","","","","",44,1,"","","","","","","","","","","","",10.4,1,1014.5,1,"","","","","","",6,1,6,1,1,1,4,1,4,1,"","","","","","","","","","","","","","","","","","","","","","","","",40000,1,"","",3,1,1,1,"","","","","","","","","","","","","","","","","","","","","","","","","","","","","","","","","","","","","","","","","","","","","","","","","","","","","","","","","","","","","","","","","",""
"59343001","LILLE-LESQUIN",50.57,3.0975,47,1959060615,"","","","",6.,1,"","","","","","","","","","","","","","","","","","","","","","","","","","","","","","",21.2,1,9.5,1,"","","","","","","","","","","","","","","","","","","","","","","","","","",48,1,"","","","","","","","","","","","",12.1,1,1013.2,1,"","","","","","",7,1,7,1,2,1,0,1,6,1,"","","","","","","","","","","","","","","","","","","","","","","","",40000,1,"","",2,1,2,1,"","","","","","","","","","","","","","","","","","","","","","","","","","","","","","","","","","","","","","","","","","","","","","","","","","","","","","","","","","","","","","","","","",""
"59343001","LILLE-LESQUIN",50.57,3.0975,47,1959060618,"","","","",2.,1,"","","","","","","","","","","","","","","","","","","","","","","","","","","","","","",19.7,1,11.1,1,"","","","","","","","","","","","","","","","","","","","","","","","","","",59,1,"","","","","","","","","","","","",13.5,1,1012.3,1,"","","","","","",6,1,6,1,1,1,0,1,2,1,"","","","","","","","","","","","","","","","","","","","","","","","",40000,1,"","",1,1,2,1,"","","","","","","","","","","","","","","","","","","","","","","","","","","","","","","","","","","","","","","","","","","","","","","","","","","","","","","","","","","","","","","","","",""
"59343001","LILLE-LESQUIN",50.57,3.0975,47,1959060621,"","","","",1.,1,"","","","","","","","","","","","","","","","","","","","","","","","","","","","","","",15.1,1,10.6,1,"","","","","","","","","","","","","","","","","","","","","","","","","","",76,1,"","","","","","","","","","","","",13.,1,1012.8,1,"","","","","","",2,1,0,1,0,1,4,1,2,1,"","","","","","","","","","","","","","","","","","","","","","","","",10000,1,"","",1,1,1,1,"","","","","","","","","","","","","","","","","","","","","","","","","","","","","","","","","","","","","","","","","","","","","","","","","","","","","","","","","","","","","","","","","",""
"59343001","LILLE-LESQUIN",50.57,3.0975,47,1959060700,"","","","",2.,1,"","","","","","","","","","","","","","","","","","","","","","","","","","","","","","",11.4,1,9.6,1,"","","","","","","","","","","","","","","","","","","","","","","","","","",90,1,"","","","","","","","","","","","",12.2,1,1013.9,1,"","","","","","",0,1,"","",0,1,0,1,0,1,"","","","","","","","","","","","","","","","","","","","","","","","",10000,1,"","",1,1,1,1,"","","","","","","","","","","","","","","","","","","","","","","","","","","","","","","","","","","","","","","","","","","","","","","","","","","","","","","","","","","","","","","","","",""
"59343001","LILLE-LESQUIN",50.57,3.0975,47,1959060703,"","","","",1.,1,"","","","","","","","","","","","","","","","","","","","","","","","","","","","","","",10.1,1,8.7,1,"","","","","","","","","","","","","","","","","","","","","","","","","","",92,1,"","","","","","","","","","","","",11.4,1,1014.4,1,"","","","","","",7,1,6,1,5,1,4,1,0,1,"","","","","","","","","","","","","","","","","","","","","","","","",10000,1,"","",3,1,1,1,"","","","","","","","","","","","","","","","","","","","","","","","","","","","","","","","","","","","","","","","","","","","","","","","","","","","","","","","","","","","","","","","","",""
"59343001","LILLE-LESQUIN",50.57,3.0975,47,1959060706,"","","","",1.,1,"","","","","","","","","","","","","","","","","","","","","","","","","","","","","","",13.4,1,11.,1,"","","","","","","","","","","","","","","","","","","","","","","","","","",87,1,"","","","","","","","","","","","",13.4,1,1015.6,1,"","","","","","",5,1,0,1,0,1,7,1,2,1,"","","","","","","","","","","","","","","","","","","","","","","","",5000,1,"","",1,1,1,1,"","",0,1,"","","","","","","","","","","","","","","","","","","","","","","","","","","","","","","","","","","","","","","","","","","","","","","","","","","","","","","","","","","","","",""
"59343001","LILLE-LESQUIN",50.57,3.0975,47,1959060709,"","","","",4.,1,"","","","","","","","","","","","","","","","","","","","","","","","","","","","","","",16.8,1,8.9,1,"","","","","","","","","","","","","","","","","","","","","","","","","","",61,1,"","","","","","","","","","","","",11.6,1,1017.8,1,"","","","","","",4,1,0,1,8,1,3,1,2,1,"","","","","","","","","","","","","","","","","","","","","","","","",30000,1,"","",1,1,1,1,"","","","","","","","","","","","","","","","","","","","","","","","","","","","","","","","","","","","","","","","","","","","","","","","","","","","","","","","","","","","","","","","","",""
"59343001","LILLE-LESQUIN",50.57,3.0975,47,1959060712,"","","","",4.,1,"","","","","","","","","","","","","","","","","","","","","","","","","","","","","","",18.,1,7.6,1,"","","","","","","","","","","","","","","","","","","","","","","","","","",51,1,"","","","","","","","","","","","",10.6,1,1018.9,1,"","","","","","",7,1,6,1,8,1,"","","","","","","","","","","","","","","","","","","","","","","","","","","","",35000,1,"","",3,1,1,1,"","","","","","","","","","","","","","","","","","","","","","","","","","","","","","","","","","","","","","","","","","","","","","","","","","","","","","","","","","","","","","","","","",""
"59343001","LILLE-LESQUIN",50.57,3.0975,47,1959060715,"","","","",6.,1,"","","","","","","","","","","","","","","","","","","","","","","","","","","","","","",18.9,1,7.3,1,"","","","","","","","","","","","","","","","","","","","","","","","","","",47,1,"","","","","","","","","","","","",10.4,1,1019.5,1,"","","","","","",5,1,0,1,2,1,4,1,2,1,"","","","","","","","","","","","","","","","","","","","","","","","",40000,1,"","",3,1,1,1,"","","","","","","","","","","","","","","","","","","","","","","","","","","","","","","","","","","","","","","","","","","","","","","","","","","","","","","","","","","","","","","","","",""
"59343001","LILLE-LESQUIN",50.57,3.0975,47,1959060718,"","","","",5.,1,"","","","","","","","","","","","","","","","","","","","","","","","","","","","","","",17.6,1,7.6,1,"","","","","","","","","","","","","","","","","","","","","","","","","","",52,1,"","","","","","","","","","","","",10.6,1,1020.6,1,"","","","","","",3,1,0,1,1,1,4,1,2,1,"","","","","","","","","","","","","","","","","","","","","","","","",40000,1,"","",3,1,1,1,"","","","","","","","","","","","","","","","","","","","","","","","","","","","","","","","","","","","","","","","","","","","","","","","","","","","","","","","","","","","","","","","","",""
"59343001","LILLE-LESQUIN",50.57,3.0975,47,1959060721,"","","","",3.,1,"","","","","","","","","","","","","","","","","","","","","","","","","","","","","","",10.8,1,7.7,1,"","","","","","","","","","","","","","","","","","","","","","","","","","",82,1,"","","","","","","","","","","","",10.7,1,1022.,1,"","","","","","",1,1,0,1,0,1,0,1,1,1,"","","","","","","","","","","","","","","","","","","","","","","","",13000,1,"","",1,1,0,1,"","","","","","","","","","","","","","","","","","","","","","","","","","","","","","","","","","","","","","","","","","","","","","","","","","","","","","","","","","","","","","","","","",""
"59343001","LILLE-LESQUIN",50.57,3.0975,47,1959060800,"","","","",2.,1,"","","","","","","","","","","","","","","","","","","","","","","","","","","","","","",8.4,1,7.3,1,"","","","","","","","","","","","","","","","","","","","","","","","","","",94,1,"","","","","","","","","","","","",10.4,1,1022.,1,"","","","","","",0,1,"","",0,1,0,1,0,1,"","","","","","","","","","","","","","","","","","","","","","","","",10000,1,"","",2,1,0,1,"","","","","","","","","","","","","","","","","","","","","","","","","","","","","","","","","","","","","","","","","","","","","","","","","","","","","","","","","","","","","","","","","",""
"59343001","LILLE-LESQUIN",50.57,3.0975,47,1959060803,"","","","",2.,1,"","","","","","","","","","","","","","","","","","","","","","","","","","","","","","",7.8,1,6.8,1,"","","","","","","","","","","","","","","","","","","","","","","","","","",94,1,"","","","","","","","","","","","",10.,1,1020.9,1,"","","","","","",2,1,0,1,0,1,0,1,1,1,"","","","","","","","","","","","","","","","","","","","","","","","",10000,1,"","",3,1,0,1,"","","","","","","","","","","","","","","","","","","","","","","","","","","","","","","","","","","","","","","","","","","","","","","","","","","","","","","","","","","","","","","","","",""
"59343001","LILLE-LESQUIN",50.57,3.0975,47,1959060806,"","","","",4.,1,"","","","","","","","","","","","","","","","","","","","","","","","","","","","","","",10.4,1,8.8,1,"","","","","","","","","","","","","","","","","","","","","","","","","","",91,1,"","","","","","","","","","","","",11.5,1,1020.8,1,"","","","","","",1,1,0,1,0,1,4,1,1,1,"","","","","","","","","","","","","","","","","","","","","","","","",6000,1,"","",1,1,0,1,"","",0,1,"","","","","","","","","","","","","","","","","","","","","","","","","","","","","","","","","","","","","","","","","","","","","","","","","","","","","","","","","","","","","",""
"59343001","LILLE-LESQUIN",50.57,3.0975,47,1959060809,"","","","",7.,1,"","","","","","","","","","","","","","","","","","","","","","","","","","","","","","",16.,1,5.3,1,"","","","","","","","","","","","","","","","","","","","","","","","","","",50,1,"","","","","","","","","","","","",9.,1,1019.4,1,"","","","","","",5,1,0,1,1,1,4,1,5,1,"","","","","","","","","","","","","","","","","","","","","","","","",20000,1,"","",3,1,1,1,"","","","","","","","","","","","","","","","","","","","","","","","","","","","","","","","","","","","","","","","","","","","","","","","","","","","","","","","","","","","","","","","","",""
"59343001","LILLE-LESQUIN",50.57,3.0975,47,1959060812,"","","","",8.,1,"","","","","","","","","","","","","","","","","","","","","","","","","","","","","","",18.7,1,6.4,1,"","","","","","","","","","","","","","","","","","","","","","","","","","",45,1,"","","","","","","","","","","","",9.7,1,1017.4,1,"","","","","","",7,1,5,1,1,1,5,1,2,1,"","","","","","","","","","","","","","","","","","","","","","","","",20000,1,"","",3,1,2,1,"","","","","","","","","","","","","","","","","","","","","","","","","","","","","","","","","","","","","","","","","","","","","","","","","","","","","","","","","","","","","","","","","",""
"59343001","LILLE-LESQUIN",50.57,3.0975,47,1959060815,"","","","",8.,1,"","","","","","","","","","","","","","","","","","","","","","","","","","","","","","",18.8,1,6.2,1,"","","","","","","","","","","","","","","","","","","","","","","","","","",44,1,"","","","","","","","","","","","",9.6,1,1015.7,1,"","","","","","",7,1,5,1,5,1,7,1,"","","","","","","","","","","","","","","","","","","","","","","","","","",20000,1,"","",3,1,2,1,"","","","","","","","","","","","","","","","","","","","","","","","","","","","","","","","","","","","","","","","","","","","","","","","","","","","","","","","","","","","","","","","","",""
"59343001","LILLE-LESQUIN",50.57,3.0975,47,1959060818,"","","","",5.,1,"","","","","","","","","","","","","","","","","","","","","","","","","","","","","","",14.7,1,9.9,1,"","","","","","","","","","","","","","","","","","","","","","","","","","",75,1,"","","","","","","","","","","","",12.4,1,1015.5,1,"","","","","","",8,1,8,1,7,1,7,1,"","","","","","","","","","","","","","","","","","","","","","","","","","",20000,1,"","",61,1,6,1,"","","","","","","","","","","","","","","","","","","","","","","","","","","","","","","","","","","","","","","","","","","","","","","","","","","","","","","","","","","","","","","","","",""
"59343001","LILLE-LESQUIN",50.57,3.0975,47,1959060821,"","","","",6.,1,"","","","","","","","","","","","","","","","","","","","","","","","","","","","","","",14.3,1,11.5,1,"","","","","","","","","","","","","","","","","","","","","","","","","","",86,1,"","","","","","","","","","","","",13.9,1,1015.2,1,"","","","","","",8,1,8,1,5,1,"","","","","","","","","","","","","","","","","","","","","","","","","","","","",10000,1,"","",2,1,6,1,"","","","","","","","","","","","","","","","","","","","","","","","","","","","","","","","","","","","","","","","","","","","","","","","","","","","","","","","","","","","","","","","","",""
"59343001","LILLE-LESQUIN",50.57,3.0975,47,1959060900,"","","","",8.,1,"","","","","","","","","","","","","","","","","","","","","","","","","","","","","","",12.3,1,8.8,1,"","","","","","","","","","","","","","","","","","","","","","","","","","",80,1,"","","","","","","","","","","","",11.5,1,1015.1,1,"","","","","","",5,1,0,1,5,1,0,1,0,1,"","","","","","","","","","","","","","","","","","","","","","","","",20000,1,"","",1,1,6,1,"","","","","","","","","","","","","","","","","","","","","","","","","","","","","","","","","","","","","","","","","","","","","","","","","","","","","","","","","","","","","","","","","",""
"59343001","LILLE-LESQUIN",50.57,3.0975,47,1959060903,"","","","",3.,1,"","","","","","","","","","","","","","","","","","","","","","","","","","","","","","",9.8,1,8.1,1,"","","","","","","","","","","","","","","","","","","","","","","","","","",91,1,"","","","","","","","","","","","",11.,1,1015.6,1,"","","","","","",6,1,6,1,5,1,4,1,0,1,"","","","","","","","","","","","","","","","","","","","","","","","",8000,1,"","",2,1,1,1,"","","","","","","","","","","","","","","","","","","","","","","","","","","","","","","","","","","","","","","","","","","","","","","","","","","","","","","","","","","","","","","","","",""
"59343001","LILLE-LESQUIN",50.57,3.0975,47,1959060906,"","","","",4.,1,"","","","","","","","","","","","","","","","","","","","","","","","","","","","","","",11.2,1,8.9,1,"","","","","","","","","","","","","","","","","","","","","","","","","","",88,1,"","","","","","","","","","","","",11.6,1,1016.,1,"","","","","","",6,1,6,1,0,1,0,1,2,1,"","","","","","","","","","","","","","","","","","","","","","","","",8000,1,"","",2,1,1,1,"","",0,1,"","","","","","","","","","","","","","","","","","","","","","","","","","","","","","","","","","","","","","","","","","","","","","","","","","","","","","","","","","","","","",""
"59343001","LILLE-LESQUIN",50.57,3.0975,47,1959060909,"","","","",7.,1,"","","","","","","","","","","","","","","","","","","","","","","","","","","","","","",14.6,1,5.9,1,"","","","","","","","","","","","","","","","","","","","","","","","","","",58,1,"","","","","","","","","","","","",9.4,1,1016.7,1,"","","","","","",7,1,6,1,2,1,0,1,2,1,"","","","","","","","","","","","","","","","","","","","","","","","",15000,1,"","",2,1,2,1,"","","","","","","","","","","","","","","","","","","","","","","","","","","","","","","","","","","","","","","","","","","","","","","","","","","","","","","","","","","","","","","","","",""
"59343001","LILLE-LESQUIN",50.57,3.0975,47,1959060912,"","","","",8.,1,"","","","","","","","","","","","","","","","","","","","","","","","","","","","","","",16.2,1,5.8,1,"","","","","","","","","","","","","","","","","","","","","","","","","","",50,1,"","","","","","","","","","","","",9.3,1,1016.2,1,"","","","","","",6,1,6,1,2,1,0,1,2,1,"","","","","","","","","","","","","","","","","","","","","","","","",30000,1,"","",2,1,2,1,"","","","","","","","","","","","","","","","","","","","","","","","","","","","","","","","","","","","","","","","","","","","","","","","","","","","","","","","","","","","","","","","","",""
"59343001","LILLE-LESQUIN",50.57,3.0975,47,1959060915,"","","","",9.,1,"","","","","","","","","","","","","","","","","","","","","","","","","","","","","","",16.2,1,5.3,1,"","","","","","","","","","","","","","","","","","","","","","","","","","",49,1,"","","","","","","","","","","","",9.,1,1016.3,1,"","","","","","",5,1,0,1,8,1,0,1,0,1,"","","","","","","","","","","","","","","","","","","","","","","","",40000,1,"","",1,1,2,1,"","","","","","","","","","","","","","","","","","","","","","","","","","","","","","","","","","","","","","","","","","","","","","","","","","","","","","","","","","","","","","","","","",""
"59343001","LILLE-LESQUIN",50.57,3.0975,47,1959060918,"","","","",8.,1,"","","","","","","","","","","","","","","","","","","","","","","","","","","","","","",13.7,1,5.6,1,"","","","","","","","","","","","","","","","","","","","","","","","","","",59,1,"","","","","","","","","","","","",9.2,1,1017.2,1,"","","","","","",5,1,0,1,2,1,0,1,2,1,"","","","","","","","","","","","","","","","","","","","","","","","",30000,1,"","",2,1,2,1,"","","","","","","","","","","","","","","","","","","","","","","","","","","","","","","","","","","","","","","","","","","","","","","","","","","","","","","","","","","","","","","","","",""
"59343001","LILLE-LESQUIN",50.57,3.0975,47,1959060921,"","","","",3.,1,"","","","","","","","","","","","","","","","","","","","","","","","","","","","","","",9.8,1,6.8,1,"","","","","","","","","","","","","","","","","","","","","","","","","","",83,1,"","","","","","","","","","","","",10.,1,1018.4,1,"","","","","","",2,1,0,1,0,1,4,1,1,1,"","","","","","","","","","","","","","","","","","","","","","","","",20000,1,"","",2,1,1,1,"","","","","","","","","","","","","","","","","","","","","","","","","","","","","","","","","","","","","","","","","","","","","","","","","","","","","","","","","","","","","","","","","",""
"59343001","LILLE-LESQUIN",50.57,3.0975,47,1959061000,"","","","",3.,1,"","","","","","","","","","","","","","","","","","","","","","","","","","","","","","",7.9,1,6.4,1,"","","","","","","","","","","","","","","","","","","","","","","","","","",91,1,"","","","","","","","","","","","",9.7,1,1019.2,1,"","","","","","",2,1,0,1,0,1,3,1,0,1,"","","","","","","","","","","","","","","","","","","","","","","","",13000,1,"","",3,1,1,1,"","","","","","","","","","","","","","","","","","","","","","","","","","","","","","","","","","","","","","","","","","","","","","","","","","","","","","","","","","","","","","","","","",""
"59343001","LILLE-LESQUIN",50.57,3.0975,47,1959061003,"","","","",2.,1,"","","","","","","","","","","","","","","","","","","","","","","","","","","","","","",8.6,1,7.1,1,"","","","","","","","","","","","","","","","","","","","","","","","","","",92,1,"","","","","","","","","","","","",10.2,1,1020.2,1,"","","","","","",4,1,0,1,5,1,3,1,2,1,"","","","","","","","","","","","","","","","","","","","","","","","",12000,1,"","",3,1,0,1,"","","","","","","","","","","","","","","","","","","","","","","","","","","","","","","","","","","","","","","","","","","","","","","","","","","","","","","","","","","","","","","","","",""
"59343001","LILLE-LESQUIN",50.57,3.0975,47,1959061006,"","","","",4.,1,"","","","","","","","","","","","","","","","","","","","","","","","","","","","","","",11.,1,8.4,1,"","","","","","","","","","","","","","","","","","","","","","","","","","",85,1,"","","","","","","","","","","","",11.2,1,1022.,1,"","","","","","",2,1,0,1,0,1,3,1,1,1,"","","","","","","","","","","","","","","","","","","","","","","","",9000,1,"","",2,1,1,1,"","",0,1,"","","","","","","","","","","","","","","","","","","","","","","","","","","","","","","","","","","","","","","","","","","","","","","","","","","","","","","","","","","","","",""
"59343001","LILLE-LESQUIN",50.57,3.0975,47,1959061009,"","","","",5.,1,"","","","","","","","","","","","","","","","","","","","","","","","","","","","","","",14.7,1,8.4,1,"","","","","","","","","","","","","","","","","","","","","","","","","","",66,1,"","","","","","","","","","","","",11.2,1,1022.9,1,"","","","","","",7,1,6,1,8,1,"","","","","","","","","","","","","","","","","","","","","","","","","","","","",10000,1,"","",3,1,1,1,"","","","","","","","","","","","","","","","","","","","","","","","","","","","","","","","","","","","","","","","","","","","","","","","","","","","","","","","","","","","","","","","","",""
"59343001","LILLE-LESQUIN",50.57,3.0975,47,1959061012,"","","","",4.,1,"","","","","","","","","","","","","","","","","","","","","","","","","","","","","","",15.,1,5.9,1,"","","","","","","","","","","","","","","","","","","","","","","","","","",55,1,"","","","","","","","","","","","",9.4,1,1023.5,1,"","","","","","",7,1,5,1,4,1,"","","","","","","","","","","","","","","","","","","","","","","","","","","","",40000,1,"","",2,1,8,1,"","","","","","","","","","","","","","","","","","","","","","","","","","","","","","","","","","","","","","","","","","","","","","","","","","","","","","","","","","","","","","","","","",""
"59343001","LILLE-LESQUIN",50.57,3.0975,47,1959061015,"","","","",4.,1,"","","","","","","","","","","","","","","","","","","","","","","","","","","","","","",14.7,1,6.6,1,"","","","","","","","","","","","","","","","","","","","","","","","","","",59,1,"","","","","","","","","","","","",9.9,1,1024.1,1,"","","","","","",7,1,7,1,8,1,"","","","","","","","","","","","","","","","","","","","","","","","","","","","",40000,1,"","",2,1,2,1,"","","","","","","","","","","","","","","","","","","","","","","","","","","","","","","","","","","","","","","","","","","","","","","","","","","","","","","","","","","","","","","","","",""
"59343001","LILLE-LESQUIN",50.57,3.0975,47,1959061018,"","","","",4.,1,"","","","","","","","","","","","","","","","","","","","","","","","","","","","","","",14.2,1,5.5,1,"","","","","","","","","","","","","","","","","","","","","","","","","","",56,1,"","","","","","","","","","","","",9.1,1,1024.9,1,"","","","","","",7,1,7,1,4,1,"","","","","","","","","","","","","","","","","","","","","","","","","","","","",25000,1,"","",2,1,2,1,"","","","","","","","","","","","","","","","","","","","","","","","","","","","","","","","","","","","","","","","","","","","","","","","","","","","","","","","","","","","","","","","","",""
"59343001","LILLE-LESQUIN",50.57,3.0975,47,1959061021,"","","","",2.,1,"","","","","","","","","","","","","","","","","","","","","","","","","","","","","","",9.3,1,6.4,1,"","","","","","","","","","","","","","","","","","","","","","","","","","",83,1,"","","","","","","","","","","","",9.7,1,1026.9,1,"","","","","","",3,1,0,1,4,1,0,1,2,1,"","","","","","","","","","","","","","","","","","","","","","","","",10000,1,"","",2,1,1,1,"","","","","","","","","","","","","","","","","","","","","","","","","","","","","","","","","","","","","","","","","","","","","","","","","","","","","","","","","","","","","","","","","",""
"59343001","LILLE-LESQUIN",50.57,3.0975,47,1959061100,"","","","",2.,1,"","","","","","","","","","","","","","","","","","","","","","","","","","","","","","",6.5,1,5.5,1,"","","","","","","","","","","","","","","","","","","","","","","","","","",94,1,"","","","","","","","","","","","",9.1,1,1027.4,1,"","","","","","",0,1,"","",0,1,0,1,0,1,"","","","","","","","","","","","","","","","","","","","","","","","",5000,1,"","",2,1,1,1,"","","","","","","","","","","","","","","","","","","","","","","","","","","","","","","","","","","","","","","","","","","","","","","","","","","","","","","","","","","","","","","","","",""
"59343001","LILLE-LESQUIN",50.57,3.0975,47,1959061103,"","","","",2.,1,"","","","","","","","","","","","","","","","","","","","","","","","","","","","","","",5.6,1,4.5,1,"","","","","","","","","","","","","","","","","","","","","","","","","","",94,1,"","","","","","","","","","","","",8.5,1,1027.7,1,"","","","","","",5,1,5,1,0,1,0,1,2,1,"","","","","","","","","","","","","","","","","","","","","","","","",3000,1,"","",10,1,0,1,"","","","","","","","","","","","","","","","","","","","","","","","","","","","","","","","","","","","","","","","","","","","","","","","","","","","","","","","","","","","","","","","","",""
"59343001","LILLE-LESQUIN",50.57,3.0975,47,1959061106,"","","","",2.,1,"","","","","","","","","","","","","","","","","","","","","","","","","","","","","","",9.8,1,8.,1,"","","","","","","","","","","","","","","","","","","","","","","","","","",90,1,"","","","","","","","","","","","",10.9,1,1028.9,1,"","","","","","",6,1,5,1,0,1,0,1,2,1,"","","","","","","","","","","","","","","","","","","","","","","","",4000,1,"","",10,1,1,1,"","",0,1,"","","","","","","","","","","","","","","","","","","","","","","","","","","","","","","","","","","","","","","","","","","","","","","","","","","","","","","","","","","","","",""
"59343001","LILLE-LESQUIN",50.57,3.0975,47,1959061109,"","","","",4.,1,"","","","","","","","","","","","","","","","","","","","","","","","","","","","","","",15.8,1,7.3,1,"","","","","","","","","","","","","","","","","","","","","","","","","","",58,1,"","","","","","","","","","","","",10.4,1,1029.5,1,"","","","","","",5,1,5,1,2,1,0,1,0,1,"","","","","","","","","","","","","","","","","","","","","","","","",10000,1,"","",2,1,2,1,"","","","","","","","","","","","","","","","","","","","","","","","","","","","","","","","","","","","","","","","","","","","","","","","","","","","","","","","","","","","","","","","","",""
"59343001","LILLE-LESQUIN",50.57,3.0975,47,1959061112,"","","","",5.,1,"","","","","","","","","","","","","","","","","","","","","","","","","","","","","","",17.6,1,6.1,1,"","","","","","","","","","","","","","","","","","","","","","","","","","",47,1,"","","","","","","","","","","","",9.5,1,1029.,1,"","","","","","",6,1,6,1,2,1,0,1,0,1,"","","","","","","","","","","","","","","","","","","","","","","","",12000,1,"","",3,1,2,1,"","","","","","","","","","","","","","","","","","","","","","","","","","","","","","","","","","","","","","","","","","","","","","","","","","","","","","","","","","","","","","","","","",""
"59343001","LILLE-LESQUIN",50.57,3.0975,47,1959061115,"","","","",5.,1,"","","","","","","","","","","","","","","","","","","","","","","","","","","","","","",17.,1,5.,1,"","","","","","","","","","","","","","","","","","","","","","","","","","",45,1,"","","","","","","","","","","","",8.8,1,1029.3,1,"","","","","","",7,1,6,1,2,1,5,1,"","","","","","","","","","","","","","","","","","","","","","","","","","",13000,1,"","",3,1,2,1,"","","","","","","","","","","","","","","","","","","","","","","","","","","","","","","","","","","","","","","","","","","","","","","","","","","","","","","","","","","","","","","","","",""
"59343001","LILLE-LESQUIN",50.57,3.0975,47,1959061118,"","","","",5.,1,"","","","","","","","","","","","","","","","","","","","","","","","","","","","","","",15.8,1,3.8,1,"","","","","","","","","","","","","","","","","","","","","","","","","","",44,1,"","","","","","","","","","","","",8.1,1,1030.,1,"","","","","","",3,1,0,1,8,1,4,1,0,1,"","","","","","","","","","","","","","","","","","","","","","","","",20000,1,"","",1,1,1,1,"","","","","","","","","","","","","","","","","","","","","","","","","","","","","","","","","","","","","","","","","","","","","","","","","","","","","","","","","","","","","","","","","",""
"59343001","LILLE-LESQUIN",50.57,3.0975,47,1959061121,"","","","",4.,1,"","","","","","","","","","","","","","","","","","","","","","","","","","","","","","",10.7,1,5.6,1,"","","","","","","","","","","","","","","","","","","","","","","","","","",70,1,"","","","","","","","","","","","",9.2,1,1031.,1,"","","","","","",0,1,"","",0,1,0,1,0,1,"","","","","","","","","","","","","","","","","","","","","","","","",10000,1,"","",2,1,0,1,"","","","","","","","","","","","","","","","","","","","","","","","","","","","","","","","","","","","","","","","","","","","","","","","","","","","","","","","","","","","","","","","","",""
"59343001","LILLE-LESQUIN",50.57,3.0975,47,1959061200,"","","","",3.,1,"","","","","","","","","","","","","","","","","","","","","","","","","","","","","","",7.8,1,5.9,1,"","","","","","","","","","","","","","","","","","","","","","","","","","",89,1,"","","","","","","","","","","","",9.4,1,1031.4,1,"","","","","","",0,1,"","",0,1,0,1,0,1,"","","","","","","","","","","","","","","","","","","","","","","","",8000,1,"","",2,1,0,1,"","","","","","","","","","","","","","","","","","","","","","","","","","","","","","","","","","","","","","","","","","","","","","","","","","","","","","","","","","","","","","","","","",""
"59343001","LILLE-LESQUIN",50.57,3.0975,47,1959061203,"","","","",0.,1,"","","","","","","","","","","","","","","","","","","","","","","","","","","","","","",6.1,1,5.1,1,"","","","","","","","","","","","","","","","","","","","","","","","","","",94,1,"","","","","","","","","","","","",8.9,1,1031.4,1,"","","","","","",0,1,"","",0,1,0,1,0,1,"","","","","","","","","","","","","","","","","","","","","","","","",5000,1,"","",2,1,0,1,"","","","","","","","","","","","","","","","","","","","","","","","","","","","","","","","","","","","","","","","","","","","","","","","","","","","","","","","","","","","","","","","","",""
"59343001","LILLE-LESQUIN",50.57,3.0975,47,1959061206,"","","","",2.,1,"","","","","","","","","","","","","","","","","","","","","","","","","","","","","","",9.4,1,6.4,1,"","","","","","","","","","","","","","","","","","","","","","","","","","",83,1,"","","","","","","","","","","","",9.7,1,1032.2,1,"","","","","","",1,1,0,1,0,1,0,1,1,1,"","","","","","","","","","","","","","","","","","","","","","","","","","","","",10,1,0,1,"","",0,1,"","","","","","","","","","","","","","","","","","","","","","","","","","","","","","","","","","","","","","","","","","","","","","","","","","","","","","","","","","","","","",""
"59343001","LILLE-LESQUIN",50.57,3.0975,47,1959061209,"","","","",5.,1,"","","","","","","","","","","","","","","","","","","","","","","","","","","","","","",14.2,1,3.7,1,"","","","","","","","","","","","","","","","","","","","","","","","","","",49,1,"","","","","","","","","","","","",8.,1,1032.8,1,"","","","","","",4,1,0,1,1,1,0,1,0,1,"","","","","","","","","","","","","","","","","","","","","","","","",20000,1,"","",1,1,1,1,"","","","","","","","","","","","","","","","","","","","","","","","","","","","","","","","","","","","","","","","","","","","","","","","","","","","","","","","","","","","","","","","","",""
"59343001","LILLE-LESQUIN",50.57,3.0975,47,1959061212,"","","","",5.,1,"","","","","","","","","","","","","","","","","","","","","","","","","","","","","","",17.2,1,3.8,1,"","","","","","","","","","","","","","","","","","","","","","","","","","",41,1,"","","","","","","","","","","","",8.1,1,1032.2,1,"","","","","","",4,1,0,1,4,1,0,1,0,1,"","","","","","","","","","","","","","","","","","","","","","","","",25000,1,"","",2,1,1,1,"","","","","","","","","","","","","","","","","","","","","","","","","","","","","","","","","","","","","","","","","","","","","","","","","","","","","","","","","","","","","","","","","",""
"59343001","LILLE-LESQUIN",50.57,3.0975,47,1959061215,"","","","",6.,1,"","","","","","","","","","","","","","","","","","","","","","","","","","","","","","",17.6,1,3.7,1,"","","","","","","","","","","","","","","","","","","","","","","","","","",39,1,"","","","","","","","","","","","",8.,1,1031.6,1,"","","","","","",4,1,0,1,4,1,0,1,0,1,"","","","","","","","","","","","","","","","","","","","","","","","",25000,1,"","",2,1,0,1,"","","","","","","","","","","","","","","","","","","","","","","","","","","","","","","","","","","","","","","","","","","","","","","","","","","","","","","","","","","","","","","","","",""
"59343001","LILLE-LESQUIN",50.57,3.0975,47,1959061218,"","","","",7.,1,"","","","","","","","","","","","","","","","","","","","","","","","","","","","","","",16.1,1,7.3,1,"","","","","","","","","","","","","","","","","","","","","","","","","","",57,1,"","","","","","","","","","","","",10.4,1,1031.9,1,"","","","","","",2,1,0,1,4,1,0,1,0,1,"","","","","","","","","","","","","","","","","","","","","","","","",20000,1,"","",1,1,0,1,"","","","","","","","","","","","","","","","","","","","","","","","","","","","","","","","","","","","","","","","","","","","","","","","","","","","","","","","","","","","","","","","","",""
"59343001","LILLE-LESQUIN",50.57,3.0975,47,1959061221,"","","","",5.,1,"","","","","","","","","","","","","","","","","","","","","","","","","","","","","","",11.8,1,8.,1,"","","","","","","","","","","","","","","","","","","","","","","","","","",78,1,"","","","","","","","","","","","",10.9,1,1032.9,1,"","","","","","",1,1,0,1,0,1,0,1,1,1,"","","","","","","","","","","","","","","","","","","","","","","","",13000,1,"","",1,1,0,1,"","","","","","","","","","","","","","","","","","","","","","","","","","","","","","","","","","","","","","","","","","","","","","","","","","","","","","","","","","","","","","","","","",""
"59343001","LILLE-LESQUIN",50.57,3.0975,47,1959061300,"","","","",6.,1,"","","","","","","","","","","","","","","","","","","","","","","","","","","","","","",10.5,1,8.,1,"","","","","","","","","","","","","","","","","","","","","","","","","","",86,1,"","","","","","","","","","","","",10.9,1,1033.2,1,"","","","","","",0,1,"","",0,1,0,1,0,1,"","","","","","","","","","","","","","","","","","","","","","","","",15000,1,"","",2,1,0,1,"","","","","","","","","","","","","","","","","","","","","","","","","","","","","","","","","","","","","","","","","","","","","","","","","","","","","","","","","","","","","","","","","",""
"59343001","LILLE-LESQUIN",50.57,3.0975,47,1959061303,"","","","",4.,1,"","","","","","","","","","","","","","","","","","","","","","","","","","","","","","",8.4,1,7.3,1,"","","","","","","","","","","","","","","","","","","","","","","","","","",94,1,"","","","","","","","","","","","",10.4,1,1033.2,1,"","","","","","",0,1,"","",0,1,0,1,0,1,"","","","","","","","","","","","","","","","","","","","","","","","",10000,1,"","",2,1,0,1,"","","","","","","","","","","","","","","","","","","","","","","","","","","","","","","","","","","","","","","","","","","","","","","","","","","","","","","","","","","","","","","","","",""
"59343001","LILLE-LESQUIN",50.57,3.0975,47,1959061306,"","","","",4.,1,"","","","","","","","","","","","","","","","","","","","","","","","","","","","","","",10.9,1,8.8,1,"","","","","","","","","","","","","","","","","","","","","","","","","","",89,1,"","","","","","","","","","","","",11.5,1,1034.1,1,"","","","","","",1,1,0,1,0,1,0,1,1,1,"","","","","","","","","","","","","","","","","","","","","","","","",4000,1,"","",10,1,0,1,"","",0,1,"","","","","","","","","","","","","","","","","","","","","","","","","","","","","","","","","","","","","","","","","","","","","","","","","","","","","","","","","","","","","",""
"59343001","LILLE-LESQUIN",50.57,3.0975,47,1959061309,"","","","",5.,1,"","","","","","","","","","","","","","","","","","","","","","","","","","","","","","",17.2,1,8.,1,"","","","","","","","","","","","","","","","","","","","","","","","","","",55,1,"","","","","","","","","","","","",10.9,1,1034.3,1,"","","","","","",0,1,"","",0,1,0,1,0,1,"","","","","","","","","","","","","","","","","","","","","","","","",15000,1,"","",1,1,0,1,"","","","","","","","","","","","","","","","","","","","","","","","","","","","","","","","","","","","","","","","","","","","","","","","","","","","","","","","","","","","","","","","","",""
"59343001","LILLE-LESQUIN",50.57,3.0975,47,1959061312,"","","","",6.,1,"","","","","","","","","","","","","","","","","","","","","","","","","","","","","","",21.3,1,6.6,1,"","","","","","","","","","","","","","","","","","","","","","","","","","",39,1,"","","","","","","","","","","","",9.9,1,1033.3,1,"","","","","","",1,1,0,1,1,1,0,1,0,1,"","","","","","","","","","","","","","","","","","","","","","","","",30000,1,"","",2,1,0,1,"","","","","","","","","","","","","","","","","","","","","","","","","","","","","","","","","","","","","","","","","","","","","","","","","","","","","","","","","","","","","","","","","",""
"59343001","LILLE-LESQUIN",50.57,3.0975,47,1959061315,"","","","",8.,1,"","","","","","","","","","","","","","","","","","","","","","","","","","","","","","",21.,1,4.5,1,"","","","","","","","","","","","","","","","","","","","","","","","","","",34,1,"","","","","","","","","","","","",8.5,1,1033.,1,"","","","","","",1,1,0,1,0,1,0,1,1,1,"","","","","","","","","","","","","","","","","","","","","","","","",30000,1,"","",2,1,0,1,"","","","","","","","","","","","","","","","","","","","","","","","","","","","","","","","","","","","","","","","","","","","","","","","","","","","","","","","","","","","","","","","","",""
"59343001","LILLE-LESQUIN",50.57,3.0975,47,1959061318,"","","","",8.,1,"","","","","","","","","","","","","","","","","","","","","","","","","","","","","","",18.9,1,9.2,1,"","","","","","","","","","","","","","","","","","","","","","","","","","",53,1,"","","","","","","","","","","","",11.8,1,1033.5,1,"","","","","","",0,1,"","",0,1,0,1,0,1,"","","","","","","","","","","","","","","","","","","","","","","","",30000,1,"","",1,1,0,1,"","","","","","","","","","","","","","","","","","","","","","","","","","","","","","","","","","","","","","","","","","","","","","","","","","","","","","","","","","","","","","","","","",""
"59343001","LILLE-LESQUIN",50.57,3.0975,47,1959061321,"","","","",6.,1,"","","","","","","","","","","","","","","","","","","","","","","","","","","","","","",13.8,1,10.7,1,"","","","","","","","","","","","","","","","","","","","","","","","","","",83,1,"","","","","","","","","","","","",13.1,1,1034.8,1,"","","","","","",1,1,0,1,0,1,0,1,1,1,"","","","","","","","","","","","","","","","","","","","","","","","",13000,1,"","",2,1,0,1,"","","","","","","","","","","","","","","","","","","","","","","","","","","","","","","","","","","","","","","","","","","","","","","","","","","","","","","","","","","","","","","","","",""
"59343001","LILLE-LESQUIN",50.57,3.0975,47,1959061400,"","","","",6.,1,"","","","","","","","","","","","","","","","","","","","","","","","","","","","","","",12.6,1,10.8,1,"","","","","","","","","","","","","","","","","","","","","","","","","","",91,1,"","","","","","","","","","","","",13.2,1,1035.7,1,"","","","","","",0,1,"","",0,1,0,1,0,1,"","","","","","","","","","","","","","","","","","","","","","","","",12000,1,"","",2,1,0,1,"","","","","","","","","","","","","","","","","","","","","","","","","","","","","","","","","","","","","","","","","","","","","","","","","","","","","","","","","","","","","","","","","",""
"59343001","LILLE-LESQUIN",50.57,3.0975,47,1959061403,"","","","",6.,1,"","","","","","","","","","","","","","","","","","","","","","","","","","","","","","",11.2,1,8.5,1,"","","","","","","","","","","","","","","","","","","","","","","","","","",85,1,"","","","","","","","","","","","",11.3,1,1035.8,1,"","","","","","",4,1,0,1,5,1,0,1,0,1,"","","","","","","","","","","","","","","","","","","","","","","","",12000,1,"","",3,1,0,1,"","","","","","","","","","","","","","","","","","","","","","","","","","","","","","","","","","","","","","","","","","","","","","","","","","","","","","","","","","","","","","","","","",""
"59343001","LILLE-LESQUIN",50.57,3.0975,47,1959061406,"","","","",6.,1,"","","","","","","","","","","","","","","","","","","","","","","","","","","","","","",12.,1,6.9,1,"","","","","","","","","","","","","","","","","","","","","","","","","","",72,1,"","","","","","","","","","","","",10.1,1,1036.6,1,"","","","","","",2,1,0,1,1,1,0,1,1,1,"","","","","","","","","","","","","","","","","","","","","","","","",18000,1,"","",3,1,1,1,"","",0,1,"","","","","","","","","","","","","","","","","","","","","","","","","","","","","","","","","","","","","","","","","","","","","","","","","","","","","","","","","","","","","",""
"59343001","LILLE-LESQUIN",50.57,3.0975,47,1959061409,"","","","",8.,1,"","","","","","","","","","","","","","","","","","","","","","","","","","","","","","",15.9,1,5.6,1,"","","","","","","","","","","","","","","","","","","","","","","","","","",50,1,"","","","","","","","","","","","",9.2,1,1035.7,1,"","","","","","",1,1,0,1,1,1,0,1,1,1,"","","","","","","","","","","","","","","","","","","","","","","","",20000,1,"","",2,1,0,1,"","","","","","","","","","","","","","","","","","","","","","","","","","","","","","","","","","","","","","","","","","","","","","","","","","","","","","","","","","","","","","","","","",""
"59343001","LILLE-LESQUIN",50.57,3.0975,47,1959061412,"","","","",7.,1,"","","","","","","","","","","","","","","","","","","","","","","","","","","","","","",18.8,1,5.6,1,"","","","","","","","","","","","","","","","","","","","","","","","","","",42,1,"","","","","","","","","","","","",9.2,1,1034.7,1,"","","","","","",1,1,0,1,1,1,0,1,1,1,"","","","","","","","","","","","","","","","","","","","","","","","",25000,1,"","",2,1,0,1,"","","","","","","","","","","","","","","","","","","","","","","","","","","","","","","","","","","","","","","","","","","","","","","","","","","","","","","","","","","","","","","","","",""
"59343001","LILLE-LESQUIN",50.57,3.0975,47,1959061415,"","","","",6.,1,"","","","","","","","","","","","","","","","","","","","","","","","","","","","","","",19.7,1,8.,1,"","","","","","","","","","","","","","","","","","","","","","","","","","",47,1,"","","","","","","","","","","","",10.9,1,1033.5,1,"","","","","","",6,1,6,1,1,1,0,1,4,1,"","","","","","","","","","","","","","","","","","","","","","","","",25000,1,"","",3,1,1,1,"","","","","","","","","","","","","","","","","","","","","","","","","","","","","","","","","","","","","","","","","","","","","","","","","","","","","","","","","","","","","","","","","",""
"59343001","LILLE-LESQUIN",50.57,3.0975,47,1959061418,"","","","",6.,1,"","","","","","","","","","","","","","","","","","","","","","","","","","","","","","",16.9,1,9.9,1,"","","","","","","","","","","","","","","","","","","","","","","","","","",63,1,"","","","","","","","","","","","",12.4,1,1032.7,1,"","","","","","",7,1,7,1,0,1,0,1,2,1,"","","","","","","","","","","","","","","","","","","","","","","","",25000,1,"","",1,1,1,1,"","","","","","","","","","","","","","","","","","","","","","","","","","","","","","","","","","","","","","","","","","","","","","","","","","","","","","","","","","","","","","","","","",""
"59343001","LILLE-LESQUIN",50.57,3.0975,47,1959061421,"","","","",5.,1,"","","","","","","","","","","","","","","","","","","","","","","","","","","","","","",12.3,1,10.1,1,"","","","","","","","","","","","","","","","","","","","","","","","","","",88,1,"","","","","","","","","","","","",12.6,1,1032.3,1,"","","","","","",2,1,0,1,0,1,0,1,2,1,"","","","","","","","","","","","","","","","","","","","","","","","",15000,1,"","",1,1,1,1,"","","","","","","","","","","","","","","","","","","","","","","","","","","","","","","","","","","","","","","","","","","","","","","","","","","","","","","","","","","","","","","","","",""
"59343001","LILLE-LESQUIN",50.57,3.0975,47,1959061500,"","","","",0.,1,"","","","","","","","","","","","","","","","","","","","","","","","","","","","","","",10.,1,8.9,1,"","","","","","","","","","","","","","","","","","","","","","","","","","",95,1,"","","","","","","","","","","","",11.6,1,1031.4,1,"","","","","","",0,1,"","",0,1,0,1,0,1,"","","","","","","","","","","","","","","","","","","","","","","","",9000,1,"","",1,1,1,1,"","","","","","","","","","","","","","","","","","","","","","","","","","","","","","","","","","","","","","","","","","","","","","","","","","","","","","","","","","","","","","","","","",""
"59343001","LILLE-LESQUIN",50.57,3.0975,47,1959061503,"","","","",0.,1,"","","","","","","","","","","","","","","","","","","","","","","","","","","","","","",10.5,1,9.9,1,"","","","","","","","","","","","","","","","","","","","","","","","","","",97,1,"","","","","","","","","","","","",12.4,1,1029.6,1,"","","","","","",9,1,"","","","","","","","","","","","","","","","","","","","","","","","","","","","","","","","",600,1,"","",47,1,0,1,"","","","","","","","","","","","","","","","","","","","","","","","","","","","","","","","","","","","","","","","","","","","","","","","","","","","","","","","","","","","","","","","","",""
"59343001","LILLE-LESQUIN",50.57,3.0975,47,1959061506,"","","","",1.,1,"","","","","","","","","","","","","","","","","","","","","","","","","","","","","","",10.7,1,10.7,1,"","","","","","","","","","","","","","","","","","","","","","","","","","",99,1,"","","","","","","","","","","","",12.7,1,1028.4,1,"","","","","","",8,1,8,1,6,1,"","","","","","","","","","","","","","","","","","","","","","","","","","","","",800,1,"","",42,1,4,1,"","",0,1,"","","","","","","","","","","","","","","","","","","","","","","","","","","","","","","","","","","","","","","","","","","","","","","","","","","","","","","","","","","","","",""
"59343001","LILLE-LESQUIN",50.57,3.0975,47,1959061509,"","","","",2.,1,"","","","","","","","","","","","","","","","","","","","","","","","","","","","","","",16.2,1,10.3,1,"","","","","","","","","","","","","","","","","","","","","","","","","","",70,1,"","","","","","","","","","","","",12.8,1,1027.4,1,"","","","","","",1,1,0,1,0,1,0,1,1,1,"","","","","","","","","","","","","","","","","","","","","","","","",10000,1,"","",2,1,4,1,"","","","","","","","","","","","","","","","","","","","","","","","","","","","","","","","","","","","","","","","","","","","","","","","","","","","","","","","","","","","","","","","","",""
"59343001","LILLE-LESQUIN",50.57,3.0975,47,1959061512,"","","","",6.,1,"","","","","","","","","","","","","","","","","","","","","","","","","","","","","","",22.2,1,6.4,1,"","","","","","","","","","","","","","","","","","","","","","","","","","",36,1,"","","","","","","","","","","","",9.7,1,1025.7,1,"","","","","","",4,1,0,1,0,1,0,1,4,1,"","","","","","","","","","","","","","","","","","","","","","","","",25000,1,"","",3,1,4,1,"","","","","","","","","","","","","","","","","","","","","","","","","","","","","","","","","","","","","","","","","","","","","","","","","","","","","","","","","","","","","","","","","",""
"59343001","LILLE-LESQUIN",50.57,3.0975,47,1959061515,"","","","",9.,1,"","","","","","","","","","","","","","","","","","","","","","","","","","","","","","",16.1,1,10.,1,"","","","","","","","","","","","","","","","","","","","","","","","","","",69,1,"","","","","","","","","","","","",12.5,1,1025.6,1,"","","","","","",8,1,8,1,5,1,"","","","","","","","","","","","","","","","","","","","","","","","","","","","",13000,1,"","",3,1,2,1,"","","","","","","","","","","","","","","","","","","","","","","","","","","","","","","","","","","","","","","","","","","","","","","","","","","","","","","","","","","","","","","","","",""
"59343001","LILLE-LESQUIN",50.57,3.0975,47,1959061518,"","","","",7.,1,"","","","","","","","","","","","","","","","","","","","","","","","","","","","","","",14.1,1,7.5,1,"","","","","","","","","","","","","","","","","","","","","","","","","","",65,1,"","","","","","","","","","","","",10.5,1,1025.6,1,"","","","","","",7,1,6,1,5,1,4,1,2,1,"","","","","","","","","","","","","","","","","","","","","","","","",25000,1,"","",2,1,2,1,"","","","","","","","","","","","","","","","","","","","","","","","","","","","","","","","","","","","","","","","","","","","","","","","","","","","","","","","","","","","","","","","","",""
"59343001","LILLE-LESQUIN",50.57,3.0975,47,1959061521,"","","","",5.,1,"","","","","","","","","","","","","","","","","","","","","","","","","","","","","","",11.8,1,5.,1,"","","","","","","","","","","","","","","","","","","","","","","","","","",64,1,"","","","","","","","","","","","",8.8,1,1025.7,1,"","","","","","",7,1,5,1,5,1,0,1,2,1,"","","","","","","","","","","","","","","","","","","","","","","","",20000,1,"","",3,1,2,1,"","","","","","","","","","","","","","","","","","","","","","","","","","","","","","","","","","","","","","","","","","","","","","","","","","","","","","","","","","","","","","","","","",""
"59343001","LILLE-LESQUIN",50.57,3.0975,47,1959061600,"","","","",3.,1,"","","","","","","","","","","","","","","","","","","","","","","","","","","","","","",8.9,1,5.3,1,"","","","","","","","","","","","","","","","","","","","","","","","","","",78,1,"","","","","","","","","","","","",9.,1,1025.6,1,"","","","","","",5,1,5,1,5,1,3,1,2,1,"","","","","","","","","","","","","","","","","","","","","","","","",15000,1,"","",1,1,2,1,"","","","","","","","","","","","","","","","","","","","","","","","","","","","","","","","","","","","","","","","","","","","","","","","","","","","","","","","","","","","","","","","","",""
"59343001","LILLE-LESQUIN",50.57,3.0975,47,1959061603,"","","","",1.,1,"","","","","","","","","","","","","","","","","","","","","","","","","","","","","","",5.8,1,4.2,1,"","","","","","","","","","","","","","","","","","","","","","","","","","",89,1,"","","","","","","","","","","","",8.3,1,1024.2,1,"","","","","","",5,1,5,1,0,1,0,1,2,1,"","","","","","","","","","","","","","","","","","","","","","","","",10000,1,"","",3,1,1,1,"","","","","","","","","","","","","","","","","","","","","","","","","","","","","","","","","","","","","","","","","","","","","","","","","","","","","","","","","","","","","","","","","",""
"59343001","LILLE-LESQUIN",50.57,3.0975,47,1959061606,"","","","",1.,1,"","","","","","","","","","","","","","","","","","","","","","","","","","","","","","",9.3,1,6.8,1,"","","","","","","","","","","","","","","","","","","","","","","","","","",85,1,"","","","","","","","","","","","",10.,1,1024.3,1,"","","","","","",7,1,6,1,5,1,0,1,2,1,"","","","","","","","","","","","","","","","","","","","","","","","",6000,1,"","",3,1,2,1,"","",0,1,"","","","","","","","","","","","","","","","","","","","","","","","","","","","","","","","","","","","","","","","","","","","","","","","","","","","","","","","","","","","","",""
"59343001","LILLE-LESQUIN",50.57,3.0975,47,1959061609,"","","","",2.,1,"","","","","","","","","","","","","","","","","","","","","","","","","","","","","","",14.2,1,5.5,1,"","","","","","","","","","","","","","","","","","","","","","","","","","",56,1,"","","","","","","","","","","","",9.1,1,1023.3,1,"","","","","","",5,1,0,1,8,1,0,1,0,1,"","","","","","","","","","","","","","","","","","","","","","","","",10000,1,"","",2,1,2,1,"","","","","","","","","","","","","","","","","","","","","","","","","","","","","","","","","","","","","","","","","","","","","","","","","","","","","","","","","","","","","","","","","",""
"59343001","LILLE-LESQUIN",50.57,3.0975,47,1959061612,"","","","",4.,1,"","","","","","","","","","","","","","","","","","","","","","","","","","","","","","",17.3,1,4.,1,"","","","","","","","","","","","","","","","","","","","","","","","","","",41,1,"","","","","","","","","","","","",8.2,1,1022.,1,"","","","","","",2,1,0,1,1,1,0,1,1,1,"","","","","","","","","","","","","","","","","","","","","","","","",30000,1,"","",2,1,1,1,"","","","","","","","","","","","","","","","","","","","","","","","","","","","","","","","","","","","","","","","","","","","","","","","","","","","","","","","","","","","","","","","","",""
"59343001","LILLE-LESQUIN",50.57,3.0975,47,1959061615,"","","","",3.,1,"","","","","","","","","","","","","","","","","","","","","","","","","","","","","","",19.7,1,5.6,1,"","","","","","","","","","","","","","","","","","","","","","","","","","",40,1,"","","","","","","","","","","","",9.2,1,1020.6,1,"","","","","","",2,1,0,1,1,1,0,1,1,1,"","","","","","","","","","","","","","","","","","","","","","","","",30000,1,"","",2,1,0,1,"","","","","","","","","","","","","","","","","","","","","","","","","","","","","","","","","","","","","","","","","","","","","","","","","","","","","","","","","","","","","","","","","",""
"59343001","LILLE-LESQUIN",50.57,3.0975,47,1959061618,"","","","",3.,1,"","","","","","","","","","","","","","","","","","","","","","","","","","","","","","",19.1,1,5.1,1,"","","","","","","","","","","","","","","","","","","","","","","","","","",40,1,"","","","","","","","","","","","",8.9,1,1019.7,1,"","","","","","",2,1,0,1,0,1,0,1,1,1,"","","","","","","","","","","","","","","","","","","","","","","","",30000,1,"","",2,1,0,1,"","","","","","","","","","","","","","","","","","","","","","","","","","","","","","","","","","","","","","","","","","","","","","","","","","","","","","","","","","","","","","","","","",""
"59343001","LILLE-LESQUIN",50.57,3.0975,47,1959061621,"","","","",0.,1,"","","","","","","","","","","","","","","","","","","","","","","","","","","","","","",15.,1,8.5,1,"","","","","","","","","","","","","","","","","","","","","","","","","","",67,1,"","","","","","","","","","","","",11.3,1,1019.6,1,"","","","","","",2,1,0,1,0,1,0,1,1,1,"","","","","","","","","","","","","","","","","","","","","","","","",13000,1,"","",1,1,0,1,"","","","","","","","","","","","","","","","","","","","","","","","","","","","","","","","","","","","","","","","","","","","","","","","","","","","","","","","","","","","","","","","","",""
"59343001","LILLE-LESQUIN",50.57,3.0975,47,1959061700,"","","","",2.,1,"","","","","","","","","","","","","","","","","","","","","","","","","","","","","","",10.,1,7.3,1,"","","","","","","","","","","","","","","","","","","","","","","","","","",85,1,"","","","","","","","","","","","",10.4,1,1019.3,1,"","","","","","",3,1,0,1,0,1,0,1,2,1,"","","","","","","","","","","","","","","","","","","","","","","","",10000,1,"","",2,1,0,1,"","","","","","","","","","","","","","","","","","","","","","","","","","","","","","","","","","","","","","","","","","","","","","","","","","","","","","","","","","","","","","","","","",""
"59343001","LILLE-LESQUIN",50.57,3.0975,47,1959061703,"","","","",0.,1,"","","","","","","","","","","","","","","","","","","","","","","","","","","","","","",9.,1,6.9,1,"","","","","","","","","","","","","","","","","","","","","","","","","","",88,1,"","","","","","","","","","","","",10.1,1,1018.7,1,"","","","","","",2,1,0,1,0,1,0,1,1,1,"","","","","","","","","","","","","","","","","","","","","","","","",6000,1,"","",2,1,0,1,"","","","","","","","","","","","","","","","","","","","","","","","","","","","","","","","","","","","","","","","","","","","","","","","","","","","","","","","","","","","","","","","","",""
"59343001","LILLE-LESQUIN",50.57,3.0975,47,1959061706,"","","","",2.,1,"","","","","","","","","","","","","","","","","","","","","","","","","","","","","","",11.9,1,9.3,1,"","","","","","","","","","","","","","","","","","","","","","","","","","",86,1,"","","","","","","","","","","","",11.9,1,1018.5,1,"","","","","","",1,1,0,1,0,1,0,1,1,1,"","","","","","","","","","","","","","","","","","","","","","","","",3000,1,"","",10,1,0,1,"","",0,1,"","","","","","","","","","","","","","","","","","","","","","","","","","","","","","","","","","","","","","","","","","","","","","","","","","","","","","","","","","","","","",""
"59343001","LILLE-LESQUIN",50.57,3.0975,47,1959061709,"","","","",3.,1,"","","","","","","","","","","","","","","","","","","","","","","","","","","","","","",20.4,1,9.8,1,"","","","","","","","","","","","","","","","","","","","","","","","","","",51,1,"","","","","","","","","","","","",12.3,1,1018.2,1,"","","","","","",0,1,"","",0,1,0,1,0,1,"","","","","","","","","","","","","","","","","","","","","","","","",8000,1,"","",1,1,0,1,"","","","","","","","","","","","","","","","","","","","","","","","","","","","","","","","","","","","","","","","","","","","","","","","","","","","","","","","","","","","","","","","","",""
"59343001","LILLE-LESQUIN",50.57,3.0975,47,1959061712,"","","","",5.,1,"","","","","","","","","","","","","","","","","","","","","","","","","","","","","","",24.7,1,8.9,1,"","","","","","","","","","","","","","","","","","","","","","","","","","",37,1,"","","","","","","","","","","","",11.6,1,1017.7,1,"","","","","","",1,1,0,1,1,1,0,1,0,1,"","","","","","","","","","","","","","","","","","","","","","","","",15000,1,"","",1,1,0,1,"","","","","","","","","","","","","","","","","","","","","","","","","","","","","","","","","","","","","","","","","","","","","","","","","","","","","","","","","","","","","","","","","",""
"59343001","LILLE-LESQUIN",50.57,3.0975,47,1959061715,"","","","",5.,1,"","","","","","","","","","","","","","","","","","","","","","","","","","","","","","",25.3,1,8.8,1,"","","","","","","","","","","","","","","","","","","","","","","","","","",35,1,"","","","","","","","","","","","",11.5,1,1016.6,1,"","","","","","",2,1,0,1,0,1,0,1,1,1,"","","","","","","","","","","","","","","","","","","","","","","","",15000,1,"","",2,1,0,1,"","","","","","","","","","","","","","","","","","","","","","","","","","","","","","","","","","","","","","","","","","","","","","","","","","","","","","","","","","","","","","","","","",""
"59343001","LILLE-LESQUIN",50.57,3.0975,47,1959061718,"","","","",5.,1,"","","","","","","","","","","","","","","","","","","","","","","","","","","","","","",23.9,1,10.6,1,"","","","","","","","","","","","","","","","","","","","","","","","","","",44,1,"","","","","","","","","","","","",13.,1,1016.,1,"","","","","","",2,1,0,1,0,1,0,1,1,1,"","","","","","","","","","","","","","","","","","","","","","","","",15000,1,"","",2,1,0,1,"","","","","","","","","","","","","","","","","","","","","","","","","","","","","","","","","","","","","","","","","","","","","","","","","","","","","","","","","","","","","","","","","",""
"59343001","LILLE-LESQUIN",50.57,3.0975,47,1959061721,"","","","",4.,1,"","","","","","","","","","","","","","","","","","","","","","","","","","","","","","",15.4,1,8.1,1,"","","","","","","","","","","","","","","","","","","","","","","","","","",63,1,"","","","","","","","","","","","",11.,1,1016.7,1,"","","","","","",1,1,0,1,0,1,0,1,1,1,"","","","","","","","","","","","","","","","","","","","","","","","",10000,1,"","",2,1,0,1,"","","","","","","","","","","","","","","","","","","","","","","","","","","","","","","","","","","","","","","","","","","","","","","","","","","","","","","","","","","","","","","","","",""
"59343001","LILLE-LESQUIN",50.57,3.0975,47,1959061800,"","","","",3.,1,"","","","","","","","","","","","","","","","","","","","","","","","","","","","","","",11.5,1,6.8,1,"","","","","","","","","","","","","","","","","","","","","","","","","","",73,1,"","","","","","","","","","","","",10.,1,1016.5,1,"","","","","","",0,1,"","",0,1,0,1,0,1,"","","","","","","","","","","","","","","","","","","","","","","","",10000,1,"","",2,1,0,1,"","","","","","","","","","","","","","","","","","","","","","","","","","","","","","","","","","","","","","","","","","","","","","","","","","","","","","","","","","","","","","","","","",""
"59343001","LILLE-LESQUIN",50.57,3.0975,47,1959061803,"","","","",1.,1,"","","","","","","","","","","","","","","","","","","","","","","","","","","","","","",9.7,1,6.1,1,"","","","","","","","","","","","","","","","","","","","","","","","","","",79,1,"","","","","","","","","","","","",9.5,1,1016.1,1,"","","","","","",0,1,"","",0,1,0,1,0,1,"","","","","","","","","","","","","","","","","","","","","","","","",8000,1,"","",2,1,0,1,"","","","","","","","","","","","","","","","","","","","","","","","","","","","","","","","","","","","","","","","","","","","","","","","","","","","","","","","","","","","","","","","","",""
"59343001","LILLE-LESQUIN",50.57,3.0975,47,1959061806,"","","","",1.,1,"","","","","","","","","","","","","","","","","","","","","","","","","","","","","","",13.,1,10.6,1,"","","","","","","","","","","","","","","","","","","","","","","","","","",87,1,"","","","","","","","","","","","",13.,1,1016.7,1,"","","","","","",1,1,0,1,0,1,4,1,0,1,"","","","","","","","","","","","","","","","","","","","","","","","",5000,1,"","",3,1,0,1,"","",0,1,"","","","","","","","","","","","","","","","","","","","","","","","","","","","","","","","","","","","","","","","","","","","","","","","","","","","","","","","","","","","","",""
"59343001","LILLE-LESQUIN",50.57,3.0975,47,1959061809,"","","","",3.,1,"","","","","","","","","","","","","","","","","","","","","","","","","","","","","","",19.9,1,12.2,1,"","","","","","","","","","","","","","","","","","","","","","","","","","",63,1,"","","","","","","","","","","","",14.5,1,1017.1,1,"","","","","","",1,1,0,1,0,1,0,1,4,1,"","","","","","","","","","","","","","","","","","","","","","","","",8000,1,"","",3,1,0,1,"","","","","","","","","","","","","","","","","","","","","","","","","","","","","","","","","","","","","","","","","","","","","","","","","","","","","","","","","","","","","","","","","",""
"59343001","LILLE-LESQUIN",50.57,3.0975,47,1959061812,"","","","",4.,1,"","","","","","","","","","","","","","","","","","","","","","","","","","","","","","",23.6,1,12.6,1,"","","","","","","","","","","","","","","","","","","","","","","","","","",51,1,"","","","","","","","","","","","",14.9,1,1017.6,1,"","","","","","",4,1,0,1,1,1,0,1,4,1,"","","","","","","","","","","","","","","","","","","","","","","","",10000,1,"","",3,1,0,1,"","","","","","","","","","","","","","","","","","","","","","","","","","","","","","","","","","","","","","","","","","","","","","","","","","","","","","","","","","","","","","","","","",""
"59343001","LILLE-LESQUIN",50.57,3.0975,47,1959061815,"","","","",5.,1,"","","","","","","","","","","","","","","","","","","","","","","","","","","","","","",23.7,1,11.4,1,"","","","","","","","","","","","","","","","","","","","","","","","","","",47,1,"","","","","","","","","","","","",13.8,1,1017.8,1,"","","","","","",3,1,0,1,2,1,0,1,0,1,"","","","","","","","","","","","","","","","","","","","","","","","",10000,1,"","",1,1,1,1,"","","","","","","","","","","","","","","","","","","","","","","","","","","","","","","","","","","","","","","","","","","","","","","","","","","","","","","","","","","","","","","","","",""
"59343001","LILLE-LESQUIN",50.57,3.0975,47,1959061818,"","","","",6.,1,"","","","","","","","","","","","","","","","","","","","","","","","","","","","","","",19.7,1,8.8,1,"","","","","","","","","","","","","","","","","","","","","","","","","","",50,1,"","","","","","","","","","","","",11.5,1,1019.4,1,"","","","","","",1,1,0,1,0,1,0,1,1,1,"","","","","","","","","","","","","","","","","","","","","","","","",12000,1,"","",3,1,0,1,"","","","","","","","","","","","","","","","","","","","","","","","","","","","","","","","","","","","","","","","","","","","","","","","","","","","","","","","","","","","","","","","","",""
"59343001","LILLE-LESQUIN",50.57,3.0975,47,1959061821,"","","","",3.,1,"","","","","","","","","","","","","","","","","","","","","","","","","","","","","","",13.8,1,9.4,1,"","","","","","","","","","","","","","","","","","","","","","","","","","",76,1,"","","","","","","","","","","","",12.,1,1021.2,1,"","","","","","",1,1,0,1,0,1,0,1,1,1,"","","","","","","","","","","","","","","","","","","","","","","","",10000,1,"","",2,1,0,1,"","","","","","","","","","","","","","","","","","","","","","","","","","","","","","","","","","","","","","","","","","","","","","","","","","","","","","","","","","","","","","","","","",""
"59343001","LILLE-LESQUIN",50.57,3.0975,47,1959061900,"","","","",4.,1,"","","","","","","","","","","","","","","","","","","","","","","","","","","","","","",11.2,1,8.5,1,"","","","","","","","","","","","","","","","","","","","","","","","","","",85,1,"","","","","","","","","","","","",11.3,1,1022.1,1,"","","","","","",0,1,"","",0,1,0,1,0,1,"","","","","","","","","","","","","","","","","","","","","","","","",10000,1,"","",1,1,0,1,"","","","","","","","","","","","","","","","","","","","","","","","","","","","","","","","","","","","","","","","","","","","","","","","","","","","","","","","","","","","","","","","","",""
"59343001","LILLE-LESQUIN",50.57,3.0975,47,1959061903,"","","","",2.,1,"","","","","","","","","","","","","","","","","","","","","","","","","","","","","","",8.7,1,6.9,1,"","","","","","","","","","","","","","","","","","","","","","","","","","",89,1,"","","","","","","","","","","","",10.1,1,1022.4,1,"","","","","","",0,1,"","",0,1,0,1,0,1,"","","","","","","","","","","","","","","","","","","","","","","","",7000,1,"","",2,1,0,1,"","","","","","","","","","","","","","","","","","","","","","","","","","","","","","","","","","","","","","","","","","","","","","","","","","","","","","","","","","","","","","","","","",""
"59343001","LILLE-LESQUIN",50.57,3.0975,47,1959061906,"","","","",3.,1,"","","","","","","","","","","","","","","","","","","","","","","","","","","","","","",11.,1,7.9,1,"","","","","","","","","","","","","","","","","","","","","","","","","","",83,1,"","","","","","","","","","","","",10.8,1,1023.,1,"","","","","","",0,1,"","",0,1,0,1,0,1,"","","","","","","","","","","","","","","","","","","","","","","","",7000,1,"","",2,1,0,1,"","",0,1,"","","","","","","","","","","","","","","","","","","","","","","","","","","","","","","","","","","","","","","","","","","","","","","","","","","","","","","","","","","","","",""
"59343001","LILLE-LESQUIN",50.57,3.0975,47,1959061909,"","","","",3.,1,"","","","","","","","","","","","","","","","","","","","","","","","","","","","","","",17.8,1,3.3,1,"","","","","","","","","","","","","","","","","","","","","","","","","","",38,1,"","","","","","","","","","","","",7.8,1,1023.1,1,"","","","","","",0,1,"","",0,1,0,1,0,1,"","","","","","","","","","","","","","","","","","","","","","","","",15000,1,"","",2,1,0,1,"","","","","","","","","","","","","","","","","","","","","","","","","","","","","","","","","","","","","","","","","","","","","","","","","","","","","","","","","","","","","","","","","",""
"59343001","LILLE-LESQUIN",50.57,3.0975,47,1959061912,"","","","",4.,1,"","","","","","","","","","","","","","","","","","","","","","","","","","","","","","",20.8,1,3.7,1,"","","","","","","","","","","","","","","","","","","","","","","","","","",32,1,"","","","","","","","","","","","",8.,1,1022.6,1,"","","","","","",3,1,0,1,0,1,0,1,1,1,"","","","","","","","","","","","","","","","","","","","","","","","",20000,1,"","",3,1,0,1,"","","","","","","","","","","","","","","","","","","","","","","","","","","","","","","","","","","","","","","","","","","","","","","","","","","","","","","","","","","","","","","","","",""
"59343001","LILLE-LESQUIN",50.57,3.0975,47,1959061915,"","","","",4.,1,"","","","","","","","","","","","","","","","","","","","","","","","","","","","","","",22.,1,4.3,1,"","","","","","","","","","","","","","","","","","","","","","","","","","",32,1,"","","","","","","","","","","","",8.4,1,1021.8,1,"","","","","","",3,1,0,1,0,1,0,1,1,1,"","","","","","","","","","","","","","","","","","","","","","","","",15000,1,"","",1,1,1,1,"","","","","","","","","","","","","","","","","","","","","","","","","","","","","","","","","","","","","","","","","","","","","","","","","","","","","","","","","","","","","","","","","",""
"59343001","LILLE-LESQUIN",50.57,3.0975,47,1959061918,"","","","",6.,1,"","","","","","","","","","","","","","","","","","","","","","","","","","","","","","",19.7,1,1.,1,"","","","","","","","","","","","","","","","","","","","","","","","","","",28,1,"","","","","","","","","","","","",6.6,1,1022.1,1,"","","","","","",2,1,0,1,0,1,0,1,1,1,"","","","","","","","","","","","","","","","","","","","","","","","",20000,1,"","",2,1,1,1,"","","","","","","","","","","","","","","","","","","","","","","","","","","","","","","","","","","","","","","","","","","","","","","","","","","","","","","","","","","","","","","","","",""
"59343001","LILLE-LESQUIN",50.57,3.0975,47,1959061921,"","","","",7.,1,"","","","","","","","","","","","","","","","","","","","","","","","","","","","","","",14.6,1,6.4,1,"","","","","","","","","","","","","","","","","","","","","","","","","","",59,1,"","","","","","","","","","","","",9.7,1,1022.8,1,"","","","","","",1,1,0,1,0,1,0,1,1,1,"","","","","","","","","","","","","","","","","","","","","","","","",10000,1,"","",2,1,0,1,"","","","","","","","","","","","","","","","","","","","","","","","","","","","","","","","","","","","","","","","","","","","","","","","","","","","","","","","","","","","","","","","","",""
"59343001","LILLE-LESQUIN",50.57,3.0975,47,1959062000,"","","","",5.,1,"","","","","","","","","","","","","","","","","","","","","","","","","","","","","","",11.1,1,6.1,1,"","","","","","","","","","","","","","","","","","","","","","","","","","",72,1,"","","","","","","","","","","","",9.5,1,1023.9,1,"","","","","","",3,1,0,1,0,1,0,1,2,1,"","","","","","","","","","","","","","","","","","","","","","","","",15000,1,"","",3,1,0,1,"","","","","","","","","","","","","","","","","","","","","","","","","","","","","","","","","","","","","","","","","","","","","","","","","","","","","","","","","","","","","","","","","",""
"59343001","LILLE-LESQUIN",50.57,3.0975,47,1959062003,"","","","",5.,1,"","","","","","","","","","","","","","","","","","","","","","","","","","","","","","",9.2,1,6.9,1,"","","","","","","","","","","","","","","","","","","","","","","","","","",87,1,"","","","","","","","","","","","",10.1,1,1023.8,1,"","","","","","",2,1,0,1,0,1,0,1,1,1,"","","","","","","","","","","","","","","","","","","","","","","","",10000,1,"","",1,1,0,1,"","","","","","","","","","","","","","","","","","","","","","","","","","","","","","","","","","","","","","","","","","","","","","","","","","","","","","","","","","","","","","","","","",""
"59343001","LILLE-LESQUIN",50.57,3.0975,47,1959062006,"","","","",6.,1,"","","","","","","","","","","","","","","","","","","","","","","","","","","","","","",10.5,1,5.8,1,"","","","","","","","","","","","","","","","","","","","","","","","","","",73,1,"","","","","","","","","","","","",9.3,1,1023.8,1,"","","","","","",5,1,5,1,0,1,0,1,2,1,"","","","","","","","","","","","","","","","","","","","","","","","",13000,1,"","",2,1,1,1,"","",0,1,"","","","","","","","","","","","","","","","","","","","","","","","","","","","","","","","","","","","","","","","","","","","","","","","","","","","","","","","","","","","","",""
"59343001","LILLE-LESQUIN",50.57,3.0975,47,1959062009,"","","","",7.,1,"","","","","","","","","","","","","","","","","","","","","","","","","","","","","","",16.4,1,5.1,1,"","","","","","","","","","","","","","","","","","","","","","","","","","",47,1,"","","","","","","","","","","","",8.9,1,1023.4,1,"","","","","","",4,1,0,1,0,1,0,1,2,1,"","","","","","","","","","","","","","","","","","","","","","","","",15000,1,"","",2,1,2,1,"","","","","","","","","","","","","","","","","","","","","","","","","","","","","","","","","","","","","","","","","","","","","","","","","","","","","","","","","","","","","","","","","",""
"59343001","LILLE-LESQUIN",50.57,3.0975,47,1959062012,"","","","",8.,1,"","","","","","","","","","","","","","","","","","","","","","","","","","","","","","",21.,1,5.1,1,"","","","","","","","","","","","","","","","","","","","","","","","","","",35,1,"","","","","","","","","","","","",8.9,1,1022.9,1,"","","","","","",4,1,0,1,0,1,0,1,2,1,"","","","","","","","","","","","","","","","","","","","","","","","",20000,1,"","",2,1,2,1,"","","","","","","","","","","","","","","","","","","","","","","","","","","","","","","","","","","","","","","","","","","","","","","","","","","","","","","","","","","","","","","","","",""
"59343001","LILLE-LESQUIN",50.57,3.0975,47,1959062015,"","","","",8.,1,"","","","","","","","","","","","","","","","","","","","","","","","","","","","","","",23.,1,4.5,1,"","","","","","","","","","","","","","","","","","","","","","","","","","",30,1,"","","","","","","","","","","","",8.5,1,1021.4,1,"","","","","","",1,1,0,1,0,1,0,1,1,1,"","","","","","","","","","","","","","","","","","","","","","","","",20000,1,"","",1,1,0,1,"","","","","","","","","","","","","","","","","","","","","","","","","","","","","","","","","","","","","","","","","","","","","","","","","","","","","","","","","","","","","","","","","",""
"59343001","LILLE-LESQUIN",50.57,3.0975,47,1959062018,"","","","",6.,1,"","","","","","","","","","","","","","","","","","","","","","","","","","","","","","",22.,1,4.3,1,"","","","","","","","","","","","","","","","","","","","","","","","","","",32,1,"","","","","","","","","","","","",8.4,1,1021.,1,"","","","","","",3,1,0,1,0,1,8,1,1,1,"","","","","","","","","","","","","","","","","","","","","","","","",20000,1,"","",3,1,0,1,"","","","","","","","","","","","","","","","","","","","","","","","","","","","","","","","","","","","","","","","","","","","","","","","","","","","","","","","","","","","","","","","","",""
"59343001","LILLE-LESQUIN",50.57,3.0975,47,1959062021,"","","","",6.,1,"","","","","","","","","","","","","","","","","","","","","","","","","","","","","","",18.8,1,4.8,1,"","","","","","","","","","","","","","","","","","","","","","","","","","",40,1,"","","","","","","","","","","","",8.7,1,1021.6,1,"","","","","","",7,1,7,1,0,1,8,1,"","","","","","","","","","","","","","","","","","","","","","","","","","",10000,1,"","",3,1,1,1,"","","","","","","","","","","","","","","","","","","","","","","","","","","","","","","","","","","","","","","","","","","","","","","","","","","","","","","","","","","","","","","","","",""
"59343001","LILLE-LESQUIN",50.57,3.0975,47,1959062100,"","","","",5.,1,"","","","","","","","","","","","","","","","","","","","","","","","","","","","","","",15.8,1,5.5,1,"","","","","","","","","","","","","","","","","","","","","","","","","","",50,1,"","","","","","","","","","","","",9.1,1,1021.,1,"","","","","","",8,1,7,1,0,1,8,1,"","","","","","","","","","","","","","","","","","","","","","","","","","",10000,1,"","",3,1,1,1,"","","","","","","","","","","","","","","","","","","","","","","","","","","","","","","","","","","","","","","","","","","","","","","","","","","","","","","","","","","","","","","","","",""
"59343001","LILLE-LESQUIN",50.57,3.0975,47,1959062103,"","","","",4.,1,"","","","","","","","","","","","","","","","","","","","","","","","","","","","","","",14.9,1,4.8,1,"","","","","","","","","","","","","","","","","","","","","","","","","","",50,1,"","","","","","","","","","","","",8.7,1,1019.7,1,"","","","","","",7,1,6,1,0,1,8,1,"","","","","","","","","","","","","","","","","","","","","","","","","","",10000,1,"","",2,1,2,1,"","","","","","","","","","","","","","","","","","","","","","","","","","","","","","","","","","","","","","","","","","","","","","","","","","","","","","","","","","","","","","","","","",""
"59343001","LILLE-LESQUIN",50.57,3.0975,47,1959062106,"","","","",2.,1,"","","","","","","","","","","","","","","","","","","","","","","","","","","","","","",12.2,1,9.4,1,"","","","","","","","","","","","","","","","","","","","","","","","","","",85,1,"","","","","","","","","","","","",12.,1,1020.1,1,"","","","","","",8,1,5,1,9,1,8,1,"","","","","","","","","","","","","","","","","","","","","","","","","","",6000,1,"","",95,1,9,1,"","",0,1,"","","","","","","","","","","","","","","","","","","","","","","","","","","","","","","","","","","","","","","","","","","","","","","","","","","","","","","","","","","","","",""
"59343001","LILLE-LESQUIN",50.57,3.0975,47,1959062109,"","","","",6.,1,"","","","","","","","","","","","","","","","","","","","","","","","","","","","","","",15.9,1,12.6,1,"","","","","","","","","","","","","","","","","","","","","","","","","","",82,1,"","","","","","","","","","","","",14.9,1,1019.9,1,"","","","","","",6,1,5,1,2,1,8,1,0,1,"","","","","","","","","","","","","","","","","","","","","","","","",6000,1,"","",1,1,9,1,"","","","","","","","","","","","","","","","","","","","","","","","","","","","","","","","","","","","","","","","","","","","","","","","","","","","","","","","","","","","","","","","","",""
"59343001","LILLE-LESQUIN",50.57,3.0975,47,1959062112,"","","","",4.,1,"","","","","","","","","","","","","","","","","","","","","","","","","","","","","","",23.3,1,13.4,1,"","","","","","","","","","","","","","","","","","","","","","","","","","",54,1,"","","","","","","","","","","","",15.8,1,1018.9,1,"","","","","","",1,1,0,1,0,1,4,1,0,1,"","","","","","","","","","","","","","","","","","","","","","","","",6000,1,"","",1,1,9,1,"","","","","","","","","","","","","","","","","","","","","","","","","","","","","","","","","","","","","","","","","","","","","","","","","","","","","","","","","","","","","","","","","",""
"59343001","LILLE-LESQUIN",50.57,3.0975,47,1959062115,"","","","",2.,1,"","","","","","","","","","","","","","","","","","","","","","","","","","","","","","",22.8,1,16.2,1,"","","","","","","","","","","","","","","","","","","","","","","","","","",68,1,"","","","","","","","","","","","",19.,1,1018.,1,"","","","","","",7,1,7,1,0,1,7,1,"","","","","","","","","","","","","","","","","","","","","","","","","","",6000,1,"","",2,1,1,1,"","","","","","","","","","","","","","","","","","","","","","","","","","","","","","","","","","","","","","","","","","","","","","","","","","","","","","","","","","","","","","","","","",""
"59343001","LILLE-LESQUIN",50.57,3.0975,47,1959062118,"","","","",1.,1,"","","","","","","","","","","","","","","","","","","","","","","","","","","","","","",23.4,1,16.3,1,"","","","","","","","","","","","","","","","","","","","","","","","","","",66,1,"","","","","","","","","","","","",19.1,1,1017.8,1,"","","","","","",7,1,7,1,0,1,7,1,"","","","","","","","","","","","","","","","","","","","","","","","","","",4000,1,"","",10,1,2,1,"","","","","","","","","","","","","","","","","","","","","","","","","","","","","","","","","","","","","","","","","","","","","","","","","","","","","","","","","","","","","","","","","",""
"59343001","LILLE-LESQUIN",50.57,3.0975,47,1959062121,"","","","",1.,1,"","","","","","","","","","","","","","","","","","","","","","","","","","","","","","",19.1,1,15.1,1,"","","","","","","","","","","","","","","","","","","","","","","","","","",80,1,"","","","","","","","","","","","",17.7,1,1018.3,1,"","","","","","",7,1,7,1,0,1,5,1,"","","","","","","","","","","","","","","","","","","","","","","","","","",7000,1,"","",29,1,9,1,"","","","","","","","","","","","","","","","","","","","","","","","","","","","","","","","","","","","","","","","","","","","","","","","","","","","","","","","","","","","","","","","","",""
"59343001","LILLE-LESQUIN",50.57,3.0975,47,1959062200,"","","","",0.,1,"","","","","","","","","","","","","","","","","","","","","","","","","","","","","","",17.1,1,14.8,1,"","","","","","","","","","","","","","","","","","","","","","","","","","",89,1,"","","","","","","","","","","","",17.3,1,1018.5,1,"","","","","","",7,1,7,1,0,1,3,1,"","","","","","","","","","","","","","","","","","","","","","","","","","",7000,1,"","",3,1,9,1,"","","","","","","","","","","","","","","","","","","","","","","","","","","","","","","","","","","","","","","","","","","","","","","","","","","","","","","","","","","","","","","","","",""
"59343001","LILLE-LESQUIN",50.57,3.0975,47,1959062203,"","","","",2.,1,"","","","","","","","","","","","","","","","","","","","","","","","","","","","","","",16.9,1,15.2,1,"","","","","","","","","","","","","","","","","","","","","","","","","","",93,1,"","","","","","","","","","","","",17.8,1,1018.4,1,"","","","","","",7,1,7,1,0,1,3,1,"","","","","","","","","","","","","","","","","","","","","","","","","","",3000,1,"","",10,1,2,1,"","","","","","","","","","","","","","","","","","","","","","","","","","","","","","","","","","","","","","","","","","","","","","","","","","","","","","","","","","","","","","","","","",""
"59343001","LILLE-LESQUIN",50.57,3.0975,47,1959062206,"","","","",5.,1,"","","","","","","","","","","","","","","","","","","","","","","","","","","","","","",16.5,1,11.9,1,"","","","","","","","","","","","","","","","","","","","","","","","","","",76,1,"","","","","","","","","","","","",14.2,1,1019.4,1,"","","","","","",7,1,7,1,5,1,7,1,"","","","","","","","","","","","","","","","","","","","","","","","","","",4000,1,"","",10,1,2,1,"","",0,1,"","","","","","","","","","","","","","","","","","","","","","","","","","","","","","","","","","","","","","","","","","","","","","","","","","","","","","","","","","","","","",""
"59343001","LILLE-LESQUIN",50.57,3.0975,47,1959062209,"","","","",4.,1,"","","","","","","","","","","","","","","","","","","","","","","","","","","","","","",20.,1,13.2,1,"","","","","","","","","","","","","","","","","","","","","","","","","","",66,1,"","","","","","","","","","","","",15.6,1,1020.5,1,"","","","","","",6,1,0,1,0,1,3,1,2,1,"","","","","","","","","","","","","","","","","","","","","","","","",6000,1,"","",3,1,1,1,"","","","","","","","","","","","","","","","","","","","","","","","","","","","","","","","","","","","","","","","","","","","","","","","","","","","","","","","","","","","","","","","","",""
"59343001","LILLE-LESQUIN",50.57,3.0975,47,1959062212,"","","","",4.,1,"","","","","","","","","","","","","","","","","","","","","","","","","","","","","","",23.8,1,14.9,1,"","","","","","","","","","","","","","","","","","","","","","","","","","",59,1,"","","","","","","","","","","","",17.4,1,1020.9,1,"","","","","","",1,1,0,1,1,1,0,1,0,1,"","","","","","","","","","","","","","","","","","","","","","","","",7000,1,"","",1,1,1,1,"","","","","","","","","","","","","","","","","","","","","","","","","","","","","","","","","","","","","","","","","","","","","","","","","","","","","","","","","","","","","","","","","",""
"59343001","LILLE-LESQUIN",50.57,3.0975,47,1959062215,"","","","",4.,1,"","","","","","","","","","","","","","","","","","","","","","","","","","","","","","",25.6,1,15.1,1,"","","","","","","","","","","","","","","","","","","","","","","","","","",54,1,"","","","","","","","","","","","",17.7,1,1020.9,1,"","","","","","",2,1,0,1,2,1,0,1,0,1,"","","","","","","","","","","","","","","","","","","","","","","","",9000,1,"","",3,1,0,1,"","","","","","","","","","","","","","","","","","","","","","","","","","","","","","","","","","","","","","","","","","","","","","","","","","","","","","","","","","","","","","","","","",""
"59343001","LILLE-LESQUIN",50.57,3.0975,47,1959062218,"","","","",4.,1,"","","","","","","","","","","","","","","","","","","","","","","","","","","","","","",23.,1,15.4,1,"","","","","","","","","","","","","","","","","","","","","","","","","","",64,1,"","","","","","","","","","","","",18.,1,1021.7,1,"","","","","","",2,1,0,1,0,1,0,1,1,1,"","","","","","","","","","","","","","","","","","","","","","","","",9000,1,"","",2,1,0,1,"","","","","","","","","","","","","","","","","","","","","","","","","","","","","","","","","","","","","","","","","","","","","","","","","","","","","","","","","","","","","","","","","",""
"59343001","LILLE-LESQUIN",50.57,3.0975,47,1959062221,"","","","",3.,1,"","","","","","","","","","","","","","","","","","","","","","","","","","","","","","",16.8,1,14.3,1,"","","","","","","","","","","","","","","","","","","","","","","","","","",88,1,"","","","","","","","","","","","",16.7,1,1022.8,1,"","","","","","",1,1,0,1,0,1,0,1,1,1,"","","","","","","","","","","","","","","","","","","","","","","","",4000,1,"","",10,1,0,1,"","","","","","","","","","","","","","","","","","","","","","","","","","","","","","","","","","","","","","","","","","","","","","","","","","","","","","","","","","","","","","","","","",""
"59343001","LILLE-LESQUIN",50.57,3.0975,47,1959062300,"","","","",2.,1,"","","","","","","","","","","","","","","","","","","","","","","","","","","","","","",13.8,1,12.6,1,"","","","","","","","","","","","","","","","","","","","","","","","","","",94,1,"","","","","","","","","","","","",14.9,1,1023.3,1,"","","","","","",0,1,"","",0,1,0,1,0,1,"","","","","","","","","","","","","","","","","","","","","","","","",3500,1,"","",10,1,0,1,"","","","","","","","","","","","","","","","","","","","","","","","","","","","","","","","","","","","","","","","","","","","","","","","","","","","","","","","","","","","","","","","","",""
"59343001","LILLE-LESQUIN",50.57,3.0975,47,1959062303,"","","","",2.,1,"","","","","","","","","","","","","","","","","","","","","","","","","","","","","","",12.1,1,11.2,1,"","","","","","","","","","","","","","","","","","","","","","","","","","",96,1,"","","","","","","","","","","","",13.6,1,1022.8,1,"","","","","","",1,1,0,1,0,1,0,1,1,1,"","","","","","","","","","","","","","","","","","","","","","","","",3500,1,"","",10,1,0,1,"","","","","","","","","","","","","","","","","","","","","","","","","","","","","","","","","","","","","","","","","","","","","","","","","","","","","","","","","","","","","","","","","",""
"59343001","LILLE-LESQUIN",50.57,3.0975,47,1959062306,"","","","",2.,1,"","","","","","","","","","","","","","","","","","","","","","","","","","","","","","",15.6,1,13.6,1,"","","","","","","","","","","","","","","","","","","","","","","","","","",90,1,"","","","","","","","","","","","",16.,1,1022.7,1,"","","","","","",2,1,0,1,0,1,0,1,1,1,"","","","","","","","","","","","","","","","","","","","","","","","",4000,1,"","",10,1,0,1,"","",0,1,"","","","","","","","","","","","","","","","","","","","","","","","","","","","","","","","","","","","","","","","","","","","","","","","","","","","","","","","","","","","","",""
"59343001","LILLE-LESQUIN",50.57,3.0975,47,1959062309,"","","","",0.,1,"","","","","","","","","","","","","","","","","","","","","","","","","","","","","","",21.,1,15.1,1,"","","","","","","","","","","","","","","","","","","","","","","","","","",71,1,"","","","","","","","","","","","",17.6,1,1023.1,1,"","","","","","",3,1,0,1,1,1,0,1,1,1,"","","","","","","","","","","","","","","","","","","","","","","","",6000,1,"","",3,1,0,1,"","","","","","","","","","","","","","","","","","","","","","","","","","","","","","","","","","","","","","","","","","","","","","","","","","","","","","","","","","","","","","","","","",""
"59343001","LILLE-LESQUIN",50.57,3.0975,47,1959062312,"","","","",2.,1,"","","","","","","","","","","","","","","","","","","","","","","","","","","","","","",23.5,1,15.7,1,"","","","","","","","","","","","","","","","","","","","","","","","","","",63,1,"","","","","","","","","","","","",18.3,1,1022.2,1,"","","","","","",6,1,6,1,2,1,0,1,0,1,"","","","","","","","","","","","","","","","","","","","","","","","",10000,1,"","",3,1,1,1,"","","","","","","","","","","","","","","","","","","","","","","","","","","","","","","","","","","","","","","","","","","","","","","","","","","","","","","","","","","","","","","","","",""
"59343001","LILLE-LESQUIN",50.57,3.0975,47,1959062315,"","","","",1.,1,"","","","","","","","","","","","","","","","","","","","","","","","","","","","","","",25.4,1,15.7,1,"","","","","","","","","","","","","","","","","","","","","","","","","","",57,1,"","","","","","","","","","","","",18.3,1,1021.4,1,"","","","","","",6,1,0,1,2,1,6,1,0,1,"","","","","","","","","","","","","","","","","","","","","","","","",20000,1,"","",2,1,2,1,"","","","","","","","","","","","","","","","","","","","","","","","","","","","","","","","","","","","","","","","","","","","","","","","","","","","","","","","","","","","","","","","","",""
"59343001","LILLE-LESQUIN",50.57,3.0975,47,1959062318,"","","","",2.,1,"","","","","","","","","","","","","","","","","","","","","","","","","","","","","","",25.,1,15.6,1,"","","","","","","","","","","","","","","","","","","","","","","","","","",57,1,"","","","","","","","","","","","",18.2,1,1020.6,1,"","","","","","",3,1,0,1,0,1,4,1,4,1,"","","","","","","","","","","","","","","","","","","","","","","","",15000,1,"","",2,1,1,1,"","","","","","","","","","","","","","","","","","","","","","","","","","","","","","","","","","","","","","","","","","","","","","","","","","","","","","","","","","","","","","","","","",""
"59343001","LILLE-LESQUIN",50.57,3.0975,47,1959062321,"","","","",3.,1,"","","","","","","","","","","","","","","","","","","","","","","","","","","","","","",19.9,1,15.7,1,"","","","","","","","","","","","","","","","","","","","","","","","","","",79,1,"","","","","","","","","","","","",18.3,1,1021.3,1,"","","","","","",6,1,5,1,5,1,0,1,2,1,"","","","","","","","","","","","","","","","","","","","","","","","",15000,1,"","",3,1,1,1,"","","","","","","","","","","","","","","","","","","","","","","","","","","","","","","","","","","","","","","","","","","","","","","","","","","","","","","","","","","","","","","","","",""
"59343001","LILLE-LESQUIN",50.57,3.0975,47,1959062400,"","","","",2.,1,"","","","","","","","","","","","","","","","","","","","","","","","","","","","","","",16.3,1,14.,1,"","","","","","","","","","","","","","","","","","","","","","","","","","",89,1,"","","","","","","","","","","","",16.4,1,1020.7,1,"","","","","","",1,1,0,1,5,1,0,1,0,1,"","","","","","","","","","","","","","","","","","","","","","","","",20000,1,"","",1,1,1,1,"","","","","","","","","","","","","","","","","","","","","","","","","","","","","","","","","","","","","","","","","","","","","","","","","","","","","","","","","","","","","","","","","",""
"59343001","LILLE-LESQUIN",50.57,3.0975,47,1959062403,"","","","",1.,1,"","","","","","","","","","","","","","","","","","","","","","","","","","","","","","",15.3,1,14.,1,"","","","","","","","","","","","","","","","","","","","","","","","","","",95,1,"","","","","","","","","","","","",16.4,1,1019.6,1,"","","","","","",7,1,6,1,0,1,5,1,2,1,"","","","","","","","","","","","","","","","","","","","","","","","",10000,1,"","",3,1,2,1,"","","","","","","","","","","","","","","","","","","","","","","","","","","","","","","","","","","","","","","","","","","","","","","","","","","","","","","","","","","","","","","","","",""
"59343001","LILLE-LESQUIN",50.57,3.0975,47,1959062406,"","","","",2.,1,"","","","","","","","","","","","","","","","","","","","","","","","","","","","","","",17.8,1,15.,1,"","","","","","","","","","","","","","","","","","","","","","","","","","",86,1,"","","","","","","","","","","","",17.5,1,1019.4,1,"","","","","","",7,1,0,1,0,1,4,1,1,1,"","","","","","","","","","","","","","","","","","","","","","","","",1800,1,"","",10,1,2,1,"","",0,1,"","","","","","","","","","","","","","","","","","","","","","","","","","","","","","","","","","","","","","","","","","","","","","","","","","","","","","","","","","","","","",""
"59343001","LILLE-LESQUIN",50.57,3.0975,47,1959062409,"","","","",2.,1,"","","","","","","","","","","","","","","","","","","","","","","","","","","","","","",22.5,1,16.5,1,"","","","","","","","","","","","","","","","","","","","","","","","","","",71,1,"","","","","","","","","","","","",19.4,1,1018.6,1,"","","","","","",7,1,5,1,0,1,4,1,1,1,"","","","","","","","","","","","","","","","","","","","","","","","",2500,1,"","",10,1,2,1,"","","","","","","","","","","","","","","","","","","","","","","","","","","","","","","","","","","","","","","","","","","","","","","","","","","","","","","","","","","","","","","","","",""
"59343001","LILLE-LESQUIN",50.57,3.0975,47,1959062412,"","","","",3.,1,"","","","","","","","","","","","","","","","","","","","","","","","","","","","","","",25.8,1,17.,1,"","","","","","","","","","","","","","","","","","","","","","","","","","",60,1,"","","","","","","","","","","","",20.,1,1016.8,1,"","","","","","",6,1,0,1,2,1,0,1,1,1,"","","","","","","","","","","","","","","","","","","","","","","","",3500,1,"","",10,1,2,1,"","","","","","","","","","","","","","","","","","","","","","","","","","","","","","","","","","","","","","","","","","","","","","","","","","","","","","","","","","","","","","","","","",""
"59343001","LILLE-LESQUIN",50.57,3.0975,47,1959062415,"","","","",3.,1,"","","","","","","","","","","","","","","","","","","","","","","","","","","","","","",27.9,1,16.5,1,"","","","","","","","","","","","","","","","","","","","","","","","","","",51,1,"","","","","","","","","","","","",19.4,1,1014.8,1,"","","","","","",4,1,0,1,2,1,0,1,1,1,"","","","","","","","","","","","","","","","","","","","","","","","",6000,1,"","",1,1,1,1,"","","","","","","","","","","","","","","","","","","","","","","","","","","","","","","","","","","","","","","","","","","","","","","","","","","","","","","","","","","","","","","","","",""
"59343001","LILLE-LESQUIN",50.57,3.0975,47,1959062418,"","","","",2.,1,"","","","","","","","","","","","","","","","","","","","","","","","","","","","","","",26.6,1,16.7,1,"","","","","","","","","","","","","","","","","","","","","","","","","","",56,1,"","","","","","","","","","","","",19.6,1,1013.8,1,"","","","","","",4,1,0,1,2,1,0,1,1,1,"","","","","","","","","","","","","","","","","","","","","","","","",6000,1,"","",3,1,1,1,"","","","","","","","","","","","","","","","","","","","","","","","","","","","","","","","","","","","","","","","","","","","","","","","","","","","","","","","","","","","","","","","","",""
"59343001","LILLE-LESQUIN",50.57,3.0975,47,1959062421,"","","","",1.,1,"","","","","","","","","","","","","","","","","","","","","","","","","","","","","","",19.6,1,15.3,1,"","","","","","","","","","","","","","","","","","","","","","","","","","",78,1,"","","","","","","","","","","","",17.9,1,1014.1,1,"","","","","","",2,1,0,1,0,1,0,1,2,1,"","","","","","","","","","","","","","","","","","","","","","","","",7000,1,"","",1,1,9,1,"","","","","","","","","","","","","","","","","","","","","","","","","","","","","","","","","","","","","","","","","","","","","","","","","","","","","","","","","","","","","","","","","",""
"59343001","LILLE-LESQUIN",50.57,3.0975,47,1959062500,"","","","",1.,1,"","","","","","","","","","","","","","","","","","","","","","","","","","","","","","",18.2,1,15.1,1,"","","","","","","","","","","","","","","","","","","","","","","","","","",85,1,"","","","","","","","","","","","",17.6,1,1013.4,1,"","","","","","",4,1,0,1,5,1,0,1,0,1,"","","","","","","","","","","","","","","","","","","","","","","","",8000,1,"","",2,1,9,1,"","","","","","","","","","","","","","","","","","","","","","","","","","","","","","","","","","","","","","","","","","","","","","","","","","","","","","","","","","","","","","","","","",""
"59343001","LILLE-LESQUIN",50.57,3.0975,47,1959062503,"","","","",1.,1,"","","","","","","","","","","","","","","","","","","","","","","","","","","","","","",16.5,1,15.1,1,"","","","","","","","","","","","","","","","","","","","","","","","","","",94,1,"","","","","","","","","","","","",17.6,1,1013.,1,"","","","","","",8,1,6,1,5,1,7,1,"","","","","","","","","","","","","","","","","","","","","","","","","","",6000,1,"","",2,1,2,1,"","","","","","","","","","","","","","","","","","","","","","","","","","","","","","","","","","","","","","","","","","","","","","","","","","","","","","","","","","","","","","","","","",""
"59343001","LILLE-LESQUIN",50.57,3.0975,47,1959062506,"","","","",3.,1,"","","","","","","","","","","","","","","","","","","","","","","","","","","","","","",17.6,1,13.8,1,"","","","","","","","","","","","","","","","","","","","","","","","","","",80,1,"","","","","","","","","","","","",16.2,1,1013.3,1,"","","","","","",7,1,0,1,5,1,4,1,2,1,"","","","","","","","","","","","","","","","","","","","","","","","",5000,1,"","",2,1,9,1,"","",0,1,"","","","","","","","","","","","","","","","","","","","","","","","","","","","","","","","","","","","","","","","","","","","","","","","","","","","","","","","","","","","","",""
"59343001","LILLE-LESQUIN",50.57,3.0975,47,1959062509,"","","","",5.,1,"","","","","","","","","","","","","","","","","","","","","","","","","","","","","","",21.4,1,15.1,1,"","","","","","","","","","","","","","","","","","","","","","","","","","",69,1,"","","","","","","","","","","","",17.6,1,1013.,1,"","","","","","",7,1,0,1,2,1,8,1,2,1,"","","","","","","","","","","","","","","","","","","","","","","","",4500,1,"","",10,1,2,1,"","","","","","","","","","","","","","","","","","","","","","","","","","","","","","","","","","","","","","","","","","","","","","","","","","","","","","","","","","","","","","","","","",""
"59343001","LILLE-LESQUIN",50.57,3.0975,47,1959062512,"","","","",4.,1,"","","","","","","","","","","","","","","","","","","","","","","","","","","","","","",18.4,1,15.9,1,"","","","","","","","","","","","","","","","","","","","","","","","","","",88,1,"","","","","","","","","","","","",18.6,1,1013.9,1,"","","","","","",8,1,5,1,9,1,0,1,2,1,"","","","","","","","","","","","","","","","","","","","","","","","",3000,1,"","",95,1,9,1,"","","","","","","","","","","","","","","","","","","","","","","","","","","","","","","","","","","","","","","","","","","","","","","","","","","","","","","","","","","","","","","","","",""
"59343001","LILLE-LESQUIN",50.57,3.0975,47,1959062515,"","","","",0.,1,"","","","","","","","","","","","","","","","","","","","","","","","","","","","","","",22.,1,15.8,1,"","","","","","","","","","","","","","","","","","","","","","","","","","",70,1,"","","","","","","","","","","","",18.5,1,1012.9,1,"","","","","","",5,1,0,1,0,1,4,1,1,1,"","","","","","","","","","","","","","","","","","","","","","","","",4000,1,"","",10,1,9,1,"","","","","","","","","","","","","","","","","","","","","","","","","","","","","","","","","","","","","","","","","","","","","","","","","","","","","","","","","","","","","","","","","",""
"59343001","LILLE-LESQUIN",50.57,3.0975,47,1959062518,"","","","",0.,1,"","","","","","","","","","","","","","","","","","","","","","","","","","","","","","",22.3,1,15.7,1,"","","","","","","","","","","","","","","","","","","","","","","","","","",68,1,"","","","","","","","","","","","",18.3,1,1012.6,1,"","","","","","",8,1,8,1,0,1,9,1,"","","","","","","","","","","","","","","","","","","","","","","","","","",6000,1,"","",2,1,9,1,"","","","","","","","","","","","","","","","","","","","","","","","","","","","","","","","","","","","","","","","","","","","","","","","","","","","","","","","","","","","","","","","","",""
"59343001","LILLE-LESQUIN",50.57,3.0975,47,1959062521,"","","","",2.,1,"","","","","","","","","","","","","","","","","","","","","","","","","","","","","","",19.,1,15.7,1,"","","","","","","","","","","","","","","","","","","","","","","","","","",84,1,"","","","","","","","","","","","",18.4,1,1012.9,1,"","","","","","",7,1,7,1,8,1,9,1,"","","","","","","","","","","","","","","","","","","","","","","","","","",3000,1,"","",10,1,2,1,"","","","","","","","","","","","","","","","","","","","","","","","","","","","","","","","","","","","","","","","","","","","","","","","","","","","","","","","","","","","","","","","","",""
"59343001","LILLE-LESQUIN",50.57,3.0975,47,1959062600,"","","","",0.,1,"","","","","","","","","","","","","","","","","","","","","","","","","","","","","","",16.1,1,14.9,1,"","","","","","","","","","","","","","","","","","","","","","","","","","",95,1,"","","","","","","","","","","","",17.4,1,1012.6,1,"","","","","","",5,1,5,1,0,1,0,1,2,1,"","","","","","","","","","","","","","","","","","","","","","","","",3000,1,"","",10,1,2,1,"","","","","","","","","","","","","","","","","","","","","","","","","","","","","","","","","","","","","","","","","","","","","","","","","","","","","","","","","","","","","","","","","",""
"59343001","LILLE-LESQUIN",50.57,3.0975,47,1959062603,"","","","",0.,1,"","","","","","","","","","","","","","","","","","","","","","","","","","","","","","",15.9,1,15.,1,"","","","","","","","","","","","","","","","","","","","","","","","","","",97,1,"","","","","","","","","","","","",17.5,1,1012.1,1,"","","","","","",7,1,6,1,0,1,5,1,2,1,"","","","","","","","","","","","","","","","","","","","","","","","",1400,1,"","",10,1,2,1,"","","","","","","","","","","","","","","","","","","","","","","","","","","","","","","","","","","","","","","","","","","","","","","","","","","","","","","","","","","","","","","","","",""
"59343001","LILLE-LESQUIN",50.57,3.0975,47,1959062606,"","","","",3.,1,"","","","","","","","","","","","","","","","","","","","","","","","","","","","","","",16.3,1,15.6,1,"","","","","","","","","","","","","","","","","","","","","","","","","","",98,1,"","","","","","","","","","","","",18.2,1,1012.5,1,"","","","","","",8,1,8,1,9,1,7,1,"","","","","","","","","","","","","","","","","","","","","","","","","","",1100,1,"","",95,1,6,1,"","",0,1,"","","","","","","","","","","","","","","","","","","","","","","","","","","","","","","","","","","","","","","","","","","","","","","","","","","","","","","","","","","","","",""
"59343001","LILLE-LESQUIN",50.57,3.0975,47,1959062609,"","","","",3.,1,"","","","","","","","","","","","","","","","","","","","","","","","","","","","","","",16.,1,15.1,1,"","","","","","","","","","","","","","","","","","","","","","","","","","",97,1,"","","","","","","","","","","","",17.6,1,1012.9,1,"","","","","","",8,1,8,1,5,1,7,1,"","","","","","","","","","","","","","","","","","","","","","","","","","",1800,1,"","",29,1,9,1,"","","","","","","","","","","","","","","","","","","","","","","","","","","","","","","","","","","","","","","","","","","","","","","","","","","","","","","","","","","","","","","","","",""
"59343001","LILLE-LESQUIN",50.57,3.0975,47,1959062612,"","","","",4.,1,"","","","","","","","","","","","","","","","","","","","","","","","","","","","","","",19.4,1,15.,1,"","","","","","","","","","","","","","","","","","","","","","","","","","",78,1,"","","","","","","","","","","","",17.5,1,1013.3,1,"","","","","","",7,1,7,1,2,1,7,1,"","","","","","","","","","","","","","","","","","","","","","","","","","",8000,1,"","",2,1,9,1,"","","","","","","","","","","","","","","","","","","","","","","","","","","","","","","","","","","","","","","","","","","","","","","","","","","","","","","","","","","","","","","","","",""
"59343001","LILLE-LESQUIN",50.57,3.0975,47,1959062615,"","","","",6.,1,"","","","","","","","","","","","","","","","","","","","","","","","","","","","","","",20.,1,14.6,1,"","","","","","","","","","","","","","","","","","","","","","","","","","",74,1,"","","","","","","","","","","","",17.1,1,1013.5,1,"","","","","","",6,1,5,1,8,1,0,1,0,1,"","","","","","","","","","","","","","","","","","","","","","","","",10000,1,"","",1,1,2,1,"","","","","","","","","","","","","","","","","","","","","","","","","","","","","","","","","","","","","","","","","","","","","","","","","","","","","","","","","","","","","","","","","",""
"59343001","LILLE-LESQUIN",50.57,3.0975,47,1959062618,"","","","",6.,1,"","","","","","","","","","","","","","","","","","","","","","","","","","","","","","",18.7,1,12.6,1,"","","","","","","","","","","","","","","","","","","","","","","","","","",70,1,"","","","","","","","","","","","",14.9,1,1013.7,1,"","","","","","",5,1,5,1,2,1,0,1,4,1,"","","","","","","","","","","","","","","","","","","","","","","","",20000,1,"","",3,1,2,1,"","","","","","","","","","","","","","","","","","","","","","","","","","","","","","","","","","","","","","","","","","","","","","","","","","","","","","","","","","","","","","","","","",""
"59343001","LILLE-LESQUIN",50.57,3.0975,47,1959062621,"","","","",3.,1,"","","","","","","","","","","","","","","","","","","","","","","","","","","","","","",13.3,1,10.6,1,"","","","","","","","","","","","","","","","","","","","","","","","","","",85,1,"","","","","","","","","","","","",13.,1,1014.3,1,"","","","","","",6,1,6,1,0,1,4,1,4,1,"","","","","","","","","","","","","","","","","","","","","","","","",10000,1,"","",3,1,2,1,"","","","","","","","","","","","","","","","","","","","","","","","","","","","","","","","","","","","","","","","","","","","","","","","","","","","","","","","","","","","","","","","","",""
"59343001","LILLE-LESQUIN",50.57,3.0975,47,1959062700,"","","","",1.,1,"","","","","","","","","","","","","","","","","","","","","","","","","","","","","","",13.,1,11.2,1,"","","","","","","","","","","","","","","","","","","","","","","","","","",91,1,"","","","","","","","","","","","",13.6,1,1014.,1,"","","","","","",7,1,7,1,0,1,4,1,2,1,"","","","","","","","","","","","","","","","","","","","","","","","",10000,1,"","",2,1,2,1,"","","","","","","","","","","","","","","","","","","","","","","","","","","","","","","","","","","","","","","","","","","","","","","","","","","","","","","","","","","","","","","","","",""
"59343001","LILLE-LESQUIN",50.57,3.0975,47,1959062703,"","","","",1.,1,"","","","","","","","","","","","","","","","","","","","","","","","","","","","","","",13.8,1,11.6,1,"","","","","","","","","","","","","","","","","","","","","","","","","","",89,1,"","","","","","","","","","","","",14.,1,1013.9,1,"","","","","","",8,1,8,1,5,1,7,1,"","","","","","","","","","","","","","","","","","","","","","","","","","",10000,1,"","",21,1,2,1,"","","","","","","","","","","","","","","","","","","","","","","","","","","","","","","","","","","","","","","","","","","","","","","","","","","","","","","","","","","","","","","","","",""
"59343001","LILLE-LESQUIN",50.57,3.0975,47,1959062706,"","","","",3.,1,"","","","","","","","","","","","","","","","","","","","","","","","","","","","","","",15.,1,12.6,1,"","","","","","","","","","","","","","","","","","","","","","","","","","",87,1,"","","","","","","","","","","","",14.9,1,1013.1,1,"","","","","","",8,1,8,1,5,1,7,1,"","","","","","","","","","","","","","","","","","","","","","","","","","",8000,1,"","",1,1,6,1,"","",0,1,"","","","","","","","","","","","","","","","","","","","","","","","","","","","","","","","","","","","","","","","","","","","","","","","","","","","","","","","","","","","","",""
"59343001","LILLE-LESQUIN",50.57,3.0975,47,1959062709,"","","","",7.,1,"","","","","","","","","","","","","","","","","","","","","","","","","","","","","","",16.3,1,14.,1,"","","","","","","","","","","","","","","","","","","","","","","","","","",89,1,"","","","","","","","","","","","",16.4,1,1012.2,1,"","","","","","",8,1,7,1,7,1,"","","","","","","","","","","","","","","","","","","","","","","","","","","","",3000,1,"","",53,1,2,1,"","","","","","","","","","","","","","","","","","","","","","","","","","","","","","","","","","","","","","","","","","","","","","","","","","","","","","","","","","","","","","","","","",""
"59343001","LILLE-LESQUIN",50.57,3.0975,47,1959062712,"","","","",6.,1,"","","","","","","","","","","","","","","","","","","","","","","","","","","","","","",20.4,1,13.2,1,"","","","","","","","","","","","","","","","","","","","","","","","","","",64,1,"","","","","","","","","","","","",15.5,1,1011.,1,"","","","","","",7,1,7,1,2,1,"","","","","","","","","","","","","","","","","","","","","","","","","","","","",20000,1,"","",2,1,5,1,"","","","","","","","","","","","","","","","","","","","","","","","","","","","","","","","","","","","","","","","","","","","","","","","","","","","","","","","","","","","","","","","","",""
"59343001","LILLE-LESQUIN",50.57,3.0975,47,1959062715,"","","","",5.,1,"","","","","","","","","","","","","","","","","","","","","","","","","","","","","","",18.4,1,14.5,1,"","","","","","","","","","","","","","","","","","","","","","","","","","",80,1,"","","","","","","","","","","","",17.,1,1011.,1,"","","","","","",8,1,7,1,2,1,7,1,"","","","","","","","","","","","","","","","","","","","","","","","","","",15000,1,"","",2,1,8,1,"","","","","","","","","","","","","","","","","","","","","","","","","","","","","","","","","","","","","","","","","","","","","","","","","","","","","","","","","","","","","","","","","",""
"59343001","LILLE-LESQUIN",50.57,3.0975,47,1959062718,"","","","",5.,1,"","","","","","","","","","","","","","","","","","","","","","","","","","","","","","",17.6,1,13.3,1,"","","","","","","","","","","","","","","","","","","","","","","","","","",78,1,"","","","","","","","","","","","",15.7,1,1010.6,1,"","","","","","",8,1,5,1,5,1,7,1,"","","","","","","","","","","","","","","","","","","","","","","","","","",15000,1,"","",2,1,8,1,"","","","","","","","","","","","","","","","","","","","","","","","","","","","","","","","","","","","","","","","","","","","","","","","","","","","","","","","","","","","","","","","","",""
"59343001","LILLE-LESQUIN",50.57,3.0975,47,1959062721,"","","","",3.,1,"","","","","","","","","","","","","","","","","","","","","","","","","","","","","","",15.8,1,13.8,1,"","","","","","","","","","","","","","","","","","","","","","","","","","",90,1,"","","","","","","","","","","","",16.2,1,1010.2,1,"","","","","","",6,1,5,1,5,1,4,1,0,1,"","","","","","","","","","","","","","","","","","","","","","","","",15000,1,"","",1,1,2,1,"","","","","","","","","","","","","","","","","","","","","","","","","","","","","","","","","","","","","","","","","","","","","","","","","","","","","","","","","","","","","","","","","",""
"59343001","LILLE-LESQUIN",50.57,3.0975,47,1959062800,"","","","",4.,1,"","","","","","","","","","","","","","","","","","","","","","","","","","","","","","",15.4,1,13.2,1,"","","","","","","","","","","","","","","","","","","","","","","","","","",89,1,"","","","","","","","","","","","",15.6,1,1009.4,1,"","","","","","",7,1,7,1,5,1,"","","","","","","","","","","","","","","","","","","","","","","","","","","","",15000,1,"","",3,1,2,1,"","","","","","","","","","","","","","","","","","","","","","","","","","","","","","","","","","","","","","","","","","","","","","","","","","","","","","","","","","","","","","","","","",""
"59343001","LILLE-LESQUIN",50.57,3.0975,47,1959062803,"","","","",7.,1,"","","","","","","","","","","","","","","","","","","","","","","","","","","","","","",14.7,1,13.2,1,"","","","","","","","","","","","","","","","","","","","","","","","","","",92,1,"","","","","","","","","","","","",15.5,1,1008.6,1,"","","","","","",8,1,8,1,5,1,"","","","","","","","","","","","","","","","","","","","","","","","","","","","",10000,1,"","",60,1,2,1,"","","","","","","","","","","","","","","","","","","","","","","","","","","","","","","","","","","","","","","","","","","","","","","","","","","","","","","","","","","","","","","","","",""
"59343001","LILLE-LESQUIN",50.57,3.0975,47,1959062806,"","","","",7.,1,"","","","","","","","","","","","","","","","","","","","","","","","","","","","","","",14.6,1,11.6,1,"","","","","","","","","","","","","","","","","","","","","","","","","","",85,1,"","","","","","","","","","","","",14.,1,1009.1,1,"","","","","","",6,1,5,1,8,1,0,1,1,1,"","","","","","","","","","","","","","","","","","","","","","","","",10000,1,"","",2,1,6,1,"","",0,1,"","","","","","","","","","","","","","","","","","","","","","","","","","","","","","","","","","","","","","","","","","","","","","","","","","","","","","","","","","","","","",""
"59343001","LILLE-LESQUIN",50.57,3.0975,47,1959062809,"","","","",9.,1,"","","","","","","","","","","","","","","","","","","","","","","","","","","","","","",18.4,1,11.9,1,"","","","","","","","","","","","","","","","","","","","","","","","","","",67,1,"","","","","","","","","","","","",14.2,1,1009.4,1,"","","","","","",6,1,5,1,8,1,0,1,0,1,"","","","","","","","","","","","","","","","","","","","","","","","",20000,1,"","",2,1,2,1,"","","","","","","","","","","","","","","","","","","","","","","","","","","","","","","","","","","","","","","","","","","","","","","","","","","","","","","","","","","","","","","","","",""
"59343001","LILLE-LESQUIN",50.57,3.0975,47,1959062812,"","","","",8.,1,"","","","","","","","","","","","","","","","","","","","","","","","","","","","","","",18.4,1,11.3,1,"","","","","","","","","","","","","","","","","","","","","","","","","","",65,1,"","","","","","","","","","","","",13.7,1,1009.3,1,"","","","","","",6,1,5,1,8,1,0,1,4,1,"","","","","","","","","","","","","","","","","","","","","","","","",25000,1,"","",3,1,2,1,"","","","","","","","","","","","","","","","","","","","","","","","","","","","","","","","","","","","","","","","","","","","","","","","","","","","","","","","","","","","","","","","","",""
"59343001","LILLE-LESQUIN",50.57,3.0975,47,1959062815,"","","","",7.,1,"","","","","","","","","","","","","","","","","","","","","","","","","","","","","","",18.2,1,8.4,1,"","","","","","","","","","","","","","","","","","","","","","","","","","",53,1,"","","","","","","","","","","","",11.2,1,1008.6,1,"","","","","","",7,1,6,1,1,1,5,1,2,1,"","","","","","","","","","","","","","","","","","","","","","","","",40000,1,"","",3,1,2,1,"","","","","","","","","","","","","","","","","","","","","","","","","","","","","","","","","","","","","","","","","","","","","","","","","","","","","","","","","","","","","","","","","",""
"59343001","LILLE-LESQUIN",50.57,3.0975,47,1959062818,"","","","",6.,1,"","","","","","","","","","","","","","","","","","","","","","","","","","","","","","",16.8,1,8.9,1,"","","","","","","","","","","","","","","","","","","","","","","","","","",61,1,"","","","","","","","","","","","",11.6,1,1007.3,1,"","","","","","",7,1,6,1,5,1,7,1,2,1,"","","","","","","","","","","","","","","","","","","","","","","","",40000,1,"","",1,1,2,1,"","","","","","","","","","","","","","","","","","","","","","","","","","","","","","","","","","","","","","","","","","","","","","","","","","","","","","","","","","","","","","","","","",""
"59343001","LILLE-LESQUIN",50.57,3.0975,47,1959062821,"","","","",3.,1,"","","","","","","","","","","","","","","","","","","","","","","","","","","","","","",12.1,1,8.8,1,"","","","","","","","","","","","","","","","","","","","","","","","","","",81,1,"","","","","","","","","","","","",11.5,1,1007.4,1,"","","","","","",5,1,0,1,5,1,0,1,2,1,"","","","","","","","","","","","","","","","","","","","","","","","",30000,1,"","",2,1,2,1,"","","","","","","","","","","","","","","","","","","","","","","","","","","","","","","","","","","","","","","","","","","","","","","","","","","","","","","","","","","","","","","","","",""
"59343001","LILLE-LESQUIN",50.57,3.0975,47,1959062900,"","","","",2.,1,"","","","","","","","","","","","","","","","","","","","","","","","","","","","","","",10.8,1,9.8,1,"","","","","","","","","","","","","","","","","","","","","","","","","","",95,1,"","","","","","","","","","","","",12.3,1,1006.4,1,"","","","","","",0,1,"","",0,1,0,1,0,1,"","","","","","","","","","","","","","","","","","","","","","","","",20000,1,"","",2,1,1,1,"","","","","","","","","","","","","","","","","","","","","","","","","","","","","","","","","","","","","","","","","","","","","","","","","","","","","","","","","","","","","","","","","",""
"59343001","LILLE-LESQUIN",50.57,3.0975,47,1959062903,"","","","",3.,1,"","","","","","","","","","","","","","","","","","","","","","","","","","","","","","",10.,1,9.2,1,"","","","","","","","","","","","","","","","","","","","","","","","","","",96,1,"","","","","","","","","","","","",11.8,1,1005.6,1,"","","","","","",4,1,0,1,5,1,0,1,0,1,"","","","","","","","","","","","","","","","","","","","","","","","",8000,1,"","",3,1,0,1,"","","","","","","","","","","","","","","","","","","","","","","","","","","","","","","","","","","","","","","","","","","","","","","","","","","","","","","","","","","","","","","","","",""
"59343001","LILLE-LESQUIN",50.57,3.0975,47,1959062906,"","","","",4.,1,"","","","","","","","","","","","","","","","","","","","","","","","","","","","","","",13.5,1,12.1,1,"","","","","","","","","","","","","","","","","","","","","","","","","","",93,1,"","","","","","","","","","","","",14.4,1,1006.6,1,"","","","","","",7,1,0,1,5,1,5,1,0,1,"","","","","","","","","","","","","","","","","","","","","","","","",7000,1,"","",2,1,2,1,"","",0,1,"","","","","","","","","","","","","","","","","","","","","","","","","","","","","","","","","","","","","","","","","","","","","","","","","","","","","","","","","","","","","",""
"59343001","LILLE-LESQUIN",50.57,3.0975,47,1959062909,"","","","",7.,1,"","","","","","","","","","","","","","","","","","","","","","","","","","","","","","",17.7,1,11.3,1,"","","","","","","","","","","","","","","","","","","","","","","","","","",68,1,"","","","","","","","","","","","",13.7,1,1006.9,1,"","","","","","",6,1,5,1,2,1,4,1,0,1,"","","","","","","","","","","","","","","","","","","","","","","","",20000,1,"","",2,1,2,1,"","","","","","","","","","","","","","","","","","","","","","","","","","","","","","","","","","","","","","","","","","","","","","","","","","","","","","","","","","","","","","","","","",""
"59343001","LILLE-LESQUIN",50.57,3.0975,47,1959062912,"","","","",7.,1,"","","","","","","","","","","","","","","","","","","","","","","","","","","","","","",19.2,1,11.3,1,"","","","","","","","","","","","","","","","","","","","","","","","","","",62,1,"","","","","","","","","","","","",13.7,1,1006.2,1,"","","","","","",6,1,6,1,9,1,0,1,3,1,"","","","","","","","","","","","","","","","","","","","","","","","",20000,1,"","",2,1,2,1,"","","","","","","","","","","","","","","","","","","","","","","","","","","","","","","","","","","","","","","","","","","","","","","","","","","","","","","","","","","","","","","","","",""
"59343001","LILLE-LESQUIN",50.57,3.0975,47,1959062915,"","","","",9.,1,"","","","","","","","","","","","","","","","","","","","","","","","","","","","","","",20.1,1,10.8,1,"","","","","","","","","","","","","","","","","","","","","","","","","","",56,1,"","","","","","","","","","","","",13.2,1,1006.1,1,"","","","","","",6,1,6,1,2,1,0,1,3,1,"","","","","","","","","","","","","","","","","","","","","","","","",30000,1,"","",2,1,9,1,"","","","","","","","","","","","","","","","","","","","","","","","","","","","","","","","","","","","","","","","","","","","","","","","","","","","","","","","","","","","","","","","","",""
"59343001","LILLE-LESQUIN",50.57,3.0975,47,1959062918,"","","","",5.,1,"","","","","","","","","","","","","","","","","","","","","","","","","","","","","","",17.7,1,9.9,1,"","","","","","","","","","","","","","","","","","","","","","","","","","",62,1,"","","","","","","","","","","","",12.4,1,1007.3,1,"","","","","","",5,1,0,1,2,1,4,1,3,1,"","","","","","","","","","","","","","","","","","","","","","","","",30000,1,"","",1,1,9,1,"","","","","","","","","","","","","","","","","","","","","","","","","","","","","","","","","","","","","","","","","","","","","","","","","","","","","","","","","","","","","","","","","",""
"59343001","LILLE-LESQUIN",50.57,3.0975,47,1959062921,"","","","",2.,1,"","","","","","","","","","","","","","","","","","","","","","","","","","","","","","",14.3,1,11.7,1,"","","","","","","","","","","","","","","","","","","","","","","","","","",87,1,"","","","","","","","","","","","",14.1,1,1008.5,1,"","","","","","",8,1,8,1,5,1,"","","","","","","","","","","","","","","","","","","","","","","","","","","","",12000,1,"","",3,1,2,1,"","","","","","","","","","","","","","","","","","","","","","","","","","","","","","","","","","","","","","","","","","","","","","","","","","","","","","","","","","","","","","","","","",""
"59343001","LILLE-LESQUIN",50.57,3.0975,47,1959063000,"","","","",4.,1,"","","","","","","","","","","","","","","","","","","","","","","","","","","","","","",13.8,1,11.1,1,"","","","","","","","","","","","","","","","","","","","","","","","","","",85,1,"","","","","","","","","","","","",13.5,1,1008.9,1,"","","","","","",8,1,8,1,5,1,"","","","","","","","","","","","","","","","","","","","","","","","","","","","",15000,1,"","",2,1,2,1,"","","","","","","","","","","","","","","","","","","","","","","","","","","","","","","","","","","","","","","","","","","","","","","","","","","","","","","","","","","","","","","","","",""
"59343001","LILLE-LESQUIN",50.57,3.0975,47,1959063003,"","","","",4.,1,"","","","","","","","","","","","","","","","","","","","","","","","","","","","","","",12.,1,10.2,1,"","","","","","","","","","","","","","","","","","","","","","","","","","",90,1,"","","","","","","","","","","","",12.7,1,1009.5,1,"","","","","","",1,1,0,1,5,1,0,1,0,1,"","","","","","","","","","","","","","","","","","","","","","","","",8000,1,"","",1,1,1,1,"","","","","","","","","","","","","","","","","","","","","","","","","","","","","","","","","","","","","","","","","","","","","","","","","","","","","","","","","","","","","","","","","",""
"59343001","LILLE-LESQUIN",50.57,3.0975,47,1959063006,"","","","",4.,1,"","","","","","","","","","","","","","","","","","","","","","","","","","","","","","",13.9,1,12.,1,"","","","","","","","","","","","","","","","","","","","","","","","","","",90,1,"","","","","","","","","","","","",14.3,1,1010.8,1,"","","","","","",2,1,0,1,5,1,4,1,1,1,"","","","","","","","","","","","","","","","","","","","","","","","",10000,1,"","",2,1,1,1,"","",0,1,"","","","","","","","","","","","","","","","","","","","","","","","","","","","","","","","","","","","","","","","","","","","","","","","","","","","","","","","","","","","","",""
"59343001","LILLE-LESQUIN",50.57,3.0975,47,1959063009,"","","","",6.,1,"","","","","","","","","","","","","","","","","","","","","","","","","","","","","","",17.7,1,10.6,1,"","","","","","","","","","","","","","","","","","","","","","","","","","",64,1,"","","","","","","","","","","","",13.,1,1012.1,1,"","","","","","",6,1,5,1,2,1,4,1,0,1,"","","","","","","","","","","","","","","","","","","","","","","","",20000,1,"","",2,1,1,1,"","","","","","","","","","","","","","","","","","","","","","","","","","","","","","","","","","","","","","","","","","","","","","","","","","","","","","","","","","","","","","","","","",""
"59343001","LILLE-LESQUIN",50.57,3.0975,47,1959063012,"","","","",9.,1,"","","","","","","","","","","","","","","","","","","","","","","","","","","","","","",15.2,1,10.8,1,"","","","","","","","","","","","","","","","","","","","","","","","","","",77,1,"","","","","","","","","","","","",13.2,1,1014.3,1,"","","","","","",8,1,8,1,8,1,"","","","","","","","","","","","","","","","","","","","","","","","","","","","",10000,1,"","",2,1,2,1,"","","","","","","","","","","","","","","","","","","","","","","","","","","","","","","","","","","","","","","","","","","","","","","","","","","","","","","","","","","","","","","","","",""
"59343001","LILLE-LESQUIN",50.57,3.0975,47,1959063015,"","","","",7.,1,"","","","","","","","","","","","","","","","","","","","","","","","","","","","","","",18.,1,9.8,1,"","","","","","","","","","","","","","","","","","","","","","","","","","",60,1,"","","","","","","","","","","","",12.3,1,1015.9,1,"","","","","","",6,1,5,1,2,1,0,1,2,1,"","","","","","","","","","","","","","","","","","","","","","","","",15000,1,"","",1,1,2,1,"","","","","","","","","","","","","","","","","","","","","","","","","","","","","","","","","","","","","","","","","","","","","","","","","","","","","","","","","","","","","","","","","",""
"59343001","LILLE-LESQUIN",50.57,3.0975,47,1959063018,"","","","",6.,1,"","","","","","","","","","","","","","","","","","","","","","","","","","","","","","",16.2,1,9.,1,"","","","","","","","","","","","","","","","","","","","","","","","","","",63,1,"","","","","","","","","","","","",11.7,1,1018.,1,"","","","","","",8,1,8,1,8,1,5,1,"","","","","","","","","","","","","","","","","","","","","","","","","","",15000,1,"","",2,1,2,1,"","","","","","","","","","","","","","","","","","","","","","","","","","","","","","","","","","","","","","","","","","","","","","","","","","","","","","","","","","","","","","","","","",""
"59343001","LILLE-LESQUIN",50.57,3.0975,47,1959063021,"","","","",5.,1,"","","","","","","","","","","","","","","","","","","","","","","","","","","","","","",13.6,1,10.7,1,"","","","","","","","","","","","","","","","","","","","","","","","","","",84,1,"","","","","","","","","","","","",13.1,1,1020.3,1,"","","","","","",8,1,8,1,5,1,7,1,"","","","","","","","","","","","","","","","","","","","","","","","","","",8000,1,"","",2,1,2,1,"","","","","","","","","","","","","","","","","","","","","","","","","","","","","","","","","","","","","","","","","","","","","","","","","","","","","","","","","","","","","","","","","",""
"59343001","LILLE-LESQUIN",50.57,3.0975,47,1959070100,"","","","",2.,1,"","","","","","","","","","","","","","","","","","","","","","","","","","","","","","",13.2,1,11.5,1,"","","","","","","","","","","","","","","","","","","","","","","","","","",92,1,"","","","","","","","","","","","",13.9,1,1021.2,1,"","","","","","",7,1,7,1,5,1,"","","","","","","","","","","","","","","","","","","","","","","","","","","","",15000,1,"","",2,1,2,1,"","","","","","","","","","","","","","","","","","","","","","","","","","","","","","","","","","","","","","","","","","","","","","","","","","","","","","","","","","","","","","","","","",""
"59343001","LILLE-LESQUIN",50.57,3.0975,47,1959070103,"","","","",2.,1,"","","","","","","","","","","","","","","","","","","","","","","","","","","","","","",11.,1,10.3,1,"","","","","","","","","","","","","","","","","","","","","","","","","","",97,1,"","","","","","","","","","","","",12.8,1,1022.1,1,"","","","","","",2,1,0,1,5,1,0,1,0,1,"","","","","","","","","","","","","","","","","","","","","","","","",7000,1,"","",1,1,1,1,"","","","","","","","","","","","","","","","","","","","","","","","","","","","","","","","","","","","","","","","","","","","","","","","","","","","","","","","","","","","","","","","","",""
"59343001","LILLE-LESQUIN",50.57,3.0975,47,1959070106,"","","","",3.,1,"","","","","","","","","","","","","","","","","","","","","","","","","","","","","","",12.3,1,11.4,1,"","","","","","","","","","","","","","","","","","","","","","","","","","",96,1,"","","","","","","","","","","","",13.8,1,1024.,1,"","","","","","",5,1,0,1,5,1,4,1,1,1,"","","","","","","","","","","","","","","","","","","","","","","","",3000,1,"","",10,1,1,1,"","",0,1,"","","","","","","","","","","","","","","","","","","","","","","","","","","","","","","","","","","","","","","","","","","","","","","","","","","","","","","","","","","","","",""
"59343001","LILLE-LESQUIN",50.57,3.0975,47,1959070109,"","","","",3.,1,"","","","","","","","","","","","","","","","","","","","","","","","","","","","","","",17.3,1,10.9,1,"","","","","","","","","","","","","","","","","","","","","","","","","","",67,1,"","","","","","","","","","","","",13.3,1,1024.6,1,"","","","","","",7,1,7,1,1,1,0,1,6,1,"","","","","","","","","","","","","","","","","","","","","","","","",9000,1,"","",3,1,2,1,"","","","","","","","","","","","","","","","","","","","","","","","","","","","","","","","","","","","","","","","","","","","","","","","","","","","","","","","","","","","","","","","","",""
"59343001","LILLE-LESQUIN",50.57,3.0975,47,1959070112,"","","","",6.,1,"","","","","","","","","","","","","","","","","","","","","","","","","","","","","","",19.,1,10.8,1,"","","","","","","","","","","","","","","","","","","","","","","","","","",60,1,"","","","","","","","","","","","",13.2,1,1024.9,1,"","","","","","",8,1,8,1,2,1,2,1,"","","","","","","","","","","","","","","","","","","","","","","","","","",15000,1,"","",2,1,2,1,"","","","","","","","","","","","","","","","","","","","","","","","","","","","","","","","","","","","","","","","","","","","","","","","","","","","","","","","","","","","","","","","","",""
"59343001","LILLE-LESQUIN",50.57,3.0975,47,1959070115,"","","","",7.,1,"","","","","","","","","","","","","","","","","","","","","","","","","","","","","","",17.8,1,10.,1,"","","","","","","","","","","","","","","","","","","","","","","","","","",61,1,"","","","","","","","","","","","",12.5,1,1025.1,1,"","","","","","",8,1,8,1,4,1,7,1,"","","","","","","","","","","","","","","","","","","","","","","","","","",25000,1,"","",21,1,6,1,"","","","","","","","","","","","","","","","","","","","","","","","","","","","","","","","","","","","","","","","","","","","","","","","","","","","","","","","","","","","","","","","","",""
"59343001","LILLE-LESQUIN",50.57,3.0975,47,1959070118,"","","","",6.,1,"","","","","","","","","","","","","","","","","","","","","","","","","","","","","","",16.7,1,12.1,1,"","","","","","","","","","","","","","","","","","","","","","","","","","",76,1,"","","","","","","","","","","","",14.4,1,1024.6,1,"","","","","","",8,1,8,1,5,1,"","","","","","","","","","","","","","","","","","","","","","","","","","","","",15000,1,"","",3,1,6,1,"","","","","","","","","","","","","","","","","","","","","","","","","","","","","","","","","","","","","","","","","","","","","","","","","","","","","","","","","","","","","","","","","",""
"59343001","LILLE-LESQUIN",50.57,3.0975,47,1959070121,"","","","",6.,1,"","","","","","","","","","","","","","","","","","","","","","","","","","","","","","",16.4,1,14.5,1,"","","","","","","","","","","","","","","","","","","","","","","","","","",91,1,"","","","","","","","","","","","",17.,1,1023.8,1,"","","","","","",8,1,8,1,6,1,"","","","","","","","","","","","","","","","","","","","","","","","","","","","",10000,1,"","",3,1,2,1,"","","","","","","","","","","","","","","","","","","","","","","","","","","","","","","","","","","","","","","","","","","","","","","","","","","","","","","","","","","","","","","","","",""
"59343001","LILLE-LESQUIN",50.57,3.0975,47,1959070200,"","","","",7.,1,"","","","","","","","","","","","","","","","","","","","","","","","","","","","","","",16.8,1,14.9,1,"","","","","","","","","","","","","","","","","","","","","","","","","","",91,1,"","","","","","","","","","","","",17.4,1,1022.7,1,"","","","","","",8,1,8,1,6,1,"","","","","","","","","","","","","","","","","","","","","","","","","","","","",20000,1,"","",2,1,2,1,"","","","","","","","","","","","","","","","","","","","","","","","","","","","","","","","","","","","","","","","","","","","","","","","","","","","","","","","","","","","","","","","","",""
"59343001","LILLE-LESQUIN",50.57,3.0975,47,1959070203,"","","","",8.,1,"","","","","","","","","","","","","","","","","","","","","","","","","","","","","","",16.2,1,14.8,1,"","","","","","","","","","","","","","","","","","","","","","","","","","",94,1,"","","","","","","","","","","","",17.3,1,1021.6,1,"","","","","","",8,1,8,1,6,1,"","","","","","","","","","","","","","","","","","","","","","","","","","","","",10000,1,"","",2,1,2,1,"","","","","","","","","","","","","","","","","","","","","","","","","","","","","","","","","","","","","","","","","","","","","","","","","","","","","","","","","","","","","","","","","",""
"59343001","LILLE-LESQUIN",50.57,3.0975,47,1959070206,"","","","",8.,1,"","","","","","","","","","","","","","","","","","","","","","","","","","","","","","",16.,1,14.,1,"","","","","","","","","","","","","","","","","","","","","","","","","","",90,1,"","","","","","","","","","","","",16.4,1,1022.4,1,"","","","","","",8,1,8,1,6,1,"","","","","","","","","","","","","","","","","","","","","","","","","","","","",10000,1,"","",51,1,5,1,"","",0,1,"","","","","","","","","","","","","","","","","","","","","","","","","","","","","","","","","","","","","","","","","","","","","","","","","","","","","","","","","","","","","",""
"59343001","LILLE-LESQUIN",50.57,3.0975,47,1959070209,"","","","",9.,1,"","","","","","","","","","","","","","","","","","","","","","","","","","","","","","",16.8,1,14.,1,"","","","","","","","","","","","","","","","","","","","","","","","","","",86,1,"","","","","","","","","","","","",16.4,1,1023.,1,"","","","","","",8,1,8,1,6,1,"","","","","","","","","","","","","","","","","","","","","","","","","","","","",20000,1,"","",20,1,5,1,"","","","","","","","","","","","","","","","","","","","","","","","","","","","","","","","","","","","","","","","","","","","","","","","","","","","","","","","","","","","","","","","","",""
"59343001","LILLE-LESQUIN",50.57,3.0975,47,1959070212,"","","","",9.,1,"","","","","","","","","","","","","","","","","","","","","","","","","","","","","","",18.4,1,14.5,1,"","","","","","","","","","","","","","","","","","","","","","","","","","",80,1,"","","","","","","","","","","","",17.,1,1023.4,1,"","","","","","",8,1,8,1,5,1,"","","","","","","","","","","","","","","","","","","","","","","","","","","","",20000,1,"","",2,1,5,1,"","","","","","","","","","","","","","","","","","","","","","","","","","","","","","","","","","","","","","","","","","","","","","","","","","","","","","","","","","","","","","","","","",""
"59343001","LILLE-LESQUIN",50.57,3.0975,47,1959070215,"","","","",8.,1,"","","","","","","","","","","","","","","","","","","","","","","","","","","","","","",19.,1,14.8,1,"","","","","","","","","","","","","","","","","","","","","","","","","","",78,1,"","","","","","","","","","","","",17.3,1,1023.,1,"","","","","","",8,1,8,1,5,1,"","","","","","","","","","","","","","","","","","","","","","","","","","","","",20000,1,"","",3,1,2,1,"","","","","","","","","","","","","","","","","","","","","","","","","","","","","","","","","","","","","","","","","","","","","","","","","","","","","","","","","","","","","","","","","",""
"59343001","LILLE-LESQUIN",50.57,3.0975,47,1959070218,"","","","",7.,1,"","","","","","","","","","","","","","","","","","","","","","","","","","","","","","",18.,1,14.4,1,"","","","","","","","","","","","","","","","","","","","","","","","","","",81,1,"","","","","","","","","","","","",16.8,1,1022.4,1,"","","","","","",8,1,8,1,5,1,"","","","","","","","","","","","","","","","","","","","","","","","","","","","",20000,1,"","",3,1,2,1,"","","","","","","","","","","","","","","","","","","","","","","","","","","","","","","","","","","","","","","","","","","","","","","","","","","","","","","","","","","","","","","","","",""
"59343001","LILLE-LESQUIN",50.57,3.0975,47,1959070221,"","","","",8.,1,"","","","","","","","","","","","","","","","","","","","","","","","","","","","","","",16.6,1,13.4,1,"","","","","","","","","","","","","","","","","","","","","","","","","","",84,1,"","","","","","","","","","","","",15.8,1,1022.8,1,"","","","","","",8,1,8,1,5,1,"","","","","","","","","","","","","","","","","","","","","","","","","","","","",15000,1,"","",3,1,2,1,"","","","","","","","","","","","","","","","","","","","","","","","","","","","","","","","","","","","","","","","","","","","","","","","","","","","","","","","","","","","","","","","","",""
"59343001","LILLE-LESQUIN",50.57,3.0975,47,1959070300,"","","","",5.,1,"","","","","","","","","","","","","","","","","","","","","","","","","","","","","","",15.9,1,13.8,1,"","","","","","","","","","","","","","","","","","","","","","","","","","",90,1,"","","","","","","","","","","","",16.2,1,1022.3,1,"","","","","","",8,1,8,1,5,1,"","","","","","","","","","","","","","","","","","","","","","","","","","","","",12000,1,"","",2,1,2,1,"","","","","","","","","","","","","","","","","","","","","","","","","","","","","","","","","","","","","","","","","","","","","","","","","","","","","","","","","","","","","","","","","",""
"59343001","LILLE-LESQUIN",50.57,3.0975,47,1959070303,"","","","",6.,1,"","","","","","","","","","","","","","","","","","","","","","","","","","","","","","",15.6,1,13.6,1,"","","","","","","","","","","","","","","","","","","","","","","","","","",90,1,"","","","","","","","","","","","",16.,1,1020.8,1,"","","","","","",8,1,8,1,5,1,"","","","","","","","","","","","","","","","","","","","","","","","","","","","",10000,1,"","",2,1,2,1,"","","","","","","","","","","","","","","","","","","","","","","","","","","","","","","","","","","","","","","","","","","","","","","","","","","","","","","","","","","","","","","","","",""
"59343001","LILLE-LESQUIN",50.57,3.0975,47,1959070306,"","","","",6.,1,"","","","","","","","","","","","","","","","","","","","","","","","","","","","","","",15.5,1,13.2,1,"","","","","","","","","","","","","","","","","","","","","","","","","","",88,1,"","","","","","","","","","","","",15.5,1,1021.2,1,"","","","","","",8,1,6,1,5,1,7,1,"","","","","","","","","","","","","","","","","","","","","","","","","","",8000,1,"","",1,1,2,1,"","",0,1,"","","","","","","","","","","","","","","","","","","","","","","","","","","","","","","","","","","","","","","","","","","","","","","","","","","","","","","","","","","","","",""
"59343001","LILLE-LESQUIN",50.57,3.0975,47,1959070309,"","","","",7.,1,"","","","","","","","","","","","","","","","","","","","","","","","","","","","","","",19.,1,13.4,1,"","","","","","","","","","","","","","","","","","","","","","","","","","",72,1,"","","","","","","","","","","","",15.8,1,1021.,1,"","","","","","",6,1,0,1,2,1,4,1,2,1,"","","","","","","","","","","","","","","","","","","","","","","","",12000,1,"","",1,1,2,1,"","","","","","","","","","","","","","","","","","","","","","","","","","","","","","","","","","","","","","","","","","","","","","","","","","","","","","","","","","","","","","","","","",""
"59343001","LILLE-LESQUIN",50.57,3.0975,47,1959070312,"","","","",6.,1,"","","","","","","","","","","","","","","","","","","","","","","","","","","","","","",20.9,1,14.4,1,"","","","","","","","","","","","","","","","","","","","","","","","","","",68,1,"","","","","","","","","","","","",16.9,1,1020.9,1,"","","","","","",7,1,5,1,2,1,4,1,2,1,"","","","","","","","","","","","","","","","","","","","","","","","",20000,1,"","",2,1,2,1,"","","","","","","","","","","","","","","","","","","","","","","","","","","","","","","","","","","","","","","","","","","","","","","","","","","","","","","","","","","","","","","","","",""
"59343001","LILLE-LESQUIN",50.57,3.0975,47,1959070315,"","","","",7.,1,"","","","","","","","","","","","","","","","","","","","","","","","","","","","","","",22.2,1,14.4,1,"","","","","","","","","","","","","","","","","","","","","","","","","","",63,1,"","","","","","","","","","","","",16.8,1,1019.5,1,"","","","","","",6,1,6,1,1,1,4,1,2,1,"","","","","","","","","","","","","","","","","","","","","","","","",20000,1,"","",1,1,2,1,"","","","","","","","","","","","","","","","","","","","","","","","","","","","","","","","","","","","","","","","","","","","","","","","","","","","","","","","","","","","","","","","","",""
"59343001","LILLE-LESQUIN",50.57,3.0975,47,1959070318,"","","","",6.,1,"","","","","","","","","","","","","","","","","","","","","","","","","","","","","","",20.2,1,14.4,1,"","","","","","","","","","","","","","","","","","","","","","","","","","",71,1,"","","","","","","","","","","","",16.8,1,1019.6,1,"","","","","","",4,1,0,1,1,1,4,1,2,1,"","","","","","","","","","","","","","","","","","","","","","","","",30000,1,"","",1,1,2,1,"","","","","","","","","","","","","","","","","","","","","","","","","","","","","","","","","","","","","","","","","","","","","","","","","","","","","","","","","","","","","","","","","",""
"59343001","LILLE-LESQUIN",50.57,3.0975,47,1959070321,"","","","",4.,1,"","","","","","","","","","","","","","","","","","","","","","","","","","","","","","",15.9,1,13.6,1,"","","","","","","","","","","","","","","","","","","","","","","","","","",89,1,"","","","","","","","","","","","",16.,1,1020.,1,"","","","","","",3,1,0,1,0,1,0,1,2,1,"","","","","","","","","","","","","","","","","","","","","","","","",20000,1,"","",1,1,0,1,"","","","","","","","","","","","","","","","","","","","","","","","","","","","","","","","","","","","","","","","","","","","","","","","","","","","","","","","","","","","","","","","","",""
"59343001","LILLE-LESQUIN",50.57,3.0975,47,1959070400,"","","","",2.,1,"","","","","","","","","","","","","","","","","","","","","","","","","","","","","","",13.,1,12.2,1,"","","","","","","","","","","","","","","","","","","","","","","","","","","","","","","","","","","","","","","","",14.5,1,1020.,1,"","","","","","",0,1,"","",0,1,0,1,0,1,"","","","","","","","","","","","","","","","","","","","","","","","",20000,1,"","",1,1,0,1,"","","","","","","","","","","","","","","","","","","","","","","","","","","","","","","","","","","","","","","","","","","","","","","","","","","","","","","","","","","","","","","","","",""
"59343001","LILLE-LESQUIN",50.57,3.0975,47,1959070403,"","","","",1.,1,"","","","","","","","","","","","","","","","","","","","","","","","","","","","","","",12.7,1,11.6,1,"","","","","","","","","","","","","","","","","","","","","","","","","","",95,1,"","","","","","","","","","","","",14.,1,1020.,1,"","","","","","",1,1,0,1,5,1,4,1,0,1,"","","","","","","","","","","","","","","","","","","","","","","","",12000,1,"","",2,1,0,1,"","","","","","","","","","","","","","","","","","","","","","","","","","","","","","","","","","","","","","","","","","","","","","","","","","","","","","","","","","","","","","","","","",""
"59343001","LILLE-LESQUIN",50.57,3.0975,47,1959070406,"","","","",0.,1,"","","","","","","","","","","","","","","","","","","","","","","","","","","","","","",15.2,1,13.4,1,"","","","","","","","","","","","","","","","","","","","","","","","","","",91,1,"","","","","","","","","","","","",15.8,1,1020.2,1,"","","","","","",1,1,0,1,0,1,0,1,1,1,"","","","","","","","","","","","","","","","","","","","","","","","",4000,1,"","",10,1,0,1,"","",0,1,"","","","","","","","","","","","","","","","","","","","","","","","","","","","","","","","","","","","","","","","","","","","","","","","","","","","","","","","","","","","","",""
"59343001","LILLE-LESQUIN",50.57,3.0975,47,1959070409,"","","","",1.,1,"","","","","","","","","","","","","","","","","","","","","","","","","","","","","","",22.2,1,16.,1,"","","","","","","","","","","","","","","","","","","","","","","","","","",70,1,"","","","","","","","","","","","",18.7,1,1020.2,1,"","","","","","",0,1,"","",0,1,0,1,0,1,"","","","","","","","","","","","","","","","","","","","","","","","",15000,1,"","",2,1,0,1,"","","","","","","","","","","","","","","","","","","","","","","","","","","","","","","","","","","","","","","","","","","","","","","","","","","","","","","","","","","","","","","","","",""
"59343001","LILLE-LESQUIN",50.57,3.0975,47,1959070412,"","","","",2.,1,"","","","","","","","","","","","","","","","","","","","","","","","","","","","","","",26.2,1,16.5,1,"","","","","","","","","","","","","","","","","","","","","","","","","","",56,1,"","","","","","","","","","","","",19.4,1,1020.,1,"","","","","","",2,1,0,1,1,1,0,1,0,1,"","","","","","","","","","","","","","","","","","","","","","","","",25000,1,"","",2,1,0,1,"","","","","","","","","","","","","","","","","","","","","","","","","","","","","","","","","","","","","","","","","","","","","","","","","","","","","","","","","","","","","","","","","",""
"59343001","LILLE-LESQUIN",50.57,3.0975,47,1959070415,"","","","",2.,1,"","","","","","","","","","","","","","","","","","","","","","","","","","","","","","",28.4,1,16.9,1,"","","","","","","","","","","","","","","","","","","","","","","","","","",51,1,"","","","","","","","","","","","",19.8,1,1019.3,1,"","","","","","",1,1,0,1,1,1,0,1,0,1,"","","","","","","","","","","","","","","","","","","","","","","","",20000,1,"","",2,1,0,1,"","","","","","","","","","","","","","","","","","","","","","","","","","","","","","","","","","","","","","","","","","","","","","","","","","","","","","","","","","","","","","","","","",""
"59343001","LILLE-LESQUIN",50.57,3.0975,47,1959070418,"","","","",3.,1,"","","","","","","","","","","","","","","","","","","","","","","","","","","","","","",27.9,1,16.3,1,"","","","","","","","","","","","","","","","","","","","","","","","","","",51,1,"","","","","","","","","","","","",19.1,1,1018.8,1,"","","","","","",0,1,"","",0,1,0,1,0,1,"","","","","","","","","","","","","","","","","","","","","","","","",15000,1,"","",2,1,0,1,"","","","","","","","","","","","","","","","","","","","","","","","","","","","","","","","","","","","","","","","","","","","","","","","","","","","","","","","","","","","","","","","","",""
"59343001","LILLE-LESQUIN",50.57,3.0975,47,1959070421,"","","","",2.,1,"","","","","","","","","","","","","","","","","","","","","","","","","","","","","","",20.5,1,15.7,1,"","","","","","","","","","","","","","","","","","","","","","","","","","",77,1,"","","","","","","","","","","","",18.4,1,1019.4,1,"","","","","","",3,1,0,1,0,1,8,1,0,1,"","","","","","","","","","","","","","","","","","","","","","","","",10000,1,"","",2,1,0,1,"","","","","","","","","","","","","","","","","","","","","","","","","","","","","","","","","","","","","","","","","","","","","","","","","","","","","","","","","","","","","","","","","",""
"59343001","LILLE-LESQUIN",50.57,3.0975,47,1959070500,"","","","",1.,1,"","","","","","","","","","","","","","","","","","","","","","","","","","","","","","",16.9,1,15.7,1,"","","","","","","","","","","","","","","","","","","","","","","","","","",96,1,"","","","","","","","","","","","",18.4,1,1019.2,1,"","","","","","",0,1,"","",0,1,0,1,0,1,"","","","","","","","","","","","","","","","","","","","","","","","",10000,1,"","",2,1,0,1,"","","","","","","","","","","","","","","","","","","","","","","","","","","","","","","","","","","","","","","","","","","","","","","","","","","","","","","","","","","","","","","","","",""
"59343001","LILLE-LESQUIN",50.57,3.0975,47,1959070503,"","","","",1.,1,"","","","","","","","","","","","","","","","","","","","","","","","","","","","","","",14.8,1,14.8,1,"","","","","","","","","","","","","","","","","","","","","","","","","","",99,1,"","","","","","","","","","","","",16.6,1,1018.3,1,"","","","","","",1,1,0,1,0,1,4,1,0,1,"","","","","","","","","","","","","","","","","","","","","","","","",4000,1,"","",10,1,0,1,"","","","","","","","","","","","","","","","","","","","","","","","","","","","","","","","","","","","","","","","","","","","","","","","","","","","","","","","","","","","","","","","","",""
"59343001","LILLE-LESQUIN",50.57,3.0975,47,1959070506,"","","","",1.,1,"","","","","","","","","","","","","","","","","","","","","","","","","","","","","","",19.,1,17.5,1,"","","","","","","","","","","","","","","","","","","","","","","","","","",94,1,"","","","","","","","","","","","",20.6,1,1018.6,1,"","","","","","",0,1,"","",0,1,0,1,0,1,"","","","","","","","","","","","","","","","","","","","","","","","",4000,1,"","",10,1,0,1,"","",0,1,"","","","","","","","","","","","","","","","","","","","","","","","","","","","","","","","","","","","","","","","","","","","","","","","","","","","","","","","","","","","","",""
"59343001","LILLE-LESQUIN",50.57,3.0975,47,1959070509,"","","","",3.,1,"","","","","","","","","","","","","","","","","","","","","","","","","","","","","","",26.8,1,17.8,1,"","","","","","","","","","","","","","","","","","","","","","","","","","",59,1,"","","","","","","","","","","","",21.,1,1018.4,1,"","","","","","",0,1,"","",0,1,0,1,0,1,"","","","","","","","","","","","","","","","","","","","","","","","",10000,1,"","",2,1,0,1,"","","","","","","","","","","","","","","","","","","","","","","","","","","","","","","","","","","","","","","","","","","","","","","","","","","","","","","","","","","","","","","","","",""
"59343001","LILLE-LESQUIN",50.57,3.0975,47,1959070512,"","","","",5.,1,"","","","","","","","","","","","","","","","","","","","","","","","","","","","","","",30.6,1,15.6,1,"","","","","","","","","","","","","","","","","","","","","","","","","","",41,1,"","","","","","","","","","","","",18.2,1,1017.2,1,"","","","","","",0,1,"","",0,1,0,1,0,1,"","","","","","","","","","","","","","","","","","","","","","","","",15000,1,"","",2,1,0,1,"","","","","","","","","","","","","","","","","","","","","","","","","","","","","","","","","","","","","","","","","","","","","","","","","","","","","","","","","","","","","","","","","",""
"59343001","LILLE-LESQUIN",50.57,3.0975,47,1959070515,"","","","",4.,1,"","","","","","","","","","","","","","","","","","","","","","","","","","","","","","",32.6,1,15.6,1,"","","","","","","","","","","","","","","","","","","","","","","","","","",37,1,"","","","","","","","","","","","",18.2,1,1016.1,1,"","","","","","",1,1,0,1,0,1,8,1,0,1,"","","","","","","","","","","","","","","","","","","","","","","","",25000,1,"","",2,1,0,1,"","","","","","","","","","","","","","","","","","","","","","","","","","","","","","","","","","","","","","","","","","","","","","","","","","","","","","","","","","","","","","","","","",""
"59343001","LILLE-LESQUIN",50.57,3.0975,47,1959070518,"","","","",3.,1,"","","","","","","","","","","","","","","","","","","","","","","","","","","","","","",31.2,1,17.,1,"","","","","","","","","","","","","","","","","","","","","","","","","","",43,1,"","","","","","","","","","","","",20.,1,1014.8,1,"","","","","","",4,1,0,1,0,1,8,1,2,1,"","","","","","","","","","","","","","","","","","","","","","","","",30000,1,"","",3,1,0,1,"","","","","","","","","","","","","","","","","","","","","","","","","","","","","","","","","","","","","","","","","","","","","","","","","","","","","","","","","","","","","","","","","",""
"59343001","LILLE-LESQUIN",50.57,3.0975,47,1959070521,"","","","",1.,1,"","","","","","","","","","","","","","","","","","","","","","","","","","","","","","",25.2,1,17.1,1,"","","","","","","","","","","","","","","","","","","","","","","","","","",63,1,"","","","","","","","","","","","",20.1,1,1015.2,1,"","","","","","",7,1,0,1,9,1,8,1,3,1,"","","","","","","","","","","","","","","","","","","","","","","","",15000,1,"","",95,1,9,1,"","","","","","","","","","","","","","","","","","","","","","","","","","","","","","","","","","","","","","","","","","","","","","","","","","","","","","","","","","","","","","","","","",""
"59343001","LILLE-LESQUIN",50.57,3.0975,47,1959070600,"","","","",6.,1,"","","","","","","","","","","","","","","","","","","","","","","","","","","","","","",19.4,1,14.5,1,"","","","","","","","","","","","","","","","","","","","","","","","","","",76,1,"","","","","","","","","","","","",17.,1,1016.1,1,"","","","","","",4,1,0,1,5,1,0,1,0,1,"","","","","","","","","","","","","","","","","","","","","","","","",15000,1,"","",13,1,9,1,"","","","","","","","","","","","","","","","","","","","","","","","","","","","","","","","","","","","","","","","","","","","","","","","","","","","","","","","","","","","","","","","","",""
"59343001","LILLE-LESQUIN",50.57,3.0975,47,1959070603,"","","","",2.,1,"","","","","","","","","","","","","","","","","","","","","","","","","","","","","","",16.7,1,15.1,1,"","","","","","","","","","","","","","","","","","","","","","","","","","",93,1,"","","","","","","","","","","","",17.6,1,1017.6,1,"","","","","","",2,1,0,1,5,1,0,1,0,1,"","","","","","","","","","","","","","","","","","","","","","","","",12000,1,"","",3,1,0,1,"","","","","","","","","","","","","","","","","","","","","","","","","","","","","","","","","","","","","","","","","","","","","","","","","","","","","","","","","","","","","","","","","",""
"59343001","LILLE-LESQUIN",50.57,3.0975,47,1959070606,"","","","",7.,1,"","","","","","","","","","","","","","","","","","","","","","","","","","","","","","",17.8,1,15.3,1,"","","","","","","","","","","","","","","","","","","","","","","","","","",88,1,"","","","","","","","","","","","",17.9,1,1017.8,1,"","","","","","",4,1,0,1,6,1,0,1,0,1,"","","","","","","","","","","","","","","","","","","","","","","","",4000,1,"","",10,1,1,1,"","",0,1,"","","","","","","","","","","","","","","","","","","","","","","","","","","","","","","","","","","","","","","","","","","","","","","","","","","","","","","","","","","","","",""
"59343001","LILLE-LESQUIN",50.57,3.0975,47,1959070609,"","","","",8.,1,"","","","","","","","","","","","","","","","","","","","","","","","","","","","","","",21.4,1,15.1,1,"","","","","","","","","","","","","","","","","","","","","","","","","","",69,1,"","","","","","","","","","","","",17.6,1,1023.,1,"","","","","","",3,1,0,1,1,1,0,1,0,1,"","","","","","","","","","","","","","","","","","","","","","","","",10000,1,"","",1,1,0,1,"","","","","","","","","","","","","","","","","","","","","","","","","","","","","","","","","","","","","","","","","","","","","","","","","","","","","","","","","","","","","","","","","",""
"59343001","LILLE-LESQUIN",50.57,3.0975,47,1959070612,"","","","",8.,1,"","","","","","","","","","","","","","","","","","","","","","","","","","","","","","",21.,1,10.6,1,"","","","","","","","","","","","","","","","","","","","","","","","","","",52,1,"","","","","","","","","","","","",13.,1,1025.4,1,"","","","","","",8,1,5,1,5,1,"","","","","","","","","","","","","","","","","","","","","","","","","","","","",15000,1,"","",3,1,2,1,"","","","","","","","","","","","","","","","","","","","","","","","","","","","","","","","","","","","","","","","","","","","","","","","","","","","","","","","","","","","","","","","","",""
"59343001","LILLE-LESQUIN",50.57,3.0975,47,1959070615,"","","","",8.,1,"","","","","","","","","","","","","","","","","","","","","","","","","","","","","","",22.3,1,6.2,1,"","","","","","","","","","","","","","","","","","","","","","","","","","",35,1,"","","","","","","","","","","","",9.6,1,1026.1,1,"","","","","","",0,1,"","",0,1,0,1,0,1,"","","","","","","","","","","","","","","","","","","","","","","","",30000,1,"","",2,1,0,1,"","","","","","","","","","","","","","","","","","","","","","","","","","","","","","","","","","","","","","","","","","","","","","","","","","","","","","","","","","","","","","","","","",""
"59343001","LILLE-LESQUIN",50.57,3.0975,47,1959070618,"","","","",7.,1,"","","","","","","","","","","","","","","","","","","","","","","","","","","","","","",20.4,1,10.4,1,"","","","","","","","","","","","","","","","","","","","","","","","","","",53,1,"","","","","","","","","","","","",12.9,1,1026.9,1,"","","","","","",1,1,0,1,5,1,0,1,1,1,"","","","","","","","","","","","","","","","","","","","","","","","",40000,1,"","",3,1,0,1,"","","","","","","","","","","","","","","","","","","","","","","","","","","","","","","","","","","","","","","","","","","","","","","","","","","","","","","","","","","","","","","","","",""
"59343001","LILLE-LESQUIN",50.57,3.0975,47,1959070621,"","","","",3.,1,"","","","","","","","","","","","","","","","","","","","","","","","","","","","","","",14.3,1,11.2,1,"","","","","","","","","","","","","","","","","","","","","","","","","","",84,1,"","","","","","","","","","","","",13.6,1,1028.7,1,"","","","","","",1,1,0,1,0,1,0,1,1,1,"","","","","","","","","","","","","","","","","","","","","","","","",20000,1,"","",2,1,0,1,"","","","","","","","","","","","","","","","","","","","","","","","","","","","","","","","","","","","","","","","","","","","","","","","","","","","","","","","","","","","","","","","","",""
"59343001","LILLE-LESQUIN",50.57,3.0975,47,1959070700,"","","","",0.,1,"","","","","","","","","","","","","","","","","","","","","","","","","","","","","","",11.3,1,9.9,1,"","","","","","","","","","","","","","","","","","","","","","","","","","",93,1,"","","","","","","","","","","","",12.4,1,1028.9,1,"","","","","","",0,1,"","",0,1,0,1,0,1,"","","","","","","","","","","","","","","","","","","","","","","","",13000,1,"","",1,1,0,1,"","","","","","","","","","","","","","","","","","","","","","","","","","","","","","","","","","","","","","","","","","","","","","","","","","","","","","","","","","","","","","","","","",""
"59343001","LILLE-LESQUIN",50.57,3.0975,47,1959070703,"","","","",1.,1,"","","","","","","","","","","","","","","","","","","","","","","","","","","","","","",10.,1,8.9,1,"","","","","","","","","","","","","","","","","","","","","","","","","","",95,1,"","","","","","","","","","","","",11.6,1,1028.6,1,"","","","","","",1,1,0,1,0,1,0,1,1,1,"","","","","","","","","","","","","","","","","","","","","","","","",3500,1,"","",10,1,0,1,"","","","","","","","","","","","","","","","","","","","","","","","","","","","","","","","","","","","","","","","","","","","","","","","","","","","","","","","","","","","","","","","","",""
"59343001","LILLE-LESQUIN",50.57,3.0975,47,1959070706,"","","","",2.,1,"","","","","","","","","","","","","","","","","","","","","","","","","","","","","","",13.8,1,12.,1,"","","","","","","","","","","","","","","","","","","","","","","","","","",91,1,"","","","","","","","","","","","",14.3,1,1028.9,1,"","","","","","",1,1,0,1,0,1,0,1,1,1,"","","","","","","","","","","","","","","","","","","","","","","","",3500,1,"","",10,1,0,1,"","",0,1,"","","","","","","","","","","","","","","","","","","","","","","","","","","","","","","","","","","","","","","","","","","","","","","","","","","","","","","","","","","","","",""
"59343001","LILLE-LESQUIN",50.57,3.0975,47,1959070709,"","","","",4.,1,"","","","","","","","","","","","","","","","","","","","","","","","","","","","","","",19.8,1,9.4,1,"","","","","","","","","","","","","","","","","","","","","","","","","","",52,1,"","","","","","","","","","","","",12.,1,1028.2,1,"","","","","","",1,1,0,1,0,1,0,1,1,1,"","","","","","","","","","","","","","","","","","","","","","","","",20000,1,"","",2,1,0,1,"","","","","","","","","","","","","","","","","","","","","","","","","","","","","","","","","","","","","","","","","","","","","","","","","","","","","","","","","","","","","","","","","",""
"59343001","LILLE-LESQUIN",50.57,3.0975,47,1959070712,"","","","",4.,1,"","","","","","","","","","","","","","","","","","","","","","","","","","","","","","",24.1,1,6.9,1,"","","","","","","","","","","","","","","","","","","","","","","","","","",33,1,"","","","","","","","","","","","",10.1,1,1026.9,1,"","","","","","",1,1,0,1,0,1,0,1,1,1,"","","","","","","","","","","","","","","","","","","","","","","","",35000,1,"","",2,1,0,1,"","","","","","","","","","","","","","","","","","","","","","","","","","","","","","","","","","","","","","","","","","","","","","","","","","","","","","","","","","","","","","","","","",""
"59343001","LILLE-LESQUIN",50.57,3.0975,47,1959070715,"","","","",5.,1,"","","","","","","","","","","","","","","","","","","","","","","","","","","","","","",26.2,1,7.7,1,"","","","","","","","","","","","","","","","","","","","","","","","","","",31,1,"","","","","","","","","","","","",10.7,1,1024.5,1,"","","","","","",1,1,0,1,0,1,0,1,1,1,"","","","","","","","","","","","","","","","","","","","","","","","",20000,1,"","",2,1,0,1,"","","","","","","","","","","","","","","","","","","","","","","","","","","","","","","","","","","","","","","","","","","","","","","","","","","","","","","","","","","","","","","","","",""
"59343001","LILLE-LESQUIN",50.57,3.0975,47,1959070718,"","","","",4.,1,"","","","","","","","","","","","","","","","","","","","","","","","","","","","","","",26.4,1,9.2,1,"","","","","","","","","","","","","","","","","","","","","","","","","","",34,1,"","","","","","","","","","","","",11.8,1,1023.,1,"","","","","","",1,1,0,1,0,1,0,1,1,1,"","","","","","","","","","","","","","","","","","","","","","","","",30000,1,"","",2,1,0,1,"","","","","","","","","","","","","","","","","","","","","","","","","","","","","","","","","","","","","","","","","","","","","","","","","","","","","","","","","","","","","","","","","",""
"59343001","LILLE-LESQUIN",50.57,3.0975,47,1959070721,"","","","",3.,1,"","","","","","","","","","","","","","","","","","","","","","","","","","","","","","",18.1,1,10.3,1,"","","","","","","","","","","","","","","","","","","","","","","","","","",61,1,"","","","","","","","","","","","",12.8,1,1022.8,1,"","","","","","",0,1,"","",0,1,0,1,0,1,"","","","","","","","","","","","","","","","","","","","","","","","",13000,1,"","",2,1,0,1,"","","","","","","","","","","","","","","","","","","","","","","","","","","","","","","","","","","","","","","","","","","","","","","","","","","","","","","","","","","","","","","","","",""
"59343001","LILLE-LESQUIN",50.57,3.0975,47,1959070800,"","","","",3.,1,"","","","","","","","","","","","","","","","","","","","","","","","","","","","","","",15.8,1,10.1,1,"","","","","","","","","","","","","","","","","","","","","","","","","","",70,1,"","","","","","","","","","","","",12.6,1,1022.,1,"","","","","","",0,1,"","",0,1,0,1,0,1,"","","","","","","","","","","","","","","","","","","","","","","","",10000,1,"","",2,1,0,1,"","","","","","","","","","","","","","","","","","","","","","","","","","","","","","","","","","","","","","","","","","","","","","","","","","","","","","","","","","","","","","","","","",""
"59343001","LILLE-LESQUIN",50.57,3.0975,47,1959070803,"","","","",0.,1,"","","","","","","","","","","","","","","","","","","","","","","","","","","","","","",15.,1,10.4,1,"","","","","","","","","","","","","","","","","","","","","","","","","","",76,1,"","","","","","","","","","","","",12.9,1,1020.8,1,"","","","","","",0,1,"","",0,1,0,1,0,1,"","","","","","","","","","","","","","","","","","","","","","","","",7000,1,"","",2,1,0,1,"","","","","","","","","","","","","","","","","","","","","","","","","","","","","","","","","","","","","","","","","","","","","","","","","","","","","","","","","","","","","","","","","",""
"59343001","LILLE-LESQUIN",50.57,3.0975,47,1959070806,"","","","",1.,1,"","","","","","","","","","","","","","","","","","","","","","","","","","","","","","",17.2,1,12.3,1,"","","","","","","","","","","","","","","","","","","","","","","","","","",75,1,"","","","","","","","","","","","",14.6,1,1020.5,1,"","","","","","",3,1,0,1,0,1,0,1,1,1,"","","","","","","","","","","","","","","","","","","","","","","","",3000,1,"","",10,1,0,1,"","",0,1,"","","","","","","","","","","","","","","","","","","","","","","","","","","","","","","","","","","","","","","","","","","","","","","","","","","","","","","","","","","","","",""
"59343001","LILLE-LESQUIN",50.57,3.0975,47,1959070809,"","","","",4.,1,"","","","","","","","","","","","","","","","","","","","","","","","","","","","","","",26.1,1,14.4,1,"","","","","","","","","","","","","","","","","","","","","","","","","","",49,1,"","","","","","","","","","","","",16.9,1,1019.2,1,"","","","","","",2,1,0,1,0,1,0,1,1,1,"","","","","","","","","","","","","","","","","","","","","","","","",9000,1,"","",2,1,0,1,"","","","","","","","","","","","","","","","","","","","","","","","","","","","","","","","","","","","","","","","","","","","","","","","","","","","","","","","","","","","","","","","","",""
"59343001","LILLE-LESQUIN",50.57,3.0975,47,1959070812,"","","","",3.,1,"","","","","","","","","","","","","","","","","","","","","","","","","","","","","","",30.6,1,13.5,1,"","","","","","","","","","","","","","","","","","","","","","","","","","",36,1,"","","","","","","","","","","","",15.9,1,1018.1,1,"","","","","","",2,1,0,1,0,1,0,1,1,1,"","","","","","","","","","","","","","","","","","","","","","","","",20000,1,"","",2,1,0,1,"","","","","","","","","","","","","","","","","","","","","","","","","","","","","","","","","","","","","","","","","","","","","","","","","","","","","","","","","","","","","","","","","",""
"59343001","LILLE-LESQUIN",50.57,3.0975,47,1959070815,"","","","",3.,1,"","","","","","","","","","","","","","","","","","","","","","","","","","","","","","",32.6,1,12.8,1,"","","","","","","","","","","","","","","","","","","","","","","","","","",31,1,"","","","","","","","","","","","",15.1,1,1016.7,1,"","","","","","",3,1,0,1,0,1,0,1,1,1,"","","","","","","","","","","","","","","","","","","","","","","","",25000,1,"","",2,1,0,1,"","","","","","","","","","","","","","","","","","","","","","","","","","","","","","","","","","","","","","","","","","","","","","","","","","","","","","","","","","","","","","","","","",""
"59343001","LILLE-LESQUIN",50.57,3.0975,47,1959070818,"","","","",1.,1,"","","","","","","","","","","","","","","","","","","","","","","","","","","","","","",31.5,1,13.3,1,"","","","","","","","","","","","","","","","","","","","","","","","","","",34,1,"","","","","","","","","","","","",15.7,1,1016.,1,"","","","","","",5,1,5,1,0,1,0,1,2,1,"","","","","","","","","","","","","","","","","","","","","","","","",20000,1,"","",2,1,1,1,"","","","","","","","","","","","","","","","","","","","","","","","","","","","","","","","","","","","","","","","","","","","","","","","","","","","","","","","","","","","","","","","","",""
"59343001","LILLE-LESQUIN",50.57,3.0975,47,1959070821,"","","","",2.,1,"","","","","","","","","","","","","","","","","","","","","","","","","","","","","","",23.8,1,15.7,1,"","","","","","","","","","","","","","","","","","","","","","","","","","",62,1,"","","","","","","","","","","","",18.4,1,1016.6,1,"","","","","","",5,1,5,1,0,1,0,1,2,1,"","","","","","","","","","","","","","","","","","","","","","","","",8000,1,"","",2,1,2,1,"","","","","","","","","","","","","","","","","","","","","","","","","","","","","","","","","","","","","","","","","","","","","","","","","","","","","","","","","","","","","","","","","",""
"59343001","LILLE-LESQUIN",50.57,3.0975,47,1959070900,"","","","",0.,1,"","","","","","","","","","","","","","","","","","","","","","","","","","","","","","",19.1,1,16.,1,"","","","","","","","","","","","","","","","","","","","","","","","","","",85,1,"","","","","","","","","","","","",18.7,1,1016.1,1,"","","","","","",0,1,"","",0,1,0,1,0,1,"","","","","","","","","","","","","","","","","","","","","","","","",5000,1,"","",1,1,1,1,"","","","","","","","","","","","","","","","","","","","","","","","","","","","","","","","","","","","","","","","","","","","","","","","","","","","","","","","","","","","","","","","","",""
"59343001","LILLE-LESQUIN",50.57,3.0975,47,1959070903,"","","","",0.,1,"","","","","","","","","","","","","","","","","","","","","","","","","","","","","","",16.6,1,14.6,1,"","","","","","","","","","","","","","","","","","","","","","","","","","",90,1,"","","","","","","","","","","","",17.1,1,1015.6,1,"","","","","","",1,1,0,1,0,1,0,1,2,1,"","","","","","","","","","","","","","","","","","","","","","","","",3000,1,"","",10,1,0,1,"","","","","","","","","","","","","","","","","","","","","","","","","","","","","","","","","","","","","","","","","","","","","","","","","","","","","","","","","","","","","","","","","",""
"59343001","LILLE-LESQUIN",50.57,3.0975,47,1959070906,"","","","",1.,1,"","","","","","","","","","","","","","","","","","","","","","","","","","","","","","",20.3,1,16.9,1,"","","","","","","","","","","","","","","","","","","","","","","","","","",83,1,"","","","","","","","","","","","",19.8,1,1015.1,1,"","","","","","",5,1,5,1,0,1,0,1,2,1,"","","","","","","","","","","","","","","","","","","","","","","","",3000,1,"","",10,1,1,1,"","",0,1,"","","","","","","","","","","","","","","","","","","","","","","","","","","","","","","","","","","","","","","","","","","","","","","","","","","","","","","","","","","","","",""
"59343001","LILLE-LESQUIN",50.57,3.0975,47,1959070909,"","","","",2.,1,"","","","","","","","","","","","","","","","","","","","","","","","","","","","","","",29.2,1,18.6,1,"","","","","","","","","","","","","","","","","","","","","","","","","","",55,1,"","","","","","","","","","","","",22.1,1,1014.6,1,"","","","","","",1,1,0,1,0,1,0,1,1,1,"","","","","","","","","","","","","","","","","","","","","","","","",8000,1,"","",1,1,1,1,"","","","","","","","","","","","","","","","","","","","","","","","","","","","","","","","","","","","","","","","","","","","","","","","","","","","","","","","","","","","","","","","","",""
"59343001","LILLE-LESQUIN",50.57,3.0975,47,1959070912,"","","","",6.,1,"","","","","","","","","","","","","","","","","","","","","","","","","","","","","","",35.6,1,17.,1,"","","","","","","","","","","","","","","","","","","","","","","","","","",35,1,"","","","","","","","","","","","",20.,1,1013.1,1,"","","","","","",4,1,0,1,2,1,0,1,0,1,"","","","","","","","","","","","","","","","","","","","","","","","",12000,1,"","",3,1,0,1,"","","","","","","","","","","","","","","","","","","","","","","","","","","","","","","","","","","","","","","","","","","","","","","","","","","","","","","","","","","","","","","","","",""
"59343001","LILLE-LESQUIN",50.57,3.0975,47,1959070915,"","","","",6.,1,"","","","","","","","","","","","","","","","","","","","","","","","","","","","","","",35.,1,15.,1,"","","","","","","","","","","","","","","","","","","","","","","","","","",31,1,"","","","","","","","","","","","",17.5,1,1012.2,1,"","","","","","",5,1,0,1,2,1,0,1,1,1,"","","","","","","","","","","","","","","","","","","","","","","","",15000,1,"","",3,1,1,1,"","","","","","","","","","","","","","","","","","","","","","","","","","","","","","","","","","","","","","","","","","","","","","","","","","","","","","","","","","","","","","","","","",""
"59343001","LILLE-LESQUIN",50.57,3.0975,47,1959070918,"","","","",5.,1,"","","","","","","","","","","","","","","","","","","","","","","","","","","","","","",25.8,1,18.,1,"","","","","","","","","","","","","","","","","","","","","","","","","","",64,1,"","","","","","","","","","","","",21.3,1,1013.6,1,"","","","","","",1,1,0,1,9,1,0,1,0,1,"","","","","","","","","","","","","","","","","","","","","","","","",6000,1,"","",1,1,0,1,"","","","","","","","","","","","","","","","","","","","","","","","","","","","","","","","","","","","","","","","","","","","","","","","","","","","","","","","","","","","","","","","","",""
"59343001","LILLE-LESQUIN",50.57,3.0975,47,1959070921,"","","","",3.,1,"","","","","","","","","","","","","","","","","","","","","","","","","","","","","","",19.6,1,15.8,1,"","","","","","","","","","","","","","","","","","","","","","","","","","",82,1,"","","","","","","","","","","","",18.5,1,1014.6,1,"","","","","","",1,1,0,1,0,1,4,1,0,1,"","","","","","","","","","","","","","","","","","","","","","","","",3000,1,"","",10,1,0,1,"","","","","","","","","","","","","","","","","","","","","","","","","","","","","","","","","","","","","","","","","","","","","","","","","","","","","","","","","","","","","","","","","",""
"59343001","LILLE-LESQUIN",50.57,3.0975,47,1959071000,"","","","",3.,1,"","","","","","","","","","","","","","","","","","","","","","","","","","","","","","",16.7,1,15.2,1,"","","","","","","","","","","","","","","","","","","","","","","","","","",94,1,"","","","","","","","","","","","",17.8,1,1016.3,1,"","","","","","",8,1,8,1,6,1,"","","","","","","","","","","","","","","","","","","","","","","","","","","","",2500,1,"","",10,1,1,1,"","","","","","","","","","","","","","","","","","","","","","","","","","","","","","","","","","","","","","","","","","","","","","","","","","","","","","","","","","","","","","","","","",""
"59343001","LILLE-LESQUIN",50.57,3.0975,47,1959071003,"","","","",4.,1,"","","","","","","","","","","","","","","","","","","","","","","","","","","","","","",16.4,1,14.5,1,"","","","","","","","","","","","","","","","","","","","","","","","","","",91,1,"","","","","","","","","","","","",17.,1,1016.4,1,"","","","","","",8,1,8,1,6,1,"","","","","","","","","","","","","","","","","","","","","","","","","","","","",3000,1,"","",10,1,2,1,"","","","","","","","","","","","","","","","","","","","","","","","","","","","","","","","","","","","","","","","","","","","","","","","","","","","","","","","","","","","","","","","","",""
"59343001","LILLE-LESQUIN",50.57,3.0975,47,1959071006,"","","","",2.,1,"","","","","","","","","","","","","","","","","","","","","","","","","","","","","","",17.4,1,15.2,1,"","","","","","","","","","","","","","","","","","","","","","","","","","",90,1,"","","","","","","","","","","","",17.8,1,1017.1,1,"","","","","","",8,1,8,1,6,1,"","","","","","","","","","","","","","","","","","","","","","","","","","","","",2500,1,"","",10,1,2,1,"","",0,1,"","","","","","","","","","","","","","","","","","","","","","","","","","","","","","","","","","","","","","","","","","","","","","","","","","","","","","","","","","","","","",""
"59343001","LILLE-LESQUIN",50.57,3.0975,47,1959071009,"","","","",6.,1,"","","","","","","","","","","","","","","","","","","","","","","","","","","","","","",18.2,1,16.,1,"","","","","","","","","","","","","","","","","","","","","","","","","","",90,1,"","","","","","","","","","","","",18.7,1,1016.3,1,"","","","","","",8,1,8,1,5,1,9,1,"","","","","","","","","","","","","","","","","","","","","","","","","","",8000,1,"","",29,1,9,1,"","","","","","","","","","","","","","","","","","","","","","","","","","","","","","","","","","","","","","","","","","","","","","","","","","","","","","","","","","","","","","","","","",""
"59343001","LILLE-LESQUIN",50.57,3.0975,47,1959071012,"","","","",1.,1,"","","","","","","","","","","","","","","","","","","","","","","","","","","","","","",24.6,1,16.8,1,"","","","","","","","","","","","","","","","","","","","","","","","","","",64,1,"","","","","","","","","","","","",19.7,1,1017.6,1,"","","","","","",2,1,0,1,1,1,4,1,0,1,"","","","","","","","","","","","","","","","","","","","","","","","",10000,1,"","",1,1,9,1,"","","","","","","","","","","","","","","","","","","","","","","","","","","","","","","","","","","","","","","","","","","","","","","","","","","","","","","","","","","","","","","","","",""
"59343001","LILLE-LESQUIN",50.57,3.0975,47,1959071015,"","","","",1.,1,"","","","","","","","","","","","","","","","","","","","","","","","","","","","","","",29.2,1,16.4,1,"","","","","","","","","","","","","","","","","","","","","","","","","","",47,1,"","","","","","","","","","","","",19.2,1,1016.2,1,"","","","","","",2,1,0,1,1,1,0,1,0,1,"","","","","","","","","","","","","","","","","","","","","","","","",8000,1,"","",3,1,0,1,"","","","","","","","","","","","","","","","","","","","","","","","","","","","","","","","","","","","","","","","","","","","","","","","","","","","","","","","","","","","","","","","","",""
"59343001","LILLE-LESQUIN",50.57,3.0975,47,1959071018,"","","","",2.,1,"","","","","","","","","","","","","","","","","","","","","","","","","","","","","","",27.8,1,17.5,1,"","","","","","","","","","","","","","","","","","","","","","","","","","",54,1,"","","","","","","","","","","","",20.6,1,1014.6,1,"","","","","","",3,1,0,1,0,1,0,1,1,1,"","","","","","","","","","","","","","","","","","","","","","","","",8000,1,"","",3,1,0,1,"","","","","","","","","","","","","","","","","","","","","","","","","","","","","","","","","","","","","","","","","","","","","","","","","","","","","","","","","","","","","","","","","",""
"59343001","LILLE-LESQUIN",50.57,3.0975,47,1959071021,"","","","",4.,1,"","","","","","","","","","","","","","","","","","","","","","","","","","","","","","",22.3,1,18.3,1,"","","","","","","","","","","","","","","","","","","","","","","","","","",81,1,"","","","","","","","","","","","",21.8,1,1015.,1,"","","","","","",6,1,5,1,0,1,8,1,1,1,"","","","","","","","","","","","","","","","","","","","","","","","",4000,1,"","",10,1,2,1,"","","","","","","","","","","","","","","","","","","","","","","","","","","","","","","","","","","","","","","","","","","","","","","","","","","","","","","","","","","","","","","","","",""
"59343001","LILLE-LESQUIN",50.57,3.0975,47,1959071100,"","","","",0.,1,"","","","","","","","","","","","","","","","","","","","","","","","","","","","","","",19.8,1,17.7,1,"","","","","","","","","","","","","","","","","","","","","","","","","","",91,1,"","","","","","","","","","","","",20.9,1,1014.1,1,"","","","","","",5,1,5,1,0,1,8,1,1,1,"","","","","","","","","","","","","","","","","","","","","","","","",4500,1,"","",10,1,1,1,"","","","","","","","","","","","","","","","","","","","","","","","","","","","","","","","","","","","","","","","","","","","","","","","","","","","","","","","","","","","","","","","","",""
"59343001","LILLE-LESQUIN",50.57,3.0975,47,1959071103,"","","","",2.,1,"","","","","","","","","","","","","","","","","","","","","","","","","","","","","","",19.6,1,17.7,1,"","","","","","","","","","","","","","","","","","","","","","","","","","",91,1,"","","","","","","","","","","","",20.9,1,1011.,1,"","","","","","",6,1,6,1,0,1,8,1,1,1,"","","","","","","","","","","","","","","","","","","","","","","","",4000,1,"","",13,1,1,1,"","","","","","","","","","","","","","","","","","","","","","","","","","","","","","","","","","","","","","","","","","","","","","","","","","","","","","","","","","","","","","","","","",""
"59343001","LILLE-LESQUIN",50.57,3.0975,47,1959071106,"","","","",5.,1,"","","","","","","","","","","","","","","","","","","","","","","","","","","","","","",22.3,1,17.7,1,"","","","","","","","","","","","","","","","","","","","","","","","","","",78,1,"","","","","","","","","","","","",20.9,1,1009.6,1,"","","","","","",3,1,0,1,0,1,8,1,1,1,"","","","","","","","","","","","","","","","","","","","","","","","",4500,1,"","",10,1,1,1,"","",0,1,"","","","","","","","","","","","","","","","","","","","","","","","","","","","","","","","","","","","","","","","","","","","","","","","","","","","","","","","","","","","","",""
"59343001","LILLE-LESQUIN",50.57,3.0975,47,1959071109,"","","","",7.,1,"","","","","","","","","","","","","","","","","","","","","","","","","","","","","","",24.8,1,17.,1,"","","","","","","","","","","","","","","","","","","","","","","","","","",64,1,"","","","","","","","","","","","",20.,1,1009.7,1,"","","","","","",7,1,6,1,2,1,9,1,"","","","","","","","","","","","","","","","","","","","","","","","","","",6000,1,"","",3,1,1,1,"","","","","","","","","","","","","","","","","","","","","","","","","","","","","","","","","","","","","","","","","","","","","","","","","","","","","","","","","","","","","","","","","",""
"59343001","LILLE-LESQUIN",50.57,3.0975,47,1959071112,"","","","",9.,1,"","","","","","","","","","","","","","","","","","","","","","","","","","","","","","",25.8,1,9.6,1,"","","","","","","","","","","","","","","","","","","","","","","","","","",36,1,"","","","","","","","","","","","",12.2,1,1010.5,1,"","","","","","",3,1,0,1,1,1,0,1,0,1,"","","","","","","","","","","","","","","","","","","","","","","","",8000,1,"","",1,1,1,1,"","","","","","","","","","","","","","","","","","","","","","","","","","","","","","","","","","","","","","","","","","","","","","","","","","","","","","","","","","","","","","","","","",""
"59343001","LILLE-LESQUIN",50.57,3.0975,47,1959071115,"","","","",10.,1,"","","","","","","","","","","","","","","","","","","","","","","","","","","","","","",22.5,1,12.1,1,"","","","","","","","","","","","","","","","","","","","","","","","","","",53,1,"","","","","","","","","","","","",14.4,1,1011.6,1,"","","","","","",6,1,6,1,2,1,0,1,0,1,"","","","","","","","","","","","","","","","","","","","","","","","",10000,1,"","",1,1,1,1,"","","","","","","","","","","","","","","","","","","","","","","","","","","","","","","","","","","","","","","","","","","","","","","","","","","","","","","","","","","","","","","","","",""
"59343001","LILLE-LESQUIN",50.57,3.0975,47,1959071118,"","","","",7.,1,"","","","","","","","","","","","","","","","","","","","","","","","","","","","","","",19.8,1,11.4,1,"","","","","","","","","","","","","","","","","","","","","","","","","","",60,1,"","","","","","","","","","","","",13.8,1,1012.1,1,"","","","","","",1,1,0,1,1,1,0,1,0,1,"","","","","","","","","","","","","","","","","","","","","","","","",8000,1,"","",1,1,1,1,"","","","","","","","","","","","","","","","","","","","","","","","","","","","","","","","","","","","","","","","","","","","","","","","","","","","","","","","","","","","","","","","","",""
"59343001","LILLE-LESQUIN",50.57,3.0975,47,1959071121,"","","","",2.,1,"","","","","","","","","","","","","","","","","","","","","","","","","","","","","","",14.8,1,10.4,1,"","","","","","","","","","","","","","","","","","","","","","","","","","",77,1,"","","","","","","","","","","","",12.9,1,1013.6,1,"","","","","","",1,1,0,1,0,1,3,1,0,1,"","","","","","","","","","","","","","","","","","","","","","","","",10000,1,"","",1,1,0,1,"","","","","","","","","","","","","","","","","","","","","","","","","","","","","","","","","","","","","","","","","","","","","","","","","","","","","","","","","","","","","","","","","",""
"59343001","LILLE-LESQUIN",50.57,3.0975,47,1959071200,"","","","",1.,1,"","","","","","","","","","","","","","","","","","","","","","","","","","","","","","",12.7,1,9.2,1,"","","","","","","","","","","","","","","","","","","","","","","","","","",80,1,"","","","","","","","","","","","",11.8,1,1012.3,1,"","","","","","",0,1,"","",0,1,0,1,0,1,"","","","","","","","","","","","","","","","","","","","","","","","",10000,1,"","",2,1,0,1,"","","","","","","","","","","","","","","","","","","","","","","","","","","","","","","","","","","","","","","","","","","","","","","","","","","","","","","","","","","","","","","","","",""
"59343001","LILLE-LESQUIN",50.57,3.0975,47,1959071203,"","","","",1.,1,"","","","","","","","","","","","","","","","","","","","","","","","","","","","","","",12.2,1,10.4,1,"","","","","","","","","","","","","","","","","","","","","","","","","","",90,1,"","","","","","","","","","","","",12.9,1,1011.2,1,"","","","","","",1,1,0,1,0,1,3,1,0,1,"","","","","","","","","","","","","","","","","","","","","","","","",6000,1,"","",1,1,0,1,"","","","","","","","","","","","","","","","","","","","","","","","","","","","","","","","","","","","","","","","","","","","","","","","","","","","","","","","","","","","","","","","","",""
"59343001","LILLE-LESQUIN",50.57,3.0975,47,1959071206,"","","","",4.,1,"","","","","","","","","","","","","","","","","","","","","","","","","","","","","","",14.,1,11.4,1,"","","","","","","","","","","","","","","","","","","","","","","","","","",87,1,"","","","","","","","","","","","",13.8,1,1010.4,1,"","","","","","",7,1,7,1,0,1,7,1,"","","","","","","","","","","","","","","","","","","","","","","","","","",5000,1,"","",3,1,1,1,"","",0,1,"","","","","","","","","","","","","","","","","","","","","","","","","","","","","","","","","","","","","","","","","","","","","","","","","","","","","","","","","","","","","",""
"59343001","LILLE-LESQUIN",50.57,3.0975,47,1959071209,"","","","",6.,1,"","","","","","","","","","","","","","","","","","","","","","","","","","","","","","",18.2,1,11.7,1,"","","","","","","","","","","","","","","","","","","","","","","","","","",68,1,"","","","","","","","","","","","",14.1,1,1010.3,1,"","","","","","",8,1,8,1,5,1,7,1,"","","","","","","","","","","","","","","","","","","","","","","","","","",12000,1,"","",2,1,2,1,"","","","","","","","","","","","","","","","","","","","","","","","","","","","","","","","","","","","","","","","","","","","","","","","","","","","","","","","","","","","","","","","","",""
"59343001","LILLE-LESQUIN",50.57,3.0975,47,1959071212,"","","","",6.,1,"","","","","","","","","","","","","","","","","","","","","","","","","","","","","","",19.2,1,11.7,1,"","","","","","","","","","","","","","","","","","","","","","","","","","",63,1,"","","","","","","","","","","","",14.1,1,1010.7,1,"","","","","","",8,1,8,1,7,1,"","","","","","","","","","","","","","","","","","","","","","","","","","","","",12000,1,"","",61,1,2,1,"","","","","","","","","","","","","","","","","","","","","","","","","","","","","","","","","","","","","","","","","","","","","","","","","","","","","","","","","","","","","","","","","",""
"59343001","LILLE-LESQUIN",50.57,3.0975,47,1959071215,"","","","",8.,1,"","","","","","","","","","","","","","","","","","","","","","","","","","","","","","",20.,1,9.9,1,"","","","","","","","","","","","","","","","","","","","","","","","","","",53,1,"","","","","","","","","","","","",12.4,1,1011.3,1,"","","","","","",7,1,6,1,2,1,3,1,0,1,"","","","","","","","","","","","","","","","","","","","","","","","",40000,1,"","",2,1,6,1,"","","","","","","","","","","","","","","","","","","","","","","","","","","","","","","","","","","","","","","","","","","","","","","","","","","","","","","","","","","","","","","","","",""
"59343001","LILLE-LESQUIN",50.57,3.0975,47,1959071218,"","","","",8.,1,"","","","","","","","","","","","","","","","","","","","","","","","","","","","","","",18.9,1,8.1,1,"","","","","","","","","","","","","","","","","","","","","","","","","","",50,1,"","","","","","","","","","","","",11.,1,1011.4,1,"","","","","","",4,1,0,1,2,1,4,1,0,1,"","","","","","","","","","","","","","","","","","","","","","","","",40000,1,"","",2,1,6,1,"","","","","","","","","","","","","","","","","","","","","","","","","","","","","","","","","","","","","","","","","","","","","","","","","","","","","","","","","","","","","","","","","",""
"59343001","LILLE-LESQUIN",50.57,3.0975,47,1959071221,"","","","",3.,1,"","","","","","","","","","","","","","","","","","","","","","","","","","","","","","",12.9,1,8.8,1,"","","","","","","","","","","","","","","","","","","","","","","","","","",77,1,"","","","","","","","","","","","",11.5,1,1012.4,1,"","","","","","",1,1,0,1,5,1,0,1,0,1,"","","","","","","","","","","","","","","","","","","","","","","","",15000,1,"","",2,1,0,1,"","","","","","","","","","","","","","","","","","","","","","","","","","","","","","","","","","","","","","","","","","","","","","","","","","","","","","","","","","","","","","","","","",""
"59343001","LILLE-LESQUIN",50.57,3.0975,47,1959071300,"","","","",4.,1,"","","","","","","","","","","","","","","","","","","","","","","","","","","","","","",12.8,1,10.4,1,"","","","","","","","","","","","","","","","","","","","","","","","","","",87,1,"","","","","","","","","","","","",12.9,1,1013.,1,"","","","","","",0,1,"","",0,1,0,1,0,1,"","","","","","","","","","","","","","","","","","","","","","","","",15000,1,"","",2,1,0,1,"","","","","","","","","","","","","","","","","","","","","","","","","","","","","","","","","","","","","","","","","","","","","","","","","","","","","","","","","","","","","","","","","",""
"59343001","LILLE-LESQUIN",50.57,3.0975,47,1959071303,"","","","",4.,1,"","","","","","","","","","","","","","","","","","","","","","","","","","","","","","",11.2,1,9.9,1,"","","","","","","","","","","","","","","","","","","","","","","","","","",94,1,"","","","","","","","","","","","",12.4,1,1013.1,1,"","","","","","",2,1,0,1,5,1,0,1,0,1,"","","","","","","","","","","","","","","","","","","","","","","","",15000,1,"","",3,1,0,1,"","","","","","","","","","","","","","","","","","","","","","","","","","","","","","","","","","","","","","","","","","","","","","","","","","","","","","","","","","","","","","","","","",""
"59343001","LILLE-LESQUIN",50.57,3.0975,47,1959071306,"","","","",5.,1,"","","","","","","","","","","","","","","","","","","","","","","","","","","","","","",13.4,1,11.2,1,"","","","","","","","","","","","","","","","","","","","","","","","","","",88,1,"","","","","","","","","","","","",13.6,1,1014.7,1,"","","","","","",3,1,0,1,2,1,0,1,0,1,"","","","","","","","","","","","","","","","","","","","","","","","",8000,1,"","",3,1,0,1,"","",0,1,"","","","","","","","","","","","","","","","","","","","","","","","","","","","","","","","","","","","","","","","","","","","","","","","","","","","","","","","","","","","","",""
"59343001","LILLE-LESQUIN",50.57,3.0975,47,1959071309,"","","","",6.,1,"","","","","","","","","","","","","","","","","","","","","","","","","","","","","","",16.8,1,11.,1,"","","","","","","","","","","","","","","","","","","","","","","","","","",70,1,"","","","","","","","","","","","",13.4,1,1016.3,1,"","","","","","",6,1,5,1,2,1,4,1,0,1,"","","","","","","","","","","","","","","","","","","","","","","","",20000,1,"","",25,1,8,1,"","","","","","","","","","","","","","","","","","","","","","","","","","","","","","","","","","","","","","","","","","","","","","","","","","","","","","","","","","","","","","","","","",""
"59343001","LILLE-LESQUIN",50.57,3.0975,47,1959071312,"","","","",8.,1,"","","","","","","","","","","","","","","","","","","","","","","","","","","","","","",21.8,1,5.1,1,"","","","","","","","","","","","","","","","","","","","","","","","","","",34,1,"","","","","","","","","","","","",8.9,1,1016.8,1,"","","","","","",5,1,5,1,2,1,0,1,0,1,"","","","","","","","","","","","","","","","","","","","","","","","",40000,1,"","",2,1,8,1,"","","","","","","","","","","","","","","","","","","","","","","","","","","","","","","","","","","","","","","","","","","","","","","","","","","","","","","","","","","","","","","","","",""
"59343001","LILLE-LESQUIN",50.57,3.0975,47,1959071315,"","","","",7.,1,"","","","","","","","","","","","","","","","","","","","","","","","","","","","","","",22.,1,5.1,1,"","","","","","","","","","","","","","","","","","","","","","","","","","",34,1,"","","","","","","","","","","","",8.9,1,1017.2,1,"","","","","","",5,1,5,1,2,1,0,1,0,1,"","","","","","","","","","","","","","","","","","","","","","","","",40000,1,"","",2,1,2,1,"","","","","","","","","","","","","","","","","","","","","","","","","","","","","","","","","","","","","","","","","","","","","","","","","","","","","","","","","","","","","","","","","",""
"59343001","LILLE-LESQUIN",50.57,3.0975,47,1959071318,"","","","",5.,1,"","","","","","","","","","","","","","","","","","","","","","","","","","","","","","",19.9,1,5.5,1,"","","","","","","","","","","","","","","","","","","","","","","","","","",39,1,"","","","","","","","","","","","",9.1,1,1017.5,1,"","","","","","",1,1,0,1,4,1,0,1,0,1,"","","","","","","","","","","","","","","","","","","","","","","","",40000,1,"","",1,1,1,1,"","","","","","","","","","","","","","","","","","","","","","","","","","","","","","","","","","","","","","","","","","","","","","","","","","","","","","","","","","","","","","","","","",""
"59343001","LILLE-LESQUIN",50.57,3.0975,47,1959071321,"","","","",3.,1,"","","","","","","","","","","","","","","","","","","","","","","","","","","","","","",12.6,1,8.4,1,"","","","","","","","","","","","","","","","","","","","","","","","","","",77,1,"","","","","","","","","","","","",11.2,1,1018.9,1,"","","","","","",0,1,"","",0,1,0,1,0,1,"","","","","","","","","","","","","","","","","","","","","","","","",30000,1,"","",2,1,0,1,"","","","","","","","","","","","","","","","","","","","","","","","","","","","","","","","","","","","","","","","","","","","","","","","","","","","","","","","","","","","","","","","","",""
"59343001","LILLE-LESQUIN",50.57,3.0975,47,1959071400,"","","","",2.,1,"","","","","","","","","","","","","","","","","","","","","","","","","","","","","","",10.3,1,8.3,1,"","","","","","","","","","","","","","","","","","","","","","","","","","",88,1,"","","","","","","","","","","","",11.1,1,1019.5,1,"","","","","","",0,1,"","",0,1,0,1,0,1,"","","","","","","","","","","","","","","","","","","","","","","","",20000,1,"","",2,1,0,1,"","","","","","","","","","","","","","","","","","","","","","","","","","","","","","","","","","","","","","","","","","","","","","","","","","","","","","","","","","","","","","","","","",""
"59343001","LILLE-LESQUIN",50.57,3.0975,47,1959071403,"","","","",0.,1,"","","","","","","","","","","","","","","","","","","","","","","","","","","","","","",8.,1,7.1,1,"","","","","","","","","","","","","","","","","","","","","","","","","","",94,1,"","","","","","","","","","","","",10.2,1,1019.,1,"","","","","","",0,1,"","",0,1,0,1,0,1,"","","","","","","","","","","","","","","","","","","","","","","","",10000,1,"","",2,1,0,1,"","","","","","","","","","","","","","","","","","","","","","","","","","","","","","","","","","","","","","","","","","","","","","","","","","","","","","","","","","","","","","","","","",""
"59343001","LILLE-LESQUIN",50.57,3.0975,47,1959071406,"","","","",0.,1,"","","","","","","","","","","","","","","","","","","","","","","","","","","","","","",9.8,1,8.8,1,"","","","","","","","","","","","","","","","","","","","","","","","","","",95,1,"","","","","","","","","","","","",11.5,1,1019.3,1,"","","","","","",8,1,8,1,6,1,"","","","","","","","","","","","","","","","","","","","","","","","","","","","",3000,1,"","",10,1,4,1,"","",0,1,"","","","","","","","","","","","","","","","","","","","","","","","","","","","","","","","","","","","","","","","","","","","","","","","","","","","","","","","","","","","","",""
"59343001","LILLE-LESQUIN",50.57,3.0975,47,1959071409,"","","","",4.,1,"","","","","","","","","","","","","","","","","","","","","","","","","","","","","","",17.2,1,11.1,1,"","","","","","","","","","","","","","","","","","","","","","","","","","",69,1,"","","","","","","","","","","","",13.5,1,1019.7,1,"","","","","","",5,1,0,1,8,1,0,1,0,1,"","","","","","","","","","","","","","","","","","","","","","","","",8000,1,"","",3,1,1,1,"","","","","","","","","","","","","","","","","","","","","","","","","","","","","","","","","","","","","","","","","","","","","","","","","","","","","","","","","","","","","","","","","",""
"59343001","LILLE-LESQUIN",50.57,3.0975,47,1959071412,"","","","",5.,1,"","","","","","","","","","","","","","","","","","","","","","","","","","","","","","",20.2,1,9.3,1,"","","","","","","","","","","","","","","","","","","","","","","","","","",50,1,"","","","","","","","","","","","",11.9,1,1018.9,1,"","","","","","",5,1,0,1,8,1,0,1,0,1,"","","","","","","","","","","","","","","","","","","","","","","","",12000,1,"","",2,1,1,1,"","","","","","","","","","","","","","","","","","","","","","","","","","","","","","","","","","","","","","","","","","","","","","","","","","","","","","","","","","","","","","","","","",""
"59343001","LILLE-LESQUIN",50.57,3.0975,47,1959071415,"","","","",6.,1,"","","","","","","","","","","","","","","","","","","","","","","","","","","","","","",19.7,1,7.1,1,"","","","","","","","","","","","","","","","","","","","","","","","","","",43,1,"","","","","","","","","","","","",10.2,1,1018.6,1,"","","","","","",6,1,5,1,4,1,0,1,0,1,"","","","","","","","","","","","","","","","","","","","","","","","",20000,1,"","",2,1,2,1,"","","","","","","","","","","","","","","","","","","","","","","","","","","","","","","","","","","","","","","","","","","","","","","","","","","","","","","","","","","","","","","","","",""
"59343001","LILLE-LESQUIN",50.57,3.0975,47,1959071418,"","","","",6.,1,"","","","","","","","","","","","","","","","","","","","","","","","","","","","","","",17.4,1,4.8,1,"","","","","","","","","","","","","","","","","","","","","","","","","","",43,1,"","","","","","","","","","","","",8.7,1,1018.7,1,"","","","","","",1,1,0,1,0,1,0,1,1,1,"","","","","","","","","","","","","","","","","","","","","","","","",20000,1,"","",2,1,1,1,"","","","","","","","","","","","","","","","","","","","","","","","","","","","","","","","","","","","","","","","","","","","","","","","","","","","","","","","","","","","","","","","","",""
"59343001","LILLE-LESQUIN",50.57,3.0975,47,1959071421,"","","","",3.,1,"","","","","","","","","","","","","","","","","","","","","","","","","","","","","","",12.,1,6.2,1,"","","","","","","","","","","","","","","","","","","","","","","","","","",68,1,"","","","","","","","","","","","",9.6,1,1019.7,1,"","","","","","",1,1,0,1,0,1,0,1,1,1,"","","","","","","","","","","","","","","","","","","","","","","","",13000,1,"","",2,1,0,1,"","","","","","","","","","","","","","","","","","","","","","","","","","","","","","","","","","","","","","","","","","","","","","","","","","","","","","","","","","","","","","","","","",""
"59343001","LILLE-LESQUIN",50.57,3.0975,47,1959071500,"","","","",2.,1,"","","","","","","","","","","","","","","","","","","","","","","","","","","","","","",9.,1,6.2,1,"","","","","","","","","","","","","","","","","","","","","","","","","","",84,1,"","","","","","","","","","","","",9.6,1,1019.9,1,"","","","","","",0,1,"","",0,1,0,1,0,1,"","","","","","","","","","","","","","","","","","","","","","","","",12000,1,"","",2,1,0,1,"","","","","","","","","","","","","","","","","","","","","","","","","","","","","","","","","","","","","","","","","","","","","","","","","","","","","","","","","","","","","","","","","",""
"59343001","LILLE-LESQUIN",50.57,3.0975,47,1959071503,"","","","",1.,1,"","","","","","","","","","","","","","","","","","","","","","","","","","","","","","",6.7,1,4.3,1,"","","","","","","","","","","","","","","","","","","","","","","","","","",85,1,"","","","","","","","","","","","",8.4,1,1019.2,1,"","","","","","",0,1,"","",0,1,0,1,0,1,"","","","","","","","","","","","","","","","","","","","","","","","",7000,1,"","",2,1,0,1,"","","","","","","","","","","","","","","","","","","","","","","","","","","","","","","","","","","","","","","","","","","","","","","","","","","","","","","","","","","","","","","","","",""
"59343001","LILLE-LESQUIN",50.57,3.0975,47,1959071506,"","","","",1.,1,"","","","","","","","","","","","","","","","","","","","","","","","","","","","","","",10.8,1,7.9,1,"","","","","","","","","","","","","","","","","","","","","","","","","","",84,1,"","","","","","","","","","","","",10.8,1,1019.3,1,"","","","","","",1,1,0,1,0,1,0,1,1,1,"","","","","","","","","","","","","","","","","","","","","","","","",3500,1,"","",10,1,0,1,"","",0,1,"","","","","","","","","","","","","","","","","","","","","","","","","","","","","","","","","","","","","","","","","","","","","","","","","","","","","","","","","","","","","",""
"59343001","LILLE-LESQUIN",50.57,3.0975,47,1959071509,"","","","",3.,1,"","","","","","","","","","","","","","","","","","","","","","","","","","","","","","",16.8,1,6.8,1,"","","","","","","","","","","","","","","","","","","","","","","","","","",52,1,"","","","","","","","","","","","",10.,1,1019.1,1,"","","","","","",1,1,0,1,1,1,0,1,0,1,"","","","","","","","","","","","","","","","","","","","","","","","",15000,1,"","",2,1,0,1,"","","","","","","","","","","","","","","","","","","","","","","","","","","","","","","","","","","","","","","","","","","","","","","","","","","","","","","","","","","","","","","","","",""
"59343001","LILLE-LESQUIN",50.57,3.0975,47,1959071512,"","","","",3.,1,"","","","","","","","","","","","","","","","","","","","","","","","","","","","","","",20.4,1,5.3,1,"","","","","","","","","","","","","","","","","","","","","","","","","","",38,1,"","","","","","","","","","","","",9.,1,1018.3,1,"","","","","","",2,1,0,1,1,1,0,1,1,1,"","","","","","","","","","","","","","","","","","","","","","","","",25000,1,"","",2,1,0,1,"","","","","","","","","","","","","","","","","","","","","","","","","","","","","","","","","","","","","","","","","","","","","","","","","","","","","","","","","","","","","","","","","",""
"59343001","LILLE-LESQUIN",50.57,3.0975,47,1959071515,"","","","",4.,1,"","","","","","","","","","","","","","","","","","","","","","","","","","","","","","",20.6,1,7.2,1,"","","","","","","","","","","","","","","","","","","","","","","","","","",43,1,"","","","","","","","","","","","",10.3,1,1018.1,1,"","","","","","",4,1,0,1,2,1,0,1,0,1,"","","","","","","","","","","","","","","","","","","","","","","","",30000,1,"","",2,1,0,1,"","","","","","","","","","","","","","","","","","","","","","","","","","","","","","","","","","","","","","","","","","","","","","","","","","","","","","","","","","","","","","","","","",""
"59343001","LILLE-LESQUIN",50.57,3.0975,47,1959071518,"","","","",4.,1,"","","","","","","","","","","","","","","","","","","","","","","","","","","","","","",20.,1,9.2,1,"","","","","","","","","","","","","","","","","","","","","","","","","","",50,1,"","","","","","","","","","","","",11.8,1,1018.2,1,"","","","","","",1,1,0,1,1,1,0,1,0,1,"","","","","","","","","","","","","","","","","","","","","","","","",25000,1,"","",1,1,0,1,"","","","","","","","","","","","","","","","","","","","","","","","","","","","","","","","","","","","","","","","","","","","","","","","","","","","","","","","","","","","","","","","","",""
"59343001","LILLE-LESQUIN",50.57,3.0975,47,1959071521,"","","","",3.,1,"","","","","","","","","","","","","","","","","","","","","","","","","","","","","","",13.9,1,9.4,1,"","","","","","","","","","","","","","","","","","","","","","","","","","",76,1,"","","","","","","","","","","","",12.,1,1019.2,1,"","","","","","",1,1,0,1,0,1,0,1,1,1,"","","","","","","","","","","","","","","","","","","","","","","","",15000,1,"","",2,1,0,1,"","","","","","","","","","","","","","","","","","","","","","","","","","","","","","","","","","","","","","","","","","","","","","","","","","","","","","","","","","","","","","","","","",""
"59343001","LILLE-LESQUIN",50.57,3.0975,47,1959071600,"","","","",2.,1,"","","","","","","","","","","","","","","","","","","","","","","","","","","","","","",10.3,1,8.,1,"","","","","","","","","","","","","","","","","","","","","","","","","","",87,1,"","","","","","","","","","","","",10.9,1,1019.9,1,"","","","","","",1,1,0,1,0,1,0,1,1,1,"","","","","","","","","","","","","","","","","","","","","","","","",15000,1,"","",3,1,0,1,"","","","","","","","","","","","","","","","","","","","","","","","","","","","","","","","","","","","","","","","","","","","","","","","","","","","","","","","","","","","","","","","","",""
"59343001","LILLE-LESQUIN",50.57,3.0975,47,1959071603,"","","","",0.,1,"","","","","","","","","","","","","","","","","","","","","","","","","","","","","","",7.5,1,5.8,1,"","","","","","","","","","","","","","","","","","","","","","","","","","",90,1,"","","","","","","","","","","","",9.3,1,1019.6,1,"","","","","","",2,1,0,1,0,1,4,1,1,1,"","","","","","","","","","","","","","","","","","","","","","","","",6000,1,"","",3,1,0,1,"","","","","","","","","","","","","","","","","","","","","","","","","","","","","","","","","","","","","","","","","","","","","","","","","","","","","","","","","","","","","","","","","",""
"59343001","LILLE-LESQUIN",50.57,3.0975,47,1959071606,"","","","",0.,1,"","","","","","","","","","","","","","","","","","","","","","","","","","","","","","",10.2,1,8.9,1,"","","","","","","","","","","","","","","","","","","","","","","","","","",94,1,"","","","","","","","","","","","",11.6,1,1019.5,1,"","","","","","",2,1,0,1,0,1,0,1,2,1,"","","","","","","","","","","","","","","","","","","","","","","","",4000,1,"","",10,1,0,1,"","",0,1,"","","","","","","","","","","","","","","","","","","","","","","","","","","","","","","","","","","","","","","","","","","","","","","","","","","","","","","","","","","","","",""
"59343001","LILLE-LESQUIN",50.57,3.0975,47,1959071609,"","","","",2.,1,"","","","","","","","","","","","","","","","","","","","","","","","","","","","","","",19.4,1,7.1,1,"","","","","","","","","","","","","","","","","","","","","","","","","","",45,1,"","","","","","","","","","","","",10.2,1,1019.8,1,"","","","","","",3,1,0,1,0,1,5,1,2,1,"","","","","","","","","","","","","","","","","","","","","","","","",7000,1,"","",3,1,0,1,"","","","","","","","","","","","","","","","","","","","","","","","","","","","","","","","","","","","","","","","","","","","","","","","","","","","","","","","","","","","","","","","","",""
"59343001","LILLE-LESQUIN",50.57,3.0975,47,1959071612,"","","","",1.,1,"","","","","","","","","","","","","","","","","","","","","","","","","","","","","","",22.9,1,7.3,1,"","","","","","","","","","","","","","","","","","","","","","","","","","",37,1,"","","","","","","","","","","","",10.4,1,1019.,1,"","","","","","",2,1,0,1,0,1,0,1,2,1,"","","","","","","","","","","","","","","","","","","","","","","","",10000,1,"","",2,1,0,1,"","","","","","","","","","","","","","","","","","","","","","","","","","","","","","","","","","","","","","","","","","","","","","","","","","","","","","","","","","","","","","","","","",""
"59343001","LILLE-LESQUIN",50.57,3.0975,47,1959071615,"","","","",3.,1,"","","","","","","","","","","","","","","","","","","","","","","","","","","","","","",24.7,1,7.1,1,"","","","","","","","","","","","","","","","","","","","","","","","","","",33,1,"","","","","","","","","","","","",10.2,1,1018.5,1,"","","","","","",2,1,0,1,1,1,0,1,2,1,"","","","","","","","","","","","","","","","","","","","","","","","",15000,1,"","",2,1,0,1,"","","","","","","","","","","","","","","","","","","","","","","","","","","","","","","","","","","","","","","","","","","","","","","","","","","","","","","","","","","","","","","","","",""
"59343001","LILLE-LESQUIN",50.57,3.0975,47,1959071618,"","","","",5.,1,"","","","","","","","","","","","","","","","","","","","","","","","","","","","","","",22.7,1,10.1,1,"","","","","","","","","","","","","","","","","","","","","","","","","","",46,1,"","","","","","","","","","","","",12.6,1,1018.4,1,"","","","","","",0,1,"","",0,1,0,1,0,1,"","","","","","","","","","","","","","","","","","","","","","","","",12000,1,"","",2,1,0,1,"","","","","","","","","","","","","","","","","","","","","","","","","","","","","","","","","","","","","","","","","","","","","","","","","","","","","","","","","","","","","","","","","",""
"59343001","LILLE-LESQUIN",50.57,3.0975,47,1959071621,"","","","",3.,1,"","","","","","","","","","","","","","","","","","","","","","","","","","","","","","",15.7,1,9.3,1,"","","","","","","","","","","","","","","","","","","","","","","","","","",67,1,"","","","","","","","","","","","",11.9,1,1020.7,1,"","","","","","",1,1,0,1,0,1,0,1,2,1,"","","","","","","","","","","","","","","","","","","","","","","","",10000,1,"","",2,1,0,1,"","","","","","","","","","","","","","","","","","","","","","","","","","","","","","","","","","","","","","","","","","","","","","","","","","","","","","","","","","","","","","","","","",""
"59343001","LILLE-LESQUIN",50.57,3.0975,47,1959071700,"","","","",0.,1,"","","","","","","","","","","","","","","","","","","","","","","","","","","","","","",13.7,1,9.4,1,"","","","","","","","","","","","","","","","","","","","","","","","","","",76,1,"","","","","","","","","","","","",12.,1,1020.8,1,"","","","","","",4,1,0,1,0,1,3,1,2,1,"","","","","","","","","","","","","","","","","","","","","","","","",10000,1,"","",3,1,1,1,"","","","","","","","","","","","","","","","","","","","","","","","","","","","","","","","","","","","","","","","","","","","","","","","","","","","","","","","","","","","","","","","","",""
"59343001","LILLE-LESQUIN",50.57,3.0975,47,1959071703,"","","","",0.,1,"","","","","","","","","","","","","","","","","","","","","","","","","","","","","","",11.7,1,8.3,1,"","","","","","","","","","","","","","","","","","","","","","","","","","",81,1,"","","","","","","","","","","","",11.1,1,1021.2,1,"","","","","","",6,1,0,1,0,1,5,1,2,1,"","","","","","","","","","","","","","","","","","","","","","","","",10000,1,"","",3,1,1,1,"","","","","","","","","","","","","","","","","","","","","","","","","","","","","","","","","","","","","","","","","","","","","","","","","","","","","","","","","","","","","","","","","",""
"59343001","LILLE-LESQUIN",50.57,3.0975,47,1959071706,"","","","",0.,1,"","","","","","","","","","","","","","","","","","","","","","","","","","","","","","",14.2,1,11.,1,"","","","","","","","","","","","","","","","","","","","","","","","","","",82,1,"","","","","","","","","","","","",13.4,1,1022.3,1,"","","","","","",2,1,0,1,0,1,4,1,0,1,"","","","","","","","","","","","","","","","","","","","","","","","",2500,1,"","",10,1,1,1,"","",0,1,"","","","","","","","","","","","","","","","","","","","","","","","","","","","","","","","","","","","","","","","","","","","","","","","","","","","","","","","","","","","","",""
"59343001","LILLE-LESQUIN",50.57,3.0975,47,1959071709,"","","","",0.,1,"","","","","","","","","","","","","","","","","","","","","","","","","","","","","","",21.8,1,11.1,1,"","","","","","","","","","","","","","","","","","","","","","","","","","",51,1,"","","","","","","","","","","","",13.5,1,1022.7,1,"","","","","","",1,1,0,1,0,1,0,1,1,1,"","","","","","","","","","","","","","","","","","","","","","","","",10000,1,"","",2,1,0,1,"","","","","","","","","","","","","","","","","","","","","","","","","","","","","","","","","","","","","","","","","","","","","","","","","","","","","","","","","","","","","","","","","",""
"59343001","LILLE-LESQUIN",50.57,3.0975,47,1959071712,"","","","",2.,1,"","","","","","","","","","","","","","","","","","","","","","","","","","","","","","",25.,1,11.2,1,"","","","","","","","","","","","","","","","","","","","","","","","","","",43,1,"","","","","","","","","","","","",13.6,1,1022.,1,"","","","","","",6,1,6,1,2,1,0,1,0,1,"","","","","","","","","","","","","","","","","","","","","","","","",12000,1,"","",3,1,1,1,"","","","","","","","","","","","","","","","","","","","","","","","","","","","","","","","","","","","","","","","","","","","","","","","","","","","","","","","","","","","","","","","","",""
"59343001","LILLE-LESQUIN",50.57,3.0975,47,1959071715,"","","","",1.,1,"","","","","","","","","","","","","","","","","","","","","","","","","","","","","","",26.7,1,11.,1,"","","","","","","","","","","","","","","","","","","","","","","","","","",38,1,"","","","","","","","","","","","",13.4,1,1021.2,1,"","","","","","",4,1,0,1,1,1,0,1,0,1,"","","","","","","","","","","","","","","","","","","","","","","","",10000,1,"","",1,1,1,1,"","","","","","","","","","","","","","","","","","","","","","","","","","","","","","","","","","","","","","","","","","","","","","","","","","","","","","","","","","","","","","","","","",""
"59343001","LILLE-LESQUIN",50.57,3.0975,47,1959071718,"","","","",1.,1,"","","","","","","","","","","","","","","","","","","","","","","","","","","","","","",26.4,1,11.5,1,"","","","","","","","","","","","","","","","","","","","","","","","","","",40,1,"","","","","","","","","","","","",13.9,1,1020.6,1,"","","","","","",3,1,0,1,1,1,0,1,1,1,"","","","","","","","","","","","","","","","","","","","","","","","",10000,1,"","",1,1,1,1,"","","","","","","","","","","","","","","","","","","","","","","","","","","","","","","","","","","","","","","","","","","","","","","","","","","","","","","","","","","","","","","","","",""
"59343001","LILLE-LESQUIN",50.57,3.0975,47,1959071721,"","","","",4.,1,"","","","","","","","","","","","","","","","","","","","","","","","","","","","","","",19.7,1,12.6,1,"","","","","","","","","","","","","","","","","","","","","","","","","","",65,1,"","","","","","","","","","","","",14.9,1,1021.3,1,"","","","","","",0,1,"","",0,1,0,1,0,1,"","","","","","","","","","","","","","","","","","","","","","","","",8000,1,"","",2,1,0,1,"","","","","","","","","","","","","","","","","","","","","","","","","","","","","","","","","","","","","","","","","","","","","","","","","","","","","","","","","","","","","","","","","",""
"59343001","LILLE-LESQUIN",50.57,3.0975,47,1959071800,"","","","",2.,1,"","","","","","","","","","","","","","","","","","","","","","","","","","","","","","",15.9,1,12.7,1,"","","","","","","","","","","","","","","","","","","","","","","","","","",83,1,"","","","","","","","","","","","",15.,1,1020.8,1,"","","","","","",0,1,"","",0,1,0,1,0,1,"","","","","","","","","","","","","","","","","","","","","","","","",8000,1,"","",2,1,0,1,"","","","","","","","","","","","","","","","","","","","","","","","","","","","","","","","","","","","","","","","","","","","","","","","","","","","","","","","","","","","","","","","","",""
"59343001","LILLE-LESQUIN",50.57,3.0975,47,1959071803,"","","","",2.,1,"","","","","","","","","","","","","","","","","","","","","","","","","","","","","","",14.8,1,12.1,1,"","","","","","","","","","","","","","","","","","","","","","","","","","",86,1,"","","","","","","","","","","","",14.4,1,1019.8,1,"","","","","","",0,1,"","",0,1,0,1,0,1,"","","","","","","","","","","","","","","","","","","","","","","","",7000,1,"","",2,1,0,1,"","","","","","","","","","","","","","","","","","","","","","","","","","","","","","","","","","","","","","","","","","","","","","","","","","","","","","","","","","","","","","","","","",""
"59343001","LILLE-LESQUIN",50.57,3.0975,47,1959071806,"","","","",3.,1,"","","","","","","","","","","","","","","","","","","","","","","","","","","","","","",16.6,1,13.,1,"","","","","","","","","","","","","","","","","","","","","","","","","","",81,1,"","","","","","","","","","","","",15.3,1,1019.9,1,"","","","","","",0,1,"","",0,1,0,1,0,1,"","","","","","","","","","","","","","","","","","","","","","","","",3500,1,"","",10,1,0,1,"","",0,1,"","","","","","","","","","","","","","","","","","","","","","","","","","","","","","","","","","","","","","","","","","","","","","","","","","","","","","","","","","","","","",""
"59343001","LILLE-LESQUIN",50.57,3.0975,47,1959071809,"","","","",6.,1,"","","","","","","","","","","","","","","","","","","","","","","","","","","","","","",26.9,1,11.7,1,"","","","","","","","","","","","","","","","","","","","","","","","","","",40,1,"","","","","","","","","","","","",14.1,1,1019.,1,"","","","","","",0,1,"","",0,1,0,1,0,1,"","","","","","","","","","","","","","","","","","","","","","","","",7000,1,"","",2,1,0,1,"","","","","","","","","","","","","","","","","","","","","","","","","","","","","","","","","","","","","","","","","","","","","","","","","","","","","","","","","","","","","","","","","",""
"59343001","LILLE-LESQUIN",50.57,3.0975,47,1959071812,"","","","",7.,1,"","","","","","","","","","","","","","","","","","","","","","","","","","","","","","",30.3,1,8.7,1,"","","","","","","","","","","","","","","","","","","","","","","","","","",26,1,"","","","","","","","","","","","",11.4,1,1017.7,1,"","","","","","",0,1,"","",0,1,0,1,0,1,"","","","","","","","","","","","","","","","","","","","","","","","",12000,1,"","",2,1,0,1,"","","","","","","","","","","","","","","","","","","","","","","","","","","","","","","","","","","","","","","","","","","","","","","","","","","","","","","","","","","","","","","","","",""
"59343001","LILLE-LESQUIN",50.57,3.0975,47,1959071815,"","","","",5.,1,"","","","","","","","","","","","","","","","","","","","","","","","","","","","","","",31.4,1,9.2,1,"","","","","","","","","","","","","","","","","","","","","","","","","","",26,1,"","","","","","","","","","","","",11.8,1,1016.5,1,"","","","","","",1,1,0,1,1,1,0,1,0,1,"","","","","","","","","","","","","","","","","","","","","","","","",15000,1,"","",3,1,0,1,"","","","","","","","","","","","","","","","","","","","","","","","","","","","","","","","","","","","","","","","","","","","","","","","","","","","","","","","","","","","","","","","","",""
"59343001","LILLE-LESQUIN",50.57,3.0975,47,1959071818,"","","","",7.,1,"","","","","","","","","","","","","","","","","","","","","","","","","","","","","","",26.8,1,14.2,1,"","","","","","","","","","","","","","","","","","","","","","","","","","",47,1,"","","","","","","","","","","","",16.6,1,1016.8,1,"","","","","","",1,1,0,1,1,1,4,1,0,1,"","","","","","","","","","","","","","","","","","","","","","","","",8000,1,"","",2,1,0,1,"","","","","","","","","","","","","","","","","","","","","","","","","","","","","","","","","","","","","","","","","","","","","","","","","","","","","","","","","","","","","","","","","",""
"59343001","LILLE-LESQUIN",50.57,3.0975,47,1959071821,"","","","",4.,1,"","","","","","","","","","","","","","","","","","","","","","","","","","","","","","",18.6,1,12.9,1,"","","","","","","","","","","","","","","","","","","","","","","","","","",70,1,"","","","","","","","","","","","",15.2,1,1018.9,1,"","","","","","",2,1,0,1,0,1,4,1,2,1,"","","","","","","","","","","","","","","","","","","","","","","","",10000,1,"","",2,1,0,1,"","","","","","","","","","","","","","","","","","","","","","","","","","","","","","","","","","","","","","","","","","","","","","","","","","","","","","","","","","","","","","","","","",""
"59343001","LILLE-LESQUIN",50.57,3.0975,47,1959071900,"","","","",3.,1,"","","","","","","","","","","","","","","","","","","","","","","","","","","","","","",15.9,1,12.2,1,"","","","","","","","","","","","","","","","","","","","","","","","","","",80,1,"","","","","","","","","","","","",14.5,1,1019.4,1,"","","","","","",4,1,0,1,0,1,4,1,2,1,"","","","","","","","","","","","","","","","","","","","","","","","",13000,1,"","",3,1,1,1,"","","","","","","","","","","","","","","","","","","","","","","","","","","","","","","","","","","","","","","","","","","","","","","","","","","","","","","","","","","","","","","","","",""
"59343001","LILLE-LESQUIN",50.57,3.0975,47,1959071903,"","","","",3.,1,"","","","","","","","","","","","","","","","","","","","","","","","","","","","","","",14.9,1,13.,1,"","","","","","","","","","","","","","","","","","","","","","","","","","",90,1,"","","","","","","","","","","","",15.3,1,1020.4,1,"","","","","","",5,1,0,1,0,1,4,1,2,1,"","","","","","","","","","","","","","","","","","","","","","","","",10000,1,"","",3,1,1,1,"","","","","","","","","","","","","","","","","","","","","","","","","","","","","","","","","","","","","","","","","","","","","","","","","","","","","","","","","","","","","","","","","",""
"59343001","LILLE-LESQUIN",50.57,3.0975,47,1959071906,"","","","",3.,1,"","","","","","","","","","","","","","","","","","","","","","","","","","","","","","",15.8,1,11.6,1,"","","","","","","","","","","","","","","","","","","","","","","","","","",79,1,"","","","","","","","","","","","",14.,1,1021.9,1,"","","","","","",4,1,0,1,2,1,4,1,1,1,"","","","","","","","","","","","","","","","","","","","","","","","",15000,1,"","",1,1,1,1,"","",0,1,"","","","","","","","","","","","","","","","","","","","","","","","","","","","","","","","","","","","","","","","","","","","","","","","","","","","","","","","","","","","","",""
"59343001","LILLE-LESQUIN",50.57,3.0975,47,1959071909,"","","","",5.,1,"","","","","","","","","","","","","","","","","","","","","","","","","","","","","","",21.4,1,9.8,1,"","","","","","","","","","","","","","","","","","","","","","","","","","",48,1,"","","","","","","","","","","","",12.3,1,1022.7,1,"","","","","","",4,1,0,1,0,1,8,1,1,1,"","","","","","","","","","","","","","","","","","","","","","","","",15000,1,"","",3,1,0,1,"","","","","","","","","","","","","","","","","","","","","","","","","","","","","","","","","","","","","","","","","","","","","","","","","","","","","","","","","","","","","","","","","",""
"59343001","LILLE-LESQUIN",50.57,3.0975,47,1959071912,"","","","",4.,1,"","","","","","","","","","","","","","","","","","","","","","","","","","","","","","",24.3,1,11.5,1,"","","","","","","","","","","","","","","","","","","","","","","","","","",45,1,"","","","","","","","","","","","",13.9,1,1022.6,1,"","","","","","",1,1,0,1,5,1,0,1,0,1,"","","","","","","","","","","","","","","","","","","","","","","","",20000,1,"","",1,1,0,1,"","","","","","","","","","","","","","","","","","","","","","","","","","","","","","","","","","","","","","","","","","","","","","","","","","","","","","","","","","","","","","","","","",""
"59343001","LILLE-LESQUIN",50.57,3.0975,47,1959071915,"","","","",5.,1,"","","","","","","","","","","","","","","","","","","","","","","","","","","","","","",25.2,1,10.1,1,"","","","","","","","","","","","","","","","","","","","","","","","","","",39,1,"","","","","","","","","","","","",12.6,1,1022.6,1,"","","","","","",0,1,"","",0,1,0,1,0,1,"","","","","","","","","","","","","","","","","","","","","","","","",25000,1,"","",1,1,0,1,"","","","","","","","","","","","","","","","","","","","","","","","","","","","","","","","","","","","","","","","","","","","","","","","","","","","","","","","","","","","","","","","","",""
"59343001","LILLE-LESQUIN",50.57,3.0975,47,1959071918,"","","","",4.,1,"","","","","","","","","","","","","","","","","","","","","","","","","","","","","","",22.6,1,10.6,1,"","","","","","","","","","","","","","","","","","","","","","","","","","",47,1,"","","","","","","","","","","","",13.,1,1022.5,1,"","","","","","",1,1,0,1,0,1,0,1,1,1,"","","","","","","","","","","","","","","","","","","","","","","","",25000,1,"","",2,1,0,1,"","","","","","","","","","","","","","","","","","","","","","","","","","","","","","","","","","","","","","","","","","","","","","","","","","","","","","","","","","","","","","","","","",""
"59343001","LILLE-LESQUIN",50.57,3.0975,47,1959071921,"","","","",4.,1,"","","","","","","","","","","","","","","","","","","","","","","","","","","","","","",17.,1,12.5,1,"","","","","","","","","","","","","","","","","","","","","","","","","","",76,1,"","","","","","","","","","","","",14.8,1,1023.5,1,"","","","","","",1,1,0,1,0,1,0,1,1,1,"","","","","","","","","","","","","","","","","","","","","","","","",10000,1,"","",2,1,0,1,"","","","","","","","","","","","","","","","","","","","","","","","","","","","","","","","","","","","","","","","","","","","","","","","","","","","","","","","","","","","","","","","","",""
"59343001","LILLE-LESQUIN",50.57,3.0975,47,1959072000,"","","","",1.,1,"","","","","","","","","","","","","","","","","","","","","","","","","","","","","","",13.,1,11.2,1,"","","","","","","","","","","","","","","","","","","","","","","","","","",91,1,"","","","","","","","","","","","",13.6,1,1024.,1,"","","","","","",1,1,0,1,0,1,4,1,0,1,"","","","","","","","","","","","","","","","","","","","","","","","",10000,1,"","",2,1,0,1,"","","","","","","","","","","","","","","","","","","","","","","","","","","","","","","","","","","","","","","","","","","","","","","","","","","","","","","","","","","","","","","","","",""
"59343001","LILLE-LESQUIN",50.57,3.0975,47,1959072003,"","","","",1.,1,"","","","","","","","","","","","","","","","","","","","","","","","","","","","","","",11.3,1,10.4,1,"","","","","","","","","","","","","","","","","","","","","","","","","","",96,1,"","","","","","","","","","","","",12.9,1,1023.6,1,"","","","","","",0,1,"","",0,1,0,1,0,1,"","","","","","","","","","","","","","","","","","","","","","","","",4000,1,"","",10,1,0,1,"","","","","","","","","","","","","","","","","","","","","","","","","","","","","","","","","","","","","","","","","","","","","","","","","","","","","","","","","","","","","","","","","",""
"59343001","LILLE-LESQUIN",50.57,3.0975,47,1959072006,"","","","",1.,1,"","","","","","","","","","","","","","","","","","","","","","","","","","","","","","",14.2,1,13.,1,"","","","","","","","","","","","","","","","","","","","","","","","","","",94,1,"","","","","","","","","","","","",15.3,1,1023.6,1,"","","","","","",1,1,0,1,0,1,4,1,0,1,"","","","","","","","","","","","","","","","","","","","","","","","",2200,1,"","",10,1,0,1,"","",0,1,"","","","","","","","","","","","","","","","","","","","","","","","","","","","","","","","","","","","","","","","","","","","","","","","","","","","","","","","","","","","","",""
"59343001","LILLE-LESQUIN",50.57,3.0975,47,1959072009,"","","","",3.,1,"","","","","","","","","","","","","","","","","","","","","","","","","","","","","","",21.,1,9.9,1,"","","","","","","","","","","","","","","","","","","","","","","","","","",47,1,"","","","","","","","","","","","",12.4,1,1023.7,1,"","","","","","",1,1,0,1,0,1,4,1,0,1,"","","","","","","","","","","","","","","","","","","","","","","","",8000,1,"","",2,1,0,1,"","","","","","","","","","","","","","","","","","","","","","","","","","","","","","","","","","","","","","","","","","","","","","","","","","","","","","","","","","","","","","","","","",""
"59343001","LILLE-LESQUIN",50.57,3.0975,47,1959072012,"","","","",4.,1,"","","","","","","","","","","","","","","","","","","","","","","","","","","","","","",24.5,1,9.,1,"","","","","","","","","","","","","","","","","","","","","","","","","","",37,1,"","","","","","","","","","","","",11.7,1,1022.9,1,"","","","","","",1,1,0,1,1,1,0,1,0,1,"","","","","","","","","","","","","","","","","","","","","","","","",15000,1,"","",3,1,0,1,"","","","","","","","","","","","","","","","","","","","","","","","","","","","","","","","","","","","","","","","","","","","","","","","","","","","","","","","","","","","","","","","","",""
"59343001","LILLE-LESQUIN",50.57,3.0975,47,1959072015,"","","","",5.,1,"","","","","","","","","","","","","","","","","","","","","","","","","","","","","","",26.,1,9.3,1,"","","","","","","","","","","","","","","","","","","","","","","","","","",36,1,"","","","","","","","","","","","",11.9,1,1022.,1,"","","","","","",1,1,0,1,0,1,0,1,1,1,"","","","","","","","","","","","","","","","","","","","","","","","",20000,1,"","",3,1,0,1,"","","","","","","","","","","","","","","","","","","","","","","","","","","","","","","","","","","","","","","","","","","","","","","","","","","","","","","","","","","","","","","","","",""
"59343001","LILLE-LESQUIN",50.57,3.0975,47,1959072018,"","","","",6.,1,"","","","","","","","","","","","","","","","","","","","","","","","","","","","","","",23.4,1,9.2,1,"","","","","","","","","","","","","","","","","","","","","","","","","","",41,1,"","","","","","","","","","","","",11.8,1,1021.9,1,"","","","","","",1,1,0,1,0,1,0,1,1,1,"","","","","","","","","","","","","","","","","","","","","","","","",15000,1,"","",1,1,0,1,"","","","","","","","","","","","","","","","","","","","","","","","","","","","","","","","","","","","","","","","","","","","","","","","","","","","","","","","","","","","","","","","","",""
"59343001","LILLE-LESQUIN",50.57,3.0975,47,1959072021,"","","","",4.,1,"","","","","","","","","","","","","","","","","","","","","","","","","","","","","","",16.3,1,9.2,1,"","","","","","","","","","","","","","","","","","","","","","","","","","",64,1,"","","","","","","","","","","","",11.8,1,1022.9,1,"","","","","","",0,1,"","",0,1,0,1,0,1,"","","","","","","","","","","","","","","","","","","","","","","","",12000,1,"","",2,1,0,1,"","","","","","","","","","","","","","","","","","","","","","","","","","","","","","","","","","","","","","","","","","","","","","","","","","","","","","","","","","","","","","","","","",""
"59343001","LILLE-LESQUIN",50.57,3.0975,47,1959072100,"","","","",3.,1,"","","","","","","","","","","","","","","","","","","","","","","","","","","","","","",12.4,1,9.4,1,"","","","","","","","","","","","","","","","","","","","","","","","","","",83,1,"","","","","","","","","","","","",12.,1,1023.2,1,"","","","","","",0,1,"","",0,1,0,1,0,1,"","","","","","","","","","","","","","","","","","","","","","","","",12000,1,"","",2,1,0,1,"","","","","","","","","","","","","","","","","","","","","","","","","","","","","","","","","","","","","","","","","","","","","","","","","","","","","","","","","","","","","","","","","",""
"59343001","LILLE-LESQUIN",50.57,3.0975,47,1959072103,"","","","",0.,1,"","","","","","","","","","","","","","","","","","","","","","","","","","","","","","",11.7,1,10.4,1,"","","","","","","","","","","","","","","","","","","","","","","","","","",94,1,"","","","","","","","","","","","",12.9,1,1022.5,1,"","","","","","",0,1,"","",0,1,0,1,0,1,"","","","","","","","","","","","","","","","","","","","","","","","",10000,1,"","",2,1,0,1,"","","","","","","","","","","","","","","","","","","","","","","","","","","","","","","","","","","","","","","","","","","","","","","","","","","","","","","","","","","","","","","","","",""
"59343001","LILLE-LESQUIN",50.57,3.0975,47,1959072106,"","","","",2.,1,"","","","","","","","","","","","","","","","","","","","","","","","","","","","","","",14.4,1,12.5,1,"","","","","","","","","","","","","","","","","","","","","","","","","","",90,1,"","","","","","","","","","","","",14.8,1,1022.4,1,"","","","","","",1,1,0,1,0,1,0,1,1,1,"","","","","","","","","","","","","","","","","","","","","","","","",3500,1,"","",10,1,0,1,"","",0,1,"","","","","","","","","","","","","","","","","","","","","","","","","","","","","","","","","","","","","","","","","","","","","","","","","","","","","","","","","","","","","",""
"59343001","LILLE-LESQUIN",50.57,3.0975,47,1959072109,"","","","",4.,1,"","","","","","","","","","","","","","","","","","","","","","","","","","","","","","",20.6,1,10.2,1,"","","","","","","","","","","","","","","","","","","","","","","","","","",52,1,"","","","","","","","","","","","",12.7,1,1022.2,1,"","","","","","",1,1,0,1,0,1,0,1,1,1,"","","","","","","","","","","","","","","","","","","","","","","","",20000,1,"","",2,1,0,1,"","","","","","","","","","","","","","","","","","","","","","","","","","","","","","","","","","","","","","","","","","","","","","","","","","","","","","","","","","","","","","","","","",""
"59343001","LILLE-LESQUIN",50.57,3.0975,47,1959072112,"","","","",5.,1,"","","","","","","","","","","","","","","","","","","","","","","","","","","","","","",24.5,1,9.6,1,"","","","","","","","","","","","","","","","","","","","","","","","","","",39,1,"","","","","","","","","","","","",12.2,1,1021.3,1,"","","","","","",2,1,0,1,0,1,0,1,1,1,"","","","","","","","","","","","","","","","","","","","","","","","",20000,1,"","",2,1,0,1,"","","","","","","","","","","","","","","","","","","","","","","","","","","","","","","","","","","","","","","","","","","","","","","","","","","","","","","","","","","","","","","","","",""
"59343001","LILLE-LESQUIN",50.57,3.0975,47,1959072115,"","","","",5.,1,"","","","","","","","","","","","","","","","","","","","","","","","","","","","","","",26.3,1,8.8,1,"","","","","","","","","","","","","","","","","","","","","","","","","","",33,1,"","","","","","","","","","","","",11.5,1,1019.7,1,"","","","","","",3,1,0,1,0,1,0,1,1,1,"","","","","","","","","","","","","","","","","","","","","","","","",20000,1,"","",3,1,0,1,"","","","","","","","","","","","","","","","","","","","","","","","","","","","","","","","","","","","","","","","","","","","","","","","","","","","","","","","","","","","","","","","","",""
"59343001","LILLE-LESQUIN",50.57,3.0975,47,1959072118,"","","","",7.,1,"","","","","","","","","","","","","","","","","","","","","","","","","","","","","","",23.2,1,10.3,1,"","","","","","","","","","","","","","","","","","","","","","","","","","",45,1,"","","","","","","","","","","","",12.8,1,1019.4,1,"","","","","","",1,1,0,1,0,1,0,1,1,1,"","","","","","","","","","","","","","","","","","","","","","","","",20000,1,"","",1,1,0,1,"","","","","","","","","","","","","","","","","","","","","","","","","","","","","","","","","","","","","","","","","","","","","","","","","","","","","","","","","","","","","","","","","",""
"59343001","LILLE-LESQUIN",50.57,3.0975,47,1959072121,"","","","",4.,1,"","","","","","","","","","","","","","","","","","","","","","","","","","","","","","",17.6,1,11.,1,"","","","","","","","","","","","","","","","","","","","","","","","","","",66,1,"","","","","","","","","","","","",13.4,1,1020.3,1,"","","","","","",0,1,"","",0,1,0,1,0,1,"","","","","","","","","","","","","","","","","","","","","","","","",10000,1,"","",2,1,0,1,"","","","","","","","","","","","","","","","","","","","","","","","","","","","","","","","","","","","","","","","","","","","","","","","","","","","","","","","","","","","","","","","","",""
"59343001","LILLE-LESQUIN",50.57,3.0975,47,1959072200,"","","","",4.,1,"","","","","","","","","","","","","","","","","","","","","","","","","","","","","","",14.9,1,11.6,1,"","","","","","","","","","","","","","","","","","","","","","","","","","",83,1,"","","","","","","","","","","","",14.,1,1020.6,1,"","","","","","",0,1,"","",0,1,0,1,0,1,"","","","","","","","","","","","","","","","","","","","","","","","",10000,1,"","",2,1,0,1,"","","","","","","","","","","","","","","","","","","","","","","","","","","","","","","","","","","","","","","","","","","","","","","","","","","","","","","","","","","","","","","","","",""
"59343001","LILLE-LESQUIN",50.57,3.0975,47,1959072203,"","","","",3.,1,"","","","","","","","","","","","","","","","","","","","","","","","","","","","","","",13.1,1,11.4,1,"","","","","","","","","","","","","","","","","","","","","","","","","","",92,1,"","","","","","","","","","","","",13.8,1,1019.9,1,"","","","","","",0,1,"","",0,1,0,1,0,1,"","","","","","","","","","","","","","","","","","","","","","","","",5000,1,"","",2,1,0,1,"","","","","","","","","","","","","","","","","","","","","","","","","","","","","","","","","","","","","","","","","","","","","","","","","","","","","","","","","","","","","","","","","",""
"59343001","LILLE-LESQUIN",50.57,3.0975,47,1959072206,"","","","",5.,1,"","","","","","","","","","","","","","","","","","","","","","","","","","","","","","",15.,1,12.6,1,"","","","","","","","","","","","","","","","","","","","","","","","","","",87,1,"","","","","","","","","","","","",14.9,1,1019.8,1,"","","","","","",0,1,"","",0,1,0,1,0,1,"","","","","","","","","","","","","","","","","","","","","","","","",4000,1,"","",10,1,0,1,"","",0,1,"","","","","","","","","","","","","","","","","","","","","","","","","","","","","","","","","","","","","","","","","","","","","","","","","","","","","","","","","","","","","",""
"59343001","LILLE-LESQUIN",50.57,3.0975,47,1959072209,"","","","",6.,1,"","","","","","","","","","","","","","","","","","","","","","","","","","","","","","",21.3,1,10.6,1,"","","","","","","","","","","","","","","","","","","","","","","","","","",51,1,"","","","","","","","","","","","",13.,1,1019.4,1,"","","","","","",0,1,"","",0,1,0,1,0,1,"","","","","","","","","","","","","","","","","","","","","","","","",15000,1,"","",2,1,0,1,"","","","","","","","","","","","","","","","","","","","","","","","","","","","","","","","","","","","","","","","","","","","","","","","","","","","","","","","","","","","","","","","","",""
"59343001","LILLE-LESQUIN",50.57,3.0975,47,1959072212,"","","","",6.,1,"","","","","","","","","","","","","","","","","","","","","","","","","","","","","","",25.5,1,11.2,1,"","","","","","","","","","","","","","","","","","","","","","","","","","",41,1,"","","","","","","","","","","","",13.6,1,1018.9,1,"","","","","","",0,1,"","",0,1,0,1,0,1,"","","","","","","","","","","","","","","","","","","","","","","","",15000,1,"","",2,1,0,1,"","","","","","","","","","","","","","","","","","","","","","","","","","","","","","","","","","","","","","","","","","","","","","","","","","","","","","","","","","","","","","","","","",""
"59343001","LILLE-LESQUIN",50.57,3.0975,47,1959072215,"","","","",7.,1,"","","","","","","","","","","","","","","","","","","","","","","","","","","","","","",26.3,1,11.6,1,"","","","","","","","","","","","","","","","","","","","","","","","","","",41,1,"","","","","","","","","","","","",14.,1,1017.4,1,"","","","","","",1,1,0,1,1,1,0,1,0,1,"","","","","","","","","","","","","","","","","","","","","","","","",25000,1,"","",2,1,0,1,"","","","","","","","","","","","","","","","","","","","","","","","","","","","","","","","","","","","","","","","","","","","","","","","","","","","","","","","","","","","","","","","","",""
"59343001","LILLE-LESQUIN",50.57,3.0975,47,1959072218,"","","","",7.,1,"","","","","","","","","","","","","","","","","","","","","","","","","","","","","","",22.5,1,13.4,1,"","","","","","","","","","","","","","","","","","","","","","","","","","",57,1,"","","","","","","","","","","","",15.8,1,1017.4,1,"","","","","","",0,1,"","",0,1,0,1,0,1,"","","","","","","","","","","","","","","","","","","","","","","","",10000,1,"","",1,1,0,1,"","","","","","","","","","","","","","","","","","","","","","","","","","","","","","","","","","","","","","","","","","","","","","","","","","","","","","","","","","","","","","","","","",""
"59343001","LILLE-LESQUIN",50.57,3.0975,47,1959072221,"","","","",5.,1,"","","","","","","","","","","","","","","","","","","","","","","","","","","","","","",16.9,1,12.6,1,"","","","","","","","","","","","","","","","","","","","","","","","","","",77,1,"","","","","","","","","","","","",14.9,1,1018.3,1,"","","","","","",0,1,"","",0,1,0,1,0,1,"","","","","","","","","","","","","","","","","","","","","","","","",10000,1,"","",2,1,0,1,"","","","","","","","","","","","","","","","","","","","","","","","","","","","","","","","","","","","","","","","","","","","","","","","","","","","","","","","","","","","","","","","","",""
"59343001","LILLE-LESQUIN",50.57,3.0975,47,1959072300,"","","","",5.,1,"","","","","","","","","","","","","","","","","","","","","","","","","","","","","","",16.,1,13.9,1,"","","","","","","","","","","","","","","","","","","","","","","","","","",90,1,"","","","","","","","","","","","",16.3,1,1018.4,1,"","","","","","",0,1,"","",0,1,0,1,0,1,"","","","","","","","","","","","","","","","","","","","","","","","",10000,1,"","",2,1,0,1,"","","","","","","","","","","","","","","","","","","","","","","","","","","","","","","","","","","","","","","","","","","","","","","","","","","","","","","","","","","","","","","","","",""
"59343001","LILLE-LESQUIN",50.57,3.0975,47,1959072303,"","","","",4.,1,"","","","","","","","","","","","","","","","","","","","","","","","","","","","","","",14.3,1,12.8,1,"","","","","","","","","","","","","","","","","","","","","","","","","","",92,1,"","","","","","","","","","","","",15.1,1,1018.,1,"","","","","","",0,1,"","",0,1,0,1,0,1,"","","","","","","","","","","","","","","","","","","","","","","","",10000,1,"","",2,1,0,1,"","","","","","","","","","","","","","","","","","","","","","","","","","","","","","","","","","","","","","","","","","","","","","","","","","","","","","","","","","","","","","","","","",""
"59343001","LILLE-LESQUIN",50.57,3.0975,47,1959072306,"","","","",5.,1,"","","","","","","","","","","","","","","","","","","","","","","","","","","","","","",14.7,1,11.7,1,"","","","","","","","","","","","","","","","","","","","","","","","","","",85,1,"","","","","","","","","","","","",14.1,1,1017.9,1,"","","","","","",0,1,"","",0,1,0,1,0,1,"","","","","","","","","","","","","","","","","","","","","","","","",8000,1,"","",2,1,0,1,"","",0,1,"","","","","","","","","","","","","","","","","","","","","","","","","","","","","","","","","","","","","","","","","","","","","","","","","","","","","","","","","","","","","",""
"59343001","LILLE-LESQUIN",50.57,3.0975,47,1959072309,"","","","",6.,1,"","","","","","","","","","","","","","","","","","","","","","","","","","","","","","",21.1,1,12.6,1,"","","","","","","","","","","","","","","","","","","","","","","","","","",59,1,"","","","","","","","","","","","",14.9,1,1017.8,1,"","","","","","",0,1,"","",0,1,0,1,0,1,"","","","","","","","","","","","","","","","","","","","","","","","",15000,1,"","",2,1,0,1,"","","","","","","","","","","","","","","","","","","","","","","","","","","","","","","","","","","","","","","","","","","","","","","","","","","","","","","","","","","","","","","","","",""
"59343001","LILLE-LESQUIN",50.57,3.0975,47,1959072312,"","","","",7.,1,"","","","","","","","","","","","","","","","","","","","","","","","","","","","","","",25.3,1,10.7,1,"","","","","","","","","","","","","","","","","","","","","","","","","","",40,1,"","","","","","","","","","","","",13.1,1,1017.2,1,"","","","","","",1,1,0,1,0,1,0,1,1,1,"","","","","","","","","","","","","","","","","","","","","","","","",20000,1,"","",2,1,0,1,"","","","","","","","","","","","","","","","","","","","","","","","","","","","","","","","","","","","","","","","","","","","","","","","","","","","","","","","","","","","","","","","","",""
"59343001","LILLE-LESQUIN",50.57,3.0975,47,1959072315,"","","","",7.,1,"","","","","","","","","","","","","","","","","","","","","","","","","","","","","","",27.5,1,9.6,1,"","","","","","","","","","","","","","","","","","","","","","","","","","",33,1,"","","","","","","","","","","","",12.2,1,1016.,1,"","","","","","",1,1,0,1,0,1,0,1,1,1,"","","","","","","","","","","","","","","","","","","","","","","","",35000,1,"","",2,1,0,1,"","","","","","","","","","","","","","","","","","","","","","","","","","","","","","","","","","","","","","","","","","","","","","","","","","","","","","","","","","","","","","","","","",""
"59343001","LILLE-LESQUIN",50.57,3.0975,47,1959072318,"","","","",6.,1,"","","","","","","","","","","","","","","","","","","","","","","","","","","","","","",24.7,1,12.5,1,"","","","","","","","","","","","","","","","","","","","","","","","","","",48,1,"","","","","","","","","","","","",14.8,1,1015.7,1,"","","","","","",1,1,0,1,0,1,0,1,1,1,"","","","","","","","","","","","","","","","","","","","","","","","",30000,1,"","",2,1,0,1,"","","","","","","","","","","","","","","","","","","","","","","","","","","","","","","","","","","","","","","","","","","","","","","","","","","","","","","","","","","","","","","","","",""
"59343001","LILLE-LESQUIN",50.57,3.0975,47,1959072321,"","","","",7.,1,"","","","","","","","","","","","","","","","","","","","","","","","","","","","","","",19.,1,11.6,1,"","","","","","","","","","","","","","","","","","","","","","","","","","",64,1,"","","","","","","","","","","","",14.,1,1016.9,1,"","","","","","",2,1,0,1,0,1,0,1,2,1,"","","","","","","","","","","","","","","","","","","","","","","","",15000,1,"","",2,1,0,1,"","","","","","","","","","","","","","","","","","","","","","","","","","","","","","","","","","","","","","","","","","","","","","","","","","","","","","","","","","","","","","","","","",""
"59343001","LILLE-LESQUIN",50.57,3.0975,47,1959072400,"","","","",5.,1,"","","","","","","","","","","","","","","","","","","","","","","","","","","","","","",15.3,1,11.4,1,"","","","","","","","","","","","","","","","","","","","","","","","","","",80,1,"","","","","","","","","","","","",13.8,1,1017.6,1,"","","","","","",2,1,0,1,0,1,0,1,2,1,"","","","","","","","","","","","","","","","","","","","","","","","",15000,1,"","",1,1,0,1,"","","","","","","","","","","","","","","","","","","","","","","","","","","","","","","","","","","","","","","","","","","","","","","","","","","","","","","","","","","","","","","","","",""
"59343001","LILLE-LESQUIN",50.57,3.0975,47,1959072403,"","","","",5.,1,"","","","","","","","","","","","","","","","","","","","","","","","","","","","","","",13.8,1,11.2,1,"","","","","","","","","","","","","","","","","","","","","","","","","","",87,1,"","","","","","","","","","","","",13.6,1,1017.4,1,"","","","","","",4,1,0,1,0,1,3,1,2,1,"","","","","","","","","","","","","","","","","","","","","","","","",15000,1,"","",2,1,0,1,"","","","","","","","","","","","","","","","","","","","","","","","","","","","","","","","","","","","","","","","","","","","","","","","","","","","","","","","","","","","","","","","","",""
"59343001","LILLE-LESQUIN",50.57,3.0975,47,1959072406,"","","","",4.,1,"","","","","","","","","","","","","","","","","","","","","","","","","","","","","","",13.9,1,11.2,1,"","","","","","","","","","","","","","","","","","","","","","","","","","",86,1,"","","","","","","","","","","","",13.6,1,1017.9,1,"","","","","","",6,1,0,1,0,1,8,1,1,1,"","","","","","","","","","","","","","","","","","","","","","","","",10000,1,"","",3,1,2,1,"","",0,1,"","","","","","","","","","","","","","","","","","","","","","","","","","","","","","","","","","","","","","","","","","","","","","","","","","","","","","","","","","","","","",""
"59343001","LILLE-LESQUIN",50.57,3.0975,47,1959072409,"","","","",6.,1,"","","","","","","","","","","","","","","","","","","","","","","","","","","","","","",19.3,1,12.,1,"","","","","","","","","","","","","","","","","","","","","","","","","","",63,1,"","","","","","","","","","","","",14.3,1,1018.5,1,"","","","","","",2,1,0,1,0,1,8,1,1,1,"","","","","","","","","","","","","","","","","","","","","","","","",20000,1,"","",1,1,0,1,"","","","","","","","","","","","","","","","","","","","","","","","","","","","","","","","","","","","","","","","","","","","","","","","","","","","","","","","","","","","","","","","","",""
"59343001","LILLE-LESQUIN",50.57,3.0975,47,1959072412,"","","","",6.,1,"","","","","","","","","","","","","","","","","","","","","","","","","","","","","","",23.7,1,13.,1,"","","","","","","","","","","","","","","","","","","","","","","","","","",52,1,"","","","","","","","","","","","",15.3,1,1017.9,1,"","","","","","",1,1,0,1,0,1,8,1,0,1,"","","","","","","","","","","","","","","","","","","","","","","","",20000,1,"","",2,1,0,1,"","","","","","","","","","","","","","","","","","","","","","","","","","","","","","","","","","","","","","","","","","","","","","","","","","","","","","","","","","","","","","","","","",""
"59343001","LILLE-LESQUIN",50.57,3.0975,47,1959072415,"","","","",6.,1,"","","","","","","","","","","","","","","","","","","","","","","","","","","","","","",25.2,1,10.8,1,"","","","","","","","","","","","","","","","","","","","","","","","","","",41,1,"","","","","","","","","","","","",13.2,1,1016.9,1,"","","","","","",1,1,0,1,1,1,8,1,1,1,"","","","","","","","","","","","","","","","","","","","","","","","",30000,1,"","",3,1,0,1,"","","","","","","","","","","","","","","","","","","","","","","","","","","","","","","","","","","","","","","","","","","","","","","","","","","","","","","","","","","","","","","","","",""
"59343001","LILLE-LESQUIN",50.57,3.0975,47,1959072418,"","","","",6.,1,"","","","","","","","","","","","","","","","","","","","","","","","","","","","","","",23.,1,12.7,1,"","","","","","","","","","","","","","","","","","","","","","","","","","",53,1,"","","","","","","","","","","","",15.,1,1017.2,1,"","","","","","",1,1,0,1,1,1,0,1,1,1,"","","","","","","","","","","","","","","","","","","","","","","","",20000,1,"","",2,1,0,1,"","","","","","","","","","","","","","","","","","","","","","","","","","","","","","","","","","","","","","","","","","","","","","","","","","","","","","","","","","","","","","","","","",""
"59343001","LILLE-LESQUIN",50.57,3.0975,47,1959072421,"","","","",4.,1,"","","","","","","","","","","","","","","","","","","","","","","","","","","","","","",17.6,1,12.7,1,"","","","","","","","","","","","","","","","","","","","","","","","","","",75,1,"","","","","","","","","","","","",15.,1,1018.6,1,"","","","","","",2,1,0,1,0,1,0,1,1,1,"","","","","","","","","","","","","","","","","","","","","","","","",13000,1,"","",2,1,0,1,"","","","","","","","","","","","","","","","","","","","","","","","","","","","","","","","","","","","","","","","","","","","","","","","","","","","","","","","","","","","","","","","","",""
"59343001","LILLE-LESQUIN",50.57,3.0975,47,1959072500,"","","","",3.,1,"","","","","","","","","","","","","","","","","","","","","","","","","","","","","","",15.1,1,12.8,1,"","","","","","","","","","","","","","","","","","","","","","","","","","",88,1,"","","","","","","","","","","","",15.1,1,1019.2,1,"","","","","","",2,1,0,1,0,1,0,1,1,1,"","","","","","","","","","","","","","","","","","","","","","","","",10000,1,"","",2,1,0,1,"","","","","","","","","","","","","","","","","","","","","","","","","","","","","","","","","","","","","","","","","","","","","","","","","","","","","","","","","","","","","","","","","",""
"59343001","LILLE-LESQUIN",50.57,3.0975,47,1959072503,"","","","",2.,1,"","","","","","","","","","","","","","","","","","","","","","","","","","","","","","",12.7,1,11.1,1,"","","","","","","","","","","","","","","","","","","","","","","","","","",92,1,"","","","","","","","","","","","",13.5,1,1019.1,1,"","","","","","",1,1,0,1,0,1,0,1,1,1,"","","","","","","","","","","","","","","","","","","","","","","","",9000,1,"","",2,1,0,1,"","","","","","","","","","","","","","","","","","","","","","","","","","","","","","","","","","","","","","","","","","","","","","","","","","","","","","","","","","","","","","","","","",""
"59343001","LILLE-LESQUIN",50.57,3.0975,47,1959072506,"","","","",5.,1,"","","","","","","","","","","","","","","","","","","","","","","","","","","","","","",15.2,1,12.8,1,"","","","","","","","","","","","","","","","","","","","","","","","","","",87,1,"","","","","","","","","","","","",15.1,1,1019.1,1,"","","","","","",5,1,5,1,0,1,0,1,1,1,"","","","","","","","","","","","","","","","","","","","","","","","",7000,1,"","",2,1,1,1,"","",0,1,"","","","","","","","","","","","","","","","","","","","","","","","","","","","","","","","","","","","","","","","","","","","","","","","","","","","","","","","","","","","","",""
"59343001","LILLE-LESQUIN",50.57,3.0975,47,1959072509,"","","","",4.,1,"","","","","","","","","","","","","","","","","","","","","","","","","","","","","","",21.,1,12.6,1,"","","","","","","","","","","","","","","","","","","","","","","","","","",59,1,"","","","","","","","","","","","",14.9,1,1019.4,1,"","","","","","",6,1,6,1,0,1,0,1,2,1,"","","","","","","","","","","","","","","","","","","","","","","","",10000,1,"","",1,1,2,1,"","","","","","","","","","","","","","","","","","","","","","","","","","","","","","","","","","","","","","","","","","","","","","","","","","","","","","","","","","","","","","","","","",""
"59343001","LILLE-LESQUIN",50.57,3.0975,47,1959072512,"","","","",7.,1,"","","","","","","","","","","","","","","","","","","","","","","","","","","","","","",25.,1,12.8,1,"","","","","","","","","","","","","","","","","","","","","","","","","","",47,1,"","","","","","","","","","","","",15.1,1,1018.4,1,"","","","","","",4,1,0,1,1,1,0,1,2,1,"","","","","","","","","","","","","","","","","","","","","","","","",12000,1,"","",2,1,2,1,"","","","","","","","","","","","","","","","","","","","","","","","","","","","","","","","","","","","","","","","","","","","","","","","","","","","","","","","","","","","","","","","","",""
"59343001","LILLE-LESQUIN",50.57,3.0975,47,1959072515,"","","","",6.,1,"","","","","","","","","","","","","","","","","","","","","","","","","","","","","","",25.8,1,11.9,1,"","","","","","","","","","","","","","","","","","","","","","","","","","",43,1,"","","","","","","","","","","","",14.2,1,1017.3,1,"","","","","","",5,1,0,1,1,1,0,1,2,1,"","","","","","","","","","","","","","","","","","","","","","","","",15000,1,"","",3,1,2,1,"","","","","","","","","","","","","","","","","","","","","","","","","","","","","","","","","","","","","","","","","","","","","","","","","","","","","","","","","","","","","","","","","",""
"59343001","LILLE-LESQUIN",50.57,3.0975,47,1959072518,"","","","",6.,1,"","","","","","","","","","","","","","","","","","","","","","","","","","","","","","",23.9,1,12.,1,"","","","","","","","","","","","","","","","","","","","","","","","","","",47,1,"","","","","","","","","","","","",14.3,1,1016.8,1,"","","","","","",1,1,0,1,2,1,0,1,1,1,"","","","","","","","","","","","","","","","","","","","","","","","",15000,1,"","",1,1,1,1,"","","","","","","","","","","","","","","","","","","","","","","","","","","","","","","","","","","","","","","","","","","","","","","","","","","","","","","","","","","","","","","","","",""
"59343001","LILLE-LESQUIN",50.57,3.0975,47,1959072521,"","","","",3.,1,"","","","","","","","","","","","","","","","","","","","","","","","","","","","","","",17.6,1,11.1,1,"","","","","","","","","","","","","","","","","","","","","","","","","","",67,1,"","","","","","","","","","","","",13.5,1,1018.,1,"","","","","","",1,1,0,1,0,1,0,1,2,1,"","","","","","","","","","","","","","","","","","","","","","","","",10000,1,"","",2,1,0,1,"","","","","","","","","","","","","","","","","","","","","","","","","","","","","","","","","","","","","","","","","","","","","","","","","","","","","","","","","","","","","","","","","",""
"59343001","LILLE-LESQUIN",50.57,3.0975,47,1959072600,"","","","",1.,1,"","","","","","","","","","","","","","","","","","","","","","","","","","","","","","",14.4,1,11.2,1,"","","","","","","","","","","","","","","","","","","","","","","","","","",84,1,"","","","","","","","","","","","",13.6,1,1018.,1,"","","","","","",0,1,"","",0,1,0,1,0,1,"","","","","","","","","","","","","","","","","","","","","","","","",10000,1,"","",2,1,0,1,"","","","","","","","","","","","","","","","","","","","","","","","","","","","","","","","","","","","","","","","","","","","","","","","","","","","","","","","","","","","","","","","","",""
"59343001","LILLE-LESQUIN",50.57,3.0975,47,1959072603,"","","","",1.,1,"","","","","","","","","","","","","","","","","","","","","","","","","","","","","","",11.,1,9.5,1,"","","","","","","","","","","","","","","","","","","","","","","","","","",92,1,"","","","","","","","","","","","",12.1,1,1017.2,1,"","","","","","",0,1,"","",0,1,0,1,0,1,"","","","","","","","","","","","","","","","","","","","","","","","",6000,1,"","",2,1,0,1,"","","","","","","","","","","","","","","","","","","","","","","","","","","","","","","","","","","","","","","","","","","","","","","","","","","","","","","","","","","","","","","","","",""
"59343001","LILLE-LESQUIN",50.57,3.0975,47,1959072606,"","","","",0.,1,"","","","","","","","","","","","","","","","","","","","","","","","","","","","","","",12.2,1,11.2,1,"","","","","","","","","","","","","","","","","","","","","","","","","","",96,1,"","","","","","","","","","","","",13.6,1,1016.9,1,"","","","","","",0,1,"","",0,1,0,1,0,1,"","","","","","","","","","","","","","","","","","","","","","","","",3500,1,"","",10,1,0,1,"","",0,1,"","","","","","","","","","","","","","","","","","","","","","","","","","","","","","","","","","","","","","","","","","","","","","","","","","","","","","","","","","","","","",""
"59343001","LILLE-LESQUIN",50.57,3.0975,47,1959072609,"","","","",0.,1,"","","","","","","","","","","","","","","","","","","","","","","","","","","","","","",21.1,1,13.6,1,"","","","","","","","","","","","","","","","","","","","","","","","","","",64,1,"","","","","","","","","","","","",16.,1,1016.9,1,"","","","","","",0,1,"","",0,1,0,1,0,1,"","","","","","","","","","","","","","","","","","","","","","","","",5000,1,"","",10,1,0,1,"","","","","","","","","","","","","","","","","","","","","","","","","","","","","","","","","","","","","","","","","","","","","","","","","","","","","","","","","","","","","","","","","",""
"59343001","LILLE-LESQUIN",50.57,3.0975,47,1959072612,"","","","",2.,1,"","","","","","","","","","","","","","","","","","","","","","","","","","","","","","",25.1,1,11.5,1,"","","","","","","","","","","","","","","","","","","","","","","","","","",43,1,"","","","","","","","","","","","",13.9,1,1015.7,1,"","","","","","",1,1,0,1,1,1,0,1,0,1,"","","","","","","","","","","","","","","","","","","","","","","","",10000,1,"","",2,1,0,1,"","","","","","","","","","","","","","","","","","","","","","","","","","","","","","","","","","","","","","","","","","","","","","","","","","","","","","","","","","","","","","","","","",""
"59343001","LILLE-LESQUIN",50.57,3.0975,47,1959072615,"","","","",2.,1,"","","","","","","","","","","","","","","","","","","","","","","","","","","","","","",27.6,1,10.6,1,"","","","","","","","","","","","","","","","","","","","","","","","","","",35,1,"","","","","","","","","","","","",13.,1,1014.1,1,"","","","","","",1,1,0,1,0,1,0,1,1,1,"","","","","","","","","","","","","","","","","","","","","","","","",10000,1,"","",3,1,0,1,"","","","","","","","","","","","","","","","","","","","","","","","","","","","","","","","","","","","","","","","","","","","","","","","","","","","","","","","","","","","","","","","","",""
"59343001","LILLE-LESQUIN",50.57,3.0975,47,1959072618,"","","","",0.,1,"","","","","","","","","","","","","","","","","","","","","","","","","","","","","","",26.6,1,12.7,1,"","","","","","","","","","","","","","","","","","","","","","","","","","",43,1,"","","","","","","","","","","","",15.,1,1013.2,1,"","","","","","",7,1,7,1,0,1,0,1,6,1,"","","","","","","","","","","","","","","","","","","","","","","","",8000,1,"","",3,1,1,1,"","","","","","","","","","","","","","","","","","","","","","","","","","","","","","","","","","","","","","","","","","","","","","","","","","","","","","","","","","","","","","","","","",""
"59343001","LILLE-LESQUIN",50.57,3.0975,47,1959072621,"","","","",3.,1,"","","","","","","","","","","","","","","","","","","","","","","","","","","","","","",20.8,1,11.6,1,"","","","","","","","","","","","","","","","","","","","","","","","","","",57,1,"","","","","","","","","","","","",14.,1,1013.4,1,"","","","","","",8,1,8,1,0,1,0,1,2,1,"","","","","","","","","","","","","","","","","","","","","","","","",10000,1,"","",2,1,2,1,"","","","","","","","","","","","","","","","","","","","","","","","","","","","","","","","","","","","","","","","","","","","","","","","","","","","","","","","","","","","","","","","","",""
"59343001","LILLE-LESQUIN",50.57,3.0975,47,1959072700,"","","","",5.,1,"","","","","","","","","","","","","","","","","","","","","","","","","","","","","","",19.7,1,14.4,1,"","","","","","","","","","","","","","","","","","","","","","","","","","",74,1,"","","","","","","","","","","","",16.8,1,1014.1,1,"","","","","","",8,1,6,1,5,1,5,1,"","","","","","","","","","","","","","","","","","","","","","","","","","",10000,1,"","",61,1,6,1,"","","","","","","","","","","","","","","","","","","","","","","","","","","","","","","","","","","","","","","","","","","","","","","","","","","","","","","","","","","","","","","","","",""
"59343001","LILLE-LESQUIN",50.57,3.0975,47,1959072703,"","","","",3.,1,"","","","","","","","","","","","","","","","","","","","","","","","","","","","","","",17.,1,15.1,1,"","","","","","","","","","","","","","","","","","","","","","","","","","",92,1,"","","","","","","","","","","","",17.7,1,1012.6,1,"","","","","","",8,1,8,1,9,1,7,1,"","","","","","","","","","","","","","","","","","","","","","","","","","",5000,1,"","",95,1,9,1,"","","","","","","","","","","","","","","","","","","","","","","","","","","","","","","","","","","","","","","","","","","","","","","","","","","","","","","","","","","","","","","","","",""
"59343001","LILLE-LESQUIN",50.57,3.0975,47,1959072706,"","","","",1.,1,"","","","","","","","","","","","","","","","","","","","","","","","","","","","","","",17.,1,16.2,1,"","","","","","","","","","","","","","","","","","","","","","","","","","",98,1,"","","","","","","","","","","","",19.,1,1012.5,1,"","","","","","",5,1,0,1,0,1,8,1,9,1,"","","","","","","","","","","","","","","","","","","","","","","","",1800,1,"","",10,1,9,1,"","",0,1,"","","","","","","","","","","","","","","","","","","","","","","","","","","","","","","","","","","","","","","","","","","","","","","","","","","","","","","","","","","","","",""
"59343001","LILLE-LESQUIN",50.57,3.0975,47,1959072709,"","","","",3.,1,"","","","","","","","","","","","","","","","","","","","","","","","","","","","","","",20.,1,16.1,1,"","","","","","","","","","","","","","","","","","","","","","","","","","",81,1,"","","","","","","","","","","","",18.9,1,1012.9,1,"","","","","","",7,1,5,1,0,1,8,1,2,1,"","","","","","","","","","","","","","","","","","","","","","","","","","","","",10,1,2,1,"","","","","","","","","","","","","","","","","","","","","","","","","","","","","","","","","","","","","","","","","","","","","","","","","","","","","","","","","","","","","","","","","",""
"59343001","LILLE-LESQUIN",50.57,3.0975,47,1959072712,"","","","",5.,1,"","","","","","","","","","","","","","","","","","","","","","","","","","","","","","",21.2,1,15.4,1,"","","","","","","","","","","","","","","","","","","","","","","","","","",72,1,"","","","","","","","","","","","",18.,1,1013.6,1,"","","","","","",7,1,5,1,2,1,3,1,0,1,"","","","","","","","","","","","","","","","","","","","","","","","",8000,1,"","",1,1,2,1,"","","","","","","","","","","","","","","","","","","","","","","","","","","","","","","","","","","","","","","","","","","","","","","","","","","","","","","","","","","","","","","","","",""
"59343001","LILLE-LESQUIN",50.57,3.0975,47,1959072715,"","","","",6.,1,"","","","","","","","","","","","","","","","","","","","","","","","","","","","","","",22.1,1,13.2,1,"","","","","","","","","","","","","","","","","","","","","","","","","","",58,1,"","","","","","","","","","","","",15.6,1,1013.4,1,"","","","","","",7,1,5,1,1,1,4,1,2,1,"","","","","","","","","","","","","","","","","","","","","","","","",30000,1,"","",2,1,2,1,"","","","","","","","","","","","","","","","","","","","","","","","","","","","","","","","","","","","","","","","","","","","","","","","","","","","","","","","","","","","","","","","","",""
"59343001","LILLE-LESQUIN",50.57,3.0975,47,1959072718,"","","","",5.,1,"","","","","","","","","","","","","","","","","","","","","","","","","","","","","","",20.5,1,10.2,1,"","","","","","","","","","","","","","","","","","","","","","","","","","",53,1,"","","","","","","","","","","","",12.7,1,1013.1,1,"","","","","","",7,1,6,1,5,1,4,1,2,1,"","","","","","","","","","","","","","","","","","","","","","","","",40000,1,"","",3,1,2,1,"","","","","","","","","","","","","","","","","","","","","","","","","","","","","","","","","","","","","","","","","","","","","","","","","","","","","","","","","","","","","","","","","",""
"59343001","LILLE-LESQUIN",50.57,3.0975,47,1959072721,"","","","",0.,1,"","","","","","","","","","","","","","","","","","","","","","","","","","","","","","",17.8,1,12.7,1,"","","","","","","","","","","","","","","","","","","","","","","","","","",74,1,"","","","","","","","","","","","",15.,1,1013.3,1,"","","","","","",6,1,5,1,5,1,0,1,2,1,"","","","","","","","","","","","","","","","","","","","","","","","",20000,1,"","",2,1,2,1,"","","","","","","","","","","","","","","","","","","","","","","","","","","","","","","","","","","","","","","","","","","","","","","","","","","","","","","","","","","","","","","","","",""
"59343001","LILLE-LESQUIN",50.57,3.0975,47,1959072800,"","","","",1.,1,"","","","","","","","","","","","","","","","","","","","","","","","","","","","","","",16.8,1,12.8,1,"","","","","","","","","","","","","","","","","","","","","","","","","","",79,1,"","","","","","","","","","","","",15.1,1,1013.,1,"","","","","","",7,1,7,1,5,1,"","","","","","","","","","","","","","","","","","","","","","","","","","","","",20000,1,"","",3,1,2,1,"","","","","","","","","","","","","","","","","","","","","","","","","","","","","","","","","","","","","","","","","","","","","","","","","","","","","","","","","","","","","","","","","",""
"59343001","LILLE-LESQUIN",50.57,3.0975,47,1959072803,"","","","",3.,1,"","","","","","","","","","","","","","","","","","","","","","","","","","","","","","",15.7,1,13.1,1,"","","","","","","","","","","","","","","","","","","","","","","","","","",86,1,"","","","","","","","","","","","",15.4,1,1012.2,1,"","","","","","",7,1,7,1,5,1,"","","","","","","","","","","","","","","","","","","","","","","","","","","","",15000,1,"","",21,1,6,1,"","","","","","","","","","","","","","","","","","","","","","","","","","","","","","","","","","","","","","","","","","","","","","","","","","","","","","","","","","","","","","","","","",""
"59343001","LILLE-LESQUIN",50.57,3.0975,47,1959072806,"","","","",3.,1,"","","","","","","","","","","","","","","","","","","","","","","","","","","","","","",15.5,1,12.5,1,"","","","","","","","","","","","","","","","","","","","","","","","","","",84,1,"","","","","","","","","","","","",14.8,1,1011.7,1,"","","","","","",7,1,5,1,5,1,3,1,"","","","","","","","","","","","","","","","","","","","","","","","","","",10000,1,"","",2,1,6,1,"","",0,1,"","","","","","","","","","","","","","","","","","","","","","","","","","","","","","","","","","","","","","","","","","","","","","","","","","","","","","","","","","","","","",""
"59343001","LILLE-LESQUIN",50.57,3.0975,47,1959072809,"","","","",7.,1,"","","","","","","","","","","","","","","","","","","","","","","","","","","","","","",18.1,1,11.9,1,"","","","","","","","","","","","","","","","","","","","","","","","","","",69,1,"","","","","","","","","","","","",14.2,1,1010.7,1,"","","","","","",7,1,5,1,2,1,3,1,9,1,"","","","","","","","","","","","","","","","","","","","","","","","",20000,1,"","",2,1,2,1,"","","","","","","","","","","","","","","","","","","","","","","","","","","","","","","","","","","","","","","","","","","","","","","","","","","","","","","","","","","","","","","","","",""
"59343001","LILLE-LESQUIN",50.57,3.0975,47,1959072812,"","","","",9.,1,"","","","","","","","","","","","","","","","","","","","","","","","","","","","","","",22.2,1,9.2,1,"","","","","","","","","","","","","","","","","","","","","","","","","","",44,1,"","","","","","","","","","","","",11.8,1,1010.,1,"","","","","","",6,1,5,1,2,1,0,1,2,1,"","","","","","","","","","","","","","","","","","","","","","","","",30000,1,"","",2,1,2,1,"","","","","","","","","","","","","","","","","","","","","","","","","","","","","","","","","","","","","","","","","","","","","","","","","","","","","","","","","","","","","","","","","",""
"59343001","LILLE-LESQUIN",50.57,3.0975,47,1959072815,"","","","",6.,1,"","","","","","","","","","","","","","","","","","","","","","","","","","","","","","",16.7,1,11.9,1,"","","","","","","","","","","","","","","","","","","","","","","","","","",75,1,"","","","","","","","","","","","",14.2,1,1010.7,1,"","","","","","",7,1,5,1,9,1,6,1,2,1,"","","","","","","","","","","","","","","","","","","","","","","","",30000,1,"","",25,1,8,1,"","","","","","","","","","","","","","","","","","","","","","","","","","","","","","","","","","","","","","","","","","","","","","","","","","","","","","","","","","","","","","","","","",""
"59343001","LILLE-LESQUIN",50.57,3.0975,47,1959072818,"","","","",6.,1,"","","","","","","","","","","","","","","","","","","","","","","","","","","","","","",18.8,1,11.6,1,"","","","","","","","","","","","","","","","","","","","","","","","","","",65,1,"","","","","","","","","","","","",14.,1,1009.5,1,"","","","","","",6,1,6,1,2,1,6,1,2,1,"","","","","","","","","","","","","","","","","","","","","","","","",30000,1,"","",2,1,8,1,"","","","","","","","","","","","","","","","","","","","","","","","","","","","","","","","","","","","","","","","","","","","","","","","","","","","","","","","","","","","","","","","","",""
"59343001","LILLE-LESQUIN",50.57,3.0975,47,1959072821,"","","","",1.,1,"","","","","","","","","","","","","","","","","","","","","","","","","","","","","","",15.2,1,12.8,1,"","","","","","","","","","","","","","","","","","","","","","","","","","",87,1,"","","","","","","","","","","","",15.1,1,1009.1,1,"","","","","","",4,1,0,1,0,1,6,1,0,1,"","","","","","","","","","","","","","","","","","","","","","","","",20000,1,"","",1,1,1,1,"","","","","","","","","","","","","","","","","","","","","","","","","","","","","","","","","","","","","","","","","","","","","","","","","","","","","","","","","","","","","","","","","",""
"59343001","LILLE-LESQUIN",50.57,3.0975,47,1959072900,"","","","",2.,1,"","","","","","","","","","","","","","","","","","","","","","","","","","","","","","",14.7,1,13.2,1,"","","","","","","","","","","","","","","","","","","","","","","","","","",92,1,"","","","","","","","","","","","",15.5,1,1007.8,1,"","","","","","",8,1,8,1,0,1,7,1,"","","","","","","","","","","","","","","","","","","","","","","","","","",12000,1,"","",60,1,6,1,"","","","","","","","","","","","","","","","","","","","","","","","","","","","","","","","","","","","","","","","","","","","","","","","","","","","","","","","","","","","","","","","","",""
"59343001","LILLE-LESQUIN",50.57,3.0975,47,1959072903,"","","","",4.,1,"","","","","","","","","","","","","","","","","","","","","","","","","","","","","","",13.4,1,12.4,1,"","","","","","","","","","","","","","","","","","","","","","","","","","",95,1,"","","","","","","","","","","","",14.7,1,1005.9,1,"","","","","","",8,1,8,1,0,1,7,1,"","","","","","","","","","","","","","","","","","","","","","","","","","",8000,1,"","",61,1,6,1,"","","","","","","","","","","","","","","","","","","","","","","","","","","","","","","","","","","","","","","","","","","","","","","","","","","","","","","","","","","","","","","","","",""
"59343001","LILLE-LESQUIN",50.57,3.0975,47,1959072906,"","","","",3.,1,"","","","","","","","","","","","","","","","","","","","","","","","","","","","","","",13.4,1,12.4,1,"","","","","","","","","","","","","","","","","","","","","","","","","","",95,1,"","","","","","","","","","","","",14.7,1,1004.5,1,"","","","","","",8,1,8,1,2,1,7,1,"","","","","","","","","","","","","","","","","","","","","","","","","","",6000,1,"","",60,1,6,1,"","",0,1,"","","","","","","","","","","","","","","","","","","","","","","","","","","","","","","","","","","","","","","","","","","","","","","","","","","","","","","","","","","","","",""
"59343001","LILLE-LESQUIN",50.57,3.0975,47,1959072909,"","","","",5.,1,"","","","","","","","","","","","","","","","","","","","","","","","","","","","","","",15.2,1,13.2,1,"","","","","","","","","","","","","","","","","","","","","","","","","","",90,1,"","","","","","","","","","","","",15.6,1,1003.3,1,"","","","","","",8,1,6,1,2,1,7,1,"","","","","","","","","","","","","","","","","","","","","","","","","","",9000,1,"","",61,1,6,1,"","","","","","","","","","","","","","","","","","","","","","","","","","","","","","","","","","","","","","","","","","","","","","","","","","","","","","","","","","","","","","","","","",""
"59343001","LILLE-LESQUIN",50.57,3.0975,47,1959072912,"","","","",5.,1,"","","","","","","","","","","","","","","","","","","","","","","","","","","","","","",14.8,1,13.7,1,"","","","","","","","","","","","","","","","","","","","","","","","","","",96,1,"","","","","","","","","","","","",16.1,1,1002.,1,"","","","","","",8,1,7,1,7,1,"","","","","","","","","","","","","","","","","","","","","","","","","","","","",6000,1,"","",61,1,6,1,"","","","","","","","","","","","","","","","","","","","","","","","","","","","","","","","","","","","","","","","","","","","","","","","","","","","","","","","","","","","","","","","","",""
"59343001","LILLE-LESQUIN",50.57,3.0975,47,1959072915,"","","","",1.,1,"","","","","","","","","","","","","","","","","","","","","","","","","","","","","","",17.1,1,13.2,1,"","","","","","","","","","","","","","","","","","","","","","","","","","",80,1,"","","","","","","","","","","","",15.6,1,1000.8,1,"","","","","","",7,1,5,1,2,1,7,1,2,1,"","","","","","","","","","","","","","","","","","","","","","","","",10000,1,"","",1,1,6,1,"","","","","","","","","","","","","","","","","","","","","","","","","","","","","","","","","","","","","","","","","","","","","","","","","","","","","","","","","","","","","","","","","",""
"59343001","LILLE-LESQUIN",50.57,3.0975,47,1959072918,"","","","",2.,1,"","","","","","","","","","","","","","","","","","","","","","","","","","","","","","",13.9,1,12.9,1,"","","","","","","","","","","","","","","","","","","","","","","","","","",95,1,"","","","","","","","","","","","",15.2,1,1000.9,1,"","","","","","",7,1,6,1,2,1,7,1,3,1,"","","","","","","","","","","","","","","","","","","","","","","","",7000,1,"","",21,1,6,1,"","","","","","","","","","","","","","","","","","","","","","","","","","","","","","","","","","","","","","","","","","","","","","","","","","","","","","","","","","","","","","","","","",""
"59343001","LILLE-LESQUIN",50.57,3.0975,47,1959072921,"","","","",2.,1,"","","","","","","","","","","","","","","","","","","","","","","","","","","","","","",14.,1,13.2,1,"","","","","","","","","","","","","","","","","","","","","","","","","","",97,1,"","","","","","","","","","","","",15.5,1,1002.9,1,"","","","","","",7,1,7,1,0,1,7,1,"","","","","","","","","","","","","","","","","","","","","","","","","","",5000,1,"","",2,1,2,1,"","","","","","","","","","","","","","","","","","","","","","","","","","","","","","","","","","","","","","","","","","","","","","","","","","","","","","","","","","","","","","","","","",""
"59343001","LILLE-LESQUIN",50.57,3.0975,47,1959073000,"","","","",1.,1,"","","","","","","","","","","","","","","","","","","","","","","","","","","","","","",13.8,1,13.,1,"","","","","","","","","","","","","","","","","","","","","","","","","","",97,1,"","","","","","","","","","","","",15.3,1,1003.9,1,"","","","","","",8,1,8,1,6,1,"","","","","","","","","","","","","","","","","","","","","","","","","","","","",5000,1,"","",2,1,2,1,"","","","","","","","","","","","","","","","","","","","","","","","","","","","","","","","","","","","","","","","","","","","","","","","","","","","","","","","","","","","","","","","","",""
"59343001","LILLE-LESQUIN",50.57,3.0975,47,1959073003,"","","","",1.,1,"","","","","","","","","","","","","","","","","","","","","","","","","","","","","","",13.2,1,13.2,1,"","","","","","","","","","","","","","","","","","","","","","","","","","",99,1,"","","","","","","","","","","","",15.,1,1003.8,1,"","","","","","",7,1,7,1,6,1,7,1,"","","","","","","","","","","","","","","","","","","","","","","","","","",5000,1,"","",1,1,2,1,"","","","","","","","","","","","","","","","","","","","","","","","","","","","","","","","","","","","","","","","","","","","","","","","","","","","","","","","","","","","","","","","","",""
"59343001","LILLE-LESQUIN",50.57,3.0975,47,1959073006,"","","","",2.,1,"","","","","","","","","","","","","","","","","","","","","","","","","","","","","","",13.9,1,13.2,1,"","","","","","","","","","","","","","","","","","","","","","","","","","",98,1,"","","","","","","","","","","","",15.5,1,1004.7,1,"","","","","","",7,1,6,1,5,1,4,1,0,1,"","","","","","","","","","","","","","","","","","","","","","","","",2500,1,"","",10,1,2,1,"","",0,1,"","","","","","","","","","","","","","","","","","","","","","","","","","","","","","","","","","","","","","","","","","","","","","","","","","","","","","","","","","","","","",""
"59343001","LILLE-LESQUIN",50.57,3.0975,47,1959073009,"","","","",3.,1,"","","","","","","","","","","","","","","","","","","","","","","","","","","","","","",17.8,1,13.6,1,"","","","","","","","","","","","","","","","","","","","","","","","","","",79,1,"","","","","","","","","","","","",16.,1,1005.5,1,"","","","","","",7,1,6,1,2,1,4,1,"","","","","","","","","","","","","","","","","","","","","","","","","","",8000,1,"","",2,1,2,1,"","","","","","","","","","","","","","","","","","","","","","","","","","","","","","","","","","","","","","","","","","","","","","","","","","","","","","","","","","","","","","","","","",""
"59343001","LILLE-LESQUIN",50.57,3.0975,47,1959073012,"","","","",4.,1,"","","","","","","","","","","","","","","","","","","","","","","","","","","","","","",16.7,1,13.7,1,"","","","","","","","","","","","","","","","","","","","","","","","","","",85,1,"","","","","","","","","","","","",16.1,1,1006.9,1,"","","","","","",7,1,0,1,9,1,7,1,3,1,"","","","","","","","","","","","","","","","","","","","","","","","",8000,1,"","",21,1,9,1,"","","","","","","","","","","","","","","","","","","","","","","","","","","","","","","","","","","","","","","","","","","","","","","","","","","","","","","","","","","","","","","","","",""
"59343001","LILLE-LESQUIN",50.57,3.0975,47,1959073015,"","","","",7.,1,"","","","","","","","","","","","","","","","","","","","","","","","","","","","","","",21.1,1,13.4,1,"","","","","","","","","","","","","","","","","","","","","","","","","","",63,1,"","","","","","","","","","","","",15.8,1,1007.3,1,"","","","","","",7,1,5,1,9,1,6,1,3,1,"","","","","","","","","","","","","","","","","","","","","","","","",15000,1,"","",2,1,2,1,"","","","","","","","","","","","","","","","","","","","","","","","","","","","","","","","","","","","","","","","","","","","","","","","","","","","","","","","","","","","","","","","","",""
"59343001","LILLE-LESQUIN",50.57,3.0975,47,1959073018,"","","","",6.,1,"","","","","","","","","","","","","","","","","","","","","","","","","","","","","","",18.3,1,13.6,1,"","","","","","","","","","","","","","","","","","","","","","","","","","",76,1,"","","","","","","","","","","","",16.,1,1008.6,1,"","","","","","",7,1,7,1,9,1,0,1,3,1,"","","","","","","","","","","","","","","","","","","","","","","","",10000,1,"","",2,1,8,1,"","","","","","","","","","","","","","","","","","","","","","","","","","","","","","","","","","","","","","","","","","","","","","","","","","","","","","","","","","","","","","","","","",""
"59343001","LILLE-LESQUIN",50.57,3.0975,47,1959073021,"","","","",3.,1,"","","","","","","","","","","","","","","","","","","","","","","","","","","","","","",15.6,1,13.8,1,"","","","","","","","","","","","","","","","","","","","","","","","","","",91,1,"","","","","","","","","","","","",16.2,1,1010.7,1,"","","","","","",8,1,8,1,5,1,"","","","","","","","","","","","","","","","","","","","","","","","","","","","",8000,1,"","",3,1,2,1,"","","","","","","","","","","","","","","","","","","","","","","","","","","","","","","","","","","","","","","","","","","","","","","","","","","","","","","","","","","","","","","","","",""
"59343001","LILLE-LESQUIN",50.57,3.0975,47,1959073100,"","","","",3.,1,"","","","","","","","","","","","","","","","","","","","","","","","","","","","","","",14.6,1,13.2,1,"","","","","","","","","","","","","","","","","","","","","","","","","","",93,1,"","","","","","","","","","","","",15.5,1,1011.2,1,"","","","","","",8,1,8,1,5,1,"","","","","","","","","","","","","","","","","","","","","","","","","","","","",9000,1,"","",1,1,2,1,"","","","","","","","","","","","","","","","","","","","","","","","","","","","","","","","","","","","","","","","","","","","","","","","","","","","","","","","","","","","","","","","","",""
"59343001","LILLE-LESQUIN",50.57,3.0975,47,1959073103,"","","","",4.,1,"","","","","","","","","","","","","","","","","","","","","","","","","","","","","","",13.6,1,12.4,1,"","","","","","","","","","","","","","","","","","","","","","","","","","",94,1,"","","","","","","","","","","","",14.7,1,1011.2,1,"","","","","","",7,1,7,1,5,1,"","","","","","","","","","","","","","","","","","","","","","","","","","","","",9000,1,"","",3,1,2,1,"","","","","","","","","","","","","","","","","","","","","","","","","","","","","","","","","","","","","","","","","","","","","","","","","","","","","","","","","","","","","","","","","",""
"59343001","LILLE-LESQUIN",50.57,3.0975,47,1959073106,"","","","",6.,1,"","","","","","","","","","","","","","","","","","","","","","","","","","","","","","",14.2,1,12.6,1,"","","","","","","","","","","","","","","","","","","","","","","","","","",92,1,"","","","","","","","","","","","",14.9,1,1011.9,1,"","","","","","",7,1,7,1,5,1,7,1,"","","","","","","","","","","","","","","","","","","","","","","","","","",10000,1,"","",1,1,2,1,"","",0,1,"","","","","","","","","","","","","","","","","","","","","","","","","","","","","","","","","","","","","","","","","","","","","","","","","","","","","","","","","","","","","",""
"59343001","LILLE-LESQUIN",50.57,3.0975,47,1959073109,"","","","",7.,1,"","","","","","","","","","","","","","","","","","","","","","","","","","","","","","",15.9,1,12.7,1,"","","","","","","","","","","","","","","","","","","","","","","","","","",83,1,"","","","","","","","","","","","",15.,1,1013.1,1,"","","","","","",8,1,7,1,2,1,"","","","","","","","","","","","","","","","","","","","","","","","","","","","",10000,1,"","",3,1,2,1,"","","","","","","","","","","","","","","","","","","","","","","","","","","","","","","","","","","","","","","","","","","","","","","","","","","","","","","","","","","","","","","","","",""
"59343001","LILLE-LESQUIN",50.57,3.0975,47,1959073112,"","","","",8.,1,"","","","","","","","","","","","","","","","","","","","","","","","","","","","","","",16.1,1,12.6,1,"","","","","","","","","","","","","","","","","","","","","","","","","","",81,1,"","","","","","","","","","","","",14.9,1,1014.1,1,"","","","","","",8,1,5,1,2,1,7,1,"","","","","","","","","","","","","","","","","","","","","","","","","","",8000,1,"","",2,1,2,1,"","","","","","","","","","","","","","","","","","","","","","","","","","","","","","","","","","","","","","","","","","","","","","","","","","","","","","","","","","","","","","","","","",""
"59343001","LILLE-LESQUIN",50.57,3.0975,47,1959073115,"","","","",7.,1,"","","","","","","","","","","","","","","","","","","","","","","","","","","","","","",14.,1,13.,1,"","","","","","","","","","","","","","","","","","","","","","","","","","",96,1,"","","","","","","","","","","","",15.3,1,1015.5,1,"","","","","","",8,1,8,1,7,1,7,1,"","","","","","","","","","","","","","","","","","","","","","","","","","",8000,1,"","",20,1,6,1,"","","","","","","","","","","","","","","","","","","","","","","","","","","","","","","","","","","","","","","","","","","","","","","","","","","","","","","","","","","","","","","","","",""
"59343001","LILLE-LESQUIN",50.57,3.0975,47,1959073118,"","","","",6.,1,"","","","","","","","","","","","","","","","","","","","","","","","","","","","","","",15.1,1,12.7,1,"","","","","","","","","","","","","","","","","","","","","","","","","","",87,1,"","","","","","","","","","","","",15.,1,1015.9,1,"","","","","","",8,1,5,1,7,1,7,1,"","","","","","","","","","","","","","","","","","","","","","","","","","",8000,1,"","",58,1,6,1,"","","","","","","","","","","","","","","","","","","","","","","","","","","","","","","","","","","","","","","","","","","","","","","","","","","","","","","","","","","","","","","","","",""
"59343001","LILLE-LESQUIN",50.57,3.0975,47,1959073121,"","","","",6.,1,"","","","","","","","","","","","","","","","","","","","","","","","","","","","","","",15.,1,12.9,1,"","","","","","","","","","","","","","","","","","","","","","","","","","",89,1,"","","","","","","","","","","","",15.2,1,1017.2,1,"","","","","","",7,1,7,1,5,1,"","","","","","","","","","","","","","","","","","","","","","","","","","","","",7000,1,"","",2,1,6,1,"","","","","","","","","","","","","","","","","","","","","","","","","","","","","","","","","","","","","","","","","","","","","","","","","","","","","","","","","","","","","","","","","",""
"59343001","LILLE-LESQUIN",50.57,3.0975,47,1959080100,"","","","",3.,1,"","","","","","","","","","","","","","","","","","","","","","","","","","","","","","",13.7,1,12.5,1,"","","","","","","","","","","","","","","","","","","","","","","","","","",94,1,"","","","","","","","","","","","",14.8,1,1017.6,1,"","","","","","",0,1,"","",0,1,0,1,0,1,"","","","","","","","","","","","","","","","","","","","","","","","",6000,1,"","",2,1,0,1,"","","","","","","","","","","","","","","","","","","","","","","","","","","","","","","","","","","","","","","","","","","","","","","","","","","","","","","","","","","","","","","","","",""
"59343001","LILLE-LESQUIN",50.57,3.0975,47,1959080103,"","","","",3.,1,"","","","","","","","","","","","","","","","","","","","","","","","","","","","","","",11.6,1,10.9,1,"","","","","","","","","","","","","","","","","","","","","","","","","","",97,1,"","","","","","","","","","","","",13.3,1,1017.9,1,"","","","","","",0,1,"","",0,1,0,1,0,1,"","","","","","","","","","","","","","","","","","","","","","","","",5000,1,"","",2,1,0,1,"","","","","","","","","","","","","","","","","","","","","","","","","","","","","","","","","","","","","","","","","","","","","","","","","","","","","","","","","","","","","","","","","",""
"59343001","LILLE-LESQUIN",50.57,3.0975,47,1959080106,"","","","",2.,1,"","","","","","","","","","","","","","","","","","","","","","","","","","","","","","",12.2,1,11.4,1,"","","","","","","","","","","","","","","","","","","","","","","","","","",98,1,"","","","","","","","","","","","",13.8,1,1018.4,1,"","","","","","",2,1,0,1,5,1,4,1,1,1,"","","","","","","","","","","","","","","","","","","","","","","","",2500,1,"","",10,1,0,1,"","",0,1,"","","","","","","","","","","","","","","","","","","","","","","","","","","","","","","","","","","","","","","","","","","","","","","","","","","","","","","","","","","","","",""
"59343001","LILLE-LESQUIN",50.57,3.0975,47,1959080109,"","","","",1.,1,"","","","","","","","","","","","","","","","","","","","","","","","","","","","","","",19.8,1,11.4,1,"","","","","","","","","","","","","","","","","","","","","","","","","","",60,1,"","","","","","","","","","","","",13.8,1,1018.9,1,"","","","","","",6,1,6,1,8,1,0,1,1,1,"","","","","","","","","","","","","","","","","","","","","","","","",8000,1,"","",3,1,1,1,"","","","","","","","","","","","","","","","","","","","","","","","","","","","","","","","","","","","","","","","","","","","","","","","","","","","","","","","","","","","","","","","","",""
"59343001","LILLE-LESQUIN",50.57,3.0975,47,1959080112,"","","","",2.,1,"","","","","","","","","","","","","","","","","","","","","","","","","","","","","","",18.3,1,15.1,1,"","","","","","","","","","","","","","","","","","","","","","","","","","",83,1,"","","","","","","","","","","","",17.6,1,1018.8,1,"","","","","","",8,1,8,1,8,1,"","","","","","","","","","","","","","","","","","","","","","","","","","","","",4500,1,"","",50,1,2,1,"","","","","","","","","","","","","","","","","","","","","","","","","","","","","","","","","","","","","","","","","","","","","","","","","","","","","","","","","","","","","","","","","",""
"59343001","LILLE-LESQUIN",50.57,3.0975,47,1959080115,"","","","",7.,1,"","","","","","","","","","","","","","","","","","","","","","","","","","","","","","",22.9,1,12.3,1,"","","","","","","","","","","","","","","","","","","","","","","","","","",52,1,"","","","","","","","","","","","",14.6,1,1017.4,1,"","","","","","",6,1,0,1,8,1,0,1,1,1,"","","","","","","","","","","","","","","","","","","","","","","","",10000,1,"","",1,1,5,1,"","","","","","","","","","","","","","","","","","","","","","","","","","","","","","","","","","","","","","","","","","","","","","","","","","","","","","","","","","","","","","","","","",""
"59343001","LILLE-LESQUIN",50.57,3.0975,47,1959080118,"","","","",6.,1,"","","","","","","","","","","","","","","","","","","","","","","","","","","","","","",18.9,1,11.1,1,"","","","","","","","","","","","","","","","","","","","","","","","","","",62,1,"","","","","","","","","","","","",13.5,1,1017.5,1,"","","","","","",7,1,5,1,8,1,4,1,2,1,"","","","","","","","","","","","","","","","","","","","","","","","",20000,1,"","",3,1,5,1,"","","","","","","","","","","","","","","","","","","","","","","","","","","","","","","","","","","","","","","","","","","","","","","","","","","","","","","","","","","","","","","","","",""
"59343001","LILLE-LESQUIN",50.57,3.0975,47,1959080121,"","","","",2.,1,"","","","","","","","","","","","","","","","","","","","","","","","","","","","","","",16.4,1,11.7,1,"","","","","","","","","","","","","","","","","","","","","","","","","","",76,1,"","","","","","","","","","","","",14.1,1,1017.9,1,"","","","","","",8,1,8,1,5,1,"","","","","","","","","","","","","","","","","","","","","","","","","","","","",9000,1,"","",3,1,2,1,"","","","","","","","","","","","","","","","","","","","","","","","","","","","","","","","","","","","","","","","","","","","","","","","","","","","","","","","","","","","","","","","","",""
"59343001","LILLE-LESQUIN",50.57,3.0975,47,1959080200,"","","","",3.,1,"","","","","","","","","","","","","","","","","","","","","","","","","","","","","","",14.3,1,13.4,1,"","","","","","","","","","","","","","","","","","","","","","","","","","",97,1,"","","","","","","","","","","","",15.8,1,1018.,1,"","","","","","",8,1,5,1,7,1,7,1,"","","","","","","","","","","","","","","","","","","","","","","","","","",5000,1,"","",61,1,6,1,"","","","","","","","","","","","","","","","","","","","","","","","","","","","","","","","","","","","","","","","","","","","","","","","","","","","","","","","","","","","","","","","","",""
"59343001","LILLE-LESQUIN",50.57,3.0975,47,1959080203,"","","","",2.,1,"","","","","","","","","","","","","","","","","","","","","","","","","","","","","","",13.,1,13.,1,"","","","","","","","","","","","","","","","","","","","","","","","","","",99,1,"","","","","","","","","","","","",14.8,1,1017.1,1,"","","","","","",8,1,8,1,5,1,"","","","","","","","","","","","","","","","","","","","","","","","","","","","",6000,1,"","",50,1,6,1,"","","","","","","","","","","","","","","","","","","","","","","","","","","","","","","","","","","","","","","","","","","","","","","","","","","","","","","","","","","","","","","","","",""
"59343001","LILLE-LESQUIN",50.57,3.0975,47,1959080206,"","","","",3.,1,"","","","","","","","","","","","","","","","","","","","","","","","","","","","","","",12.9,1,12.4,1,"","","","","","","","","","","","","","","","","","","","","","","","","","",98,1,"","","","","","","","","","","","",14.7,1,1016.9,1,"","","","","","",8,1,5,1,5,1,7,1,"","","","","","","","","","","","","","","","","","","","","","","","","","",3500,1,"","",60,1,6,1,"","",0,1,"","","","","","","","","","","","","","","","","","","","","","","","","","","","","","","","","","","","","","","","","","","","","","","","","","","","","","","","","","","","","",""
"59343001","LILLE-LESQUIN",50.57,3.0975,47,1959080209,"","","","",4.,1,"","","","","","","","","","","","","","","","","","","","","","","","","","","","","","",15.6,1,12.8,1,"","","","","","","","","","","","","","","","","","","","","","","","","","",85,1,"","","","","","","","","","","","",15.1,1,1017.1,1,"","","","","","",8,1,8,1,2,1,7,1,"","","","","","","","","","","","","","","","","","","","","","","","","","","","","","",10,1,6,1,"","","","","","","","","","","","","","","","","","","","","","","","","","","","","","","","","","","","","","","","","","","","","","","","","","","","","","","","","","","","","","","","","",""
"59343001","LILLE-LESQUIN",50.57,3.0975,47,1959080212,"","","","",7.,1,"","","","","","","","","","","","","","","","","","","","","","","","","","","","","","",17.6,1,12.1,1,"","","","","","","","","","","","","","","","","","","","","","","","","","",72,1,"","","","","","","","","","","","",14.4,1,1017.4,1,"","","","","","",8,1,8,1,2,1,7,1,"","","","","","","","","","","","","","","","","","","","","","","","","","",20000,1,"","",60,1,6,1,"","","","","","","","","","","","","","","","","","","","","","","","","","","","","","","","","","","","","","","","","","","","","","","","","","","","","","","","","","","","","","","","","",""
"59343001","LILLE-LESQUIN",50.57,3.0975,47,1959080215,"","","","",7.,1,"","","","","","","","","","","","","","","","","","","","","","","","","","","","","","",19.4,1,12.4,1,"","","","","","","","","","","","","","","","","","","","","","","","","","",66,1,"","","","","","","","","","","","",14.7,1,1017.7,1,"","","","","","",5,1,0,1,2,1,3,1,1,1,"","","","","","","","","","","","","","","","","","","","","","","","",30000,1,"","",1,1,6,1,"","","","","","","","","","","","","","","","","","","","","","","","","","","","","","","","","","","","","","","","","","","","","","","","","","","","","","","","","","","","","","","","","",""
"59343001","LILLE-LESQUIN",50.57,3.0975,47,1959080218,"","","","",5.,1,"","","","","","","","","","","","","","","","","","","","","","","","","","","","","","",18.,1,11.3,1,"","","","","","","","","","","","","","","","","","","","","","","","","","",66,1,"","","","","","","","","","","","",13.7,1,1017.8,1,"","","","","","",3,1,0,1,2,1,0,1,1,1,"","","","","","","","","","","","","","","","","","","","","","","","",30000,1,"","",1,1,6,1,"","","","","","","","","","","","","","","","","","","","","","","","","","","","","","","","","","","","","","","","","","","","","","","","","","","","","","","","","","","","","","","","","",""
"59343001","LILLE-LESQUIN",50.57,3.0975,47,1959080221,"","","","",2.,1,"","","","","","","","","","","","","","","","","","","","","","","","","","","","","","",13.3,1,11.2,1,"","","","","","","","","","","","","","","","","","","","","","","","","","",89,1,"","","","","","","","","","","","",13.6,1,1018.7,1,"","","","","","",1,1,0,1,0,1,4,1,1,1,"","","","","","","","","","","","","","","","","","","","","","","","",10000,1,"","",2,1,0,1,"","","","","","","","","","","","","","","","","","","","","","","","","","","","","","","","","","","","","","","","","","","","","","","","","","","","","","","","","","","","","","","","","",""
"59343001","LILLE-LESQUIN",50.57,3.0975,47,1959080300,"","","","",0.,1,"","","","","","","","","","","","","","","","","","","","","","","","","","","","","","",11.5,1,10.4,1,"","","","","","","","","","","","","","","","","","","","","","","","","","",95,1,"","","","","","","","","","","","",12.9,1,1018.4,1,"","","","","","",0,1,"","",0,1,0,1,0,1,"","","","","","","","","","","","","","","","","","","","","","","","",7000,1,"","",2,1,0,1,"","","","","","","","","","","","","","","","","","","","","","","","","","","","","","","","","","","","","","","","","","","","","","","","","","","","","","","","","","","","","","","","","",""
"59343001","LILLE-LESQUIN",50.57,3.0975,47,1959080303,"","","","",0.,1,"","","","","","","","","","","","","","","","","","","","","","","","","","","","","","",11.5,1,10.6,1,"","","","","","","","","","","","","","","","","","","","","","","","","","",96,1,"","","","","","","","","","","","",13.,1,1017.5,1,"","","","","","",8,1,8,1,6,1,"","","","","","","","","","","","","","","","","","","","","","","","","","","","",4000,1,"","",10,1,1,1,"","","","","","","","","","","","","","","","","","","","","","","","","","","","","","","","","","","","","","","","","","","","","","","","","","","","","","","","","","","","","","","","","",""
"59343001","LILLE-LESQUIN",50.57,3.0975,47,1959080306,"","","","",2.,1,"","","","","","","","","","","","","","","","","","","","","","","","","","","","","","",14.2,1,13.4,1,"","","","","","","","","","","","","","","","","","","","","","","","","","",98,1,"","","","","","","","","","","","",15.8,1,1016.7,1,"","","","","","",8,1,8,1,5,1,7,1,"","","","","","","","","","","","","","","","","","","","","","","","","","",2000,1,"","",10,1,2,1,"","",0,1,"","","","","","","","","","","","","","","","","","","","","","","","","","","","","","","","","","","","","","","","","","","","","","","","","","","","","","","","","","","","","",""
"59343001","LILLE-LESQUIN",50.57,3.0975,47,1959080309,"","","","",1.,1,"","","","","","","","","","","","","","","","","","","","","","","","","","","","","","",15.6,1,14.2,1,"","","","","","","","","","","","","","","","","","","","","","","","","","",94,1,"","","","","","","","","","","","",16.6,1,1016.6,1,"","","","","","",8,1,6,1,5,1,7,1,"","","","","","","","","","","","","","","","","","","","","","","","","","",7000,1,"","",21,1,6,1,"","","","","","","","","","","","","","","","","","","","","","","","","","","","","","","","","","","","","","","","","","","","","","","","","","","","","","","","","","","","","","","","","",""
"59343001","LILLE-LESQUIN",50.57,3.0975,47,1959080312,"","","","",1.,1,"","","","","","","","","","","","","","","","","","","","","","","","","","","","","","",17.6,1,13.8,1,"","","","","","","","","","","","","","","","","","","","","","","","","","",80,1,"","","","","","","","","","","","",16.2,1,1016.2,1,"","","","","","",8,1,6,1,5,1,7,1,"","","","","","","","","","","","","","","","","","","","","","","","","","",8000,1,"","",2,1,6,1,"","","","","","","","","","","","","","","","","","","","","","","","","","","","","","","","","","","","","","","","","","","","","","","","","","","","","","","","","","","","","","","","","",""
"59343001","LILLE-LESQUIN",50.57,3.0975,47,1959080315,"","","","",2.,1,"","","","","","","","","","","","","","","","","","","","","","","","","","","","","","",16.8,1,13.3,1,"","","","","","","","","","","","","","","","","","","","","","","","","","",82,1,"","","","","","","","","","","","",15.7,1,1016.4,1,"","","","","","",8,1,8,1,8,1,7,1,"","","","","","","","","","","","","","","","","","","","","","","","","","",8000,1,"","",2,1,6,1,"","","","","","","","","","","","","","","","","","","","","","","","","","","","","","","","","","","","","","","","","","","","","","","","","","","","","","","","","","","","","","","","","",""
"59343001","LILLE-LESQUIN",50.57,3.0975,47,1959080318,"","","","",2.,1,"","","","","","","","","","","","","","","","","","","","","","","","","","","","","","",17.,1,11.2,1,"","","","","","","","","","","","","","","","","","","","","","","","","","",70,1,"","","","","","","","","","","","",13.6,1,1016.3,1,"","","","","","",7,1,6,1,8,1,4,1,0,1,"","","","","","","","","","","","","","","","","","","","","","","","",12000,1,"","",1,1,6,1,"","","","","","","","","","","","","","","","","","","","","","","","","","","","","","","","","","","","","","","","","","","","","","","","","","","","","","","","","","","","","","","","","",""
"59343001","LILLE-LESQUIN",50.57,3.0975,47,1959080321,"","","","",1.,1,"","","","","","","","","","","","","","","","","","","","","","","","","","","","","","",13.6,1,11.2,1,"","","","","","","","","","","","","","","","","","","","","","","","","","",88,1,"","","","","","","","","","","","",13.6,1,1017.,1,"","","","","","",5,1,0,1,5,1,4,1,1,1,"","","","","","","","","","","","","","","","","","","","","","","","",15000,1,"","",2,1,2,1,"","","","","","","","","","","","","","","","","","","","","","","","","","","","","","","","","","","","","","","","","","","","","","","","","","","","","","","","","","","","","","","","","",""
"59343001","LILLE-LESQUIN",50.57,3.0975,47,1959080400,"","","","",0.,1,"","","","","","","","","","","","","","","","","","","","","","","","","","","","","","",11.7,1,10.8,1,"","","","","","","","","","","","","","","","","","","","","","","","","","",96,1,"","","","","","","","","","","","",13.2,1,1017.1,1,"","","","","","",2,1,0,1,0,1,0,1,1,1,"","","","","","","","","","","","","","","","","","","","","","","","",12000,1,"","",3,1,0,1,"","","","","","","","","","","","","","","","","","","","","","","","","","","","","","","","","","","","","","","","","","","","","","","","","","","","","","","","","","","","","","","","","",""
"59343001","LILLE-LESQUIN",50.57,3.0975,47,1959080403,"","","","",1.,1,"","","","","","","","","","","","","","","","","","","","","","","","","","","","","","",9.8,1,9.8,1,"","","","","","","","","","","","","","","","","","","","","","","","","","",99,1,"","","","","","","","","","","","",12.,1,1016.8,1,"","","","","","",5,1,5,1,5,1,0,1,1,1,"","","","","","","","","","","","","","","","","","","","","","","","",10000,1,"","",3,1,1,1,"","","","","","","","","","","","","","","","","","","","","","","","","","","","","","","","","","","","","","","","","","","","","","","","","","","","","","","","","","","","","","","","","",""
"59343001","LILLE-LESQUIN",50.57,3.0975,47,1959080406,"","","","",0.,1,"","","","","","","","","","","","","","","","","","","","","","","","","","","","","","",11.7,1,10.8,1,"","","","","","","","","","","","","","","","","","","","","","","","","","",96,1,"","","","","","","","","","","","",13.2,1,1017.5,1,"","","","","","",7,1,7,1,5,1,"","","","","","","","","","","","","","","","","","","","","","","","","","","","",1800,1,"","",10,1,2,1,"","",0,1,"","","","","","","","","","","","","","","","","","","","","","","","","","","","","","","","","","","","","","","","","","","","","","","","","","","","","","","","","","","","","",""
"59343001","LILLE-LESQUIN",50.57,3.0975,47,1959080409,"","","","",0.,1,"","","","","","","","","","","","","","","","","","","","","","","","","","","","","","",18.2,1,12.8,1,"","","","","","","","","","","","","","","","","","","","","","","","","","",72,1,"","","","","","","","","","","","",15.1,1,1017.9,1,"","","","","","",2,1,0,1,2,1,0,1,0,1,"","","","","","","","","","","","","","","","","","","","","","","","","","","","",10,1,1,1,"","","","","","","","","","","","","","","","","","","","","","","","","","","","","","","","","","","","","","","","","","","","","","","","","","","","","","","","","","","","","","","","","",""
"59343001","LILLE-LESQUIN",50.57,3.0975,47,1959080412,"","","","",3.,1,"","","","","","","","","","","","","","","","","","","","","","","","","","","","","","",21.2,1,11.2,1,"","","","","","","","","","","","","","","","","","","","","","","","","","",54,1,"","","","","","","","","","","","",13.6,1,1017.6,1,"","","","","","",7,1,7,1,2,1,0,1,0,1,"","","","","","","","","","","","","","","","","","","","","","","","",20000,1,"","",3,1,1,1,"","","","","","","","","","","","","","","","","","","","","","","","","","","","","","","","","","","","","","","","","","","","","","","","","","","","","","","","","","","","","","","","","",""
"59343001","LILLE-LESQUIN",50.57,3.0975,47,1959080415,"","","","",2.,1,"","","","","","","","","","","","","","","","","","","","","","","","","","","","","","",22.8,1,11.7,1,"","","","","","","","","","","","","","","","","","","","","","","","","","",51,1,"","","","","","","","","","","","",14.1,1,1017.6,1,"","","","","","",6,1,0,1,8,1,0,1,1,1,"","","","","","","","","","","","","","","","","","","","","","","","",35000,1,"","",1,1,2,1,"","","","","","","","","","","","","","","","","","","","","","","","","","","","","","","","","","","","","","","","","","","","","","","","","","","","","","","","","","","","","","","","","",""
"59343001","LILLE-LESQUIN",50.57,3.0975,47,1959080418,"","","","",4.,1,"","","","","","","","","","","","","","","","","","","","","","","","","","","","","","",22.,1,11.5,1,"","","","","","","","","","","","","","","","","","","","","","","","","","",52,1,"","","","","","","","","","","","",13.9,1,1017.6,1,"","","","","","",5,1,0,1,8,1,0,1,1,1,"","","","","","","","","","","","","","","","","","","","","","","","",20000,1,"","",1,1,2,1,"","","","","","","","","","","","","","","","","","","","","","","","","","","","","","","","","","","","","","","","","","","","","","","","","","","","","","","","","","","","","","","","","",""
"59343001","LILLE-LESQUIN",50.57,3.0975,47,1959080421,"","","","",2.,1,"","","","","","","","","","","","","","","","","","","","","","","","","","","","","","",16.7,1,12.1,1,"","","","","","","","","","","","","","","","","","","","","","","","","","",76,1,"","","","","","","","","","","","",14.4,1,1018.7,1,"","","","","","",7,1,6,1,0,1,5,1,2,1,"","","","","","","","","","","","","","","","","","","","","","","","",5000,1,"","",2,1,2,1,"","","","","","","","","","","","","","","","","","","","","","","","","","","","","","","","","","","","","","","","","","","","","","","","","","","","","","","","","","","","","","","","","",""
"59343001","LILLE-LESQUIN",50.57,3.0975,47,1959080500,"","","","",1.,1,"","","","","","","","","","","","","","","","","","","","","","","","","","","","","","",15.2,1,13.1,1,"","","","","","","","","","","","","","","","","","","","","","","","","","",89,1,"","","","","","","","","","","","",15.4,1,1018.2,1,"","","","","","",8,1,6,1,0,1,3,1,2,1,"","","","","","","","","","","","","","","","","","","","","","","","",6000,1,"","",2,1,2,1,"","","","","","","","","","","","","","","","","","","","","","","","","","","","","","","","","","","","","","","","","","","","","","","","","","","","","","","","","","","","","","","","","",""
"59343001","LILLE-LESQUIN",50.57,3.0975,47,1959080503,"","","","",2.,1,"","","","","","","","","","","","","","","","","","","","","","","","","","","","","","",14.7,1,13.,1,"","","","","","","","","","","","","","","","","","","","","","","","","","",91,1,"","","","","","","","","","","","",15.3,1,1017.5,1,"","","","","","",8,1,8,1,0,1,3,1,"","","","","","","","","","","","","","","","","","","","","","","","","","",6000,1,"","",2,1,2,1,"","","","","","","","","","","","","","","","","","","","","","","","","","","","","","","","","","","","","","","","","","","","","","","","","","","","","","","","","","","","","","","","","",""
"59343001","LILLE-LESQUIN",50.57,3.0975,47,1959080506,"","","","",2.,1,"","","","","","","","","","","","","","","","","","","","","","","","","","","","","","",14.8,1,13.7,1,"","","","","","","","","","","","","","","","","","","","","","","","","","",96,1,"","","","","","","","","","","","",16.1,1,1017.6,1,"","","","","","",7,1,7,1,0,1,3,1,6,1,"","","","","","","","","","","","","","","","","","","","","","","","",2000,1,"","",10,1,2,1,"","",0,1,"","","","","","","","","","","","","","","","","","","","","","","","","","","","","","","","","","","","","","","","","","","","","","","","","","","","","","","","","","","","","",""
"59343001","LILLE-LESQUIN",50.57,3.0975,47,1959080509,"","","","",3.,1,"","","","","","","","","","","","","","","","","","","","","","","","","","","","","","",19.7,1,14.4,1,"","","","","","","","","","","","","","","","","","","","","","","","","","",73,1,"","","","","","","","","","","","",16.8,1,1017.8,1,"","","","","","",7,1,7,1,5,1,"","","","","","","","","","","","","","","","","","","","","","","","","","","","",8000,1,"","",2,1,1,1,"","","","","","","","","","","","","","","","","","","","","","","","","","","","","","","","","","","","","","","","","","","","","","","","","","","","","","","","","","","","","","","","","",""
"59343001","LILLE-LESQUIN",50.57,3.0975,47,1959080512,"","","","",6.,1,"","","","","","","","","","","","","","","","","","","","","","","","","","","","","","",21.1,1,14.,1,"","","","","","","","","","","","","","","","","","","","","","","","","","",65,1,"","","","","","","","","","","","",16.4,1,1018.,1,"","","","","","",7,1,7,1,8,1,"","","","","","","","","","","","","","","","","","","","","","","","","","","","",20000,1,"","",3,1,2,1,"","","","","","","","","","","","","","","","","","","","","","","","","","","","","","","","","","","","","","","","","","","","","","","","","","","","","","","","","","","","","","","","","",""
"59343001","LILLE-LESQUIN",50.57,3.0975,47,1959080515,"","","","",5.,1,"","","","","","","","","","","","","","","","","","","","","","","","","","","","","","",18.8,1,14.4,1,"","","","","","","","","","","","","","","","","","","","","","","","","","",78,1,"","","","","","","","","","","","",16.9,1,1018.6,1,"","","","","","",8,1,5,1,8,1,"","","","","","","","","","","","","","","","","","","","","","","","","","","","",10000,1,"","",2,1,2,1,"","","","","","","","","","","","","","","","","","","","","","","","","","","","","","","","","","","","","","","","","","","","","","","","","","","","","","","","","","","","","","","","","",""
"59343001","LILLE-LESQUIN",50.57,3.0975,47,1959080518,"","","","",5.,1,"","","","","","","","","","","","","","","","","","","","","","","","","","","","","","",17.7,1,14.1,1,"","","","","","","","","","","","","","","","","","","","","","","","","","",81,1,"","","","","","","","","","","","",16.5,1,1018.9,1,"","","","","","",8,1,8,1,8,1,"","","","","","","","","","","","","","","","","","","","","","","","","","","","",8000,1,"","",1,1,2,1,"","","","","","","","","","","","","","","","","","","","","","","","","","","","","","","","","","","","","","","","","","","","","","","","","","","","","","","","","","","","","","","","","",""
"59343001","LILLE-LESQUIN",50.57,3.0975,47,1959080521,"","","","",3.,1,"","","","","","","","","","","","","","","","","","","","","","","","","","","","","","",15.8,1,13.7,1,"","","","","","","","","","","","","","","","","","","","","","","","","","",89,1,"","","","","","","","","","","","",16.1,1,1019.9,1,"","","","","","",7,1,7,1,5,1,"","","","","","","","","","","","","","","","","","","","","","","","","","","","",7000,1,"","",2,1,2,1,"","","","","","","","","","","","","","","","","","","","","","","","","","","","","","","","","","","","","","","","","","","","","","","","","","","","","","","","","","","","","","","","","",""
"59343001","LILLE-LESQUIN",50.57,3.0975,47,1959080600,"","","","",2.,1,"","","","","","","","","","","","","","","","","","","","","","","","","","","","","","",15.1,1,13.8,1,"","","","","","","","","","","","","","","","","","","","","","","","","","",94,1,"","","","","","","","","","","","",16.2,1,1020.,1,"","","","","","",6,1,5,1,5,1,0,1,0,1,"","","","","","","","","","","","","","","","","","","","","","","","",6000,1,"","",3,1,1,1,"","","","","","","","","","","","","","","","","","","","","","","","","","","","","","","","","","","","","","","","","","","","","","","","","","","","","","","","","","","","","","","","","",""
"59343001","LILLE-LESQUIN",50.57,3.0975,47,1959080603,"","","","",2.,1,"","","","","","","","","","","","","","","","","","","","","","","","","","","","","","",12.3,1,11.5,1,"","","","","","","","","","","","","","","","","","","","","","","","","","",98,1,"","","","","","","","","","","","",13.9,1,1020.5,1,"","","","","","",5,1,5,1,5,1,0,1,0,1,"","","","","","","","","","","","","","","","","","","","","","","","",4000,1,"","",10,1,1,1,"","","","","","","","","","","","","","","","","","","","","","","","","","","","","","","","","","","","","","","","","","","","","","","","","","","","","","","","","","","","","","","","","",""
"59343001","LILLE-LESQUIN",50.57,3.0975,47,1959080606,"","","","",0.,1,"","","","","","","","","","","","","","","","","","","","","","","","","","","","","","",13.6,1,12.6,1,"","","","","","","","","","","","","","","","","","","","","","","","","","",95,1,"","","","","","","","","","","","",14.9,1,1021.,1,"","","","","","",2,1,0,1,5,1,3,1,1,1,"","","","","","","","","","","","","","","","","","","","","","","","",2500,1,"","",10,1,1,1,"","",0,1,"","","","","","","","","","","","","","","","","","","","","","","","","","","","","","","","","","","","","","","","","","","","","","","","","","","","","","","","","","","","","",""
"59343001","LILLE-LESQUIN",50.57,3.0975,47,1959080609,"","","","",2.,1,"","","","","","","","","","","","","","","","","","","","","","","","","","","","","","",18.9,1,12.8,1,"","","","","","","","","","","","","","","","","","","","","","","","","","",70,1,"","","","","","","","","","","","",15.1,1,1021.8,1,"","","","","","",6,1,6,1,2,1,0,1,0,1,"","","","","","","","","","","","","","","","","","","","","","","","",10000,1,"","",2,1,2,1,"","","","","","","","","","","","","","","","","","","","","","","","","","","","","","","","","","","","","","","","","","","","","","","","","","","","","","","","","","","","","","","","","",""
"59343001","LILLE-LESQUIN",50.57,3.0975,47,1959080612,"","","","",0.,1,"","","","","","","","","","","","","","","","","","","","","","","","","","","","","","",21.2,1,12.8,1,"","","","","","","","","","","","","","","","","","","","","","","","","","",60,1,"","","","","","","","","","","","",15.1,1,1021.3,1,"","","","","","",7,1,7,1,8,1,"","","","","","","","","","","","","","","","","","","","","","","","","","","","",15000,1,"","",2,1,2,1,"","","","","","","","","","","","","","","","","","","","","","","","","","","","","","","","","","","","","","","","","","","","","","","","","","","","","","","","","","","","","","","","","",""
"59343001","LILLE-LESQUIN",50.57,3.0975,47,1959080615,"","","","",3.,1,"","","","","","","","","","","","","","","","","","","","","","","","","","","","","","",22.7,1,13.2,1,"","","","","","","","","","","","","","","","","","","","","","","","","","",55,1,"","","","","","","","","","","","",15.5,1,1021.,1,"","","","","","",6,1,6,1,8,1,0,1,0,1,"","","","","","","","","","","","","","","","","","","","","","","","",15000,1,"","",1,1,2,1,"","","","","","","","","","","","","","","","","","","","","","","","","","","","","","","","","","","","","","","","","","","","","","","","","","","","","","","","","","","","","","","","","",""
"59343001","LILLE-LESQUIN",50.57,3.0975,47,1959080618,"","","","",1.,1,"","","","","","","","","","","","","","","","","","","","","","","","","","","","","","",21.7,1,13.5,1,"","","","","","","","","","","","","","","","","","","","","","","","","","",61,1,"","","","","","","","","","","","",15.9,1,1020.2,1,"","","","","","",6,1,6,1,5,1,0,1,0,1,"","","","","","","","","","","","","","","","","","","","","","","","",10000,1,"","",2,1,2,1,"","","","","","","","","","","","","","","","","","","","","","","","","","","","","","","","","","","","","","","","","","","","","","","","","","","","","","","","","","","","","","","","","",""
"59343001","LILLE-LESQUIN",50.57,3.0975,47,1959080621,"","","","",2.,1,"","","","","","","","","","","","","","","","","","","","","","","","","","","","","","",15.6,1,13.2,1,"","","","","","","","","","","","","","","","","","","","","","","","","","",87,1,"","","","","","","","","","","","",15.5,1,1020.4,1,"","","","","","",0,1,"","",0,1,0,1,0,1,"","","","","","","","","","","","","","","","","","","","","","","","",8000,1,"","",1,1,1,1,"","","","","","","","","","","","","","","","","","","","","","","","","","","","","","","","","","","","","","","","","","","","","","","","","","","","","","","","","","","","","","","","","",""
"59343001","LILLE-LESQUIN",50.57,3.0975,47,1959080700,"","","","",0.,1,"","","","","","","","","","","","","","","","","","","","","","","","","","","","","","",14.2,1,12.7,1,"","","","","","","","","","","","","","","","","","","","","","","","","","",92,1,"","","","","","","","","","","","",15.,1,1020.2,1,"","","","","","",0,1,"","",0,1,0,1,0,1,"","","","","","","","","","","","","","","","","","","","","","","","",7000,1,"","",1,1,1,1,"","","","","","","","","","","","","","","","","","","","","","","","","","","","","","","","","","","","","","","","","","","","","","","","","","","","","","","","","","","","","","","","","",""
"59343001","LILLE-LESQUIN",50.57,3.0975,47,1959080703,"","","","",0.,1,"","","","","","","","","","","","","","","","","","","","","","","","","","","","","","",12.7,1,12.,1,"","","","","","","","","","","","","","","","","","","","","","","","","","",98,1,"","","","","","","","","","","","",14.3,1,1019.9,1,"","","","","","",0,1,"","",0,1,0,1,0,1,"","","","","","","","","","","","","","","","","","","","","","","","",6000,1,"","",2,1,0,1,"","","","","","","","","","","","","","","","","","","","","","","","","","","","","","","","","","","","","","","","","","","","","","","","","","","","","","","","","","","","","","","","","",""
"59343001","LILLE-LESQUIN",50.57,3.0975,47,1959080706,"","","","",0.,1,"","","","","","","","","","","","","","","","","","","","","","","","","","","","","","",14.2,1,13.4,1,"","","","","","","","","","","","","","","","","","","","","","","","","","",98,1,"","","","","","","","","","","","",15.8,1,1019.5,1,"","","","","","",7,1,7,1,5,1,"","","","","","","","","","","","","","","","","","","","","","","","","","","","",2000,1,"","",10,1,1,1,"","",0,1,"","","","","","","","","","","","","","","","","","","","","","","","","","","","","","","","","","","","","","","","","","","","","","","","","","","","","","","","","","","","","",""
"59343001","LILLE-LESQUIN",50.57,3.0975,47,1959080709,"","","","",0.,1,"","","","","","","","","","","","","","","","","","","","","","","","","","","","","","",21.,1,14.2,1,"","","","","","","","","","","","","","","","","","","","","","","","","","",67,1,"","","","","","","","","","","","",16.6,1,1018.7,1,"","","","","","",1,1,0,1,1,1,0,1,0,1,"","","","","","","","","","","","","","","","","","","","","","","","","","","","",10,1,1,1,"","","","","","","","","","","","","","","","","","","","","","","","","","","","","","","","","","","","","","","","","","","","","","","","","","","","","","","","","","","","","","","","","",""
"59343001","LILLE-LESQUIN",50.57,3.0975,47,1959080712,"","","","",4.,1,"","","","","","","","","","","","","","","","","","","","","","","","","","","","","","",24.,1,12.7,1,"","","","","","","","","","","","","","","","","","","","","","","","","","",50,1,"","","","","","","","","","","","",15.,1,1017.9,1,"","","","","","",2,1,0,1,1,1,0,1,0,1,"","","","","","","","","","","","","","","","","","","","","","","","",8000,1,"","",1,1,0,1,"","","","","","","","","","","","","","","","","","","","","","","","","","","","","","","","","","","","","","","","","","","","","","","","","","","","","","","","","","","","","","","","","",""
"59343001","LILLE-LESQUIN",50.57,3.0975,47,1959080715,"","","","",3.,1,"","","","","","","","","","","","","","","","","","","","","","","","","","","","","","",25.8,1,13.2,1,"","","","","","","","","","","","","","","","","","","","","","","","","","",47,1,"","","","","","","","","","","","",15.6,1,1016.4,1,"","","","","","",2,1,0,1,1,1,0,1,0,1,"","","","","","","","","","","","","","","","","","","","","","","","",8000,1,"","",1,1,0,1,"","","","","","","","","","","","","","","","","","","","","","","","","","","","","","","","","","","","","","","","","","","","","","","","","","","","","","","","","","","","","","","","","",""
"59343001","LILLE-LESQUIN",50.57,3.0975,47,1959080718,"","","","",5.,1,"","","","","","","","","","","","","","","","","","","","","","","","","","","","","","",24.3,1,14.5,1,"","","","","","","","","","","","","","","","","","","","","","","","","","",56,1,"","","","","","","","","","","","",17.,1,1015.3,1,"","","","","","",1,1,0,1,4,1,0,1,1,1,"","","","","","","","","","","","","","","","","","","","","","","","",7000,1,"","",3,1,0,1,"","","","","","","","","","","","","","","","","","","","","","","","","","","","","","","","","","","","","","","","","","","","","","","","","","","","","","","","","","","","","","","","","",""
"59343001","LILLE-LESQUIN",50.57,3.0975,47,1959080721,"","","","",5.,1,"","","","","","","","","","","","","","","","","","","","","","","","","","","","","","",19.7,1,14.8,1,"","","","","","","","","","","","","","","","","","","","","","","","","","",75,1,"","","","","","","","","","","","",17.3,1,1015.8,1,"","","","","","",1,1,0,1,0,1,0,1,1,1,"","","","","","","","","","","","","","","","","","","","","","","","","","","","",10,1,0,1,"","","","","","","","","","","","","","","","","","","","","","","","","","","","","","","","","","","","","","","","","","","","","","","","","","","","","","","","","","","","","","","","","",""
"59343001","LILLE-LESQUIN",50.57,3.0975,47,1959080800,"","","","",4.,1,"","","","","","","","","","","","","","","","","","","","","","","","","","","","","","",17.4,1,14.5,1,"","","","","","","","","","","","","","","","","","","","","","","","","","",86,1,"","","","","","","","","","","","",17.,1,1015.,1,"","","","","","",4,1,0,1,0,1,0,1,4,1,"","","","","","","","","","","","","","","","","","","","","","","","",7000,1,"","",3,1,0,1,"","","","","","","","","","","","","","","","","","","","","","","","","","","","","","","","","","","","","","","","","","","","","","","","","","","","","","","","","","","","","","","","","",""
"59343001","LILLE-LESQUIN",50.57,3.0975,47,1959080803,"","","","",1.,1,"","","","","","","","","","","","","","","","","","","","","","","","","","","","","","",14.5,1,13.2,1,"","","","","","","","","","","","","","","","","","","","","","","","","","",94,1,"","","","","","","","","","","","",15.6,1,1014.,1,"","","","","","",3,1,0,1,5,1,0,1,1,1,"","","","","","","","","","","","","","","","","","","","","","","","",4000,1,"","",10,1,1,1,"","","","","","","","","","","","","","","","","","","","","","","","","","","","","","","","","","","","","","","","","","","","","","","","","","","","","","","","","","","","","","","","","",""
"59343001","LILLE-LESQUIN",50.57,3.0975,47,1959080806,"","","","",1.,1,"","","","","","","","","","","","","","","","","","","","","","","","","","","","","","",15.4,1,14.4,1,"","","","","","","","","","","","","","","","","","","","","","","","","","",97,1,"","","","","","","","","","","","",16.9,1,1013.5,1,"","","","","","",1,1,0,1,0,1,0,1,1,1,"","","","","","","","","","","","","","","","","","","","","","","","",1800,1,"","",10,1,1,1,"","",0,1,"","","","","","","","","","","","","","","","","","","","","","","","","","","","","","","","","","","","","","","","","","","","","","","","","","","","","","","","","","","","","",""
"59343001","LILLE-LESQUIN",50.57,3.0975,47,1959080809,"","","","",2.,1,"","","","","","","","","","","","","","","","","","","","","","","","","","","","","","",23.8,1,15.2,1,"","","","","","","","","","","","","","","","","","","","","","","","","","",60,1,"","","","","","","","","","","","",17.8,1,1012.8,1,"","","","","","",3,1,0,1,0,1,0,1,4,1,"","","","","","","","","","","","","","","","","","","","","","","","","","","","",10,1,0,1,"","","","","","","","","","","","","","","","","","","","","","","","","","","","","","","","","","","","","","","","","","","","","","","","","","","","","","","","","","","","","","","","","",""
"59343001","LILLE-LESQUIN",50.57,3.0975,47,1959080812,"","","","",3.,1,"","","","","","","","","","","","","","","","","","","","","","","","","","","","","","",27.6,1,14.,1,"","","","","","","","","","","","","","","","","","","","","","","","","","",44,1,"","","","","","","","","","","","",16.4,1,1012.2,1,"","","","","","",2,1,0,1,0,1,0,1,1,1,"","","","","","","","","","","","","","","","","","","","","","","","",12000,1,"","",2,1,0,1,"","","","","","","","","","","","","","","","","","","","","","","","","","","","","","","","","","","","","","","","","","","","","","","","","","","","","","","","","","","","","","","","","",""
"59343001","LILLE-LESQUIN",50.57,3.0975,47,1959080815,"","","","",1.,1,"","","","","","","","","","","","","","","","","","","","","","","","","","","","","","",29.,1,15.9,1,"","","","","","","","","","","","","","","","","","","","","","","","","","",46,1,"","","","","","","","","","","","",18.6,1,1011.6,1,"","","","","","",5,1,0,1,1,1,8,1,1,1,"","","","","","","","","","","","","","","","","","","","","","","","",15000,1,"","",3,1,1,1,"","","","","","","","","","","","","","","","","","","","","","","","","","","","","","","","","","","","","","","","","","","","","","","","","","","","","","","","","","","","","","","","","",""
"59343001","LILLE-LESQUIN",50.57,3.0975,47,1959080818,"","","","",2.,1,"","","","","","","","","","","","","","","","","","","","","","","","","","","","","","",26.6,1,15.8,1,"","","","","","","","","","","","","","","","","","","","","","","","","","",53,1,"","","","","","","","","","","","",18.5,1,1011.4,1,"","","","","","",8,1,8,1,0,1,9,1,"","","","","","","","","","","","","","","","","","","","","","","","","","",8000,1,"","",2,1,9,1,"","","","","","","","","","","","","","","","","","","","","","","","","","","","","","","","","","","","","","","","","","","","","","","","","","","","","","","","","","","","","","","","","",""
"59343001","LILLE-LESQUIN",50.57,3.0975,47,1959080821,"","","","",4.,1,"","","","","","","","","","","","","","","","","","","","","","","","","","","","","","",22.3,1,17.7,1,"","","","","","","","","","","","","","","","","","","","","","","","","","",77,1,"","","","","","","","","","","","",20.9,1,1011.7,1,"","","","","","",8,1,8,1,3,1,9,1,"","","","","","","","","","","","","","","","","","","","","","","","","","",7000,1,"","",17,1,9,1,"","","","","","","","","","","","","","","","","","","","","","","","","","","","","","","","","","","","","","","","","","","","","","","","","","","","","","","","","","","","","","","","","",""
"59343001","LILLE-LESQUIN",50.57,3.0975,47,1959080900,"","","","",5.,1,"","","","","","","","","","","","","","","","","","","","","","","","","","","","","","",20.8,1,17.2,1,"","","","","","","","","","","","","","","","","","","","","","","","","","",83,1,"","","","","","","","","","","","",20.3,1,1013.,1,"","","","","","",8,1,8,1,3,1,9,1,"","","","","","","","","","","","","","","","","","","","","","","","","","",7000,1,"","",17,1,9,1,"","","","","","","","","","","","","","","","","","","","","","","","","","","","","","","","","","","","","","","","","","","","","","","","","","","","","","","","","","","","","","","","","",""
"59343001","LILLE-LESQUIN",50.57,3.0975,47,1959080903,"","","","",0.,1,"","","","","","","","","","","","","","","","","","","","","","","","","","","","","","",18.8,1,17.7,1,"","","","","","","","","","","","","","","","","","","","","","","","","","",96,1,"","","","","","","","","","","","",20.9,1,1012.2,1,"","","","","","",8,1,8,1,0,1,9,1,"","","","","","","","","","","","","","","","","","","","","","","","","","",3500,1,"","",29,1,9,1,"","","","","","","","","","","","","","","","","","","","","","","","","","","","","","","","","","","","","","","","","","","","","","","","","","","","","","","","","","","","","","","","","",""
"59343001","LILLE-LESQUIN",50.57,3.0975,47,1959080906,"","","","",1.,1,"","","","","","","","","","","","","","","","","","","","","","","","","","","","","","",18.6,1,17.5,1,"","","","","","","","","","","","","","","","","","","","","","","","","","",96,1,"","","","","","","","","","","","",20.6,1,1013.,1,"","","","","","",8,1,8,1,0,1,9,1,"","","","","","","","","","","","","","","","","","","","","","","","","","",2500,1,"","",10,1,9,1,"","",0,1,"","","","","","","","","","","","","","","","","","","","","","","","","","","","","","","","","","","","","","","","","","","","","","","","","","","","","","","","","","","","","",""
"59343001","LILLE-LESQUIN",50.57,3.0975,47,1959080909,"","","","",0.,1,"","","","","","","","","","","","","","","","","","","","","","","","","","","","","","",21.,1,18.5,1,"","","","","","","","","","","","","","","","","","","","","","","","","","",88,1,"","","","","","","","","","","","",22.,1,1013.6,1,"","","","","","",8,1,8,1,5,1,7,1,"","","","","","","","","","","","","","","","","","","","","","","","","","",2000,1,"","",10,1,2,1,"","","","","","","","","","","","","","","","","","","","","","","","","","","","","","","","","","","","","","","","","","","","","","","","","","","","","","","","","","","","","","","","","",""
"59343001","LILLE-LESQUIN",50.57,3.0975,47,1959080912,"","","","",2.,1,"","","","","","","","","","","","","","","","","","","","","","","","","","","","","","",23.1,1,17.4,1,"","","","","","","","","","","","","","","","","","","","","","","","","","",73,1,"","","","","","","","","","","","",20.5,1,1013.4,1,"","","","","","",7,1,7,1,3,1,"","","","","","","","","","","","","","","","","","","","","","","","","","","","",5000,1,"","",25,1,2,1,"","","","","","","","","","","","","","","","","","","","","","","","","","","","","","","","","","","","","","","","","","","","","","","","","","","","","","","","","","","","","","","","","",""
"59343001","LILLE-LESQUIN",50.57,3.0975,47,1959080915,"","","","",1.,1,"","","","","","","","","","","","","","","","","","","","","","","","","","","","","","",23.1,1,19.6,1,"","","","","","","","","","","","","","","","","","","","","","","","","","",84,1,"","","","","","","","","","","","",23.7,1,1013.2,1,"","","","","","",7,1,7,1,8,1,0,1,0,1,"","","","","","","","","","","","","","","","","","","","","","","","",5000,1,"","",1,1,8,1,"","","","","","","","","","","","","","","","","","","","","","","","","","","","","","","","","","","","","","","","","","","","","","","","","","","","","","","","","","","","","","","","","",""
"59343001","LILLE-LESQUIN",50.57,3.0975,47,1959080918,"","","","",0.,1,"","","","","","","","","","","","","","","","","","","","","","","","","","","","","","",24.1,1,18.9,1,"","","","","","","","","","","","","","","","","","","","","","","","","","",75,1,"","","","","","","","","","","","",22.6,1,1012.8,1,"","","","","","",2,1,0,1,3,1,4,1,3,1,"","","","","","","","","","","","","","","","","","","","","","","","",10000,1,"","",1,1,8,1,"","","","","","","","","","","","","","","","","","","","","","","","","","","","","","","","","","","","","","","","","","","","","","","","","","","","","","","","","","","","","","","","","",""
"59343001","LILLE-LESQUIN",50.57,3.0975,47,1959080921,"","","","",1.,1,"","","","","","","","","","","","","","","","","","","","","","","","","","","","","","",18.8,1,17.2,1,"","","","","","","","","","","","","","","","","","","","","","","","","","",93,1,"","","","","","","","","","","","",20.2,1,1013.1,1,"","","","","","",2,1,0,1,5,1,0,1,0,1,"","","","","","","","","","","","","","","","","","","","","","","","",6000,1,"","",3,1,0,1,"","","","","","","","","","","","","","","","","","","","","","","","","","","","","","","","","","","","","","","","","","","","","","","","","","","","","","","","","","","","","","","","","",""
"59343001","LILLE-LESQUIN",50.57,3.0975,47,1959081000,"","","","",0.,1,"","","","","","","","","","","","","","","","","","","","","","","","","","","","","","",17.2,1,17.2,1,"","","","","","","","","","","","","","","","","","","","","","","","","","",100,1,"","","","","","","","","","","","",19.6,1,1013.,1,"","","","","","",0,1,"","",0,1,0,1,0,1,"","","","","","","","","","","","","","","","","","","","","","","","",4000,1,"","",10,1,0,1,"","","","","","","","","","","","","","","","","","","","","","","","","","","","","","","","","","","","","","","","","","","","","","","","","","","","","","","","","","","","","","","","","",""
"59343001","LILLE-LESQUIN",50.57,3.0975,47,1959081003,"","","","",0.,1,"","","","","","","","","","","","","","","","","","","","","","","","","","","","","","",15.5,1,15.5,1,"","","","","","","","","","","","","","","","","","","","","","","","","","",100,1,"","","","","","","","","","","","",17.6,1,1012.2,1,"","","","","","",0,1,"","",0,1,0,1,0,1,"","","","","","","","","","","","","","","","","","","","","","","","",1200,1,"","",10,1,0,1,"","","","","","","","","","","","","","","","","","","","","","","","","","","","","","","","","","","","","","","","","","","","","","","","","","","","","","","","","","","","","","","","","",""
"59343001","LILLE-LESQUIN",50.57,3.0975,47,1959081006,"","","","",2.,1,"","","","","","","","","","","","","","","","","","","","","","","","","","","","","","",16.8,1,16.8,1,"","","","","","","","","","","","","","","","","","","","","","","","","","",99,1,"","","","","","","","","","","","",18.9,1,1011.4,1,"","","","","","",3,1,0,1,0,1,0,1,2,1,"","","","","","","","","","","","","","","","","","","","","","","","",1800,1,"","",10,1,0,1,"","",0,1,"","","","","","","","","","","","","","","","","","","","","","","","","","","","","","","","","","","","","","","","","","","","","","","","","","","","","","","","","","","","","",""
"59343001","LILLE-LESQUIN",50.57,3.0975,47,1959081009,"","","","",3.,1,"","","","","","","","","","","","","","","","","","","","","","","","","","","","","","",23.3,1,17.5,1,"","","","","","","","","","","","","","","","","","","","","","","","","","",73,1,"","","","","","","","","","","","",20.7,1,1011.,1,"","","","","","",6,1,0,1,2,1,9,1,2,1,"","","","","","","","","","","","","","","","","","","","","","","","",7000,1,"","",3,1,2,1,"","","","","","","","","","","","","","","","","","","","","","","","","","","","","","","","","","","","","","","","","","","","","","","","","","","","","","","","","","","","","","","","","",""
"59343001","LILLE-LESQUIN",50.57,3.0975,47,1959081012,"","","","",4.,1,"","","","","","","","","","","","","","","","","","","","","","","","","","","","","","",22.5,1,18.6,1,"","","","","","","","","","","","","","","","","","","","","","","","","","",82,1,"","","","","","","","","","","","",22.2,1,1010.5,1,"","","","","","",8,1,8,1,0,1,9,1,"","","","","","","","","","","","","","","","","","","","","","","","","","",7000,1,"","",60,1,2,1,"","","","","","","","","","","","","","","","","","","","","","","","","","","","","","","","","","","","","","","","","","","","","","","","","","","","","","","","","","","","","","","","","",""
"59343001","LILLE-LESQUIN",50.57,3.0975,47,1959081015,"","","","",3.,1,"","","","","","","","","","","","","","","","","","","","","","","","","","","","","","",24.,1,17.7,1,"","","","","","","","","","","","","","","","","","","","","","","","","","",70,1,"","","","","","","","","","","","",20.9,1,1009.7,1,"","","","","","",8,1,8,1,2,1,9,1,"","","","","","","","","","","","","","","","","","","","","","","","","","",6000,1,"","",2,1,6,1,"","","","","","","","","","","","","","","","","","","","","","","","","","","","","","","","","","","","","","","","","","","","","","","","","","","","","","","","","","","","","","","","","",""
"59343001","LILLE-LESQUIN",50.57,3.0975,47,1959081018,"","","","",3.,1,"","","","","","","","","","","","","","","","","","","","","","","","","","","","","","",21.6,1,19.,1,"","","","","","","","","","","","","","","","","","","","","","","","","","",88,1,"","","","","","","","","","","","",22.8,1,1009.4,1,"","","","","","",8,1,8,1,2,1,9,1,"","","","","","","","","","","","","","","","","","","","","","","","","","",6000,1,"","",2,1,6,1,"","","","","","","","","","","","","","","","","","","","","","","","","","","","","","","","","","","","","","","","","","","","","","","","","","","","","","","","","","","","","","","","","",""
"59343001","LILLE-LESQUIN",50.57,3.0975,47,1959081021,"","","","",2.,1,"","","","","","","","","","","","","","","","","","","","","","","","","","","","","","",18.,1,16.7,1,"","","","","","","","","","","","","","","","","","","","","","","","","","",95,1,"","","","","","","","","","","","",19.6,1,1011.3,1,"","","","","","",8,1,8,1,0,1,7,1,"","","","","","","","","","","","","","","","","","","","","","","","","","",6000,1,"","",61,1,8,1,"","","","","","","","","","","","","","","","","","","","","","","","","","","","","","","","","","","","","","","","","","","","","","","","","","","","","","","","","","","","","","","","","",""
"59343001","LILLE-LESQUIN",50.57,3.0975,47,1959081100,"","","","",4.,1,"","","","","","","","","","","","","","","","","","","","","","","","","","","","","","",16.9,1,15.4,1,"","","","","","","","","","","","","","","","","","","","","","","","","","",94,1,"","","","","","","","","","","","",18.,1,1011.1,1,"","","","","","",7,1,7,1,5,1,"","","","","","","","","","","","","","","","","","","","","","","","","","","","",6000,1,"","",3,1,8,1,"","","","","","","","","","","","","","","","","","","","","","","","","","","","","","","","","","","","","","","","","","","","","","","","","","","","","","","","","","","","","","","","","",""
"59343001","LILLE-LESQUIN",50.57,3.0975,47,1959081103,"","","","",3.,1,"","","","","","","","","","","","","","","","","","","","","","","","","","","","","","",16.7,1,15.2,1,"","","","","","","","","","","","","","","","","","","","","","","","","","",94,1,"","","","","","","","","","","","",17.8,1,1011.4,1,"","","","","","",8,1,8,1,5,1,"","","","","","","","","","","","","","","","","","","","","","","","","","","","",6000,1,"","",2,1,2,1,"","","","","","","","","","","","","","","","","","","","","","","","","","","","","","","","","","","","","","","","","","","","","","","","","","","","","","","","","","","","","","","","","",""
"59343001","LILLE-LESQUIN",50.57,3.0975,47,1959081106,"","","","",4.,1,"","","","","","","","","","","","","","","","","","","","","","","","","","","","","","",15.8,1,14.6,1,"","","","","","","","","","","","","","","","","","","","","","","","","","",96,1,"","","","","","","","","","","","",17.1,1,1011.5,1,"","","","","","",7,1,6,1,1,1,4,1,2,1,"","","","","","","","","","","","","","","","","","","","","","","","",5000,1,"","",3,1,2,1,"","",0,1,"","","","","","","","","","","","","","","","","","","","","","","","","","","","","","","","","","","","","","","","","","","","","","","","","","","","","","","","","","","","","",""
"59343001","LILLE-LESQUIN",50.57,3.0975,47,1959081109,"","","","",6.,1,"","","","","","","","","","","","","","","","","","","","","","","","","","","","","","",18.,1,13.8,1,"","","","","","","","","","","","","","","","","","","","","","","","","","",79,1,"","","","","","","","","","","","",16.2,1,1011.9,1,"","","","","","",6,1,5,1,2,1,0,1,2,1,"","","","","","","","","","","","","","","","","","","","","","","","",12000,1,"","",3,1,2,1,"","","","","","","","","","","","","","","","","","","","","","","","","","","","","","","","","","","","","","","","","","","","","","","","","","","","","","","","","","","","","","","","","",""
"59343001","LILLE-LESQUIN",50.57,3.0975,47,1959081112,"","","","",6.,1,"","","","","","","","","","","","","","","","","","","","","","","","","","","","","","",21.2,1,13.,1,"","","","","","","","","","","","","","","","","","","","","","","","","","",61,1,"","","","","","","","","","","","",15.3,1,1011.6,1,"","","","","","",6,1,0,1,2,1,0,1,2,1,"","","","","","","","","","","","","","","","","","","","","","","","",15000,1,"","",2,1,2,1,"","","","","","","","","","","","","","","","","","","","","","","","","","","","","","","","","","","","","","","","","","","","","","","","","","","","","","","","","","","","","","","","","",""
"59343001","LILLE-LESQUIN",50.57,3.0975,47,1959081115,"","","","",5.,1,"","","","","","","","","","","","","","","","","","","","","","","","","","","","","","",22.7,1,13.7,1,"","","","","","","","","","","","","","","","","","","","","","","","","","",59,1,"","","","","","","","","","","","",16.1,1,1011.2,1,"","","","","","",7,1,0,1,2,1,6,1,2,1,"","","","","","","","","","","","","","","","","","","","","","","","",25000,1,"","",2,1,2,1,"","","","","","","","","","","","","","","","","","","","","","","","","","","","","","","","","","","","","","","","","","","","","","","","","","","","","","","","","","","","","","","","","",""
"59343001","LILLE-LESQUIN",50.57,3.0975,47,1959081118,"","","","",7.,1,"","","","","","","","","","","","","","","","","","","","","","","","","","","","","","",22.6,1,12.7,1,"","","","","","","","","","","","","","","","","","","","","","","","","","",55,1,"","","","","","","","","","","","",15.,1,1010.2,1,"","","","","","",3,1,0,1,4,1,0,1,2,1,"","","","","","","","","","","","","","","","","","","","","","","","",20000,1,"","",1,1,1,1,"","","","","","","","","","","","","","","","","","","","","","","","","","","","","","","","","","","","","","","","","","","","","","","","","","","","","","","","","","","","","","","","","",""
"59343001","LILLE-LESQUIN",50.57,3.0975,47,1959081121,"","","","",4.,1,"","","","","","","","","","","","","","","","","","","","","","","","","","","","","","",18.8,1,13.9,1,"","","","","","","","","","","","","","","","","","","","","","","","","","",75,1,"","","","","","","","","","","","",16.3,1,1011.,1,"","","","","","",7,1,0,1,5,1,3,1,2,1,"","","","","","","","","","","","","","","","","","","","","","","","",10000,1,"","",3,1,1,1,"","","","","","","","","","","","","","","","","","","","","","","","","","","","","","","","","","","","","","","","","","","","","","","","","","","","","","","","","","","","","","","","","",""
"59343001","LILLE-LESQUIN",50.57,3.0975,47,1959081200,"","","","",5.,1,"","","","","","","","","","","","","","","","","","","","","","","","","","","","","","",17.3,1,14.9,1,"","","","","","","","","","","","","","","","","","","","","","","","","","",88,1,"","","","","","","","","","","","",17.4,1,1010.3,1,"","","","","","",4,1,0,1,0,1,3,1,2,1,"","","","","","","","","","","","","","","","","","","","","","","","",12000,1,"","",1,1,1,1,"","","","","","","","","","","","","","","","","","","","","","","","","","","","","","","","","","","","","","","","","","","","","","","","","","","","","","","","","","","","","","","","","",""
"59343001","LILLE-LESQUIN",50.57,3.0975,47,1959081203,"","","","",7.,1,"","","","","","","","","","","","","","","","","","","","","","","","","","","","","","",16.8,1,15.8,1,"","","","","","","","","","","","","","","","","","","","","","","","","","",97,1,"","","","","","","","","","","","",18.5,1,1010.2,1,"","","","","","",8,1,8,1,7,1,"","","","","","","","","","","","","","","","","","","","","","","","","","","","",9000,1,"","",21,1,6,1,"","","","","","","","","","","","","","","","","","","","","","","","","","","","","","","","","","","","","","","","","","","","","","","","","","","","","","","","","","","","","","","","","",""
"59343001","LILLE-LESQUIN",50.57,3.0975,47,1959081206,"","","","",5.,1,"","","","","","","","","","","","","","","","","","","","","","","","","","","","","","",16.7,1,15.6,1,"","","","","","","","","","","","","","","","","","","","","","","","","","",96,1,"","","","","","","","","","","","",18.2,1,1010.9,1,"","","","","","",8,1,8,1,7,1,"","","","","","","","","","","","","","","","","","","","","","","","","","","","",6000,1,"","",2,1,6,1,"","",0,1,"","","","","","","","","","","","","","","","","","","","","","","","","","","","","","","","","","","","","","","","","","","","","","","","","","","","","","","","","","","","","",""
"59343001","LILLE-LESQUIN",50.57,3.0975,47,1959081209,"","","","",6.,1,"","","","","","","","","","","","","","","","","","","","","","","","","","","","","","",19.2,1,15.1,1,"","","","","","","","","","","","","","","","","","","","","","","","","","",79,1,"","","","","","","","","","","","",17.6,1,1012.2,1,"","","","","","",7,1,6,1,2,1,0,1,1,1,"","","","","","","","","","","","","","","","","","","","","","","","",15000,1,"","",3,1,2,1,"","","","","","","","","","","","","","","","","","","","","","","","","","","","","","","","","","","","","","","","","","","","","","","","","","","","","","","","","","","","","","","","","",""
"59343001","LILLE-LESQUIN",50.57,3.0975,47,1959081212,"","","","",5.,1,"","","","","","","","","","","","","","","","","","","","","","","","","","","","","","",20.7,1,14.4,1,"","","","","","","","","","","","","","","","","","","","","","","","","","",69,1,"","","","","","","","","","","","",16.8,1,1012.6,1,"","","","","","",7,1,7,1,8,1,"","","","","","","","","","","","","","","","","","","","","","","","","","","","",20000,1,"","",2,1,2,1,"","","","","","","","","","","","","","","","","","","","","","","","","","","","","","","","","","","","","","","","","","","","","","","","","","","","","","","","","","","","","","","","","",""
"59343001","LILLE-LESQUIN",50.57,3.0975,47,1959081215,"","","","",5.,1,"","","","","","","","","","","","","","","","","","","","","","","","","","","","","","",22.,1,15.,1,"","","","","","","","","","","","","","","","","","","","","","","","","","",66,1,"","","","","","","","","","","","",17.5,1,1012.2,1,"","","","","","",7,1,7,1,8,1,"","","","","","","","","","","","","","","","","","","","","","","","","","","","",40000,1,"","",3,1,2,1,"","","","","","","","","","","","","","","","","","","","","","","","","","","","","","","","","","","","","","","","","","","","","","","","","","","","","","","","","","","","","","","","","",""
"59343001","LILLE-LESQUIN",50.57,3.0975,47,1959081218,"","","","",3.,1,"","","","","","","","","","","","","","","","","","","","","","","","","","","","","","",22.,1,15.,1,"","","","","","","","","","","","","","","","","","","","","","","","","","",66,1,"","","","","","","","","","","","",17.5,1,1011.2,1,"","","","","","",6,1,0,1,8,1,0,1,4,1,"","","","","","","","","","","","","","","","","","","","","","","","",30000,1,"","",3,1,2,1,"","","","","","","","","","","","","","","","","","","","","","","","","","","","","","","","","","","","","","","","","","","","","","","","","","","","","","","","","","","","","","","","","",""
"59343001","LILLE-LESQUIN",50.57,3.0975,47,1959081221,"","","","",0.,1,"","","","","","","","","","","","","","","","","","","","","","","","","","","","","","",19.,1,15.8,1,"","","","","","","","","","","","","","","","","","","","","","","","","","",85,1,"","","","","","","","","","","","",18.5,1,1011.5,1,"","","","","","",6,1,0,1,5,1,3,1,0,1,"","","","","","","","","","","","","","","","","","","","","","","","",15000,1,"","",2,1,2,1,"","","","","","","","","","","","","","","","","","","","","","","","","","","","","","","","","","","","","","","","","","","","","","","","","","","","","","","","","","","","","","","","","",""
"59343001","LILLE-LESQUIN",50.57,3.0975,47,1959081300,"","","","",1.,1,"","","","","","","","","","","","","","","","","","","","","","","","","","","","","","",17.4,1,15.4,1,"","","","","","","","","","","","","","","","","","","","","","","","","","",91,1,"","","","","","","","","","","","",18.,1,1011.1,1,"","","","","","",8,1,8,1,5,1,"","","","","","","","","","","","","","","","","","","","","","","","","","","","",12000,1,"","",2,1,2,1,"","","","","","","","","","","","","","","","","","","","","","","","","","","","","","","","","","","","","","","","","","","","","","","","","","","","","","","","","","","","","","","","","",""
"59343001","LILLE-LESQUIN",50.57,3.0975,47,1959081303,"","","","",2.,1,"","","","","","","","","","","","","","","","","","","","","","","","","","","","","","",17.8,1,16.,1,"","","","","","","","","","","","","","","","","","","","","","","","","","",92,1,"","","","","","","","","","","","",18.7,1,1010.5,1,"","","","","","",8,1,8,1,5,1,"","","","","","","","","","","","","","","","","","","","","","","","","","","","",8000,1,"","",2,1,2,1,"","","","","","","","","","","","","","","","","","","","","","","","","","","","","","","","","","","","","","","","","","","","","","","","","","","","","","","","","","","","","","","","","",""
"59343001","LILLE-LESQUIN",50.57,3.0975,47,1959081306,"","","","",3.,1,"","","","","","","","","","","","","","","","","","","","","","","","","","","","","","",17.8,1,16.3,1,"","","","","","","","","","","","","","","","","","","","","","","","","","",94,1,"","","","","","","","","","","","",19.1,1,1010.1,1,"","","","","","",8,1,8,1,6,1,"","","","","","","","","","","","","","","","","","","","","","","","","","","","",7000,1,"","",2,1,2,1,"","",0,1,"","","","","","","","","","","","","","","","","","","","","","","","","","","","","","","","","","","","","","","","","","","","","","","","","","","","","","","","","","","","","",""
"59343001","LILLE-LESQUIN",50.57,3.0975,47,1959081309,"","","","",6.,1,"","","","","","","","","","","","","","","","","","","","","","","","","","","","","","",20.4,1,16.,1,"","","","","","","","","","","","","","","","","","","","","","","","","","",78,1,"","","","","","","","","","","","",18.7,1,1010.3,1,"","","","","","",7,1,0,1,2,1,4,1,2,1,"","","","","","","","","","","","","","","","","","","","","","","","",15000,1,"","",2,1,2,1,"","","","","","","","","","","","","","","","","","","","","","","","","","","","","","","","","","","","","","","","","","","","","","","","","","","","","","","","","","","","","","","","","",""
"59343001","LILLE-LESQUIN",50.57,3.0975,47,1959081312,"","","","",5.,1,"","","","","","","","","","","","","","","","","","","","","","","","","","","","","","",21.,1,16.8,1,"","","","","","","","","","","","","","","","","","","","","","","","","","",80,1,"","","","","","","","","","","","",19.7,1,1009.8,1,"","","","","","",7,1,7,1,2,1,"","","","","","","","","","","","","","","","","","","","","","","","","","","","",15000,1,"","",20,1,5,1,"","","","","","","","","","","","","","","","","","","","","","","","","","","","","","","","","","","","","","","","","","","","","","","","","","","","","","","","","","","","","","","","","",""
"59343001","LILLE-LESQUIN",50.57,3.0975,47,1959081315,"","","","",6.,1,"","","","","","","","","","","","","","","","","","","","","","","","","","","","","","",24.,1,17.2,1,"","","","","","","","","","","","","","","","","","","","","","","","","","",68,1,"","","","","","","","","","","","",20.2,1,1008.6,1,"","","","","","",6,1,5,1,8,1,0,1,0,1,"","","","","","","","","","","","","","","","","","","","","","","","",30000,1,"","",1,1,2,1,"","","","","","","","","","","","","","","","","","","","","","","","","","","","","","","","","","","","","","","","","","","","","","","","","","","","","","","","","","","","","","","","","",""
"59343001","LILLE-LESQUIN",50.57,3.0975,47,1959081318,"","","","",5.,1,"","","","","","","","","","","","","","","","","","","","","","","","","","","","","","",24.2,1,16.7,1,"","","","","","","","","","","","","","","","","","","","","","","","","","",65,1,"","","","","","","","","","","","",19.6,1,1007.4,1,"","","","","","",6,1,5,1,8,1,0,1,4,1,"","","","","","","","","","","","","","","","","","","","","","","","",30000,1,"","",3,1,2,1,"","","","","","","","","","","","","","","","","","","","","","","","","","","","","","","","","","","","","","","","","","","","","","","","","","","","","","","","","","","","","","","","","",""
"59343001","LILLE-LESQUIN",50.57,3.0975,47,1959081321,"","","","",6.,1,"","","","","","","","","","","","","","","","","","","","","","","","","","","","","","",21.6,1,16.8,1,"","","","","","","","","","","","","","","","","","","","","","","","","","",76,1,"","","","","","","","","","","","",19.7,1,1007.4,1,"","","","","","",8,1,7,1,5,1,"","","","","","","","","","","","","","","","","","","","","","","","","","","","",15000,1,"","",3,1,2,1,"","","","","","","","","","","","","","","","","","","","","","","","","","","","","","","","","","","","","","","","","","","","","","","","","","","","","","","","","","","","","","","","","",""
"59343001","LILLE-LESQUIN",50.57,3.0975,47,1959081400,"","","","",5.,1,"","","","","","","","","","","","","","","","","","","","","","","","","","","","","","",18.8,1,17.2,1,"","","","","","","","","","","","","","","","","","","","","","","","","","",94,1,"","","","","","","","","","","","",20.3,1,1007.5,1,"","","","","","",8,1,8,1,0,1,7,1,"","","","","","","","","","","","","","","","","","","","","","","","","","",12000,1,"","",61,1,6,1,"","","","","","","","","","","","","","","","","","","","","","","","","","","","","","","","","","","","","","","","","","","","","","","","","","","","","","","","","","","","","","","","","",""
"59343001","LILLE-LESQUIN",50.57,3.0975,47,1959081403,"","","","",5.,1,"","","","","","","","","","","","","","","","","","","","","","","","","","","","","","",18.3,1,17.2,1,"","","","","","","","","","","","","","","","","","","","","","","","","","",97,1,"","","","","","","","","","","","",20.3,1,1006.9,1,"","","","","","",8,1,8,1,7,1,7,1,"","","","","","","","","","","","","","","","","","","","","","","","","","",10000,1,"","",61,1,6,1,"","","","","","","","","","","","","","","","","","","","","","","","","","","","","","","","","","","","","","","","","","","","","","","","","","","","","","","","","","","","","","","","","",""
"59343001","LILLE-LESQUIN",50.57,3.0975,47,1959081406,"","","","",5.,1,"","","","","","","","","","","","","","","","","","","","","","","","","","","","","","",18.2,1,17.1,1,"","","","","","","","","","","","","","","","","","","","","","","","","","",96,1,"","","","","","","","","","","","",20.1,1,1007.3,1,"","","","","","",8,1,7,1,7,1,"","","","","","","","","","","","","","","","","","","","","","","","","","","","",8000,1,"","",51,1,5,1,"","",0,1,"","","","","","","","","","","","","","","","","","","","","","","","","","","","","","","","","","","","","","","","","","","","","","","","","","","","","","","","","","","","","",""
"59343001","LILLE-LESQUIN",50.57,3.0975,47,1959081409,"","","","",6.,1,"","","","","","","","","","","","","","","","","","","","","","","","","","","","","","",20.8,1,17.8,1,"","","","","","","","","","","","","","","","","","","","","","","","","","",85,1,"","","","","","","","","","","","",21.,1,1008.6,1,"","","","","","",7,1,6,1,3,1,"","","","","","","","","","","","","","","","","","","","","","","","","","","","",15000,1,"","",3,1,5,1,"","","","","","","","","","","","","","","","","","","","","","","","","","","","","","","","","","","","","","","","","","","","","","","","","","","","","","","","","","","","","","","","","",""
"59343001","LILLE-LESQUIN",50.57,3.0975,47,1959081412,"","","","",5.,1,"","","","","","","","","","","","","","","","","","","","","","","","","","","","","","",20.9,1,15.7,1,"","","","","","","","","","","","","","","","","","","","","","","","","","",74,1,"","","","","","","","","","","","",18.3,1,1010.1,1,"","","","","","",6,1,6,1,2,1,0,1,0,1,"","","","","","","","","","","","","","","","","","","","","","","","",20000,1,"","",3,1,5,1,"","","","","","","","","","","","","","","","","","","","","","","","","","","","","","","","","","","","","","","","","","","","","","","","","","","","","","","","","","","","","","","","","",""
"59343001","LILLE-LESQUIN",50.57,3.0975,47,1959081415,"","","","",7.,1,"","","","","","","","","","","","","","","","","","","","","","","","","","","","","","",23.,1,13.9,1,"","","","","","","","","","","","","","","","","","","","","","","","","","",58,1,"","","","","","","","","","","","",16.3,1,1010.4,1,"","","","","","",6,1,0,1,8,1,0,1,1,1,"","","","","","","","","","","","","","","","","","","","","","","","",30000,1,"","",1,1,2,1,"","","","","","","","","","","","","","","","","","","","","","","","","","","","","","","","","","","","","","","","","","","","","","","","","","","","","","","","","","","","","","","","","",""
"59343001","LILLE-LESQUIN",50.57,3.0975,47,1959081418,"","","","",7.,1,"","","","","","","","","","","","","","","","","","","","","","","","","","","","","","",19.9,1,12.2,1,"","","","","","","","","","","","","","","","","","","","","","","","","","",63,1,"","","","","","","","","","","","",14.5,1,1011.8,1,"","","","","","",7,1,6,1,5,1,4,1,2,1,"","","","","","","","","","","","","","","","","","","","","","","","",20000,1,"","",3,1,2,1,"","","","","","","","","","","","","","","","","","","","","","","","","","","","","","","","","","","","","","","","","","","","","","","","","","","","","","","","","","","","","","","","","",""
"59343001","LILLE-LESQUIN",50.57,3.0975,47,1959081421,"","","","",4.,1,"","","","","","","","","","","","","","","","","","","","","","","","","","","","","","",17.1,1,12.1,1,"","","","","","","","","","","","","","","","","","","","","","","","","","",74,1,"","","","","","","","","","","","",14.4,1,1014.1,1,"","","","","","",7,1,7,1,5,1,"","","","","","","","","","","","","","","","","","","","","","","","","","","","",15000,1,"","",2,1,2,1,"","","","","","","","","","","","","","","","","","","","","","","","","","","","","","","","","","","","","","","","","","","","","","","","","","","","","","","","","","","","","","","","","",""
"59343001","LILLE-LESQUIN",50.57,3.0975,47,1959081500,"","","","",3.,1,"","","","","","","","","","","","","","","","","","","","","","","","","","","","","","",13.,1,11.2,1,"","","","","","","","","","","","","","","","","","","","","","","","","","",91,1,"","","","","","","","","","","","",13.6,1,1015.,1,"","","","","","",4,1,0,1,0,1,0,1,2,1,"","","","","","","","","","","","","","","","","","","","","","","","",10000,1,"","",1,1,1,1,"","","","","","","","","","","","","","","","","","","","","","","","","","","","","","","","","","","","","","","","","","","","","","","","","","","","","","","","","","","","","","","","","",""
"59343001","LILLE-LESQUIN",50.57,3.0975,47,1959081503,"","","","",0.,1,"","","","","","","","","","","","","","","","","","","","","","","","","","","","","","",11.9,1,11.,1,"","","","","","","","","","","","","","","","","","","","","","","","","","",96,1,"","","","","","","","","","","","",13.4,1,1016.5,1,"","","","","","",2,1,0,1,0,1,0,1,2,1,"","","","","","","","","","","","","","","","","","","","","","","","",8000,1,"","",2,1,0,1,"","","","","","","","","","","","","","","","","","","","","","","","","","","","","","","","","","","","","","","","","","","","","","","","","","","","","","","","","","","","","","","","","",""
"59343001","LILLE-LESQUIN",50.57,3.0975,47,1959081506,"","","","",1.,1,"","","","","","","","","","","","","","","","","","","","","","","","","","","","","","",11.2,1,10.6,1,"","","","","","","","","","","","","","","","","","","","","","","","","","",97,1,"","","","","","","","","","","","",13.,1,1017.7,1,"","","","","","",4,1,0,1,5,1,0,1,2,1,"","","","","","","","","","","","","","","","","","","","","","","","",6000,1,"","",3,1,0,1,"","",0,1,"","","","","","","","","","","","","","","","","","","","","","","","","","","","","","","","","","","","","","","","","","","","","","","","","","","","","","","","","","","","","",""
"59343001","LILLE-LESQUIN",50.57,3.0975,47,1959081509,"","","","",5.,1,"","","","","","","","","","","","","","","","","","","","","","","","","","","","","","",19.,1,13.1,1,"","","","","","","","","","","","","","","","","","","","","","","","","","",70,1,"","","","","","","","","","","","",15.4,1,1019.,1,"","","","","","",5,1,5,1,2,1,0,1,1,1,"","","","","","","","","","","","","","","","","","","","","","","","",12000,1,"","",1,1,2,1,"","","","","","","","","","","","","","","","","","","","","","","","","","","","","","","","","","","","","","","","","","","","","","","","","","","","","","","","","","","","","","","","","",""
"59343001","LILLE-LESQUIN",50.57,3.0975,47,1959081512,"","","","",3.,1,"","","","","","","","","","","","","","","","","","","","","","","","","","","","","","",20.4,1,11.4,1,"","","","","","","","","","","","","","","","","","","","","","","","","","",58,1,"","","","","","","","","","","","",13.8,1,1019.,1,"","","","","","",7,1,5,1,8,1,0,1,0,1,"","","","","","","","","","","","","","","","","","","","","","","","",25000,1,"","",3,1,2,1,"","","","","","","","","","","","","","","","","","","","","","","","","","","","","","","","","","","","","","","","","","","","","","","","","","","","","","","","","","","","","","","","","",""
"59343001","LILLE-LESQUIN",50.57,3.0975,47,1959081515,"","","","",1.,1,"","","","","","","","","","","","","","","","","","","","","","","","","","","","","","",21.4,1,8.8,1,"","","","","","","","","","","","","","","","","","","","","","","","","","",45,1,"","","","","","","","","","","","",11.5,1,1019.,1,"","","","","","",5,1,5,1,8,1,0,1,0,1,"","","","","","","","","","","","","","","","","","","","","","","","",30000,1,"","",1,1,2,1,"","","","","","","","","","","","","","","","","","","","","","","","","","","","","","","","","","","","","","","","","","","","","","","","","","","","","","","","","","","","","","","","","",""
"59343001","LILLE-LESQUIN",50.57,3.0975,47,1959081518,"","","","",7.,1,"","","","","","","","","","","","","","","","","","","","","","","","","","","","","","",20.8,1,9.9,1,"","","","","","","","","","","","","","","","","","","","","","","","","","",50,1,"","","","","","","","","","","","",12.4,1,1019.7,1,"","","","","","",5,1,0,1,8,1,4,1,0,1,"","","","","","","","","","","","","","","","","","","","","","","","",30000,1,"","",25,1,8,1,"","","","","","","","","","","","","","","","","","","","","","","","","","","","","","","","","","","","","","","","","","","","","","","","","","","","","","","","","","","","","","","","","",""
"59343001","LILLE-LESQUIN",50.57,3.0975,47,1959081521,"","","","",2.,1,"","","","","","","","","","","","","","","","","","","","","","","","","","","","","","",15.1,1,9.5,1,"","","","","","","","","","","","","","","","","","","","","","","","","","",70,1,"","","","","","","","","","","","",12.1,1,1021.8,1,"","","","","","",2,1,0,1,5,1,4,1,1,1,"","","","","","","","","","","","","","","","","","","","","","","","",15000,1,"","",1,1,1,1,"","","","","","","","","","","","","","","","","","","","","","","","","","","","","","","","","","","","","","","","","","","","","","","","","","","","","","","","","","","","","","","","","",""
"59343001","LILLE-LESQUIN",50.57,3.0975,47,1959081600,"","","","",2.,1,"","","","","","","","","","","","","","","","","","","","","","","","","","","","","","",11.7,1,9.3,1,"","","","","","","","","","","","","","","","","","","","","","","","","","",87,1,"","","","","","","","","","","","",11.9,1,1022.4,1,"","","","","","",2,1,0,1,0,1,0,1,9,1,"","","","","","","","","","","","","","","","","","","","","","","","",15000,1,"","",1,1,1,1,"","","","","","","","","","","","","","","","","","","","","","","","","","","","","","","","","","","","","","","","","","","","","","","","","","","","","","","","","","","","","","","","","",""
"59343001","LILLE-LESQUIN",50.57,3.0975,47,1959081603,"","","","",2.,1,"","","","","","","","","","","","","","","","","","","","","","","","","","","","","","",10.9,1,9.,1,"","","","","","","","","","","","","","","","","","","","","","","","","","",90,1,"","","","","","","","","","","","",11.7,1,1022.4,1,"","","","","","",7,1,7,1,0,1,0,1,2,1,"","","","","","","","","","","","","","","","","","","","","","","","",10000,1,"","",3,1,1,1,"","","","","","","","","","","","","","","","","","","","","","","","","","","","","","","","","","","","","","","","","","","","","","","","","","","","","","","","","","","","","","","","","",""
"59343001","LILLE-LESQUIN",50.57,3.0975,47,1959081606,"","","","",1.,1,"","","","","","","","","","","","","","","","","","","","","","","","","","","","","","",12.,1,10.2,1,"","","","","","","","","","","","","","","","","","","","","","","","","","",90,1,"","","","","","","","","","","","",12.7,1,1022.9,1,"","","","","","",6,1,6,1,0,1,7,1,2,1,"","","","","","","","","","","","","","","","","","","","","","","","",6000,1,"","",1,1,1,1,"","",0,1,"","","","","","","","","","","","","","","","","","","","","","","","","","","","","","","","","","","","","","","","","","","","","","","","","","","","","","","","","","","","","",""
"59343001","LILLE-LESQUIN",50.57,3.0975,47,1959081609,"","","","",2.,1,"","","","","","","","","","","","","","","","","","","","","","","","","","","","","","",19.,1,11.4,1,"","","","","","","","","","","","","","","","","","","","","","","","","","",62,1,"","","","","","","","","","","","",13.8,1,1024.2,1,"","","","","","",2,1,0,1,2,1,4,1,0,1,"","","","","","","","","","","","","","","","","","","","","","","","",12000,1,"","",3,1,1,1,"","","","","","","","","","","","","","","","","","","","","","","","","","","","","","","","","","","","","","","","","","","","","","","","","","","","","","","","","","","","","","","","","",""
"59343001","LILLE-LESQUIN",50.57,3.0975,47,1959081612,"","","","",5.,1,"","","","","","","","","","","","","","","","","","","","","","","","","","","","","","",21.,1,8.1,1,"","","","","","","","","","","","","","","","","","","","","","","","","","",44,1,"","","","","","","","","","","","",11.,1,1024.5,1,"","","","","","",6,1,0,1,8,1,4,1,0,1,"","","","","","","","","","","","","","","","","","","","","","","","",30000,1,"","",2,1,8,1,"","","","","","","","","","","","","","","","","","","","","","","","","","","","","","","","","","","","","","","","","","","","","","","","","","","","","","","","","","","","","","","","","",""
"59343001","LILLE-LESQUIN",50.57,3.0975,47,1959081615,"","","","",5.,1,"","","","","","","","","","","","","","","","","","","","","","","","","","","","","","",21.7,1,6.5,1,"","","","","","","","","","","","","","","","","","","","","","","","","","",38,1,"","","","","","","","","","","","",9.8,1,1024.9,1,"","","","","","",1,1,0,1,1,1,0,1,0,1,"","","","","","","","","","","","","","","","","","","","","","","","",40000,1,"","",1,1,1,1,"","","","","","","","","","","","","","","","","","","","","","","","","","","","","","","","","","","","","","","","","","","","","","","","","","","","","","","","","","","","","","","","","",""
"59343001","LILLE-LESQUIN",50.57,3.0975,47,1959081618,"","","","",5.,1,"","","","","","","","","","","","","","","","","","","","","","","","","","","","","","",20.,1,5.,1,"","","","","","","","","","","","","","","","","","","","","","","","","","",38,1,"","","","","","","","","","","","",8.8,1,1025.8,1,"","","","","","",1,1,0,1,2,1,0,1,0,1,"","","","","","","","","","","","","","","","","","","","","","","","",40000,1,"","",3,1,1,1,"","","","","","","","","","","","","","","","","","","","","","","","","","","","","","","","","","","","","","","","","","","","","","","","","","","","","","","","","","","","","","","","","",""
"59343001","LILLE-LESQUIN",50.57,3.0975,47,1959081621,"","","","",3.,1,"","","","","","","","","","","","","","","","","","","","","","","","","","","","","","",13.7,1,6.8,1,"","","","","","","","","","","","","","","","","","","","","","","","","","",64,1,"","","","","","","","","","","","",10.,1,1027.1,1,"","","","","","",0,1,"","",0,1,0,1,0,1,"","","","","","","","","","","","","","","","","","","","","","","","",20000,1,"","",2,1,0,1,"","","","","","","","","","","","","","","","","","","","","","","","","","","","","","","","","","","","","","","","","","","","","","","","","","","","","","","","","","","","","","","","","",""
"59343001","LILLE-LESQUIN",50.57,3.0975,47,1959081700,"","","","",2.,1,"","","","","","","","","","","","","","","","","","","","","","","","","","","","","","",11.6,1,8.4,1,"","","","","","","","","","","","","","","","","","","","","","","","","","",82,1,"","","","","","","","","","","","",11.2,1,1027.5,1,"","","","","","",0,1,"","",0,1,0,1,0,1,"","","","","","","","","","","","","","","","","","","","","","","","",15000,1,"","",2,1,0,1,"","","","","","","","","","","","","","","","","","","","","","","","","","","","","","","","","","","","","","","","","","","","","","","","","","","","","","","","","","","","","","","","","",""
"59343001","LILLE-LESQUIN",50.57,3.0975,47,1959081703,"","","","",0.,1,"","","","","","","","","","","","","","","","","","","","","","","","","","","","","","",10.,1,7.7,1,"","","","","","","","","","","","","","","","","","","","","","","","","","",87,1,"","","","","","","","","","","","",10.7,1,1028.,1,"","","","","","",0,1,"","",0,1,0,1,0,1,"","","","","","","","","","","","","","","","","","","","","","","","",10000,1,"","",2,1,0,1,"","","","","","","","","","","","","","","","","","","","","","","","","","","","","","","","","","","","","","","","","","","","","","","","","","","","","","","","","","","","","","","","","",""
"59343001","LILLE-LESQUIN",50.57,3.0975,47,1959081706,"","","","",1.,1,"","","","","","","","","","","","","","","","","","","","","","","","","","","","","","",11.3,1,9.8,1,"","","","","","","","","","","","","","","","","","","","","","","","","","",91,1,"","","","","","","","","","","","",12.3,1,1028.3,1,"","","","","","",0,1,"","",0,1,0,1,0,1,"","","","","","","","","","","","","","","","","","","","","","","","",3000,1,"","",10,1,0,1,"","",0,1,"","","","","","","","","","","","","","","","","","","","","","","","","","","","","","","","","","","","","","","","","","","","","","","","","","","","","","","","","","","","","",""
"59343001","LILLE-LESQUIN",50.57,3.0975,47,1959081709,"","","","",3.,1,"","","","","","","","","","","","","","","","","","","","","","","","","","","","","","",19.2,1,10.9,1,"","","","","","","","","","","","","","","","","","","","","","","","","","",60,1,"","","","","","","","","","","","",13.3,1,1028.7,1,"","","","","","",3,1,0,1,2,1,0,1,0,1,"","","","","","","","","","","","","","","","","","","","","","","","",8000,1,"","",3,1,0,1,"","","","","","","","","","","","","","","","","","","","","","","","","","","","","","","","","","","","","","","","","","","","","","","","","","","","","","","","","","","","","","","","","",""
"59343001","LILLE-LESQUIN",50.57,3.0975,47,1959081712,"","","","",3.,1,"","","","","","","","","","","","","","","","","","","","","","","","","","","","","","",21.6,1,6.8,1,"","","","","","","","","","","","","","","","","","","","","","","","","","",38,1,"","","","","","","","","","","","",10.,1,1027.9,1,"","","","","","",3,1,0,1,4,1,0,1,0,1,"","","","","","","","","","","","","","","","","","","","","","","","",25000,1,"","",1,1,1,1,"","","","","","","","","","","","","","","","","","","","","","","","","","","","","","","","","","","","","","","","","","","","","","","","","","","","","","","","","","","","","","","","","",""
"59343001","LILLE-LESQUIN",50.57,3.0975,47,1959081715,"","","","",3.,1,"","","","","","","","","","","","","","","","","","","","","","","","","","","","","","",22.8,1,5.8,1,"","","","","","","","","","","","","","","","","","","","","","","","","","",33,1,"","","","","","","","","","","","",9.3,1,1027.1,1,"","","","","","",3,1,0,1,4,1,0,1,0,1,"","","","","","","","","","","","","","","","","","","","","","","","",20000,1,"","",2,1,0,1,"","","","","","","","","","","","","","","","","","","","","","","","","","","","","","","","","","","","","","","","","","","","","","","","","","","","","","","","","","","","","","","","","",""
"59343001","LILLE-LESQUIN",50.57,3.0975,47,1959081718,"","","","",4.,1,"","","","","","","","","","","","","","","","","","","","","","","","","","","","","","",21.1,1,6.6,1,"","","","","","","","","","","","","","","","","","","","","","","","","","",39,1,"","","","","","","","","","","","",9.9,1,1027.,1,"","","","","","",2,1,0,1,4,1,0,1,0,1,"","","","","","","","","","","","","","","","","","","","","","","","",20000,1,"","",3,1,0,1,"","","","","","","","","","","","","","","","","","","","","","","","","","","","","","","","","","","","","","","","","","","","","","","","","","","","","","","","","","","","","","","","","",""
"59343001","LILLE-LESQUIN",50.57,3.0975,47,1959081721,"","","","",4.,1,"","","","","","","","","","","","","","","","","","","","","","","","","","","","","","",16.2,1,9.,1,"","","","","","","","","","","","","","","","","","","","","","","","","","",64,1,"","","","","","","","","","","","",11.7,1,1027.9,1,"","","","","","",0,1,"","",0,1,0,1,0,1,"","","","","","","","","","","","","","","","","","","","","","","","",12000,1,"","",2,1,0,1,"","","","","","","","","","","","","","","","","","","","","","","","","","","","","","","","","","","","","","","","","","","","","","","","","","","","","","","","","","","","","","","","","",""
"59343001","LILLE-LESQUIN",50.57,3.0975,47,1959081800,"","","","",3.,1,"","","","","","","","","","","","","","","","","","","","","","","","","","","","","","",12.8,1,8.8,1,"","","","","","","","","","","","","","","","","","","","","","","","","","",78,1,"","","","","","","","","","","","",11.5,1,1028.1,1,"","","","","","",0,1,"","",0,1,0,1,0,1,"","","","","","","","","","","","","","","","","","","","","","","","",12000,1,"","",2,1,0,1,"","","","","","","","","","","","","","","","","","","","","","","","","","","","","","","","","","","","","","","","","","","","","","","","","","","","","","","","","","","","","","","","","",""
"59343001","LILLE-LESQUIN",50.57,3.0975,47,1959081803,"","","","",3.,1,"","","","","","","","","","","","","","","","","","","","","","","","","","","","","","",10.7,1,8.7,1,"","","","","","","","","","","","","","","","","","","","","","","","","","",89,1,"","","","","","","","","","","","",11.4,1,1028.,1,"","","","","","",0,1,"","",0,1,0,1,0,1,"","","","","","","","","","","","","","","","","","","","","","","","",8000,1,"","",2,1,0,1,"","","","","","","","","","","","","","","","","","","","","","","","","","","","","","","","","","","","","","","","","","","","","","","","","","","","","","","","","","","","","","","","","",""
"59343001","LILLE-LESQUIN",50.57,3.0975,47,1959081806,"","","","",2.,1,"","","","","","","","","","","","","","","","","","","","","","","","","","","","","","",12.6,1,10.,1,"","","","","","","","","","","","","","","","","","","","","","","","","","",86,1,"","","","","","","","","","","","",12.5,1,1027.3,1,"","","","","","",0,1,"","",0,1,0,1,0,1,"","","","","","","","","","","","","","","","","","","","","","","","",7000,1,"","",2,1,0,1,"","",0,1,"","","","","","","","","","","","","","","","","","","","","","","","","","","","","","","","","","","","","","","","","","","","","","","","","","","","","","","","","","","","","",""
"59343001","LILLE-LESQUIN",50.57,3.0975,47,1959081809,"","","","",3.,1,"","","","","","","","","","","","","","","","","","","","","","","","","","","","","","",20.2,1,11.1,1,"","","","","","","","","","","","","","","","","","","","","","","","","","",56,1,"","","","","","","","","","","","",13.5,1,1026.8,1,"","","","","","",0,1,"","",0,1,0,1,0,1,"","","","","","","","","","","","","","","","","","","","","","","","",7000,1,"","",2,1,0,1,"","","","","","","","","","","","","","","","","","","","","","","","","","","","","","","","","","","","","","","","","","","","","","","","","","","","","","","","","","","","","","","","","",""
"59343001","LILLE-LESQUIN",50.57,3.0975,47,1959081812,"","","","",6.,1,"","","","","","","","","","","","","","","","","","","","","","","","","","","","","","",23.3,1,9.8,1,"","","","","","","","","","","","","","","","","","","","","","","","","","",42,1,"","","","","","","","","","","","",12.3,1,1025.7,1,"","","","","","",1,1,0,1,0,1,0,1,1,1,"","","","","","","","","","","","","","","","","","","","","","","","",18000,1,"","",2,1,0,1,"","","","","","","","","","","","","","","","","","","","","","","","","","","","","","","","","","","","","","","","","","","","","","","","","","","","","","","","","","","","","","","","","",""
"59343001","LILLE-LESQUIN",50.57,3.0975,47,1959081815,"","","","",6.,1,"","","","","","","","","","","","","","","","","","","","","","","","","","","","","","",25.1,1,9.2,1,"","","","","","","","","","","","","","","","","","","","","","","","","","",37,1,"","","","","","","","","","","","",11.8,1,1024.1,1,"","","","","","",0,1,"","",0,1,0,1,0,1,"","","","","","","","","","","","","","","","","","","","","","","","",13000,1,"","",2,1,0,1,"","","","","","","","","","","","","","","","","","","","","","","","","","","","","","","","","","","","","","","","","","","","","","","","","","","","","","","","","","","","","","","","","",""
"59343001","LILLE-LESQUIN",50.57,3.0975,47,1959081818,"","","","",5.,1,"","","","","","","","","","","","","","","","","","","","","","","","","","","","","","",23.2,1,9.3,1,"","","","","","","","","","","","","","","","","","","","","","","","","","",42,1,"","","","","","","","","","","","",11.9,1,1023.3,1,"","","","","","",0,1,"","",0,1,0,1,0,1,"","","","","","","","","","","","","","","","","","","","","","","","",20000,1,"","",2,1,0,1,"","","","","","","","","","","","","","","","","","","","","","","","","","","","","","","","","","","","","","","","","","","","","","","","","","","","","","","","","","","","","","","","","",""
"59343001","LILLE-LESQUIN",50.57,3.0975,47,1959081821,"","","","",4.,1,"","","","","","","","","","","","","","","","","","","","","","","","","","","","","","",18.2,1,10.1,1,"","","","","","","","","","","","","","","","","","","","","","","","","","",60,1,"","","","","","","","","","","","",12.6,1,1023.4,1,"","","","","","",0,1,"","",0,1,0,1,0,1,"","","","","","","","","","","","","","","","","","","","","","","","",15000,1,"","",2,1,0,1,"","","","","","","","","","","","","","","","","","","","","","","","","","","","","","","","","","","","","","","","","","","","","","","","","","","","","","","","","","","","","","","","","",""
"59343001","LILLE-LESQUIN",50.57,3.0975,47,1959081900,"","","","",2.,1,"","","","","","","","","","","","","","","","","","","","","","","","","","","","","","",15.,1,10.6,1,"","","","","","","","","","","","","","","","","","","","","","","","","","",77,1,"","","","","","","","","","","","",13.,1,1022.8,1,"","","","","","",0,1,"","",0,1,0,1,0,1,"","","","","","","","","","","","","","","","","","","","","","","","",15000,1,"","",2,1,0,1,"","","","","","","","","","","","","","","","","","","","","","","","","","","","","","","","","","","","","","","","","","","","","","","","","","","","","","","","","","","","","","","","","",""
"59343001","LILLE-LESQUIN",50.57,3.0975,47,1959081903,"","","","",3.,1,"","","","","","","","","","","","","","","","","","","","","","","","","","","","","","",13.9,1,11.7,1,"","","","","","","","","","","","","","","","","","","","","","","","","","",89,1,"","","","","","","","","","","","",14.1,1,1022.,1,"","","","","","",0,1,"","",0,1,0,1,0,1,"","","","","","","","","","","","","","","","","","","","","","","","",12000,1,"","",2,1,0,1,"","","","","","","","","","","","","","","","","","","","","","","","","","","","","","","","","","","","","","","","","","","","","","","","","","","","","","","","","","","","","","","","","",""
"59343001","LILLE-LESQUIN",50.57,3.0975,47,1959081906,"","","","",1.,1,"","","","","","","","","","","","","","","","","","","","","","","","","","","","","","",14.6,1,13.1,1,"","","","","","","","","","","","","","","","","","","","","","","","","","",92,1,"","","","","","","","","","","","",15.4,1,1022.2,1,"","","","","","",0,1,"","",0,1,0,1,0,1,"","","","","","","","","","","","","","","","","","","","","","","","",3000,1,"","",10,1,0,1,"","",0,1,"","","","","","","","","","","","","","","","","","","","","","","","","","","","","","","","","","","","","","","","","","","","","","","","","","","","","","","","","","","","","",""
"59343001","LILLE-LESQUIN",50.57,3.0975,47,1959081909,"","","","",3.,1,"","","","","","","","","","","","","","","","","","","","","","","","","","","","","","",23.4,1,14.1,1,"","","","","","","","","","","","","","","","","","","","","","","","","","",57,1,"","","","","","","","","","","","",16.5,1,1021.7,1,"","","","","","",0,1,"","",0,1,0,1,0,1,"","","","","","","","","","","","","","","","","","","","","","","","","","","","",10,1,0,1,"","","","","","","","","","","","","","","","","","","","","","","","","","","","","","","","","","","","","","","","","","","","","","","","","","","","","","","","","","","","","","","","","",""
"59343001","LILLE-LESQUIN",50.57,3.0975,47,1959081912,"","","","",5.,1,"","","","","","","","","","","","","","","","","","","","","","","","","","","","","","",27.7,1,10.9,1,"","","","","","","","","","","","","","","","","","","","","","","","","","",35,1,"","","","","","","","","","","","",13.3,1,1020.,1,"","","","","","",0,1,"","",0,1,0,1,0,1,"","","","","","","","","","","","","","","","","","","","","","","","",9000,1,"","",2,1,0,1,"","","","","","","","","","","","","","","","","","","","","","","","","","","","","","","","","","","","","","","","","","","","","","","","","","","","","","","","","","","","","","","","","",""
"59343001","LILLE-LESQUIN",50.57,3.0975,47,1959081915,"","","","",5.,1,"","","","","","","","","","","","","","","","","","","","","","","","","","","","","","",28.6,1,11.2,1,"","","","","","","","","","","","","","","","","","","","","","","","","","",34,1,"","","","","","","","","","","","",13.6,1,1018.5,1,"","","","","","",1,1,0,1,1,1,0,1,0,1,"","","","","","","","","","","","","","","","","","","","","","","","",10000,1,"","",2,1,0,1,"","","","","","","","","","","","","","","","","","","","","","","","","","","","","","","","","","","","","","","","","","","","","","","","","","","","","","","","","","","","","","","","","",""
"59343001","LILLE-LESQUIN",50.57,3.0975,47,1959081918,"","","","",4.,1,"","","","","","","","","","","","","","","","","","","","","","","","","","","","","","",27.4,1,11.2,1,"","","","","","","","","","","","","","","","","","","","","","","","","","",37,1,"","","","","","","","","","","","",13.6,1,1017.6,1,"","","","","","",0,1,"","",0,1,0,1,0,1,"","","","","","","","","","","","","","","","","","","","","","","","",12000,1,"","",1,1,0,1,"","","","","","","","","","","","","","","","","","","","","","","","","","","","","","","","","","","","","","","","","","","","","","","","","","","","","","","","","","","","","","","","","",""
"59343001","LILLE-LESQUIN",50.57,3.0975,47,1959081921,"","","","",3.,1,"","","","","","","","","","","","","","","","","","","","","","","","","","","","","","",18.7,1,12.,1,"","","","","","","","","","","","","","","","","","","","","","","","","","",66,1,"","","","","","","","","","","","",14.3,1,1018.2,1,"","","","","","",0,1,"","",0,1,0,1,0,1,"","","","","","","","","","","","","","","","","","","","","","","","",10000,1,"","",2,1,0,1,"","","","","","","","","","","","","","","","","","","","","","","","","","","","","","","","","","","","","","","","","","","","","","","","","","","","","","","","","","","","","","","","","",""
"59343001","LILLE-LESQUIN",50.57,3.0975,47,1959082000,"","","","",2.,1,"","","","","","","","","","","","","","","","","","","","","","","","","","","","","","",16.9,1,12.3,1,"","","","","","","","","","","","","","","","","","","","","","","","","","",76,1,"","","","","","","","","","","","",14.6,1,1017.8,1,"","","","","","",0,1,"","",0,1,0,1,0,1,"","","","","","","","","","","","","","","","","","","","","","","","",10000,1,"","",2,1,0,1,"","","","","","","","","","","","","","","","","","","","","","","","","","","","","","","","","","","","","","","","","","","","","","","","","","","","","","","","","","","","","","","","","",""
"59343001","LILLE-LESQUIN",50.57,3.0975,47,1959082003,"","","","",2.,1,"","","","","","","","","","","","","","","","","","","","","","","","","","","","","","",14.8,1,11.5,1,"","","","","","","","","","","","","","","","","","","","","","","","","","",83,1,"","","","","","","","","","","","",13.9,1,1017.,1,"","","","","","",0,1,"","",0,1,0,1,0,1,"","","","","","","","","","","","","","","","","","","","","","","","",7000,1,"","",2,1,0,1,"","","","","","","","","","","","","","","","","","","","","","","","","","","","","","","","","","","","","","","","","","","","","","","","","","","","","","","","","","","","","","","","","",""
"59343001","LILLE-LESQUIN",50.57,3.0975,47,1959082006,"","","","",1.,1,"","","","","","","","","","","","","","","","","","","","","","","","","","","","","","",16.6,1,12.3,1,"","","","","","","","","","","","","","","","","","","","","","","","","","",78,1,"","","","","","","","","","","","",14.6,1,1016.4,1,"","","","","","",0,1,"","",0,1,0,1,0,1,"","","","","","","","","","","","","","","","","","","","","","","","",5000,1,"","",10,1,0,1,"","",0,1,"","","","","","","","","","","","","","","","","","","","","","","","","","","","","","","","","","","","","","","","","","","","","","","","","","","","","","","","","","","","","",""
"59343001","LILLE-LESQUIN",50.57,3.0975,47,1959082009,"","","","",2.,1,"","","","","","","","","","","","","","","","","","","","","","","","","","","","","","",23.8,1,13.6,1,"","","","","","","","","","","","","","","","","","","","","","","","","","",54,1,"","","","","","","","","","","","",16.,1,1016.1,1,"","","","","","",0,1,"","",0,1,0,1,0,1,"","","","","","","","","","","","","","","","","","","","","","","","",7000,1,"","",2,1,0,1,"","","","","","","","","","","","","","","","","","","","","","","","","","","","","","","","","","","","","","","","","","","","","","","","","","","","","","","","","","","","","","","","","",""
"59343001","LILLE-LESQUIN",50.57,3.0975,47,1959082012,"","","","",6.,1,"","","","","","","","","","","","","","","","","","","","","","","","","","","","","","",28.,1,11.5,1,"","","","","","","","","","","","","","","","","","","","","","","","","","",37,1,"","","","","","","","","","","","",13.9,1,1014.4,1,"","","","","","",1,1,0,1,1,1,0,1,0,1,"","","","","","","","","","","","","","","","","","","","","","","","",10000,1,"","",3,1,0,1,"","","","","","","","","","","","","","","","","","","","","","","","","","","","","","","","","","","","","","","","","","","","","","","","","","","","","","","","","","","","","","","","","",""
"59343001","LILLE-LESQUIN",50.57,3.0975,47,1959082015,"","","","",6.,1,"","","","","","","","","","","","","","","","","","","","","","","","","","","","","","",29.4,1,10.8,1,"","","","","","","","","","","","","","","","","","","","","","","","","","",32,1,"","","","","","","","","","","","",13.2,1,1012.8,1,"","","","","","",1,1,0,1,1,1,0,1,0,1,"","","","","","","","","","","","","","","","","","","","","","","","",13000,1,"","",2,1,0,1,"","","","","","","","","","","","","","","","","","","","","","","","","","","","","","","","","","","","","","","","","","","","","","","","","","","","","","","","","","","","","","","","","",""
"59343001","LILLE-LESQUIN",50.57,3.0975,47,1959082018,"","","","",5.,1,"","","","","","","","","","","","","","","","","","","","","","","","","","","","","","",27.6,1,11.,1,"","","","","","","","","","","","","","","","","","","","","","","","","","",36,1,"","","","","","","","","","","","",13.4,1,1012.1,1,"","","","","","",1,1,0,1,4,1,0,1,0,1,"","","","","","","","","","","","","","","","","","","","","","","","",15000,1,"","",2,1,0,1,"","","","","","","","","","","","","","","","","","","","","","","","","","","","","","","","","","","","","","","","","","","","","","","","","","","","","","","","","","","","","","","","","",""
"59343001","LILLE-LESQUIN",50.57,3.0975,47,1959082021,"","","","",4.,1,"","","","","","","","","","","","","","","","","","","","","","","","","","","","","","",20.8,1,11.2,1,"","","","","","","","","","","","","","","","","","","","","","","","","","",56,1,"","","","","","","","","","","","",13.6,1,1012.5,1,"","","","","","",0,1,"","",0,1,0,1,0,1,"","","","","","","","","","","","","","","","","","","","","","","","",10000,1,"","",2,1,0,1,"","","","","","","","","","","","","","","","","","","","","","","","","","","","","","","","","","","","","","","","","","","","","","","","","","","","","","","","","","","","","","","","","",""
"59343001","LILLE-LESQUIN",50.57,3.0975,47,1959082100,"","","","",2.,1,"","","","","","","","","","","","","","","","","","","","","","","","","","","","","","",17.,1,11.2,1,"","","","","","","","","","","","","","","","","","","","","","","","","","",70,1,"","","","","","","","","","","","",13.6,1,1011.3,1,"","","","","","",0,1,"","",0,1,0,1,0,1,"","","","","","","","","","","","","","","","","","","","","","","","",10000,1,"","",2,1,0,1,"","","","","","","","","","","","","","","","","","","","","","","","","","","","","","","","","","","","","","","","","","","","","","","","","","","","","","","","","","","","","","","","","",""
"59343001","LILLE-LESQUIN",50.57,3.0975,47,1959082103,"","","","",2.,1,"","","","","","","","","","","","","","","","","","","","","","","","","","","","","","",14.8,1,11.2,1,"","","","","","","","","","","","","","","","","","","","","","","","","","",81,1,"","","","","","","","","","","","",13.6,1,1010.4,1,"","","","","","",0,1,"","",0,1,0,1,0,1,"","","","","","","","","","","","","","","","","","","","","","","","",7000,1,"","",2,1,0,1,"","","","","","","","","","","","","","","","","","","","","","","","","","","","","","","","","","","","","","","","","","","","","","","","","","","","","","","","","","","","","","","","","",""
"59343001","LILLE-LESQUIN",50.57,3.0975,47,1959082106,"","","","",2.,1,"","","","","","","","","","","","","","","","","","","","","","","","","","","","","","",16.,1,12.1,1,"","","","","","","","","","","","","","","","","","","","","","","","","","",80,1,"","","","","","","","","","","","",14.4,1,1009.7,1,"","","","","","",1,1,0,1,0,1,0,1,2,1,"","","","","","","","","","","","","","","","","","","","","","","","",5000,1,"","",3,1,0,1,"","",0,1,"","","","","","","","","","","","","","","","","","","","","","","","","","","","","","","","","","","","","","","","","","","","","","","","","","","","","","","","","","","","","",""
"59343001","LILLE-LESQUIN",50.57,3.0975,47,1959082109,"","","","",4.,1,"","","","","","","","","","","","","","","","","","","","","","","","","","","","","","",22.8,1,14.1,1,"","","","","","","","","","","","","","","","","","","","","","","","","","",59,1,"","","","","","","","","","","","",16.5,1,1009.6,1,"","","","","","",6,1,6,1,0,1,0,1,2,1,"","","","","","","","","","","","","","","","","","","","","","","","",6000,1,"","",3,1,1,1,"","","","","","","","","","","","","","","","","","","","","","","","","","","","","","","","","","","","","","","","","","","","","","","","","","","","","","","","","","","","","","","","","",""
"59343001","LILLE-LESQUIN",50.57,3.0975,47,1959082112,"","","","",6.,1,"","","","","","","","","","","","","","","","","","","","","","","","","","","","","","",26.3,1,14.2,1,"","","","","","","","","","","","","","","","","","","","","","","","","","",48,1,"","","","","","","","","","","","",16.6,1,1009.2,1,"","","","","","",6,1,0,1,2,1,8,1,1,1,"","","","","","","","","","","","","","","","","","","","","","","","",7000,1,"","",3,1,1,1,"","","","","","","","","","","","","","","","","","","","","","","","","","","","","","","","","","","","","","","","","","","","","","","","","","","","","","","","","","","","","","","","","",""
"59343001","LILLE-LESQUIN",50.57,3.0975,47,1959082115,"","","","",3.,1,"","","","","","","","","","","","","","","","","","","","","","","","","","","","","","",25.3,1,15.9,1,"","","","","","","","","","","","","","","","","","","","","","","","","","",58,1,"","","","","","","","","","","","",18.6,1,1010.4,1,"","","","","","",7,1,7,1,9,1,"","","","","","","","","","","","","","","","","","","","","","","","","","","","",7000,1,"","",17,1,2,1,"","","","","","","","","","","","","","","","","","","","","","","","","","","","","","","","","","","","","","","","","","","","","","","","","","","","","","","","","","","","","","","","","",""
"59343001","LILLE-LESQUIN",50.57,3.0975,47,1959082118,"","","","",1.,1,"","","","","","","","","","","","","","","","","","","","","","","","","","","","","","",17.5,1,14.2,1,"","","","","","","","","","","","","","","","","","","","","","","","","","",83,1,"","","","","","","","","","","","",16.6,1,1011.5,1,"","","","","","",8,1,6,1,9,1,9,1,2,1,"","","","","","","","","","","","","","","","","","","","","","","","",6000,1,"","",29,1,9,1,"","","","","","","","","","","","","","","","","","","","","","","","","","","","","","","","","","","","","","","","","","","","","","","","","","","","","","","","","","","","","","","","","",""
"59343001","LILLE-LESQUIN",50.57,3.0975,47,1959082121,"","","","",3.,1,"","","","","","","","","","","","","","","","","","","","","","","","","","","","","","",17.2,1,15.2,1,"","","","","","","","","","","","","","","","","","","","","","","","","","",91,1,"","","","","","","","","","","","",17.8,1,1011.9,1,"","","","","","",8,1,8,1,0,1,7,1,"","","","","","","","","","","","","","","","","","","","","","","","","","",7000,1,"","",2,1,2,1,"","","","","","","","","","","","","","","","","","","","","","","","","","","","","","","","","","","","","","","","","","","","","","","","","","","","","","","","","","","","","","","","","",""
"59343001","LILLE-LESQUIN",50.57,3.0975,47,1959082200,"","","","",2.,1,"","","","","","","","","","","","","","","","","","","","","","","","","","","","","","",16.7,1,15.2,1,"","","","","","","","","","","","","","","","","","","","","","","","","","",94,1,"","","","","","","","","","","","",17.8,1,1013.3,1,"","","","","","",8,1,8,1,0,1,7,1,"","","","","","","","","","","","","","","","","","","","","","","","","","",8000,1,"","",2,1,2,1,"","","","","","","","","","","","","","","","","","","","","","","","","","","","","","","","","","","","","","","","","","","","","","","","","","","","","","","","","","","","","","","","","",""
"59343001","LILLE-LESQUIN",50.57,3.0975,47,1959082203,"","","","",2.,1,"","","","","","","","","","","","","","","","","","","","","","","","","","","","","","",16.3,1,14.4,1,"","","","","","","","","","","","","","","","","","","","","","","","","","",91,1,"","","","","","","","","","","","",16.9,1,1013.5,1,"","","","","","",8,1,8,1,0,1,7,1,"","","","","","","","","","","","","","","","","","","","","","","","","","",7000,1,"","",2,1,2,1,"","","","","","","","","","","","","","","","","","","","","","","","","","","","","","","","","","","","","","","","","","","","","","","","","","","","","","","","","","","","","","","","","",""
"59343001","LILLE-LESQUIN",50.57,3.0975,47,1959082206,"","","","",2.,1,"","","","","","","","","","","","","","","","","","","","","","","","","","","","","","",15.7,1,14.1,1,"","","","","","","","","","","","","","","","","","","","","","","","","","",92,1,"","","","","","","","","","","","",16.5,1,1014.7,1,"","","","","","",6,1,0,1,0,1,3,1,2,1,"","","","","","","","","","","","","","","","","","","","","","","","",7000,1,"","",1,1,2,1,"","",0,1,"","","","","","","","","","","","","","","","","","","","","","","","","","","","","","","","","","","","","","","","","","","","","","","","","","","","","","","","","","","","","",""
"59343001","LILLE-LESQUIN",50.57,3.0975,47,1959082209,"","","","",3.,1,"","","","","","","","","","","","","","","","","","","","","","","","","","","","","","",19.9,1,14.5,1,"","","","","","","","","","","","","","","","","","","","","","","","","","",74,1,"","","","","","","","","","","","",17.,1,1015.9,1,"","","","","","",5,1,0,1,2,1,4,1,2,1,"","","","","","","","","","","","","","","","","","","","","","","","",10000,1,"","",3,1,2,1,"","","","","","","","","","","","","","","","","","","","","","","","","","","","","","","","","","","","","","","","","","","","","","","","","","","","","","","","","","","","","","","","","",""
"59343001","LILLE-LESQUIN",50.57,3.0975,47,1959082212,"","","","",5.,1,"","","","","","","","","","","","","","","","","","","","","","","","","","","","","","",22.,1,13.2,1,"","","","","","","","","","","","","","","","","","","","","","","","","","",58,1,"","","","","","","","","","","","",15.5,1,1016.6,1,"","","","","","",6,1,5,1,2,1,4,1,2,1,"","","","","","","","","","","","","","","","","","","","","","","","",20000,1,"","",3,1,2,1,"","","","","","","","","","","","","","","","","","","","","","","","","","","","","","","","","","","","","","","","","","","","","","","","","","","","","","","","","","","","","","","","","",""
"59343001","LILLE-LESQUIN",50.57,3.0975,47,1959082215,"","","","",5.,1,"","","","","","","","","","","","","","","","","","","","","","","","","","","","","","",23.,1,14.6,1,"","","","","","","","","","","","","","","","","","","","","","","","","","",61,1,"","","","","","","","","","","","",17.1,1,1017.6,1,"","","","","","",7,1,5,1,2,1,0,1,2,1,"","","","","","","","","","","","","","","","","","","","","","","","",12000,1,"","",3,1,2,1,"","","","","","","","","","","","","","","","","","","","","","","","","","","","","","","","","","","","","","","","","","","","","","","","","","","","","","","","","","","","","","","","","",""
"59343001","LILLE-LESQUIN",50.57,3.0975,47,1959082218,"","","","",4.,1,"","","","","","","","","","","","","","","","","","","","","","","","","","","","","","",22.,1,14.,1,"","","","","","","","","","","","","","","","","","","","","","","","","","",62,1,"","","","","","","","","","","","",16.4,1,1018.5,1,"","","","","","",2,1,0,1,2,1,4,1,0,1,"","","","","","","","","","","","","","","","","","","","","","","","",10000,1,"","",1,1,1,1,"","","","","","","","","","","","","","","","","","","","","","","","","","","","","","","","","","","","","","","","","","","","","","","","","","","","","","","","","","","","","","","","","",""
"59343001","LILLE-LESQUIN",50.57,3.0975,47,1959082221,"","","","",3.,1,"","","","","","","","","","","","","","","","","","","","","","","","","","","","","","",16.4,1,13.6,1,"","","","","","","","","","","","","","","","","","","","","","","","","","",86,1,"","","","","","","","","","","","",16.,1,1020.6,1,"","","","","","",0,1,"","",0,1,0,1,0,1,"","","","","","","","","","","","","","","","","","","","","","","","",8000,1,"","",2,1,0,1,"","","","","","","","","","","","","","","","","","","","","","","","","","","","","","","","","","","","","","","","","","","","","","","","","","","","","","","","","","","","","","","","","",""
"59343001","LILLE-LESQUIN",50.57,3.0975,47,1959082300,"","","","",1.,1,"","","","","","","","","","","","","","","","","","","","","","","","","","","","","","",14.9,1,13.2,1,"","","","","","","","","","","","","","","","","","","","","","","","","","",91,1,"","","","","","","","","","","","",15.5,1,1021.2,1,"","","","","","",0,1,"","",0,1,0,1,0,1,"","","","","","","","","","","","","","","","","","","","","","","","",6000,1,"","",2,1,0,1,"","","","","","","","","","","","","","","","","","","","","","","","","","","","","","","","","","","","","","","","","","","","","","","","","","","","","","","","","","","","","","","","","",""
"59343001","LILLE-LESQUIN",50.57,3.0975,47,1959082303,"","","","",3.,1,"","","","","","","","","","","","","","","","","","","","","","","","","","","","","","",15.5,1,14.4,1,"","","","","","","","","","","","","","","","","","","","","","","","","","",96,1,"","","","","","","","","","","","",16.8,1,1021.5,1,"","","","","","",8,1,8,1,6,1,"","","","","","","","","","","","","","","","","","","","","","","","","","","","",4000,1,"","",10,1,1,1,"","","","","","","","","","","","","","","","","","","","","","","","","","","","","","","","","","","","","","","","","","","","","","","","","","","","","","","","","","","","","","","","","",""
"59343001","LILLE-LESQUIN",50.57,3.0975,47,1959082306,"","","","",3.,1,"","","","","","","","","","","","","","","","","","","","","","","","","","","","","","",16.7,1,15.4,1,"","","","","","","","","","","","","","","","","","","","","","","","","","",95,1,"","","","","","","","","","","","",18.,1,1022.4,1,"","","","","","",8,1,8,1,6,1,"","","","","","","","","","","","","","","","","","","","","","","","","","","","",1600,1,"","",10,1,1,1,"","",0,1,"","","","","","","","","","","","","","","","","","","","","","","","","","","","","","","","","","","","","","","","","","","","","","","","","","","","","","","","","","","","","",""
"59343001","LILLE-LESQUIN",50.57,3.0975,47,1959082309,"","","","",3.,1,"","","","","","","","","","","","","","","","","","","","","","","","","","","","","","",18.2,1,15.7,1,"","","","","","","","","","","","","","","","","","","","","","","","","","",88,1,"","","","","","","","","","","","",18.4,1,1023.8,1,"","","","","","",8,1,8,1,6,1,"","","","","","","","","","","","","","","","","","","","","","","","","","","","",2000,1,"","",10,1,2,1,"","","","","","","","","","","","","","","","","","","","","","","","","","","","","","","","","","","","","","","","","","","","","","","","","","","","","","","","","","","","","","","","","",""
"59343001","LILLE-LESQUIN",50.57,3.0975,47,1959082312,"","","","",2.,1,"","","","","","","","","","","","","","","","","","","","","","","","","","","","","","",23.8,1,16.8,1,"","","","","","","","","","","","","","","","","","","","","","","","","","",66,1,"","","","","","","","","","","","",19.7,1,1023.7,1,"","","","","","",0,1,"","",0,1,0,1,0,1,"","","","","","","","","","","","","","","","","","","","","","","","",5000,1,"","",1,1,1,1,"","","","","","","","","","","","","","","","","","","","","","","","","","","","","","","","","","","","","","","","","","","","","","","","","","","","","","","","","","","","","","","","","",""
"59343001","LILLE-LESQUIN",50.57,3.0975,47,1959082315,"","","","",3.,1,"","","","","","","","","","","","","","","","","","","","","","","","","","","","","","",27.,1,15.9,1,"","","","","","","","","","","","","","","","","","","","","","","","","","",52,1,"","","","","","","","","","","","",18.6,1,1023.3,1,"","","","","","",2,1,0,1,2,1,0,1,0,1,"","","","","","","","","","","","","","","","","","","","","","","","",8000,1,"","",2,1,0,1,"","","","","","","","","","","","","","","","","","","","","","","","","","","","","","","","","","","","","","","","","","","","","","","","","","","","","","","","","","","","","","","","","",""
"59343001","LILLE-LESQUIN",50.57,3.0975,47,1959082318,"","","","",4.,1,"","","","","","","","","","","","","","","","","","","","","","","","","","","","","","",23.5,1,12.5,1,"","","","","","","","","","","","","","","","","","","","","","","","","","",50,1,"","","","","","","","","","","","",14.8,1,1024.5,1,"","","","","","",0,1,"","",0,1,0,1,0,1,"","","","","","","","","","","","","","","","","","","","","","","","",12000,1,"","",1,1,0,1,"","","","","","","","","","","","","","","","","","","","","","","","","","","","","","","","","","","","","","","","","","","","","","","","","","","","","","","","","","","","","","","","","",""
"59343001","LILLE-LESQUIN",50.57,3.0975,47,1959082321,"","","","",2.,1,"","","","","","","","","","","","","","","","","","","","","","","","","","","","","","",18.8,1,13.2,1,"","","","","","","","","","","","","","","","","","","","","","","","","","",71,1,"","","","","","","","","","","","",15.6,1,1026.4,1,"","","","","","",1,1,0,1,0,1,0,1,2,1,"","","","","","","","","","","","","","","","","","","","","","","","",9000,1,"","",2,1,0,1,"","","","","","","","","","","","","","","","","","","","","","","","","","","","","","","","","","","","","","","","","","","","","","","","","","","","","","","","","","","","","","","","","",""
"59343001","LILLE-LESQUIN",50.57,3.0975,47,1959082400,"","","","",0.,1,"","","","","","","","","","","","","","","","","","","","","","","","","","","","","","",14.6,1,12.5,1,"","","","","","","","","","","","","","","","","","","","","","","","","","",89,1,"","","","","","","","","","","","",14.8,1,1027.1,1,"","","","","","",1,1,0,1,0,1,0,1,2,1,"","","","","","","","","","","","","","","","","","","","","","","","",8000,1,"","",2,1,0,1,"","","","","","","","","","","","","","","","","","","","","","","","","","","","","","","","","","","","","","","","","","","","","","","","","","","","","","","","","","","","","","","","","",""
"59343001","LILLE-LESQUIN",50.57,3.0975,47,1959082403,"","","","",1.,1,"","","","","","","","","","","","","","","","","","","","","","","","","","","","","","",15.3,1,15.3,1,"","","","","","","","","","","","","","","","","","","","","","","","","","",99,1,"","","","","","","","","","","","",17.1,1,1027.,1,"","","","","","",9,1,"","","","","","","","","","","","","","","","","","","","","","","","","","","","","","","","",100,1,"","",47,1,4,1,"","","","","","","","","","","","","","","","","","","","","","","","","","","","","","","","","","","","","","","","","","","","","","","","","","","","","","","","","","","","","","","","","",""
"59343001","LILLE-LESQUIN",50.57,3.0975,47,1959082406,"","","","",1.,1,"","","","","","","","","","","","","","","","","","","","","","","","","","","","","","",16.1,1,16.1,1,"","","","","","","","","","","","","","","","","","","","","","","","","","",99,1,"","","","","","","","","","","","",18.,1,1027.4,1,"","","","","","",8,1,8,1,6,1,"","","","","","","","","","","","","","","","","","","","","","","","","","","","",200,1,"","",46,1,4,1,"","",0,1,"","","","","","","","","","","","","","","","","","","","","","","","","","","","","","","","","","","","","","","","","","","","","","","","","","","","","","","","","","","","","",""
"59343001","LILLE-LESQUIN",50.57,3.0975,47,1959082409,"","","","",1.,1,"","","","","","","","","","","","","","","","","","","","","","","","","","","","","","",18.3,1,15.7,1,"","","","","","","","","","","","","","","","","","","","","","","","","","",87,1,"","","","","","","","","","","","",18.3,1,1028.2,1,"","","","","","",6,1,6,1,6,1,0,1,0,1,"","","","","","","","","","","","","","","","","","","","","","","","",2000,1,"","",10,1,4,1,"","","","","","","","","","","","","","","","","","","","","","","","","","","","","","","","","","","","","","","","","","","","","","","","","","","","","","","","","","","","","","","","","",""
"59343001","LILLE-LESQUIN",50.57,3.0975,47,1959082412,"","","","",3.,1,"","","","","","","","","","","","","","","","","","","","","","","","","","","","","","",25.,1,15.7,1,"","","","","","","","","","","","","","","","","","","","","","","","","","",58,1,"","","","","","","","","","","","",18.4,1,1027.8,1,"","","","","","",3,1,0,1,2,1,0,1,1,1,"","","","","","","","","","","","","","","","","","","","","","","","","","","","",10,1,4,1,"","","","","","","","","","","","","","","","","","","","","","","","","","","","","","","","","","","","","","","","","","","","","","","","","","","","","","","","","","","","","","","","","",""
"59343001","LILLE-LESQUIN",50.57,3.0975,47,1959082415,"","","","",4.,1,"","","","","","","","","","","","","","","","","","","","","","","","","","","","","","",27.3,1,15.,1,"","","","","","","","","","","","","","","","","","","","","","","","","","",48,1,"","","","","","","","","","","","",17.5,1,1026.9,1,"","","","","","",4,1,0,1,2,1,0,1,2,1,"","","","","","","","","","","","","","","","","","","","","","","","",15000,1,"","",2,1,0,1,"","","","","","","","","","","","","","","","","","","","","","","","","","","","","","","","","","","","","","","","","","","","","","","","","","","","","","","","","","","","","","","","","",""
"59343001","LILLE-LESQUIN",50.57,3.0975,47,1959082418,"","","","",6.,1,"","","","","","","","","","","","","","","","","","","","","","","","","","","","","","",23.2,1,16.6,1,"","","","","","","","","","","","","","","","","","","","","","","","","","",68,1,"","","","","","","","","","","","",19.5,1,1027.3,1,"","","","","","",7,1,7,1,0,1,0,1,4,1,"","","","","","","","","","","","","","","","","","","","","","","","",10000,1,"","",3,1,1,1,"","","","","","","","","","","","","","","","","","","","","","","","","","","","","","","","","","","","","","","","","","","","","","","","","","","","","","","","","","","","","","","","","",""
"59343001","LILLE-LESQUIN",50.57,3.0975,47,1959082421,"","","","",4.,1,"","","","","","","","","","","","","","","","","","","","","","","","","","","","","","",17.8,1,15.3,1,"","","","","","","","","","","","","","","","","","","","","","","","","","",88,1,"","","","","","","","","","","","",17.9,1,1028.4,1,"","","","","","",2,1,0,1,0,1,0,1,2,1,"","","","","","","","","","","","","","","","","","","","","","","","",7000,1,"","",1,1,1,1,"","","","","","","","","","","","","","","","","","","","","","","","","","","","","","","","","","","","","","","","","","","","","","","","","","","","","","","","","","","","","","","","","",""
"59343001","LILLE-LESQUIN",50.57,3.0975,47,1959082500,"","","","",1.,1,"","","","","","","","","","","","","","","","","","","","","","","","","","","","","","",15.6,1,14.2,1,"","","","","","","","","","","","","","","","","","","","","","","","","","",94,1,"","","","","","","","","","","","",16.6,1,1028.6,1,"","","","","","",4,1,0,1,0,1,0,1,2,1,"","","","","","","","","","","","","","","","","","","","","","","","",7000,1,"","",3,1,1,1,"","","","","","","","","","","","","","","","","","","","","","","","","","","","","","","","","","","","","","","","","","","","","","","","","","","","","","","","","","","","","","","","","",""
"59343001","LILLE-LESQUIN",50.57,3.0975,47,1959082503,"","","","",1.,1,"","","","","","","","","","","","","","","","","","","","","","","","","","","","","","",14.6,1,13.5,1,"","","","","","","","","","","","","","","","","","","","","","","","","","",96,1,"","","","","","","","","","","","",15.9,1,1028.3,1,"","","","","","",3,1,0,1,0,1,0,1,2,1,"","","","","","","","","","","","","","","","","","","","","","","","",4000,1,"","",10,1,0,1,"","","","","","","","","","","","","","","","","","","","","","","","","","","","","","","","","","","","","","","","","","","","","","","","","","","","","","","","","","","","","","","","","",""
"59343001","LILLE-LESQUIN",50.57,3.0975,47,1959082506,"","","","",0.,1,"","","","","","","","","","","","","","","","","","","","","","","","","","","","","","",15.1,1,14.4,1,"","","","","","","","","","","","","","","","","","","","","","","","","","",98,1,"","","","","","","","","","","","",16.8,1,1028.8,1,"","","","","","",7,1,7,1,6,1,"","","","","","","","","","","","","","","","","","","","","","","","","","","","",1100,1,"","",10,1,1,1,"","",0,1,"","","","","","","","","","","","","","","","","","","","","","","","","","","","","","","","","","","","","","","","","","","","","","","","","","","","","","","","","","","","","",""
"59343001","LILLE-LESQUIN",50.57,3.0975,47,1959082509,"","","","",1.,1,"","","","","","","","","","","","","","","","","","","","","","","","","","","","","","",21.2,1,17.2,1,"","","","","","","","","","","","","","","","","","","","","","","","","","",80,1,"","","","","","","","","","","","",20.2,1,1029.3,1,"","","","","","",7,1,7,1,0,1,0,1,2,1,"","","","","","","","","","","","","","","","","","","","","","","","",3000,1,"","",10,1,2,1,"","","","","","","","","","","","","","","","","","","","","","","","","","","","","","","","","","","","","","","","","","","","","","","","","","","","","","","","","","","","","","","","","",""
"59343001","LILLE-LESQUIN",50.57,3.0975,47,1959082512,"","","","",4.,1,"","","","","","","","","","","","","","","","","","","","","","","","","","","","","","",25.6,1,17.5,1,"","","","","","","","","","","","","","","","","","","","","","","","","","",63,1,"","","","","","","","","","","","",20.7,1,1028.9,1,"","","","","","",5,1,0,1,1,1,4,1,2,1,"","","","","","","","","","","","","","","","","","","","","","","","",7000,1,"","",2,1,2,1,"","","","","","","","","","","","","","","","","","","","","","","","","","","","","","","","","","","","","","","","","","","","","","","","","","","","","","","","","","","","","","","","","",""
"59343001","LILLE-LESQUIN",50.57,3.0975,47,1959082515,"","","","",3.,1,"","","","","","","","","","","","","","","","","","","","","","","","","","","","","","",27.7,1,16.8,1,"","","","","","","","","","","","","","","","","","","","","","","","","","",53,1,"","","","","","","","","","","","",19.7,1,1028.,1,"","","","","","",4,1,0,1,1,1,4,1,1,1,"","","","","","","","","","","","","","","","","","","","","","","","",9000,1,"","",1,1,1,1,"","","","","","","","","","","","","","","","","","","","","","","","","","","","","","","","","","","","","","","","","","","","","","","","","","","","","","","","","","","","","","","","","",""
"59343001","LILLE-LESQUIN",50.57,3.0975,47,1959082518,"","","","",3.,1,"","","","","","","","","","","","","","","","","","","","","","","","","","","","","","",26.1,1,16.5,1,"","","","","","","","","","","","","","","","","","","","","","","","","","",57,1,"","","","","","","","","","","","",19.4,1,1027.6,1,"","","","","","",7,1,6,1,0,1,4,1,2,1,"","","","","","","","","","","","","","","","","","","","","","","","",20000,1,"","",3,1,2,1,"","","","","","","","","","","","","","","","","","","","","","","","","","","","","","","","","","","","","","","","","","","","","","","","","","","","","","","","","","","","","","","","","",""
"59343001","LILLE-LESQUIN",50.57,3.0975,47,1959082521,"","","","",3.,1,"","","","","","","","","","","","","","","","","","","","","","","","","","","","","","",21.4,1,17.1,1,"","","","","","","","","","","","","","","","","","","","","","","","","","",79,1,"","","","","","","","","","","","",20.1,1,1028.2,1,"","","","","","",3,1,0,1,0,1,0,1,2,1,"","","","","","","","","","","","","","","","","","","","","","","","",12000,1,"","",2,1,1,1,"","","","","","","","","","","","","","","","","","","","","","","","","","","","","","","","","","","","","","","","","","","","","","","","","","","","","","","","","","","","","","","","","",""
"59343001","LILLE-LESQUIN",50.57,3.0975,47,1959082600,"","","","",2.,1,"","","","","","","","","","","","","","","","","","","","","","","","","","","","","","",18.4,1,16.4,1,"","","","","","","","","","","","","","","","","","","","","","","","","","",91,1,"","","","","","","","","","","","",19.2,1,1028.4,1,"","","","","","",0,1,"","",0,1,0,1,0,1,"","","","","","","","","","","","","","","","","","","","","","","","",8000,1,"","",2,1,1,1,"","","","","","","","","","","","","","","","","","","","","","","","","","","","","","","","","","","","","","","","","","","","","","","","","","","","","","","","","","","","","","","","","",""
"59343001","LILLE-LESQUIN",50.57,3.0975,47,1959082603,"","","","",1.,1,"","","","","","","","","","","","","","","","","","","","","","","","","","","","","","",15.4,1,14.4,1,"","","","","","","","","","","","","","","","","","","","","","","","","","",97,1,"","","","","","","","","","","","",16.9,1,1028.,1,"","","","","","",0,1,"","",0,1,0,1,0,1,"","","","","","","","","","","","","","","","","","","","","","","","",5000,1,"","",2,1,0,1,"","","","","","","","","","","","","","","","","","","","","","","","","","","","","","","","","","","","","","","","","","","","","","","","","","","","","","","","","","","","","","","","","",""
"59343001","LILLE-LESQUIN",50.57,3.0975,47,1959082606,"","","","",1.,1,"","","","","","","","","","","","","","","","","","","","","","","","","","","","","","",15.4,1,15.4,1,"","","","","","","","","","","","","","","","","","","","","","","","","","",99,1,"","","","","","","","","","","","",17.3,1,1027.6,1,"","","","","","",0,1,"","",0,1,0,1,0,1,"","","","","","","","","","","","","","","","","","","","","","","","",50,1,"","",44,1,4,1,"","",0,1,"","","","","","","","","","","","","","","","","","","","","","","","","","","","","","","","","","","","","","","","","","","","","","","","","","","","","","","","","","","","","",""
"59343001","LILLE-LESQUIN",50.57,3.0975,47,1959082609,"","","","",2.,1,"","","","","","","","","","","","","","","","","","","","","","","","","","","","","","",23.2,1,17.2,1,"","","","","","","","","","","","","","","","","","","","","","","","","","",71,1,"","","","","","","","","","","","",20.3,1,1027.8,1,"","","","","","",1,1,0,1,0,1,4,1,1,1,"","","","","","","","","","","","","","","","","","","","","","","","",4500,1,"","",10,1,4,1,"","","","","","","","","","","","","","","","","","","","","","","","","","","","","","","","","","","","","","","","","","","","","","","","","","","","","","","","","","","","","","","","","",""
"59343001","LILLE-LESQUIN",50.57,3.0975,47,1959082612,"","","","",3.,1,"","","","","","","","","","","","","","","","","","","","","","","","","","","","","","",27.,1,17.,1,"","","","","","","","","","","","","","","","","","","","","","","","","","",56,1,"","","","","","","","","","","","",20.,1,1026.6,1,"","","","","","",6,1,6,1,2,1,4,1,0,1,"","","","","","","","","","","","","","","","","","","","","","","","",6000,1,"","",3,1,4,1,"","","","","","","","","","","","","","","","","","","","","","","","","","","","","","","","","","","","","","","","","","","","","","","","","","","","","","","","","","","","","","","","","",""
"59343001","LILLE-LESQUIN",50.57,3.0975,47,1959082615,"","","","",5.,1,"","","","","","","","","","","","","","","","","","","","","","","","","","","","","","",27.,1,15.6,1,"","","","","","","","","","","","","","","","","","","","","","","","","","",51,1,"","","","","","","","","","","","",18.2,1,1025.6,1,"","","","","","",5,1,0,1,2,1,4,1,1,1,"","","","","","","","","","","","","","","","","","","","","","","","",10000,1,"","",1,1,2,1,"","","","","","","","","","","","","","","","","","","","","","","","","","","","","","","","","","","","","","","","","","","","","","","","","","","","","","","","","","","","","","","","","",""
"59343001","LILLE-LESQUIN",50.57,3.0975,47,1959082618,"","","","",5.,1,"","","","","","","","","","","","","","","","","","","","","","","","","","","","","","",23.6,1,14.9,1,"","","","","","","","","","","","","","","","","","","","","","","","","","",60,1,"","","","","","","","","","","","",17.4,1,1025.,1,"","","","","","",1,1,0,1,0,1,4,1,0,1,"","","","","","","","","","","","","","","","","","","","","","","","",30000,1,"","",1,1,1,1,"","","","","","","","","","","","","","","","","","","","","","","","","","","","","","","","","","","","","","","","","","","","","","","","","","","","","","","","","","","","","","","","","",""
"59343001","LILLE-LESQUIN",50.57,3.0975,47,1959082621,"","","","",4.,1,"","","","","","","","","","","","","","","","","","","","","","","","","","","","","","",18.8,1,15.7,1,"","","","","","","","","","","","","","","","","","","","","","","","","","",85,1,"","","","","","","","","","","","",18.3,1,1026.3,1,"","","","","","",0,1,"","",0,1,0,1,0,1,"","","","","","","","","","","","","","","","","","","","","","","","",8000,1,"","",1,1,0,1,"","","","","","","","","","","","","","","","","","","","","","","","","","","","","","","","","","","","","","","","","","","","","","","","","","","","","","","","","","","","","","","","","",""
"59343001","LILLE-LESQUIN",50.57,3.0975,47,1959082700,"","","","",4.,1,"","","","","","","","","","","","","","","","","","","","","","","","","","","","","","",16.5,1,13.8,1,"","","","","","","","","","","","","","","","","","","","","","","","","","",87,1,"","","","","","","","","","","","",16.2,1,1027.1,1,"","","","","","",0,1,"","",0,1,0,1,0,1,"","","","","","","","","","","","","","","","","","","","","","","","",10000,1,"","",2,1,0,1,"","","","","","","","","","","","","","","","","","","","","","","","","","","","","","","","","","","","","","","","","","","","","","","","","","","","","","","","","","","","","","","","","",""
"59343001","LILLE-LESQUIN",50.57,3.0975,47,1959082703,"","","","",2.,1,"","","","","","","","","","","","","","","","","","","","","","","","","","","","","","",14.2,1,12.4,1,"","","","","","","","","","","","","","","","","","","","","","","","","","",91,1,"","","","","","","","","","","","",14.7,1,1026.9,1,"","","","","","",0,1,"","",0,1,0,1,0,1,"","","","","","","","","","","","","","","","","","","","","","","","",10000,1,"","",2,1,0,1,"","","","","","","","","","","","","","","","","","","","","","","","","","","","","","","","","","","","","","","","","","","","","","","","","","","","","","","","","","","","","","","","","",""
"59343001","LILLE-LESQUIN",50.57,3.0975,47,1959082706,"","","","",2.,1,"","","","","","","","","","","","","","","","","","","","","","","","","","","","","","",13.8,1,11.6,1,"","","","","","","","","","","","","","","","","","","","","","","","","","",89,1,"","","","","","","","","","","","",14.,1,1027.1,1,"","","","","","",0,1,"","",0,1,0,1,0,1,"","","","","","","","","","","","","","","","","","","","","","","","",8000,1,"","",2,1,0,1,"","",0,1,"","","","","","","","","","","","","","","","","","","","","","","","","","","","","","","","","","","","","","","","","","","","","","","","","","","","","","","","","","","","","",""
"59343001","LILLE-LESQUIN",50.57,3.0975,47,1959082709,"","","","",6.,1,"","","","","","","","","","","","","","","","","","","","","","","","","","","","","","",18.8,1,10.4,1,"","","","","","","","","","","","","","","","","","","","","","","","","","",59,1,"","","","","","","","","","","","",12.9,1,1027.,1,"","","","","","",3,1,0,1,1,1,0,1,0,1,"","","","","","","","","","","","","","","","","","","","","","","","",20000,1,"","",3,1,0,1,"","","","","","","","","","","","","","","","","","","","","","","","","","","","","","","","","","","","","","","","","","","","","","","","","","","","","","","","","","","","","","","","","",""
"59343001","LILLE-LESQUIN",50.57,3.0975,47,1959082712,"","","","",6.,1,"","","","","","","","","","","","","","","","","","","","","","","","","","","","","","",21.3,1,10.,1,"","","","","","","","","","","","","","","","","","","","","","","","","","",49,1,"","","","","","","","","","","","",12.5,1,1025.8,1,"","","","","","",2,1,0,1,4,1,0,1,0,1,"","","","","","","","","","","","","","","","","","","","","","","","",25000,1,"","",2,1,0,1,"","","","","","","","","","","","","","","","","","","","","","","","","","","","","","","","","","","","","","","","","","","","","","","","","","","","","","","","","","","","","","","","","",""
"59343001","LILLE-LESQUIN",50.57,3.0975,47,1959082715,"","","","",6.,1,"","","","","","","","","","","","","","","","","","","","","","","","","","","","","","",22.7,1,8.8,1,"","","","","","","","","","","","","","","","","","","","","","","","","","",41,1,"","","","","","","","","","","","",11.5,1,1024.1,1,"","","","","","",0,1,"","",0,1,0,1,0,1,"","","","","","","","","","","","","","","","","","","","","","","","",25000,1,"","",2,1,0,1,"","","","","","","","","","","","","","","","","","","","","","","","","","","","","","","","","","","","","","","","","","","","","","","","","","","","","","","","","","","","","","","","","",""
"59343001","LILLE-LESQUIN",50.57,3.0975,47,1959082718,"","","","",5.,1,"","","","","","","","","","","","","","","","","","","","","","","","","","","","","","",20.1,1,9.2,1,"","","","","","","","","","","","","","","","","","","","","","","","","","",50,1,"","","","","","","","","","","","",11.8,1,1022.9,1,"","","","","","",0,1,"","",0,1,0,1,0,1,"","","","","","","","","","","","","","","","","","","","","","","","",20000,1,"","",2,1,0,1,"","","","","","","","","","","","","","","","","","","","","","","","","","","","","","","","","","","","","","","","","","","","","","","","","","","","","","","","","","","","","","","","","",""
"59343001","LILLE-LESQUIN",50.57,3.0975,47,1959082721,"","","","",4.,1,"","","","","","","","","","","","","","","","","","","","","","","","","","","","","","",15.4,1,9.2,1,"","","","","","","","","","","","","","","","","","","","","","","","","","",67,1,"","","","","","","","","","","","",11.8,1,1022.6,1,"","","","","","",0,1,"","",0,1,0,1,0,1,"","","","","","","","","","","","","","","","","","","","","","","","",13000,1,"","",2,1,0,1,"","","","","","","","","","","","","","","","","","","","","","","","","","","","","","","","","","","","","","","","","","","","","","","","","","","","","","","","","","","","","","","","","",""
"59343001","LILLE-LESQUIN",50.57,3.0975,47,1959082800,"","","","",2.,1,"","","","","","","","","","","","","","","","","","","","","","","","","","","","","","",12.,1,9.,1,"","","","","","","","","","","","","","","","","","","","","","","","","","",83,1,"","","","","","","","","","","","",11.7,1,1021.6,1,"","","","","","",0,1,"","",0,1,0,1,0,1,"","","","","","","","","","","","","","","","","","","","","","","","",12000,1,"","",2,1,0,1,"","","","","","","","","","","","","","","","","","","","","","","","","","","","","","","","","","","","","","","","","","","","","","","","","","","","","","","","","","","","","","","","","",""
"59343001","LILLE-LESQUIN",50.57,3.0975,47,1959082803,"","","","",1.,1,"","","","","","","","","","","","","","","","","","","","","","","","","","","","","","",9.4,1,7.7,1,"","","","","","","","","","","","","","","","","","","","","","","","","","",91,1,"","","","","","","","","","","","",10.7,1,1020.3,1,"","","","","","",0,1,"","",0,1,0,1,0,1,"","","","","","","","","","","","","","","","","","","","","","","","",9000,1,"","",2,1,0,1,"","","","","","","","","","","","","","","","","","","","","","","","","","","","","","","","","","","","","","","","","","","","","","","","","","","","","","","","","","","","","","","","","",""
"59343001","LILLE-LESQUIN",50.57,3.0975,47,1959082806,"","","","",1.,1,"","","","","","","","","","","","","","","","","","","","","","","","","","","","","","",9.,1,7.7,1,"","","","","","","","","","","","","","","","","","","","","","","","","","",93,1,"","","","","","","","","","","","",10.7,1,1019.6,1,"","","","","","",1,1,0,1,0,1,0,1,1,1,"","","","","","","","","","","","","","","","","","","","","","","","",4000,1,"","",10,1,0,1,"","",0,1,"","","","","","","","","","","","","","","","","","","","","","","","","","","","","","","","","","","","","","","","","","","","","","","","","","","","","","","","","","","","","",""
"59343001","LILLE-LESQUIN",50.57,3.0975,47,1959082809,"","","","",2.,1,"","","","","","","","","","","","","","","","","","","","","","","","","","","","","","",19.3,1,10.,1,"","","","","","","","","","","","","","","","","","","","","","","","","","",56,1,"","","","","","","","","","","","",12.5,1,1018.9,1,"","","","","","",0,1,"","",0,1,0,1,0,1,"","","","","","","","","","","","","","","","","","","","","","","","",8000,1,"","",2,1,0,1,"","","","","","","","","","","","","","","","","","","","","","","","","","","","","","","","","","","","","","","","","","","","","","","","","","","","","","","","","","","","","","","","","",""
"59343001","LILLE-LESQUIN",50.57,3.0975,47,1959082812,"","","","",6.,1,"","","","","","","","","","","","","","","","","","","","","","","","","","","","","","",21.8,1,12.9,1,"","","","","","","","","","","","","","","","","","","","","","","","","","",58,1,"","","","","","","","","","","","",15.2,1,1018.6,1,"","","","","","",7,1,7,1,2,1,0,1,0,1,"","","","","","","","","","","","","","","","","","","","","","","","",10000,1,"","",3,1,1,1,"","","","","","","","","","","","","","","","","","","","","","","","","","","","","","","","","","","","","","","","","","","","","","","","","","","","","","","","","","","","","","","","","",""
"59343001","LILLE-LESQUIN",50.57,3.0975,47,1959082815,"","","","",7.,1,"","","","","","","","","","","","","","","","","","","","","","","","","","","","","","",21.3,1,9.8,1,"","","","","","","","","","","","","","","","","","","","","","","","","","",48,1,"","","","","","","","","","","","",12.3,1,1018.6,1,"","","","","","",5,1,0,1,8,1,0,1,0,1,"","","","","","","","","","","","","","","","","","","","","","","","",25000,1,"","",2,1,2,1,"","","","","","","","","","","","","","","","","","","","","","","","","","","","","","","","","","","","","","","","","","","","","","","","","","","","","","","","","","","","","","","","","",""
"59343001","LILLE-LESQUIN",50.57,3.0975,47,1959082818,"","","","",7.,1,"","","","","","","","","","","","","","","","","","","","","","","","","","","","","","",18.,1,10.6,1,"","","","","","","","","","","","","","","","","","","","","","","","","","",63,1,"","","","","","","","","","","","",13.,1,1019.1,1,"","","","","","",5,1,0,1,8,1,0,1,0,1,"","","","","","","","","","","","","","","","","","","","","","","","",30000,1,"","",2,1,2,1,"","","","","","","","","","","","","","","","","","","","","","","","","","","","","","","","","","","","","","","","","","","","","","","","","","","","","","","","","","","","","","","","","",""
"59343001","LILLE-LESQUIN",50.57,3.0975,47,1959082821,"","","","",6.,1,"","","","","","","","","","","","","","","","","","","","","","","","","","","","","","",15.7,1,10.4,1,"","","","","","","","","","","","","","","","","","","","","","","","","","",72,1,"","","","","","","","","","","","",12.9,1,1020.3,1,"","","","","","",2,1,0,1,5,1,0,1,0,1,"","","","","","","","","","","","","","","","","","","","","","","","",15000,1,"","",3,1,1,1,"","","","","","","","","","","","","","","","","","","","","","","","","","","","","","","","","","","","","","","","","","","","","","","","","","","","","","","","","","","","","","","","","",""
"59343001","LILLE-LESQUIN",50.57,3.0975,47,1959082900,"","","","",4.,1,"","","","","","","","","","","","","","","","","","","","","","","","","","","","","","",15.1,1,9.2,1,"","","","","","","","","","","","","","","","","","","","","","","","","","",69,1,"","","","","","","","","","","","",11.8,1,1021.,1,"","","","","","",8,1,8,1,5,1,"","","","","","","","","","","","","","","","","","","","","","","","","","","","",15000,1,"","",2,1,1,1,"","","","","","","","","","","","","","","","","","","","","","","","","","","","","","","","","","","","","","","","","","","","","","","","","","","","","","","","","","","","","","","","","",""
"59343001","LILLE-LESQUIN",50.57,3.0975,47,1959082903,"","","","",2.,1,"","","","","","","","","","","","","","","","","","","","","","","","","","","","","","",13.4,1,9.4,1,"","","","","","","","","","","","","","","","","","","","","","","","","","",78,1,"","","","","","","","","","","","",12.,1,1021.1,1,"","","","","","",8,1,8,1,5,1,"","","","","","","","","","","","","","","","","","","","","","","","","","","","",10000,1,"","",3,1,1,1,"","","","","","","","","","","","","","","","","","","","","","","","","","","","","","","","","","","","","","","","","","","","","","","","","","","","","","","","","","","","","","","","","",""
"59343001","LILLE-LESQUIN",50.57,3.0975,47,1959082906,"","","","",1.,1,"","","","","","","","","","","","","","","","","","","","","","","","","","","","","","",12.6,1,10.2,1,"","","","","","","","","","","","","","","","","","","","","","","","","","",87,1,"","","","","","","","","","","","",12.7,1,1021.5,1,"","","","","","",6,1,6,1,8,1,0,1,0,1,"","","","","","","","","","","","","","","","","","","","","","","","",8000,1,"","",3,1,1,1,"","",0,1,"","","","","","","","","","","","","","","","","","","","","","","","","","","","","","","","","","","","","","","","","","","","","","","","","","","","","","","","","","","","","",""
"59343001","LILLE-LESQUIN",50.57,3.0975,47,1959082909,"","","","",5.,1,"","","","","","","","","","","","","","","","","","","","","","","","","","","","","","",13.6,1,10.3,1,"","","","","","","","","","","","","","","","","","","","","","","","","","",82,1,"","","","","","","","","","","","",12.8,1,1022.5,1,"","","","","","",7,1,5,1,8,1,0,1,0,1,"","","","","","","","","","","","","","","","","","","","","","","","",20000,1,"","",25,1,8,1,"","","","","","","","","","","","","","","","","","","","","","","","","","","","","","","","","","","","","","","","","","","","","","","","","","","","","","","","","","","","","","","","","",""
"59343001","LILLE-LESQUIN",50.57,3.0975,47,1959082912,"","","","",6.,1,"","","","","","","","","","","","","","","","","","","","","","","","","","","","","","",17.7,1,7.3,1,"","","","","","","","","","","","","","","","","","","","","","","","","","",52,1,"","","","","","","","","","","","",10.4,1,1022.2,1,"","","","","","",7,1,6,1,8,1,0,1,0,1,"","","","","","","","","","","","","","","","","","","","","","","","",30000,1,"","",3,1,8,1,"","","","","","","","","","","","","","","","","","","","","","","","","","","","","","","","","","","","","","","","","","","","","","","","","","","","","","","","","","","","","","","","","",""
"59343001","LILLE-LESQUIN",50.57,3.0975,47,1959082915,"","","","",7.,1,"","","","","","","","","","","","","","","","","","","","","","","","","","","","","","",18.6,1,7.1,1,"","","","","","","","","","","","","","","","","","","","","","","","","","",48,1,"","","","","","","","","","","","",10.2,1,1021.1,1,"","","","","","",6,1,0,1,8,1,0,1,0,1,"","","","","","","","","","","","","","","","","","","","","","","","",40000,1,"","",2,1,2,1,"","","","","","","","","","","","","","","","","","","","","","","","","","","","","","","","","","","","","","","","","","","","","","","","","","","","","","","","","","","","","","","","","",""
"59343001","LILLE-LESQUIN",50.57,3.0975,47,1959082918,"","","","",7.,1,"","","","","","","","","","","","","","","","","","","","","","","","","","","","","","",16.4,1,6.6,1,"","","","","","","","","","","","","","","","","","","","","","","","","","",53,1,"","","","","","","","","","","","",9.9,1,1021.5,1,"","","","","","",3,1,0,1,5,1,0,1,0,1,"","","","","","","","","","","","","","","","","","","","","","","","",30000,1,"","",1,1,1,1,"","","","","","","","","","","","","","","","","","","","","","","","","","","","","","","","","","","","","","","","","","","","","","","","","","","","","","","","","","","","","","","","","",""
"59343001","LILLE-LESQUIN",50.57,3.0975,47,1959082921,"","","","",2.,1,"","","","","","","","","","","","","","","","","","","","","","","","","","","","","","",13.,1,8.,1,"","","","","","","","","","","","","","","","","","","","","","","","","","",73,1,"","","","","","","","","","","","",10.9,1,1022.8,1,"","","","","","",0,1,"","",0,1,0,1,0,1,"","","","","","","","","","","","","","","","","","","","","","","","",20000,1,"","",1,1,0,1,"","","","","","","","","","","","","","","","","","","","","","","","","","","","","","","","","","","","","","","","","","","","","","","","","","","","","","","","","","","","","","","","","",""
"59343001","LILLE-LESQUIN",50.57,3.0975,47,1959083000,"","","","",1.,1,"","","","","","","","","","","","","","","","","","","","","","","","","","","","","","",12.8,1,9.,1,"","","","","","","","","","","","","","","","","","","","","","","","","","",79,1,"","","","","","","","","","","","",11.7,1,1022.5,1,"","","","","","",7,1,7,1,5,1,0,1,0,1,"","","","","","","","","","","","","","","","","","","","","","","","",10000,1,"","",2,1,1,1,"","","","","","","","","","","","","","","","","","","","","","","","","","","","","","","","","","","","","","","","","","","","","","","","","","","","","","","","","","","","","","","","","",""
"59343001","LILLE-LESQUIN",50.57,3.0975,47,1959083003,"","","","",1.,1,"","","","","","","","","","","","","","","","","","","","","","","","","","","","","","",11.1,1,9.4,1,"","","","","","","","","","","","","","","","","","","","","","","","","","",91,1,"","","","","","","","","","","","",12.,1,1021.8,1,"","","","","","",5,1,0,1,5,1,0,1,0,1,"","","","","","","","","","","","","","","","","","","","","","","","",15000,1,"","",20,1,2,1,"","","","","","","","","","","","","","","","","","","","","","","","","","","","","","","","","","","","","","","","","","","","","","","","","","","","","","","","","","","","","","","","","",""
"59343001","LILLE-LESQUIN",50.57,3.0975,47,1959083006,"","","","",1.,1,"","","","","","","","","","","","","","","","","","","","","","","","","","","","","","",10.,1,8.8,1,"","","","","","","","","","","","","","","","","","","","","","","","","","",93,1,"","","","","","","","","","","","",11.5,1,1022.,1,"","","","","","",1,1,0,1,2,1,0,1,0,1,"","","","","","","","","","","","","","","","","","","","","","","","",20000,1,"","",1,1,6,1,"","",0,1,"","","","","","","","","","","","","","","","","","","","","","","","","","","","","","","","","","","","","","","","","","","","","","","","","","","","","","","","","","","","","",""
"59343001","LILLE-LESQUIN",50.57,3.0975,47,1959083009,"","","","",6.,1,"","","","","","","","","","","","","","","","","","","","","","","","","","","","","","",17.2,1,8.4,1,"","","","","","","","","","","","","","","","","","","","","","","","","","",57,1,"","","","","","","","","","","","",11.2,1,1022.3,1,"","","","","","",3,1,0,1,2,1,0,1,0,1,"","","","","","","","","","","","","","","","","","","","","","","","",30000,1,"","",3,1,0,1,"","","","","","","","","","","","","","","","","","","","","","","","","","","","","","","","","","","","","","","","","","","","","","","","","","","","","","","","","","","","","","","","","",""
"59343001","LILLE-LESQUIN",50.57,3.0975,47,1959083012,"","","","",5.,1,"","","","","","","","","","","","","","","","","","","","","","","","","","","","","","",18.8,1,8.,1,"","","","","","","","","","","","","","","","","","","","","","","","","","",50,1,"","","","","","","","","","","","",10.9,1,1022.2,1,"","","","","","",6,1,5,1,8,1,0,1,0,1,"","","","","","","","","","","","","","","","","","","","","","","","",40000,1,"","",3,1,1,1,"","","","","","","","","","","","","","","","","","","","","","","","","","","","","","","","","","","","","","","","","","","","","","","","","","","","","","","","","","","","","","","","","",""
"59343001","LILLE-LESQUIN",50.57,3.0975,47,1959083015,"","","","",6.,1,"","","","","","","","","","","","","","","","","","","","","","","","","","","","","","",18.9,1,7.6,1,"","","","","","","","","","","","","","","","","","","","","","","","","","",48,1,"","","","","","","","","","","","",10.6,1,1021.6,1,"","","","","","",6,1,0,1,8,1,0,1,0,1,"","","","","","","","","","","","","","","","","","","","","","","","",40000,1,"","",2,1,2,1,"","","","","","","","","","","","","","","","","","","","","","","","","","","","","","","","","","","","","","","","","","","","","","","","","","","","","","","","","","","","","","","","","",""
"59343001","LILLE-LESQUIN",50.57,3.0975,47,1959083018,"","","","",6.,1,"","","","","","","","","","","","","","","","","","","","","","","","","","","","","","",18.,1,7.6,1,"","","","","","","","","","","","","","","","","","","","","","","","","","",51,1,"","","","","","","","","","","","",10.6,1,1021.7,1,"","","","","","",1,1,0,1,4,1,0,1,0,1,"","","","","","","","","","","","","","","","","","","","","","","","",40000,1,"","",3,1,1,1,"","","","","","","","","","","","","","","","","","","","","","","","","","","","","","","","","","","","","","","","","","","","","","","","","","","","","","","","","","","","","","","","","",""
"59343001","LILLE-LESQUIN",50.57,3.0975,47,1959083021,"","","","",4.,1,"","","","","","","","","","","","","","","","","","","","","","","","","","","","","","",13.4,1,7.6,1,"","","","","","","","","","","","","","","","","","","","","","","","","","",69,1,"","","","","","","","","","","","",10.6,1,1023.1,1,"","","","","","",0,1,"","",0,1,0,1,0,1,"","","","","","","","","","","","","","","","","","","","","","","","",25000,1,"","",2,1,0,1,"","","","","","","","","","","","","","","","","","","","","","","","","","","","","","","","","","","","","","","","","","","","","","","","","","","","","","","","","","","","","","","","","",""
"59343001","LILLE-LESQUIN",50.57,3.0975,47,1959083100,"","","","",3.,1,"","","","","","","","","","","","","","","","","","","","","","","","","","","","","","",10.3,1,7.6,1,"","","","","","","","","","","","","","","","","","","","","","","","","","",85,1,"","","","","","","","","","","","",10.6,1,1023.6,1,"","","","","","",0,1,"","",0,1,0,1,0,1,"","","","","","","","","","","","","","","","","","","","","","","","",20000,1,"","",2,1,0,1,"","","","","","","","","","","","","","","","","","","","","","","","","","","","","","","","","","","","","","","","","","","","","","","","","","","","","","","","","","","","","","","","","",""
"59343001","LILLE-LESQUIN",50.57,3.0975,47,1959083103,"","","","",2.,1,"","","","","","","","","","","","","","","","","","","","","","","","","","","","","","",9.,1,7.3,1,"","","","","","","","","","","","","","","","","","","","","","","","","","",90,1,"","","","","","","","","","","","",10.4,1,1022.8,1,"","","","","","",0,1,"","",0,1,0,1,0,1,"","","","","","","","","","","","","","","","","","","","","","","","",10000,1,"","",2,1,0,1,"","","","","","","","","","","","","","","","","","","","","","","","","","","","","","","","","","","","","","","","","","","","","","","","","","","","","","","","","","","","","","","","","",""
"59343001","LILLE-LESQUIN",50.57,3.0975,47,1959083106,"","","","",0.,1,"","","","","","","","","","","","","","","","","","","","","","","","","","","","","","",11.1,1,9.2,1,"","","","","","","","","","","","","","","","","","","","","","","","","","",90,1,"","","","","","","","","","","","",11.8,1,1023.2,1,"","","","","","",7,1,7,1,5,1,0,1,0,1,"","","","","","","","","","","","","","","","","","","","","","","","",5000,1,"","",3,1,1,1,"","",0,1,"","","","","","","","","","","","","","","","","","","","","","","","","","","","","","","","","","","","","","","","","","","","","","","","","","","","","","","","","","","","","",""
"59343001","LILLE-LESQUIN",50.57,3.0975,47,1959083109,"","","","",3.,1,"","","","","","","","","","","","","","","","","","","","","","","","","","","","","","",16.,1,9.6,1,"","","","","","","","","","","","","","","","","","","","","","","","","","",67,1,"","","","","","","","","","","","",12.2,1,1023.6,1,"","","","","","",7,1,6,1,8,1,0,1,0,1,"","","","","","","","","","","","","","","","","","","","","","","","",9000,1,"","",2,1,2,1,"","","","","","","","","","","","","","","","","","","","","","","","","","","","","","","","","","","","","","","","","","","","","","","","","","","","","","","","","","","","","","","","","",""
"59343001","LILLE-LESQUIN",50.57,3.0975,47,1959083112,"","","","",5.,1,"","","","","","","","","","","","","","","","","","","","","","","","","","","","","","",19.2,1,6.2,1,"","","","","","","","","","","","","","","","","","","","","","","","","","",43,1,"","","","","","","","","","","","",9.6,1,1023.4,1,"","","","","","",7,1,6,1,8,1,0,1,0,1,"","","","","","","","","","","","","","","","","","","","","","","","",20000,1,"","",2,1,2,1,"","","","","","","","","","","","","","","","","","","","","","","","","","","","","","","","","","","","","","","","","","","","","","","","","","","","","","","","","","","","","","","","","",""
"59343001","LILLE-LESQUIN",50.57,3.0975,47,1959083115,"","","","",5.,1,"","","","","","","","","","","","","","","","","","","","","","","","","","","","","","",20.2,1,5.6,1,"","","","","","","","","","","","","","","","","","","","","","","","","","",39,1,"","","","","","","","","","","","",9.2,1,1022.2,1,"","","","","","",7,1,7,1,8,1,0,1,0,1,"","","","","","","","","","","","","","","","","","","","","","","","",30000,1,"","",2,1,2,1,"","","","","","","","","","","","","","","","","","","","","","","","","","","","","","","","","","","","","","","","","","","","","","","","","","","","","","","","","","","","","","","","","",""
"59343001","LILLE-LESQUIN",50.57,3.0975,47,1959083118,"","","","",6.,1,"","","","","","","","","","","","","","","","","","","","","","","","","","","","","","",18.7,1,7.3,1,"","","","","","","","","","","","","","","","","","","","","","","","","","",48,1,"","","","","","","","","","","","",10.4,1,1022.3,1,"","","","","","",5,1,5,1,5,1,0,1,0,1,"","","","","","","","","","","","","","","","","","","","","","","","",15000,1,"","",3,1,1,1,"","","","","","","","","","","","","","","","","","","","","","","","","","","","","","","","","","","","","","","","","","","","","","","","","","","","","","","","","","","","","","","","","",""
"59343001","LILLE-LESQUIN",50.57,3.0975,47,1959083121,"","","","",4.,1,"","","","","","","","","","","","","","","","","","","","","","","","","","","","","","",13.9,1,6.6,1,"","","","","","","","","","","","","","","","","","","","","","","","","","",62,1,"","","","","","","","","","","","",9.9,1,1023.5,1,"","","","","","",0,1,"","",0,1,0,1,0,1,"","","","","","","","","","","","","","","","","","","","","","","","",10000,1,"","",2,1,1,1,"","","","","","","","","","","","","","","","","","","","","","","","","","","","","","","","","","","","","","","","","","","","","","","","","","","","","","","","","","","","","","","","","",""
"59343001","LILLE-LESQUIN",50.57,3.0975,47,1959090100,"","","","",4.,1,"","","","","","","","","","","","","","","","","","","","","","","","","","","","","","",11.3,1,7.9,1,"","","","","","","","","","","","","","","","","","","","","","","","","","",81,1,"","","","","","","","","","","","",10.8,1,1024.1,1,"","","","","","",0,1,"","",0,1,0,1,0,1,"","","","","","","","","","","","","","","","","","","","","","","","",10000,1,"","",2,1,1,1,"","","","","","","","","","","","","","","","","","","","","","","","","","","","","","","","","","","","","","","","","","","","","","","","","","","","","","","","","","","","","","","","","",""
"59343001","LILLE-LESQUIN",50.57,3.0975,47,1959090103,"","","","",2.,1,"","","","","","","","","","","","","","","","","","","","","","","","","","","","","","",9.8,1,8.1,1,"","","","","","","","","","","","","","","","","","","","","","","","","","",91,1,"","","","","","","","","","","","",11.,1,1023.3,1,"","","","","","",0,1,"","",0,1,0,1,0,1,"","","","","","","","","","","","","","","","","","","","","","","","",10000,1,"","",2,1,0,1,"","","","","","","","","","","","","","","","","","","","","","","","","","","","","","","","","","","","","","","","","","","","","","","","","","","","","","","","","","","","","","","","","",""
"59343001","LILLE-LESQUIN",50.57,3.0975,47,1959090106,"","","","",3.,1,"","","","","","","","","","","","","","","","","","","","","","","","","","","","","","",10.,1,8.4,1,"","","","","","","","","","","","","","","","","","","","","","","","","","",91,1,"","","","","","","","","","","","",11.2,1,1023.,1,"","","","","","",0,1,"","",0,1,0,1,0,1,"","","","","","","","","","","","","","","","","","","","","","","","",5000,1,"","",2,1,0,1,"","",0,1,"","","","","","","","","","","","","","","","","","","","","","","","","","","","","","","","","","","","","","","","","","","","","","","","","","","","","","","","","","","","","",""
"59343001","LILLE-LESQUIN",50.57,3.0975,47,1959090109,"","","","",5.,1,"","","","","","","","","","","","","","","","","","","","","","","","","","","","","","",17.4,1,6.9,1,"","","","","","","","","","","","","","","","","","","","","","","","","","",51,1,"","","","","","","","","","","","",10.1,1,1023.1,1,"","","","","","",0,1,"","",0,1,0,1,0,1,"","","","","","","","","","","","","","","","","","","","","","","","",8000,1,"","",2,1,0,1,"","","","","","","","","","","","","","","","","","","","","","","","","","","","","","","","","","","","","","","","","","","","","","","","","","","","","","","","","","","","","","","","","",""
"59343001","LILLE-LESQUIN",50.57,3.0975,47,1959090112,"","","","",5.,1,"","","","","","","","","","","","","","","","","","","","","","","","","","","","","","",20.6,1,5.5,1,"","","","","","","","","","","","","","","","","","","","","","","","","","",37,1,"","","","","","","","","","","","",9.1,1,1022.3,1,"","","","","","",1,1,0,1,1,1,0,1,0,1,"","","","","","","","","","","","","","","","","","","","","","","","",15000,1,"","",2,1,0,1,"","","","","","","","","","","","","","","","","","","","","","","","","","","","","","","","","","","","","","","","","","","","","","","","","","","","","","","","","","","","","","","","","",""
"59343001","LILLE-LESQUIN",50.57,3.0975,47,1959090115,"","","","",5.,1,"","","","","","","","","","","","","","","","","","","","","","","","","","","","","","",21.,1,5.8,1,"","","","","","","","","","","","","","","","","","","","","","","","","","",36,1,"","","","","","","","","","","","",9.3,1,1021.,1,"","","","","","",1,1,0,1,1,1,0,1,0,1,"","","","","","","","","","","","","","","","","","","","","","","","",15000,1,"","",2,1,0,1,"","","","","","","","","","","","","","","","","","","","","","","","","","","","","","","","","","","","","","","","","","","","","","","","","","","","","","","","","","","","","","","","","",""
"59343001","LILLE-LESQUIN",50.57,3.0975,47,1959090118,"","","","",5.,1,"","","","","","","","","","","","","","","","","","","","","","","","","","","","","","",19.,1,5.9,1,"","","","","","","","","","","","","","","","","","","","","","","","","","",43,1,"","","","","","","","","","","","",9.4,1,1020.9,1,"","","","","","",1,1,0,1,4,1,0,1,0,1,"","","","","","","","","","","","","","","","","","","","","","","","",10000,1,"","",2,1,0,1,"","","","","","","","","","","","","","","","","","","","","","","","","","","","","","","","","","","","","","","","","","","","","","","","","","","","","","","","","","","","","","","","","",""
"59343001","LILLE-LESQUIN",50.57,3.0975,47,1959090121,"","","","",4.,1,"","","","","","","","","","","","","","","","","","","","","","","","","","","","","","",14.4,1,6.8,1,"","","","","","","","","","","","","","","","","","","","","","","","","","",61,1,"","","","","","","","","","","","",10.,1,1021.6,1,"","","","","","",0,1,"","",0,1,0,1,0,1,"","","","","","","","","","","","","","","","","","","","","","","","",10000,1,"","",2,1,0,1,"","","","","","","","","","","","","","","","","","","","","","","","","","","","","","","","","","","","","","","","","","","","","","","","","","","","","","","","","","","","","","","","","",""
"59343001","LILLE-LESQUIN",50.57,3.0975,47,1959090200,"","","","",3.,1,"","","","","","","","","","","","","","","","","","","","","","","","","","","","","","",12.,1,8.4,1,"","","","","","","","","","","","","","","","","","","","","","","","","","",80,1,"","","","","","","","","","","","",11.2,1,1022.,1,"","","","","","",0,1,"","",0,1,0,1,0,1,"","","","","","","","","","","","","","","","","","","","","","","","",10000,1,"","",2,1,0,1,"","","","","","","","","","","","","","","","","","","","","","","","","","","","","","","","","","","","","","","","","","","","","","","","","","","","","","","","","","","","","","","","","",""
"59343001","LILLE-LESQUIN",50.57,3.0975,47,1959090203,"","","","",4.,1,"","","","","","","","","","","","","","","","","","","","","","","","","","","","","","",10.7,1,8.5,1,"","","","","","","","","","","","","","","","","","","","","","","","","","",88,1,"","","","","","","","","","","","",11.3,1,1021.3,1,"","","","","","",0,1,"","",0,1,0,1,0,1,"","","","","","","","","","","","","","","","","","","","","","","","",9000,1,"","",2,1,0,1,"","","","","","","","","","","","","","","","","","","","","","","","","","","","","","","","","","","","","","","","","","","","","","","","","","","","","","","","","","","","","","","","","",""
"59343001","LILLE-LESQUIN",50.57,3.0975,47,1959090206,"","","","",3.,1,"","","","","","","","","","","","","","","","","","","","","","","","","","","","","","",8.9,1,6.8,1,"","","","","","","","","","","","","","","","","","","","","","","","","","",88,1,"","","","","","","","","","","","",10.,1,1022.,1,"","","","","","",0,1,"","",0,1,0,1,0,1,"","","","","","","","","","","","","","","","","","","","","","","","",4000,1,"","",10,1,0,1,"","",0,1,"","","","","","","","","","","","","","","","","","","","","","","","","","","","","","","","","","","","","","","","","","","","","","","","","","","","","","","","","","","","","",""
"59343001","LILLE-LESQUIN",50.57,3.0975,47,1959090209,"","","","",6.,1,"","","","","","","","","","","","","","","","","","","","","","","","","","","","","","",17.7,1,7.1,1,"","","","","","","","","","","","","","","","","","","","","","","","","","",50,1,"","","","","","","","","","","","",10.2,1,1021.8,1,"","","","","","",0,1,"","",0,1,0,1,0,1,"","","","","","","","","","","","","","","","","","","","","","","","","","","","",10,1,0,1,"","","","","","","","","","","","","","","","","","","","","","","","","","","","","","","","","","","","","","","","","","","","","","","","","","","","","","","","","","","","","","","","","",""
"59343001","LILLE-LESQUIN",50.57,3.0975,47,1959090212,"","","","",8.,1,"","","","","","","","","","","","","","","","","","","","","","","","","","","","","","",21.2,1,7.1,1,"","","","","","","","","","","","","","","","","","","","","","","","","","",40,1,"","","","","","","","","","","","",10.2,1,1021.,1,"","","","","","",2,1,0,1,1,1,0,1,0,1,"","","","","","","","","","","","","","","","","","","","","","","","",12000,1,"","",3,1,0,1,"","","","","","","","","","","","","","","","","","","","","","","","","","","","","","","","","","","","","","","","","","","","","","","","","","","","","","","","","","","","","","","","","",""
"59343001","LILLE-LESQUIN",50.57,3.0975,47,1959090215,"","","","",6.,1,"","","","","","","","","","","","","","","","","","","","","","","","","","","","","","",22.,1,5.3,1,"","","","","","","","","","","","","","","","","","","","","","","","","","",34,1,"","","","","","","","","","","","",9.,1,1019.7,1,"","","","","","",3,1,0,1,2,1,0,1,0,1,"","","","","","","","","","","","","","","","","","","","","","","","",15000,1,"","",2,1,0,1,"","","","","","","","","","","","","","","","","","","","","","","","","","","","","","","","","","","","","","","","","","","","","","","","","","","","","","","","","","","","","","","","","",""
"59343001","LILLE-LESQUIN",50.57,3.0975,47,1959090218,"","","","",5.,1,"","","","","","","","","","","","","","","","","","","","","","","","","","","","","","",19.5,1,4.8,1,"","","","","","","","","","","","","","","","","","","","","","","","","","",38,1,"","","","","","","","","","","","",8.7,1,1019.7,1,"","","","","","",0,1,"","",0,1,0,1,0,1,"","","","","","","","","","","","","","","","","","","","","","","","",10000,1,"","",2,1,0,1,"","","","","","","","","","","","","","","","","","","","","","","","","","","","","","","","","","","","","","","","","","","","","","","","","","","","","","","","","","","","","","","","","",""
"59343001","LILLE-LESQUIN",50.57,3.0975,47,1959090221,"","","","",4.,1,"","","","","","","","","","","","","","","","","","","","","","","","","","","","","","",14.7,1,5.6,1,"","","","","","","","","","","","","","","","","","","","","","","","","","",55,1,"","","","","","","","","","","","",9.2,1,1020.9,1,"","","","","","",0,1,"","",0,1,0,1,0,1,"","","","","","","","","","","","","","","","","","","","","","","","",6000,1,"","",2,1,0,1,"","","","","","","","","","","","","","","","","","","","","","","","","","","","","","","","","","","","","","","","","","","","","","","","","","","","","","","","","","","","","","","","","",""
"59343001","LILLE-LESQUIN",50.57,3.0975,47,1959090300,"","","","",4.,1,"","","","","","","","","","","","","","","","","","","","","","","","","","","","","","",12.8,1,5.9,1,"","","","","","","","","","","","","","","","","","","","","","","","","","",64,1,"","","","","","","","","","","","",9.4,1,1020.9,1,"","","","","","",0,1,"","",0,1,0,1,0,1,"","","","","","","","","","","","","","","","","","","","","","","","",8000,1,"","",2,1,0,1,"","","","","","","","","","","","","","","","","","","","","","","","","","","","","","","","","","","","","","","","","","","","","","","","","","","","","","","","","","","","","","","","","",""
"59343001","LILLE-LESQUIN",50.57,3.0975,47,1959090303,"","","","",4.,1,"","","","","","","","","","","","","","","","","","","","","","","","","","","","","","",9.8,1,5.6,1,"","","","","","","","","","","","","","","","","","","","","","","","","","",76,1,"","","","","","","","","","","","",9.2,1,1020.8,1,"","","","","","",0,1,"","",0,1,0,1,0,1,"","","","","","","","","","","","","","","","","","","","","","","","",8000,1,"","",2,1,0,1,"","","","","","","","","","","","","","","","","","","","","","","","","","","","","","","","","","","","","","","","","","","","","","","","","","","","","","","","","","","","","","","","","",""
"59343001","LILLE-LESQUIN",50.57,3.0975,47,1959090306,"","","","",4.,1,"","","","","","","","","","","","","","","","","","","","","","","","","","","","","","",9.4,1,5.8,1,"","","","","","","","","","","","","","","","","","","","","","","","","","",79,1,"","","","","","","","","","","","",9.3,1,1021.3,1,"","","","","","",0,1,"","",0,1,0,1,0,1,"","","","","","","","","","","","","","","","","","","","","","","","",5000,1,"","",2,1,0,1,"","",0,1,"","","","","","","","","","","","","","","","","","","","","","","","","","","","","","","","","","","","","","","","","","","","","","","","","","","","","","","","","","","","","",""
"59343001","LILLE-LESQUIN",50.57,3.0975,47,1959090309,"","","","",5.,1,"","","","","","","","","","","","","","","","","","","","","","","","","","","","","","",17.4,1,6.8,1,"","","","","","","","","","","","","","","","","","","","","","","","","","",50,1,"","","","","","","","","","","","",10.,1,1021.7,1,"","","","","","",0,1,"","",0,1,0,1,0,1,"","","","","","","","","","","","","","","","","","","","","","","","","","","","",10,1,0,1,"","","","","","","","","","","","","","","","","","","","","","","","","","","","","","","","","","","","","","","","","","","","","","","","","","","","","","","","","","","","","","","","","",""
"59343001","LILLE-LESQUIN",50.57,3.0975,47,1959090312,"","","","",8.,1,"","","","","","","","","","","","","","","","","","","","","","","","","","","","","","",22.,1,4.5,1,"","","","","","","","","","","","","","","","","","","","","","","","","","",31,1,"","","","","","","","","","","","",8.5,1,1020.8,1,"","","","","","",0,1,"","",0,1,0,1,0,1,"","","","","","","","","","","","","","","","","","","","","","","","",15000,1,"","",2,1,0,1,"","","","","","","","","","","","","","","","","","","","","","","","","","","","","","","","","","","","","","","","","","","","","","","","","","","","","","","","","","","","","","","","","",""
"59343001","LILLE-LESQUIN",50.57,3.0975,47,1959090315,"","","","",8.,1,"","","","","","","","","","","","","","","","","","","","","","","","","","","","","","",22.9,1,4.7,1,"","","","","","","","","","","","","","","","","","","","","","","","","","",31,1,"","","","","","","","","","","","",8.6,1,1020.2,1,"","","","","","",1,1,0,1,0,1,0,1,2,1,"","","","","","","","","","","","","","","","","","","","","","","","",15000,1,"","",2,1,0,1,"","","","","","","","","","","","","","","","","","","","","","","","","","","","","","","","","","","","","","","","","","","","","","","","","","","","","","","","","","","","","","","","","",""
"59343001","LILLE-LESQUIN",50.57,3.0975,47,1959090318,"","","","",6.,1,"","","","","","","","","","","","","","","","","","","","","","","","","","","","","","",21.7,1,6.5,1,"","","","","","","","","","","","","","","","","","","","","","","","","","",38,1,"","","","","","","","","","","","",9.8,1,1020.4,1,"","","","","","",4,1,0,1,1,1,0,1,2,1,"","","","","","","","","","","","","","","","","","","","","","","","",12000,1,"","",2,1,0,1,"","","","","","","","","","","","","","","","","","","","","","","","","","","","","","","","","","","","","","","","","","","","","","","","","","","","","","","","","","","","","","","","","",""
"59343001","LILLE-LESQUIN",50.57,3.0975,47,1959090321,"","","","",5.,1,"","","","","","","","","","","","","","","","","","","","","","","","","","","","","","",17.5,1,7.3,1,"","","","","","","","","","","","","","","","","","","","","","","","","","",52,1,"","","","","","","","","","","","",10.4,1,1021.4,1,"","","","","","",2,1,0,1,0,1,0,1,2,1,"","","","","","","","","","","","","","","","","","","","","","","","",10000,1,"","",2,1,0,1,"","","","","","","","","","","","","","","","","","","","","","","","","","","","","","","","","","","","","","","","","","","","","","","","","","","","","","","","","","","","","","","","","",""
"59343001","LILLE-LESQUIN",50.57,3.0975,47,1959090400,"","","","",4.,1,"","","","","","","","","","","","","","","","","","","","","","","","","","","","","","",14.5,1,7.7,1,"","","","","","","","","","","","","","","","","","","","","","","","","","",65,1,"","","","","","","","","","","","",10.7,1,1022.4,1,"","","","","","",0,1,"","",0,1,0,1,0,1,"","","","","","","","","","","","","","","","","","","","","","","","",12000,1,"","",2,1,0,1,"","","","","","","","","","","","","","","","","","","","","","","","","","","","","","","","","","","","","","","","","","","","","","","","","","","","","","","","","","","","","","","","","",""
"59343001","LILLE-LESQUIN",50.57,3.0975,47,1959090403,"","","","",4.,1,"","","","","","","","","","","","","","","","","","","","","","","","","","","","","","",11.7,1,8.,1,"","","","","","","","","","","","","","","","","","","","","","","","","","",80,1,"","","","","","","","","","","","",10.9,1,1022.4,1,"","","","","","",2,1,0,1,0,1,0,1,2,1,"","","","","","","","","","","","","","","","","","","","","","","","",10000,1,"","",3,1,0,1,"","","","","","","","","","","","","","","","","","","","","","","","","","","","","","","","","","","","","","","","","","","","","","","","","","","","","","","","","","","","","","","","","",""
"59343001","LILLE-LESQUIN",50.57,3.0975,47,1959090406,"","","","",3.,1,"","","","","","","","","","","","","","","","","","","","","","","","","","","","","","",11.,1,8.4,1,"","","","","","","","","","","","","","","","","","","","","","","","","","",85,1,"","","","","","","","","","","","",11.2,1,1022.5,1,"","","","","","",4,1,0,1,5,1,0,1,9,1,"","","","","","","","","","","","","","","","","","","","","","","","",5000,1,"","",2,1,0,1,"","",0,1,"","","","","","","","","","","","","","","","","","","","","","","","","","","","","","","","","","","","","","","","","","","","","","","","","","","","","","","","","","","","","",""
"59343001","LILLE-LESQUIN",50.57,3.0975,47,1959090409,"","","","",6.,1,"","","","","","","","","","","","","","","","","","","","","","","","","","","","","","",18.4,1,9.4,1,"","","","","","","","","","","","","","","","","","","","","","","","","","",57,1,"","","","","","","","","","","","",12.,1,1023.,1,"","","","","","",3,1,0,1,0,1,8,1,2,1,"","","","","","","","","","","","","","","","","","","","","","","","",6000,1,"","",3,1,0,1,"","","","","","","","","","","","","","","","","","","","","","","","","","","","","","","","","","","","","","","","","","","","","","","","","","","","","","","","","","","","","","","","","",""
"59343001","LILLE-LESQUIN",50.57,3.0975,47,1959090412,"","","","",7.,1,"","","","","","","","","","","","","","","","","","","","","","","","","","","","","","",21.2,1,8.5,1,"","","","","","","","","","","","","","","","","","","","","","","","","","",45,1,"","","","","","","","","","","","",11.3,1,1022.3,1,"","","","","","",7,1,7,1,0,1,8,1,2,1,"","","","","","","","","","","","","","","","","","","","","","","","",10000,1,"","",3,1,1,1,"","","","","","","","","","","","","","","","","","","","","","","","","","","","","","","","","","","","","","","","","","","","","","","","","","","","","","","","","","","","","","","","","",""
"59343001","LILLE-LESQUIN",50.57,3.0975,47,1959090415,"","","","",7.,1,"","","","","","","","","","","","","","","","","","","","","","","","","","","","","","",23.8,1,8.4,1,"","","","","","","","","","","","","","","","","","","","","","","","","","",38,1,"","","","","","","","","","","","",11.2,1,1021.1,1,"","","","","","",5,1,5,1,1,1,4,1,2,1,"","","","","","","","","","","","","","","","","","","","","","","","",10000,1,"","",1,1,2,1,"","","","","","","","","","","","","","","","","","","","","","","","","","","","","","","","","","","","","","","","","","","","","","","","","","","","","","","","","","","","","","","","","",""
"59343001","LILLE-LESQUIN",50.57,3.0975,47,1959090418,"","","","",4.,1,"","","","","","","","","","","","","","","","","","","","","","","","","","","","","","",21.,1,8.5,1,"","","","","","","","","","","","","","","","","","","","","","","","","","",44,1,"","","","","","","","","","","","",11.3,1,1020.6,1,"","","","","","",1,1,0,1,0,1,0,1,2,1,"","","","","","","","","","","","","","","","","","","","","","","","",10000,1,"","",1,1,1,1,"","","","","","","","","","","","","","","","","","","","","","","","","","","","","","","","","","","","","","","","","","","","","","","","","","","","","","","","","","","","","","","","","",""
"59343001","LILLE-LESQUIN",50.57,3.0975,47,1959090421,"","","","",6.,1,"","","","","","","","","","","","","","","","","","","","","","","","","","","","","","",17.,1,10.,1,"","","","","","","","","","","","","","","","","","","","","","","","","","",64,1,"","","","","","","","","","","","",12.5,1,1021.4,1,"","","","","","",0,1,"","",0,1,0,1,0,1,"","","","","","","","","","","","","","","","","","","","","","","","",8000,1,"","",2,1,0,1,"","","","","","","","","","","","","","","","","","","","","","","","","","","","","","","","","","","","","","","","","","","","","","","","","","","","","","","","","","","","","","","","","",""
"59343001","LILLE-LESQUIN",50.57,3.0975,47,1959090500,"","","","",5.,1,"","","","","","","","","","","","","","","","","","","","","","","","","","","","","","",15.,1,10.,1,"","","","","","","","","","","","","","","","","","","","","","","","","","",73,1,"","","","","","","","","","","","",12.5,1,1020.8,1,"","","","","","",0,1,"","",0,1,0,1,0,1,"","","","","","","","","","","","","","","","","","","","","","","","",10000,1,"","",2,1,0,1,"","","","","","","","","","","","","","","","","","","","","","","","","","","","","","","","","","","","","","","","","","","","","","","","","","","","","","","","","","","","","","","","","",""
"59343001","LILLE-LESQUIN",50.57,3.0975,47,1959090503,"","","","",4.,1,"","","","","","","","","","","","","","","","","","","","","","","","","","","","","","",12.9,1,9.2,1,"","","","","","","","","","","","","","","","","","","","","","","","","","",79,1,"","","","","","","","","","","","",11.8,1,1020.1,1,"","","","","","",0,1,"","",0,1,0,1,0,1,"","","","","","","","","","","","","","","","","","","","","","","","",10000,1,"","",2,1,0,1,"","","","","","","","","","","","","","","","","","","","","","","","","","","","","","","","","","","","","","","","","","","","","","","","","","","","","","","","","","","","","","","","","",""
"59343001","LILLE-LESQUIN",50.57,3.0975,47,1959090506,"","","","",4.,1,"","","","","","","","","","","","","","","","","","","","","","","","","","","","","","",12.,1,9.,1,"","","","","","","","","","","","","","","","","","","","","","","","","","",83,1,"","","","","","","","","","","","",11.7,1,1019.6,1,"","","","","","",3,1,0,1,5,1,0,1,1,1,"","","","","","","","","","","","","","","","","","","","","","","","",5000,1,"","",3,1,0,1,"","",0,1,"","","","","","","","","","","","","","","","","","","","","","","","","","","","","","","","","","","","","","","","","","","","","","","","","","","","","","","","","","","","","",""
"59343001","LILLE-LESQUIN",50.57,3.0975,47,1959090509,"","","","",5.,1,"","","","","","","","","","","","","","","","","","","","","","","","","","","","","","",18.,1,9.4,1,"","","","","","","","","","","","","","","","","","","","","","","","","","",58,1,"","","","","","","","","","","","",12.,1,1020.1,1,"","","","","","",2,1,0,1,0,1,8,1,1,1,"","","","","","","","","","","","","","","","","","","","","","","","",7000,1,"","",2,1,0,1,"","","","","","","","","","","","","","","","","","","","","","","","","","","","","","","","","","","","","","","","","","","","","","","","","","","","","","","","","","","","","","","","","",""
"59343001","LILLE-LESQUIN",50.57,3.0975,47,1959090512,"","","","",7.,1,"","","","","","","","","","","","","","","","","","","","","","","","","","","","","","",24.3,1,8.7,1,"","","","","","","","","","","","","","","","","","","","","","","","","","",37,1,"","","","","","","","","","","","",11.4,1,1019.,1,"","","","","","",4,1,0,1,1,1,0,1,2,1,"","","","","","","","","","","","","","","","","","","","","","","","",10000,1,"","",2,1,0,1,"","","","","","","","","","","","","","","","","","","","","","","","","","","","","","","","","","","","","","","","","","","","","","","","","","","","","","","","","","","","","","","","","",""
"59343001","LILLE-LESQUIN",50.57,3.0975,47,1959090515,"","","","",7.,1,"","","","","","","","","","","","","","","","","","","","","","","","","","","","","","",25.,1,8.1,1,"","","","","","","","","","","","","","","","","","","","","","","","","","",34,1,"","","","","","","","","","","","",11.,1,1018.,1,"","","","","","",5,1,5,1,1,1,0,1,2,1,"","","","","","","","","","","","","","","","","","","","","","","","",8000,1,"","",2,1,0,1,"","","","","","","","","","","","","","","","","","","","","","","","","","","","","","","","","","","","","","","","","","","","","","","","","","","","","","","","","","","","","","","","","",""
"59343001","LILLE-LESQUIN",50.57,3.0975,47,1959090518,"","","","",3.,1,"","","","","","","","","","","","","","","","","","","","","","","","","","","","","","",22.,1,8.1,1,"","","","","","","","","","","","","","","","","","","","","","","","","","",42,1,"","","","","","","","","","","","",11.,1,1018.1,1,"","","","","","",6,1,6,1,1,1,0,1,2,1,"","","","","","","","","","","","","","","","","","","","","","","","",10000,1,"","",3,1,1,1,"","","","","","","","","","","","","","","","","","","","","","","","","","","","","","","","","","","","","","","","","","","","","","","","","","","","","","","","","","","","","","","","","",""
"59343001","LILLE-LESQUIN",50.57,3.0975,47,1959090521,"","","","",4.,1,"","","","","","","","","","","","","","","","","","","","","","","","","","","","","","",16.1,1,8.5,1,"","","","","","","","","","","","","","","","","","","","","","","","","","",62,1,"","","","","","","","","","","","",11.3,1,1018.8,1,"","","","","","",0,1,"","",0,1,0,1,0,1,"","","","","","","","","","","","","","","","","","","","","","","","",8000,1,"","",2,1,1,1,"","","","","","","","","","","","","","","","","","","","","","","","","","","","","","","","","","","","","","","","","","","","","","","","","","","","","","","","","","","","","","","","","",""
"59343001","LILLE-LESQUIN",50.57,3.0975,47,1959090600,"","","","",3.,1,"","","","","","","","","","","","","","","","","","","","","","","","","","","","","","",14.,1,8.,1,"","","","","","","","","","","","","","","","","","","","","","","","","","",68,1,"","","","","","","","","","","","",10.9,1,1019.3,1,"","","","","","",0,1,"","",0,1,0,1,0,1,"","","","","","","","","","","","","","","","","","","","","","","","",8000,1,"","",2,1,1,1,"","","","","","","","","","","","","","","","","","","","","","","","","","","","","","","","","","","","","","","","","","","","","","","","","","","","","","","","","","","","","","","","","",""
"59343001","LILLE-LESQUIN",50.57,3.0975,47,1959090603,"","","","",3.,1,"","","","","","","","","","","","","","","","","","","","","","","","","","","","","","",11.3,1,7.7,1,"","","","","","","","","","","","","","","","","","","","","","","","","","",80,1,"","","","","","","","","","","","",10.7,1,1019.5,1,"","","","","","",0,1,"","",0,1,0,1,0,1,"","","","","","","","","","","","","","","","","","","","","","","","",10000,1,"","",2,1,0,1,"","","","","","","","","","","","","","","","","","","","","","","","","","","","","","","","","","","","","","","","","","","","","","","","","","","","","","","","","","","","","","","","","",""
"59343001","LILLE-LESQUIN",50.57,3.0975,47,1959090606,"","","","",2.,1,"","","","","","","","","","","","","","","","","","","","","","","","","","","","","","",9.8,1,7.5,1,"","","","","","","","","","","","","","","","","","","","","","","","","","",87,1,"","","","","","","","","","","","",10.5,1,1020.2,1,"","","","","","",5,1,5,1,0,1,0,1,2,1,"","","","","","","","","","","","","","","","","","","","","","","","",6000,1,"","",3,1,1,1,"","",0,1,"","","","","","","","","","","","","","","","","","","","","","","","","","","","","","","","","","","","","","","","","","","","","","","","","","","","","","","","","","","","","",""
"59343001","LILLE-LESQUIN",50.57,3.0975,47,1959090609,"","","","",3.,1,"","","","","","","","","","","","","","","","","","","","","","","","","","","","","","",19.8,1,9.5,1,"","","","","","","","","","","","","","","","","","","","","","","","","","",52,1,"","","","","","","","","","","","",12.1,1,1020.7,1,"","","","","","",6,1,6,1,0,1,0,1,6,1,"","","","","","","","","","","","","","","","","","","","","","","","",6000,1,"","",2,1,2,1,"","","","","","","","","","","","","","","","","","","","","","","","","","","","","","","","","","","","","","","","","","","","","","","","","","","","","","","","","","","","","","","","","",""
"59343001","LILLE-LESQUIN",50.57,3.0975,47,1959090612,"","","","",6.,1,"","","","","","","","","","","","","","","","","","","","","","","","","","","","","","",25.1,1,8.4,1,"","","","","","","","","","","","","","","","","","","","","","","","","","",34,1,"","","","","","","","","","","","",11.2,1,1019.8,1,"","","","","","",3,1,0,1,1,1,0,1,2,1,"","","","","","","","","","","","","","","","","","","","","","","","",15000,1,"","",1,1,2,1,"","","","","","","","","","","","","","","","","","","","","","","","","","","","","","","","","","","","","","","","","","","","","","","","","","","","","","","","","","","","","","","","","",""
"59343001","LILLE-LESQUIN",50.57,3.0975,47,1959090615,"","","","",5.,1,"","","","","","","","","","","","","","","","","","","","","","","","","","","","","","",26.,1,6.5,1,"","","","","","","","","","","","","","","","","","","","","","","","","","",29,1,"","","","","","","","","","","","",9.8,1,1019.4,1,"","","","","","",2,1,0,1,1,1,0,1,0,1,"","","","","","","","","","","","","","","","","","","","","","","","",20000,1,"","",1,1,0,1,"","","","","","","","","","","","","","","","","","","","","","","","","","","","","","","","","","","","","","","","","","","","","","","","","","","","","","","","","","","","","","","","","",""
"59343001","LILLE-LESQUIN",50.57,3.0975,47,1959090618,"","","","",3.,1,"","","","","","","","","","","","","","","","","","","","","","","","","","","","","","",21.4,1,7.1,1,"","","","","","","","","","","","","","","","","","","","","","","","","","",40,1,"","","","","","","","","","","","",10.2,1,1019.8,1,"","","","","","",0,1,"","",0,1,0,1,0,1,"","","","","","","","","","","","","","","","","","","","","","","","",10000,1,"","",1,1,0,1,"","","","","","","","","","","","","","","","","","","","","","","","","","","","","","","","","","","","","","","","","","","","","","","","","","","","","","","","","","","","","","","","","",""
"59343001","LILLE-LESQUIN",50.57,3.0975,47,1959090621,"","","","",5.,1,"","","","","","","","","","","","","","","","","","","","","","","","","","","","","","",16.9,1,8.,1,"","","","","","","","","","","","","","","","","","","","","","","","","","",55,1,"","","","","","","","","","","","",10.9,1,1021.2,1,"","","","","","",0,1,"","",0,1,0,1,0,1,"","","","","","","","","","","","","","","","","","","","","","","","",12000,1,"","",2,1,0,1,"","","","","","","","","","","","","","","","","","","","","","","","","","","","","","","","","","","","","","","","","","","","","","","","","","","","","","","","","","","","","","","","","",""
"59343001","LILLE-LESQUIN",50.57,3.0975,47,1959090700,"","","","",3.,1,"","","","","","","","","","","","","","","","","","","","","","","","","","","","","","",13.2,1,10.6,1,"","","","","","","","","","","","","","","","","","","","","","","","","","",85,1,"","","","","","","","","","","","",13.,1,1022.1,1,"","","","","","",0,1,"","",0,1,0,1,0,1,"","","","","","","","","","","","","","","","","","","","","","","","",12000,1,"","",2,1,0,1,"","","","","","","","","","","","","","","","","","","","","","","","","","","","","","","","","","","","","","","","","","","","","","","","","","","","","","","","","","","","","","","","","",""
"59343001","LILLE-LESQUIN",50.57,3.0975,47,1959090703,"","","","",3.,1,"","","","","","","","","","","","","","","","","","","","","","","","","","","","","","",11.1,1,9.6,1,"","","","","","","","","","","","","","","","","","","","","","","","","","",92,1,"","","","","","","","","","","","",12.2,1,1022.4,1,"","","","","","",0,1,"","",0,1,0,1,0,1,"","","","","","","","","","","","","","","","","","","","","","","","",8000,1,"","",2,1,0,1,"","","","","","","","","","","","","","","","","","","","","","","","","","","","","","","","","","","","","","","","","","","","","","","","","","","","","","","","","","","","","","","","","",""
"59343001","LILLE-LESQUIN",50.57,3.0975,47,1959090706,"","","","",1.,1,"","","","","","","","","","","","","","","","","","","","","","","","","","","","","","",10.6,1,9.5,1,"","","","","","","","","","","","","","","","","","","","","","","","","","",95,1,"","","","","","","","","","","","",12.1,1,1023.6,1,"","","","","","",0,1,"","",0,1,0,1,0,1,"","","","","","","","","","","","","","","","","","","","","","","","",3500,1,"","",10,1,0,1,"","",0,1,"","","","","","","","","","","","","","","","","","","","","","","","","","","","","","","","","","","","","","","","","","","","","","","","","","","","","","","","","","","","","",""
"59343001","LILLE-LESQUIN",50.57,3.0975,47,1959090709,"","","","",2.,1,"","","","","","","","","","","","","","","","","","","","","","","","","","","","","","",19.8,1,10.6,1,"","","","","","","","","","","","","","","","","","","","","","","","","","",56,1,"","","","","","","","","","","","",13.,1,1024.,1,"","","","","","",0,1,"","",0,1,0,1,0,1,"","","","","","","","","","","","","","","","","","","","","","","","",4500,1,"","",10,1,0,1,"","","","","","","","","","","","","","","","","","","","","","","","","","","","","","","","","","","","","","","","","","","","","","","","","","","","","","","","","","","","","","","","","",""
"59343001","LILLE-LESQUIN",50.57,3.0975,47,1959090712,"","","","",5.,1,"","","","","","","","","","","","","","","","","","","","","","","","","","","","","","",25.1,1,7.1,1,"","","","","","","","","","","","","","","","","","","","","","","","","","",32,1,"","","","","","","","","","","","",10.2,1,1023.4,1,"","","","","","",1,1,0,1,1,1,0,1,0,1,"","","","","","","","","","","","","","","","","","","","","","","","",15000,1,"","",3,1,0,1,"","","","","","","","","","","","","","","","","","","","","","","","","","","","","","","","","","","","","","","","","","","","","","","","","","","","","","","","","","","","","","","","","",""
"59343001","LILLE-LESQUIN",50.57,3.0975,47,1959090715,"","","","",5.,1,"","","","","","","","","","","","","","","","","","","","","","","","","","","","","","",25.3,1,8.,1,"","","","","","","","","","","","","","","","","","","","","","","","","","",33,1,"","","","","","","","","","","","",10.9,1,1022.9,1,"","","","","","",0,1,"","",0,1,0,1,0,1,"","","","","","","","","","","","","","","","","","","","","","","","",15000,1,"","",1,1,0,1,"","","","","","","","","","","","","","","","","","","","","","","","","","","","","","","","","","","","","","","","","","","","","","","","","","","","","","","","","","","","","","","","","",""
"59343001","LILLE-LESQUIN",50.57,3.0975,47,1959090718,"","","","",3.,1,"","","","","","","","","","","","","","","","","","","","","","","","","","","","","","",21.6,1,7.9,1,"","","","","","","","","","","","","","","","","","","","","","","","","","",41,1,"","","","","","","","","","","","",10.8,1,1023.1,1,"","","","","","",0,1,"","",0,1,0,1,0,1,"","","","","","","","","","","","","","","","","","","","","","","","",13000,1,"","",2,1,0,1,"","","","","","","","","","","","","","","","","","","","","","","","","","","","","","","","","","","","","","","","","","","","","","","","","","","","","","","","","","","","","","","","","",""
"59343001","LILLE-LESQUIN",50.57,3.0975,47,1959090721,"","","","",4.,1,"","","","","","","","","","","","","","","","","","","","","","","","","","","","","","",16.8,1,10.8,1,"","","","","","","","","","","","","","","","","","","","","","","","","","",69,1,"","","","","","","","","","","","",13.2,1,1024.2,1,"","","","","","",0,1,"","",0,1,0,1,0,1,"","","","","","","","","","","","","","","","","","","","","","","","",10000,1,"","",2,1,0,1,"","","","","","","","","","","","","","","","","","","","","","","","","","","","","","","","","","","","","","","","","","","","","","","","","","","","","","","","","","","","","","","","","",""
"59343001","LILLE-LESQUIN",50.57,3.0975,47,1959090800,"","","","",3.,1,"","","","","","","","","","","","","","","","","","","","","","","","","","","","","","",14.9,1,9.4,1,"","","","","","","","","","","","","","","","","","","","","","","","","","",71,1,"","","","","","","","","","","","",12.,1,1024.7,1,"","","","","","",0,1,"","",0,1,0,1,0,1,"","","","","","","","","","","","","","","","","","","","","","","","",10000,1,"","",2,1,0,1,"","","","","","","","","","","","","","","","","","","","","","","","","","","","","","","","","","","","","","","","","","","","","","","","","","","","","","","","","","","","","","","","","",""
"59343001","LILLE-LESQUIN",50.57,3.0975,47,1959090803,"","","","",2.,1,"","","","","","","","","","","","","","","","","","","","","","","","","","","","","","",11.7,1,9.3,1,"","","","","","","","","","","","","","","","","","","","","","","","","","",87,1,"","","","","","","","","","","","",11.9,1,1024.8,1,"","","","","","",0,1,"","",0,1,0,1,0,1,"","","","","","","","","","","","","","","","","","","","","","","","",10000,1,"","",2,1,0,1,"","","","","","","","","","","","","","","","","","","","","","","","","","","","","","","","","","","","","","","","","","","","","","","","","","","","","","","","","","","","","","","","","",""
"59343001","LILLE-LESQUIN",50.57,3.0975,47,1959090806,"","","","",0.,1,"","","","","","","","","","","","","","","","","","","","","","","","","","","","","","",9.8,1,8.4,1,"","","","","","","","","","","","","","","","","","","","","","","","","","",92,1,"","","","","","","","","","","","",11.2,1,1025.,1,"","","","","","",0,1,"","",0,1,0,1,0,1,"","","","","","","","","","","","","","","","","","","","","","","","",3000,1,"","",10,1,0,1,"","",0,1,"","","","","","","","","","","","","","","","","","","","","","","","","","","","","","","","","","","","","","","","","","","","","","","","","","","","","","","","","","","","","",""
"59343001","LILLE-LESQUIN",50.57,3.0975,47,1959090809,"","","","",1.,1,"","","","","","","","","","","","","","","","","","","","","","","","","","","","","","",19.4,1,10.4,1,"","","","","","","","","","","","","","","","","","","","","","","","","","",57,1,"","","","","","","","","","","","",12.9,1,1025.,1,"","","","","","",0,1,"","",0,1,0,1,0,1,"","","","","","","","","","","","","","","","","","","","","","","","",3000,1,"","",10,1,0,1,"","","","","","","","","","","","","","","","","","","","","","","","","","","","","","","","","","","","","","","","","","","","","","","","","","","","","","","","","","","","","","","","","",""
"59343001","LILLE-LESQUIN",50.57,3.0975,47,1959090812,"","","","",6.,1,"","","","","","","","","","","","","","","","","","","","","","","","","","","","","","",25.1,1,7.9,1,"","","","","","","","","","","","","","","","","","","","","","","","","","",34,1,"","","","","","","","","","","","",10.8,1,1023.6,1,"","","","","","",0,1,"","",0,1,0,1,0,1,"","","","","","","","","","","","","","","","","","","","","","","","",12000,1,"","",2,1,0,1,"","","","","","","","","","","","","","","","","","","","","","","","","","","","","","","","","","","","","","","","","","","","","","","","","","","","","","","","","","","","","","","","","",""
"59343001","LILLE-LESQUIN",50.57,3.0975,47,1959090815,"","","","",5.,1,"","","","","","","","","","","","","","","","","","","","","","","","","","","","","","",25.7,1,5.,1,"","","","","","","","","","","","","","","","","","","","","","","","","","",26,1,"","","","","","","","","","","","",8.8,1,1022.5,1,"","","","","","",0,1,"","",0,1,0,1,0,1,"","","","","","","","","","","","","","","","","","","","","","","","",12000,1,"","",2,1,0,1,"","","","","","","","","","","","","","","","","","","","","","","","","","","","","","","","","","","","","","","","","","","","","","","","","","","","","","","","","","","","","","","","","",""
"59343001","LILLE-LESQUIN",50.57,3.0975,47,1959090818,"","","","",3.,1,"","","","","","","","","","","","","","","","","","","","","","","","","","","","","","",21.2,1,5.,1,"","","","","","","","","","","","","","","","","","","","","","","","","","",34,1,"","","","","","","","","","","","",8.8,1,1022.5,1,"","","","","","",1,1,0,1,0,1,0,1,1,1,"","","","","","","","","","","","","","","","","","","","","","","","",15000,1,"","",2,1,0,1,"","","","","","","","","","","","","","","","","","","","","","","","","","","","","","","","","","","","","","","","","","","","","","","","","","","","","","","","","","","","","","","","","",""
"59343001","LILLE-LESQUIN",50.57,3.0975,47,1959090821,"","","","",3.,1,"","","","","","","","","","","","","","","","","","","","","","","","","","","","","","",14.8,1,4.8,1,"","","","","","","","","","","","","","","","","","","","","","","","","","",51,1,"","","","","","","","","","","","",8.7,1,1023.3,1,"","","","","","",0,1,"","",0,1,0,1,0,1,"","","","","","","","","","","","","","","","","","","","","","","","",10000,1,"","",2,1,0,1,"","","","","","","","","","","","","","","","","","","","","","","","","","","","","","","","","","","","","","","","","","","","","","","","","","","","","","","","","","","","","","","","","",""
"59343001","LILLE-LESQUIN",50.57,3.0975,47,1959090900,"","","","",2.,1,"","","","","","","","","","","","","","","","","","","","","","","","","","","","","","",12.,1,6.1,1,"","","","","","","","","","","","","","","","","","","","","","","","","","",67,1,"","","","","","","","","","","","",9.5,1,1023.5,1,"","","","","","",0,1,"","",0,1,0,1,0,1,"","","","","","","","","","","","","","","","","","","","","","","","",10000,1,"","",2,1,0,1,"","","","","","","","","","","","","","","","","","","","","","","","","","","","","","","","","","","","","","","","","","","","","","","","","","","","","","","","","","","","","","","","","",""
"59343001","LILLE-LESQUIN",50.57,3.0975,47,1959090903,"","","","",0.,1,"","","","","","","","","","","","","","","","","","","","","","","","","","","","","","",10.,1,5.9,1,"","","","","","","","","","","","","","","","","","","","","","","","","","",77,1,"","","","","","","","","","","","",9.4,1,1023.6,1,"","","","","","",0,1,"","",0,1,0,1,0,1,"","","","","","","","","","","","","","","","","","","","","","","","",8000,1,"","",2,1,0,1,"","","","","","","","","","","","","","","","","","","","","","","","","","","","","","","","","","","","","","","","","","","","","","","","","","","","","","","","","","","","","","","","","",""
"59343001","LILLE-LESQUIN",50.57,3.0975,47,1959090906,"","","","",1.,1,"","","","","","","","","","","","","","","","","","","","","","","","","","","","","","",9.2,1,6.2,1,"","","","","","","","","","","","","","","","","","","","","","","","","","",83,1,"","","","","","","","","","","","",9.6,1,1023.6,1,"","","","","","",1,1,0,1,0,1,0,1,1,1,"","","","","","","","","","","","","","","","","","","","","","","","",4000,1,"","",10,1,0,1,"","",0,1,"","","","","","","","","","","","","","","","","","","","","","","","","","","","","","","","","","","","","","","","","","","","","","","","","","","","","","","","","","","","","",""
"59343001","LILLE-LESQUIN",50.57,3.0975,47,1959090909,"","","","",1.,1,"","","","","","","","","","","","","","","","","","","","","","","","","","","","","","",19.4,1,9.2,1,"","","","","","","","","","","","","","","","","","","","","","","","","","",52,1,"","","","","","","","","","","","",11.8,1,1023.8,1,"","","","","","",1,1,0,1,0,1,0,1,1,1,"","","","","","","","","","","","","","","","","","","","","","","","",6000,1,"","",2,1,0,1,"","","","","","","","","","","","","","","","","","","","","","","","","","","","","","","","","","","","","","","","","","","","","","","","","","","","","","","","","","","","","","","","","",""
"59343001","LILLE-LESQUIN",50.57,3.0975,47,1959090912,"","","","",4.,1,"","","","","","","","","","","","","","","","","","","","","","","","","","","","","","",25.,1,8.8,1,"","","","","","","","","","","","","","","","","","","","","","","","","","",36,1,"","","","","","","","","","","","",11.5,1,1023.,1,"","","","","","",2,1,0,1,0,1,0,1,1,1,"","","","","","","","","","","","","","","","","","","","","","","","",8000,1,"","",2,1,0,1,"","","","","","","","","","","","","","","","","","","","","","","","","","","","","","","","","","","","","","","","","","","","","","","","","","","","","","","","","","","","","","","","","",""
"59343001","LILLE-LESQUIN",50.57,3.0975,47,1959090915,"","","","",3.,1,"","","","","","","","","","","","","","","","","","","","","","","","","","","","","","",26.6,1,9.8,1,"","","","","","","","","","","","","","","","","","","","","","","","","","",35,1,"","","","","","","","","","","","",12.3,1,1021.8,1,"","","","","","",3,1,0,1,0,1,0,1,1,1,"","","","","","","","","","","","","","","","","","","","","","","","",10000,1,"","",2,1,0,1,"","","","","","","","","","","","","","","","","","","","","","","","","","","","","","","","","","","","","","","","","","","","","","","","","","","","","","","","","","","","","","","","","",""
"59343001","LILLE-LESQUIN",50.57,3.0975,47,1959090918,"","","","",2.,1,"","","","","","","","","","","","","","","","","","","","","","","","","","","","","","",22.1,1,9.4,1,"","","","","","","","","","","","","","","","","","","","","","","","","","",45,1,"","","","","","","","","","","","",12.,1,1021.4,1,"","","","","","",3,1,0,1,0,1,0,1,1,1,"","","","","","","","","","","","","","","","","","","","","","","","",7000,1,"","",2,1,0,1,"","","","","","","","","","","","","","","","","","","","","","","","","","","","","","","","","","","","","","","","","","","","","","","","","","","","","","","","","","","","","","","","","",""
"59343001","LILLE-LESQUIN",50.57,3.0975,47,1959090921,"","","","",3.,1,"","","","","","","","","","","","","","","","","","","","","","","","","","","","","","",16.2,1,9.2,1,"","","","","","","","","","","","","","","","","","","","","","","","","","",64,1,"","","","","","","","","","","","",11.8,1,1022.6,1,"","","","","","",0,1,"","",0,1,0,1,0,1,"","","","","","","","","","","","","","","","","","","","","","","","",10000,1,"","",2,1,0,1,"","","","","","","","","","","","","","","","","","","","","","","","","","","","","","","","","","","","","","","","","","","","","","","","","","","","","","","","","","","","","","","","","",""
"59343001","LILLE-LESQUIN",50.57,3.0975,47,1959091000,"","","","",3.,1,"","","","","","","","","","","","","","","","","","","","","","","","","","","","","","",13.1,1,8.8,1,"","","","","","","","","","","","","","","","","","","","","","","","","","",76,1,"","","","","","","","","","","","",11.5,1,1022.7,1,"","","","","","",0,1,"","",0,1,0,1,0,1,"","","","","","","","","","","","","","","","","","","","","","","","",7000,1,"","",2,1,0,1,"","","","","","","","","","","","","","","","","","","","","","","","","","","","","","","","","","","","","","","","","","","","","","","","","","","","","","","","","","","","","","","","","",""
"59343001","LILLE-LESQUIN",50.57,3.0975,47,1959091003,"","","","",0.,1,"","","","","","","","","","","","","","","","","","","","","","","","","","","","","","",10.5,1,7.6,1,"","","","","","","","","","","","","","","","","","","","","","","","","","",83,1,"","","","","","","","","","","","",10.6,1,1022.5,1,"","","","","","",0,1,"","",0,1,0,1,0,1,"","","","","","","","","","","","","","","","","","","","","","","","",6000,1,"","",2,1,0,1,"","","","","","","","","","","","","","","","","","","","","","","","","","","","","","","","","","","","","","","","","","","","","","","","","","","","","","","","","","","","","","","","","",""
"59343001","LILLE-LESQUIN",50.57,3.0975,47,1959091006,"","","","",0.,1,"","","","","","","","","","","","","","","","","","","","","","","","","","","","","","",9.7,1,7.9,1,"","","","","","","","","","","","","","","","","","","","","","","","","","",90,1,"","","","","","","","","","","","",10.8,1,1022.6,1,"","","","","","",0,1,"","",0,1,0,1,0,1,"","","","","","","","","","","","","","","","","","","","","","","","",2200,1,"","",10,1,0,1,"","",0,1,"","","","","","","","","","","","","","","","","","","","","","","","","","","","","","","","","","","","","","","","","","","","","","","","","","","","","","","","","","","","","",""
"59343001","LILLE-LESQUIN",50.57,3.0975,47,1959091009,"","","","",1.,1,"","","","","","","","","","","","","","","","","","","","","","","","","","","","","","",20.,1,9.5,1,"","","","","","","","","","","","","","","","","","","","","","","","","","",52,1,"","","","","","","","","","","","",12.1,1,1023.1,1,"","","","","","",0,1,"","",0,1,0,1,0,1,"","","","","","","","","","","","","","","","","","","","","","","","",3000,1,"","",10,1,0,1,"","","","","","","","","","","","","","","","","","","","","","","","","","","","","","","","","","","","","","","","","","","","","","","","","","","","","","","","","","","","","","","","","",""
"59343001","LILLE-LESQUIN",50.57,3.0975,47,1959091012,"","","","",3.,1,"","","","","","","","","","","","","","","","","","","","","","","","","","","","","","",26.7,1,10.3,1,"","","","","","","","","","","","","","","","","","","","","","","","","","",36,1,"","","","","","","","","","","","",12.8,1,1022.1,1,"","","","","","",0,1,"","",0,1,0,1,0,1,"","","","","","","","","","","","","","","","","","","","","","","","",8000,1,"","",2,1,0,1,"","","","","","","","","","","","","","","","","","","","","","","","","","","","","","","","","","","","","","","","","","","","","","","","","","","","","","","","","","","","","","","","","",""
"59343001","LILLE-LESQUIN",50.57,3.0975,47,1959091015,"","","","",3.,1,"","","","","","","","","","","","","","","","","","","","","","","","","","","","","","",27.9,1,10.4,1,"","","","","","","","","","","","","","","","","","","","","","","","","","",34,1,"","","","","","","","","","","","",12.9,1,1020.4,1,"","","","","","",0,1,"","",0,1,0,1,0,1,"","","","","","","","","","","","","","","","","","","","","","","","",10000,1,"","",2,1,0,1,"","","","","","","","","","","","","","","","","","","","","","","","","","","","","","","","","","","","","","","","","","","","","","","","","","","","","","","","","","","","","","","","","",""
"59343001","LILLE-LESQUIN",50.57,3.0975,47,1959091018,"","","","",1.,1,"","","","","","","","","","","","","","","","","","","","","","","","","","","","","","",25.6,1,11.2,1,"","","","","","","","","","","","","","","","","","","","","","","","","","",42,1,"","","","","","","","","","","","",13.6,1,1020.,1,"","","","","","",0,1,"","",0,1,0,1,0,1,"","","","","","","","","","","","","","","","","","","","","","","","",8000,1,"","",2,1,0,1,"","","","","","","","","","","","","","","","","","","","","","","","","","","","","","","","","","","","","","","","","","","","","","","","","","","","","","","","","","","","","","","","","",""
"59343001","LILLE-LESQUIN",50.57,3.0975,47,1959091021,"","","","",2.,1,"","","","","","","","","","","","","","","","","","","","","","","","","","","","","","",18.,1,8.8,1,"","","","","","","","","","","","","","","","","","","","","","","","","","",55,1,"","","","","","","","","","","","",11.5,1,1020.6,1,"","","","","","",0,1,"","",0,1,0,1,0,1,"","","","","","","","","","","","","","","","","","","","","","","","",8000,1,"","",2,1,0,1,"","","","","","","","","","","","","","","","","","","","","","","","","","","","","","","","","","","","","","","","","","","","","","","","","","","","","","","","","","","","","","","","","",""
"59343001","LILLE-LESQUIN",50.57,3.0975,47,1959091100,"","","","",1.,1,"","","","","","","","","","","","","","","","","","","","","","","","","","","","","","",14.8,1,10.6,1,"","","","","","","","","","","","","","","","","","","","","","","","","","",78,1,"","","","","","","","","","","","",13.,1,1020.3,1,"","","","","","",0,1,"","",0,1,0,1,0,1,"","","","","","","","","","","","","","","","","","","","","","","","",7000,1,"","",2,1,0,1,"","","","","","","","","","","","","","","","","","","","","","","","","","","","","","","","","","","","","","","","","","","","","","","","","","","","","","","","","","","","","","","","","",""
"59343001","LILLE-LESQUIN",50.57,3.0975,47,1959091103,"","","","",1.,1,"","","","","","","","","","","","","","","","","","","","","","","","","","","","","","",13.3,1,9.5,1,"","","","","","","","","","","","","","","","","","","","","","","","","","",79,1,"","","","","","","","","","","","",12.1,1,1019.8,1,"","","","","","",0,1,"","",0,1,0,1,0,1,"","","","","","","","","","","","","","","","","","","","","","","","",7000,1,"","",2,1,0,1,"","","","","","","","","","","","","","","","","","","","","","","","","","","","","","","","","","","","","","","","","","","","","","","","","","","","","","","","","","","","","","","","","",""
"59343001","LILLE-LESQUIN",50.57,3.0975,47,1959091106,"","","","",1.,1,"","","","","","","","","","","","","","","","","","","","","","","","","","","","","","",10.8,1,8.8,1,"","","","","","","","","","","","","","","","","","","","","","","","","","",89,1,"","","","","","","","","","","","",11.5,1,1020.,1,"","","","","","",1,1,0,1,0,1,0,1,1,1,"","","","","","","","","","","","","","","","","","","","","","","","",3000,1,"","",10,1,0,1,"","",0,1,"","","","","","","","","","","","","","","","","","","","","","","","","","","","","","","","","","","","","","","","","","","","","","","","","","","","","","","","","","","","","",""
"59343001","LILLE-LESQUIN",50.57,3.0975,47,1959091109,"","","","",1.,1,"","","","","","","","","","","","","","","","","","","","","","","","","","","","","","",21.6,1,10.8,1,"","","","","","","","","","","","","","","","","","","","","","","","","","",51,1,"","","","","","","","","","","","",13.2,1,1019.7,1,"","","","","","",0,1,"","",0,1,0,1,0,1,"","","","","","","","","","","","","","","","","","","","","","","","",5000,1,"","",10,1,0,1,"","","","","","","","","","","","","","","","","","","","","","","","","","","","","","","","","","","","","","","","","","","","","","","","","","","","","","","","","","","","","","","","","",""
"59343001","LILLE-LESQUIN",50.57,3.0975,47,1959091112,"","","","",1.,1,"","","","","","","","","","","","","","","","","","","","","","","","","","","","","","",28.8,1,10.3,1,"","","","","","","","","","","","","","","","","","","","","","","","","","",32,1,"","","","","","","","","","","","",12.8,1,1018.8,1,"","","","","","",1,1,0,1,0,1,0,1,1,1,"","","","","","","","","","","","","","","","","","","","","","","","",8000,1,"","",2,1,0,1,"","","","","","","","","","","","","","","","","","","","","","","","","","","","","","","","","","","","","","","","","","","","","","","","","","","","","","","","","","","","","","","","","",""
"59343001","LILLE-LESQUIN",50.57,3.0975,47,1959091115,"","","","",1.,1,"","","","","","","","","","","","","","","","","","","","","","","","","","","","","","",29.3,1,9.6,1,"","","","","","","","","","","","","","","","","","","","","","","","","","",30,1,"","","","","","","","","","","","",12.2,1,1017.6,1,"","","","","","",2,1,0,1,0,1,0,1,1,1,"","","","","","","","","","","","","","","","","","","","","","","","",10000,1,"","",2,1,0,1,"","","","","","","","","","","","","","","","","","","","","","","","","","","","","","","","","","","","","","","","","","","","","","","","","","","","","","","","","","","","","","","","","",""
"59343001","LILLE-LESQUIN",50.57,3.0975,47,1959091118,"","","","",1.,1,"","","","","","","","","","","","","","","","","","","","","","","","","","","","","","",25.7,1,11.2,1,"","","","","","","","","","","","","","","","","","","","","","","","","","",41,1,"","","","","","","","","","","","",13.6,1,1017.,1,"","","","","","",3,1,0,1,0,1,0,1,2,1,"","","","","","","","","","","","","","","","","","","","","","","","",10000,1,"","",3,1,0,1,"","","","","","","","","","","","","","","","","","","","","","","","","","","","","","","","","","","","","","","","","","","","","","","","","","","","","","","","","","","","","","","","","",""
"59343001","LILLE-LESQUIN",50.57,3.0975,47,1959091121,"","","","",2.,1,"","","","","","","","","","","","","","","","","","","","","","","","","","","","","","",19.1,1,10.8,1,"","","","","","","","","","","","","","","","","","","","","","","","","","",60,1,"","","","","","","","","","","","",13.2,1,1017.5,1,"","","","","","",1,1,0,1,0,1,0,1,1,1,"","","","","","","","","","","","","","","","","","","","","","","","",6000,1,"","",1,1,0,1,"","","","","","","","","","","","","","","","","","","","","","","","","","","","","","","","","","","","","","","","","","","","","","","","","","","","","","","","","","","","","","","","","",""
"59343001","LILLE-LESQUIN",50.57,3.0975,47,1959091200,"","","","",1.,1,"","","","","","","","","","","","","","","","","","","","","","","","","","","","","","",14.8,1,9.5,1,"","","","","","","","","","","","","","","","","","","","","","","","","","",72,1,"","","","","","","","","","","","",12.1,1,1017.2,1,"","","","","","",1,1,0,1,0,1,0,1,1,1,"","","","","","","","","","","","","","","","","","","","","","","","",6000,1,"","",3,1,0,1,"","","","","","","","","","","","","","","","","","","","","","","","","","","","","","","","","","","","","","","","","","","","","","","","","","","","","","","","","","","","","","","","","",""
"59343001","LILLE-LESQUIN",50.57,3.0975,47,1959091203,"","","","",1.,1,"","","","","","","","","","","","","","","","","","","","","","","","","","","","","","",13.4,1,9.2,1,"","","","","","","","","","","","","","","","","","","","","","","","","","",77,1,"","","","","","","","","","","","",11.8,1,1016.4,1,"","","","","","",0,1,"","",0,1,0,1,0,1,"","","","","","","","","","","","","","","","","","","","","","","","",6000,1,"","",2,1,0,1,"","","","","","","","","","","","","","","","","","","","","","","","","","","","","","","","","","","","","","","","","","","","","","","","","","","","","","","","","","","","","","","","","",""
"59343001","LILLE-LESQUIN",50.57,3.0975,47,1959091206,"","","","",1.,1,"","","","","","","","","","","","","","","","","","","","","","","","","","","","","","",11.9,1,9.9,1,"","","","","","","","","","","","","","","","","","","","","","","","","","",88,1,"","","","","","","","","","","","",12.4,1,1016.,1,"","","","","","",0,1,"","",0,1,0,1,0,1,"","","","","","","","","","","","","","","","","","","","","","","","",2500,1,"","",10,1,0,1,"","",0,1,"","","","","","","","","","","","","","","","","","","","","","","","","","","","","","","","","","","","","","","","","","","","","","","","","","","","","","","","","","","","","",""
"59343001","LILLE-LESQUIN",50.57,3.0975,47,1959091209,"","","","",0.,1,"","","","","","","","","","","","","","","","","","","","","","","","","","","","","","",21.9,1,13.,1,"","","","","","","","","","","","","","","","","","","","","","","","","","",58,1,"","","","","","","","","","","","",15.3,1,1015.7,1,"","","","","","",1,1,0,1,0,1,0,1,1,1,"","","","","","","","","","","","","","","","","","","","","","","","",4000,1,"","",10,1,0,1,"","","","","","","","","","","","","","","","","","","","","","","","","","","","","","","","","","","","","","","","","","","","","","","","","","","","","","","","","","","","","","","","","",""
"59343001","LILLE-LESQUIN",50.57,3.0975,47,1959091212,"","","","",2.,1,"","","","","","","","","","","","","","","","","","","","","","","","","","","","","","",28.8,1,12.3,1,"","","","","","","","","","","","","","","","","","","","","","","","","","",36,1,"","","","","","","","","","","","",14.6,1,1014.4,1,"","","","","","",0,1,"","",0,1,0,1,0,1,"","","","","","","","","","","","","","","","","","","","","","","","",7000,1,"","",2,1,0,1,"","","","","","","","","","","","","","","","","","","","","","","","","","","","","","","","","","","","","","","","","","","","","","","","","","","","","","","","","","","","","","","","","",""
"59343001","LILLE-LESQUIN",50.57,3.0975,47,1959091215,"","","","",2.,1,"","","","","","","","","","","","","","","","","","","","","","","","","","","","","","",30.6,1,10.2,1,"","","","","","","","","","","","","","","","","","","","","","","","","","",29,1,"","","","","","","","","","","","",12.7,1,1012.9,1,"","","","","","",1,1,0,1,0,1,0,1,1,1,"","","","","","","","","","","","","","","","","","","","","","","","",10000,1,"","",2,1,0,1,"","","","","","","","","","","","","","","","","","","","","","","","","","","","","","","","","","","","","","","","","","","","","","","","","","","","","","","","","","","","","","","","","",""
"59343001","LILLE-LESQUIN",50.57,3.0975,47,1959091218,"","","","",5.,1,"","","","","","","","","","","","","","","","","","","","","","","","","","","","","","",25.8,1,12.6,1,"","","","","","","","","","","","","","","","","","","","","","","","","","",44,1,"","","","","","","","","","","","",14.9,1,1012.6,1,"","","","","","",2,1,0,1,0,1,0,1,1,1,"","","","","","","","","","","","","","","","","","","","","","","","",6000,1,"","",2,1,0,1,"","","","","","","","","","","","","","","","","","","","","","","","","","","","","","","","","","","","","","","","","","","","","","","","","","","","","","","","","","","","","","","","","",""
"59343001","LILLE-LESQUIN",50.57,3.0975,47,1959091221,"","","","",5.,1,"","","","","","","","","","","","","","","","","","","","","","","","","","","","","","",19.5,1,12.5,1,"","","","","","","","","","","","","","","","","","","","","","","","","","",66,1,"","","","","","","","","","","","",14.8,1,1014.1,1,"","","","","","",0,1,"","",0,1,0,1,0,1,"","","","","","","","","","","","","","","","","","","","","","","","",7000,1,"","",2,1,0,1,"","","","","","","","","","","","","","","","","","","","","","","","","","","","","","","","","","","","","","","","","","","","","","","","","","","","","","","","","","","","","","","","","",""
"59343001","LILLE-LESQUIN",50.57,3.0975,47,1959091300,"","","","",4.,1,"","","","","","","","","","","","","","","","","","","","","","","","","","","","","","",16.6,1,12.5,1,"","","","","","","","","","","","","","","","","","","","","","","","","","",79,1,"","","","","","","","","","","","",14.8,1,1014.,1,"","","","","","",0,1,"","",0,1,0,1,0,1,"","","","","","","","","","","","","","","","","","","","","","","","",7000,1,"","",2,1,0,1,"","","","","","","","","","","","","","","","","","","","","","","","","","","","","","","","","","","","","","","","","","","","","","","","","","","","","","","","","","","","","","","","","",""
"59343001","LILLE-LESQUIN",50.57,3.0975,47,1959091303,"","","","",4.,1,"","","","","","","","","","","","","","","","","","","","","","","","","","","","","","",15.,1,13.5,1,"","","","","","","","","","","","","","","","","","","","","","","","","","",93,1,"","","","","","","","","","","","",15.9,1,1014.2,1,"","","","","","",0,1,"","",0,1,0,1,0,1,"","","","","","","","","","","","","","","","","","","","","","","","",6000,1,"","",2,1,0,1,"","","","","","","","","","","","","","","","","","","","","","","","","","","","","","","","","","","","","","","","","","","","","","","","","","","","","","","","","","","","","","","","","",""
"59343001","LILLE-LESQUIN",50.57,3.0975,47,1959091306,"","","","",4.,1,"","","","","","","","","","","","","","","","","","","","","","","","","","","","","","",15.,1,13.5,1,"","","","","","","","","","","","","","","","","","","","","","","","","","",93,1,"","","","","","","","","","","","",15.9,1,1015.1,1,"","","","","","",4,1,0,1,6,1,3,1,0,1,"","","","","","","","","","","","","","","","","","","","","","","","",1600,1,"","",10,1,0,1,"","",0,1,"","","","","","","","","","","","","","","","","","","","","","","","","","","","","","","","","","","","","","","","","","","","","","","","","","","","","","","","","","","","","",""
"59343001","LILLE-LESQUIN",50.57,3.0975,47,1959091309,"","","","",6.,1,"","","","","","","","","","","","","","","","","","","","","","","","","","","","","","",18.9,1,13.2,1,"","","","","","","","","","","","","","","","","","","","","","","","","","",71,1,"","","","","","","","","","","","",15.6,1,1016.2,1,"","","","","","",2,1,0,1,0,1,8,1,0,1,"","","","","","","","","","","","","","","","","","","","","","","","",5000,1,"","",10,1,0,1,"","","","","","","","","","","","","","","","","","","","","","","","","","","","","","","","","","","","","","","","","","","","","","","","","","","","","","","","","","","","","","","","","",""
"59343001","LILLE-LESQUIN",50.57,3.0975,47,1959091312,"","","","",9.,1,"","","","","","","","","","","","","","","","","","","","","","","","","","","","","","",24.,1,10.1,1,"","","","","","","","","","","","","","","","","","","","","","","","","","",41,1,"","","","","","","","","","","","",12.6,1,1015.8,1,"","","","","","",3,1,0,1,0,1,8,1,0,1,"","","","","","","","","","","","","","","","","","","","","","","","",10000,1,"","",2,1,0,1,"","","","","","","","","","","","","","","","","","","","","","","","","","","","","","","","","","","","","","","","","","","","","","","","","","","","","","","","","","","","","","","","","",""
"59343001","LILLE-LESQUIN",50.57,3.0975,47,1959091315,"","","","",7.,1,"","","","","","","","","","","","","","","","","","","","","","","","","","","","","","",24.4,1,11.4,1,"","","","","","","","","","","","","","","","","","","","","","","","","","",45,1,"","","","","","","","","","","","",13.8,1,1015.8,1,"","","","","","",1,1,0,1,0,1,0,1,1,1,"","","","","","","","","","","","","","","","","","","","","","","","",8000,1,"","",2,1,0,1,"","","","","","","","","","","","","","","","","","","","","","","","","","","","","","","","","","","","","","","","","","","","","","","","","","","","","","","","","","","","","","","","","",""
"59343001","LILLE-LESQUIN",50.57,3.0975,47,1959091318,"","","","",8.,1,"","","","","","","","","","","","","","","","","","","","","","","","","","","","","","",19.6,1,14.1,1,"","","","","","","","","","","","","","","","","","","","","","","","","","",73,1,"","","","","","","","","","","","",16.5,1,1017.1,1,"","","","","","",0,1,"","",0,1,0,1,0,1,"","","","","","","","","","","","","","","","","","","","","","","","",6000,1,"","",2,1,0,1,"","","","","","","","","","","","","","","","","","","","","","","","","","","","","","","","","","","","","","","","","","","","","","","","","","","","","","","","","","","","","","","","","",""
"59343001","LILLE-LESQUIN",50.57,3.0975,47,1959091321,"","","","",7.,1,"","","","","","","","","","","","","","","","","","","","","","","","","","","","","","",16.,1,12.1,1,"","","","","","","","","","","","","","","","","","","","","","","","","","",80,1,"","","","","","","","","","","","",14.4,1,1018.4,1,"","","","","","",0,1,"","",0,1,0,1,0,1,"","","","","","","","","","","","","","","","","","","","","","","","",10000,1,"","",2,1,0,1,"","","","","","","","","","","","","","","","","","","","","","","","","","","","","","","","","","","","","","","","","","","","","","","","","","","","","","","","","","","","","","","","","",""
"59343001","LILLE-LESQUIN",50.57,3.0975,47,1959091400,"","","","",5.,1,"","","","","","","","","","","","","","","","","","","","","","","","","","","","","","",13.6,1,10.6,1,"","","","","","","","","","","","","","","","","","","","","","","","","","",83,1,"","","","","","","","","","","","",13.,1,1019.1,1,"","","","","","",0,1,"","",0,1,0,1,0,1,"","","","","","","","","","","","","","","","","","","","","","","","",10000,1,"","",2,1,0,1,"","","","","","","","","","","","","","","","","","","","","","","","","","","","","","","","","","","","","","","","","","","","","","","","","","","","","","","","","","","","","","","","","",""
"59343001","LILLE-LESQUIN",50.57,3.0975,47,1959091403,"","","","",3.,1,"","","","","","","","","","","","","","","","","","","","","","","","","","","","","","",10.8,1,8.1,1,"","","","","","","","","","","","","","","","","","","","","","","","","","",85,1,"","","","","","","","","","","","",11.,1,1019.2,1,"","","","","","",0,1,"","",0,1,0,1,0,1,"","","","","","","","","","","","","","","","","","","","","","","","",10000,1,"","",2,1,0,1,"","","","","","","","","","","","","","","","","","","","","","","","","","","","","","","","","","","","","","","","","","","","","","","","","","","","","","","","","","","","","","","","","",""
"59343001","LILLE-LESQUIN",50.57,3.0975,47,1959091406,"","","","",4.,1,"","","","","","","","","","","","","","","","","","","","","","","","","","","","","","",9.4,1,7.3,1,"","","","","","","","","","","","","","","","","","","","","","","","","","",88,1,"","","","","","","","","","","","",10.4,1,1019.5,1,"","","","","","",0,1,"","",0,1,0,1,0,1,"","","","","","","","","","","","","","","","","","","","","","","","",8000,1,"","",2,1,0,1,"","",0,1,"","","","","","","","","","","","","","","","","","","","","","","","","","","","","","","","","","","","","","","","","","","","","","","","","","","","","","","","","","","","","",""
"59343001","LILLE-LESQUIN",50.57,3.0975,47,1959091409,"","","","",7.,1,"","","","","","","","","","","","","","","","","","","","","","","","","","","","","","",16.6,1,7.3,1,"","","","","","","","","","","","","","","","","","","","","","","","","","",55,1,"","","","","","","","","","","","",10.4,1,1019.6,1,"","","","","","",2,1,0,1,1,1,4,1,0,1,"","","","","","","","","","","","","","","","","","","","","","","","",25000,1,"","",3,1,0,1,"","","","","","","","","","","","","","","","","","","","","","","","","","","","","","","","","","","","","","","","","","","","","","","","","","","","","","","","","","","","","","","","","",""
"59343001","LILLE-LESQUIN",50.57,3.0975,47,1959091412,"","","","",7.,1,"","","","","","","","","","","","","","","","","","","","","","","","","","","","","","",19.,1,4.3,1,"","","","","","","","","","","","","","","","","","","","","","","","","","",38,1,"","","","","","","","","","","","",8.4,1,1018.2,1,"","","","","","",1,1,0,1,0,1,0,1,1,1,"","","","","","","","","","","","","","","","","","","","","","","","",30000,1,"","",2,1,0,1,"","","","","","","","","","","","","","","","","","","","","","","","","","","","","","","","","","","","","","","","","","","","","","","","","","","","","","","","","","","","","","","","","",""
"59343001","LILLE-LESQUIN",50.57,3.0975,47,1959091415,"","","","",5.,1,"","","","","","","","","","","","","","","","","","","","","","","","","","","","","","",19.6,1,5.,1,"","","","","","","","","","","","","","","","","","","","","","","","","","",38,1,"","","","","","","","","","","","",8.8,1,1016.7,1,"","","","","","",4,1,0,1,0,1,0,1,1,1,"","","","","","","","","","","","","","","","","","","","","","","","",35000,1,"","",2,1,0,1,"","","","","","","","","","","","","","","","","","","","","","","","","","","","","","","","","","","","","","","","","","","","","","","","","","","","","","","","","","","","","","","","","",""
"59343001","LILLE-LESQUIN",50.57,3.0975,47,1959091418,"","","","",3.,1,"","","","","","","","","","","","","","","","","","","","","","","","","","","","","","",17.1,1,5.8,1,"","","","","","","","","","","","","","","","","","","","","","","","","","",48,1,"","","","","","","","","","","","",9.3,1,1016.3,1,"","","","","","",5,1,5,1,0,1,0,1,1,1,"","","","","","","","","","","","","","","","","","","","","","","","",20000,1,"","",2,1,1,1,"","","","","","","","","","","","","","","","","","","","","","","","","","","","","","","","","","","","","","","","","","","","","","","","","","","","","","","","","","","","","","","","","",""
"59343001","LILLE-LESQUIN",50.57,3.0975,47,1959091421,"","","","",5.,1,"","","","","","","","","","","","","","","","","","","","","","","","","","","","","","",14.4,1,7.7,1,"","","","","","","","","","","","","","","","","","","","","","","","","","",65,1,"","","","","","","","","","","","",10.7,1,1016.7,1,"","","","","","",2,1,0,1,0,1,0,1,1,1,"","","","","","","","","","","","","","","","","","","","","","","","",10000,1,"","",2,1,1,1,"","","","","","","","","","","","","","","","","","","","","","","","","","","","","","","","","","","","","","","","","","","","","","","","","","","","","","","","","","","","","","","","","",""
"59343001","LILLE-LESQUIN",50.57,3.0975,47,1959091500,"","","","",5.,1,"","","","","","","","","","","","","","","","","","","","","","","","","","","","","","",12.2,1,8.1,1,"","","","","","","","","","","","","","","","","","","","","","","","","","",77,1,"","","","","","","","","","","","",11.,1,1016.3,1,"","","","","","",0,1,"","",0,1,0,1,0,1,"","","","","","","","","","","","","","","","","","","","","","","","",10000,1,"","",2,1,1,1,"","","","","","","","","","","","","","","","","","","","","","","","","","","","","","","","","","","","","","","","","","","","","","","","","","","","","","","","","","","","","","","","","",""
"59343001","LILLE-LESQUIN",50.57,3.0975,47,1959091503,"","","","",3.,1,"","","","","","","","","","","","","","","","","","","","","","","","","","","","","","",10.2,1,7.5,1,"","","","","","","","","","","","","","","","","","","","","","","","","","",85,1,"","","","","","","","","","","","",10.5,1,1015.3,1,"","","","","","",0,1,"","",0,1,0,1,0,1,"","","","","","","","","","","","","","","","","","","","","","","","",9000,1,"","",2,1,0,1,"","","","","","","","","","","","","","","","","","","","","","","","","","","","","","","","","","","","","","","","","","","","","","","","","","","","","","","","","","","","","","","","","",""
"59343001","LILLE-LESQUIN",50.57,3.0975,47,1959091506,"","","","",3.,1,"","","","","","","","","","","","","","","","","","","","","","","","","","","","","","",8.6,1,6.9,1,"","","","","","","","","","","","","","","","","","","","","","","","","","",90,1,"","","","","","","","","","","","",10.1,1,1015.3,1,"","","","","","",1,1,0,1,0,1,0,1,1,1,"","","","","","","","","","","","","","","","","","","","","","","","",5000,1,"","",3,1,0,1,"","",0,1,"","","","","","","","","","","","","","","","","","","","","","","","","","","","","","","","","","","","","","","","","","","","","","","","","","","","","","","","","","","","","",""
"59343001","LILLE-LESQUIN",50.57,3.0975,47,1959091509,"","","","",3.,1,"","","","","","","","","","","","","","","","","","","","","","","","","","","","","","",15.6,1,7.7,1,"","","","","","","","","","","","","","","","","","","","","","","","","","",60,1,"","","","","","","","","","","","",10.7,1,1015.5,1,"","","","","","",0,1,"","",0,1,0,1,0,1,"","","","","","","","","","","","","","","","","","","","","","","","",6000,1,"","",2,1,0,1,"","","","","","","","","","","","","","","","","","","","","","","","","","","","","","","","","","","","","","","","","","","","","","","","","","","","","","","","","","","","","","","","","",""
"59343001","LILLE-LESQUIN",50.57,3.0975,47,1959091512,"","","","",4.,1,"","","","","","","","","","","","","","","","","","","","","","","","","","","","","","",22.,1,6.9,1,"","","","","","","","","","","","","","","","","","","","","","","","","","",38,1,"","","","","","","","","","","","",10.1,1,1014.6,1,"","","","","","",0,1,"","",0,1,0,1,0,1,"","","","","","","","","","","","","","","","","","","","","","","","",8000,1,"","",2,1,0,1,"","","","","","","","","","","","","","","","","","","","","","","","","","","","","","","","","","","","","","","","","","","","","","","","","","","","","","","","","","","","","","","","","",""
"59343001","LILLE-LESQUIN",50.57,3.0975,47,1959091515,"","","","",4.,1,"","","","","","","","","","","","","","","","","","","","","","","","","","","","","","",24.3,1,6.2,1,"","","","","","","","","","","","","","","","","","","","","","","","","","",31,1,"","","","","","","","","","","","",9.6,1,1013.,1,"","","","","","",0,1,"","",0,1,0,1,0,1,"","","","","","","","","","","","","","","","","","","","","","","","",10000,1,"","",2,1,0,1,"","","","","","","","","","","","","","","","","","","","","","","","","","","","","","","","","","","","","","","","","","","","","","","","","","","","","","","","","","","","","","","","","",""
"59343001","LILLE-LESQUIN",50.57,3.0975,47,1959091518,"","","","",4.,1,"","","","","","","","","","","","","","","","","","","","","","","","","","","","","","",20.4,1,6.5,1,"","","","","","","","","","","","","","","","","","","","","","","","","","",40,1,"","","","","","","","","","","","",9.8,1,1013.1,1,"","","","","","",3,1,0,1,0,1,0,1,1,1,"","","","","","","","","","","","","","","","","","","","","","","","",6000,1,"","",3,1,0,1,"","","","","","","","","","","","","","","","","","","","","","","","","","","","","","","","","","","","","","","","","","","","","","","","","","","","","","","","","","","","","","","","","",""
"59343001","LILLE-LESQUIN",50.57,3.0975,47,1959091521,"","","","",6.,1,"","","","","","","","","","","","","","","","","","","","","","","","","","","","","","",16.6,1,10.8,1,"","","","","","","","","","","","","","","","","","","","","","","","","","",70,1,"","","","","","","","","","","","",13.2,1,1014.2,1,"","","","","","",8,1,8,1,5,1,"","","","","","","","","","","","","","","","","","","","","","","","","","","","",10000,1,"","",2,1,8,1,"","","","","","","","","","","","","","","","","","","","","","","","","","","","","","","","","","","","","","","","","","","","","","","","","","","","","","","","","","","","","","","","","",""
"59343001","LILLE-LESQUIN",50.57,3.0975,47,1959091600,"","","","",5.,1,"","","","","","","","","","","","","","","","","","","","","","","","","","","","","","",13.5,1,10.,1,"","","","","","","","","","","","","","","","","","","","","","","","","","",81,1,"","","","","","","","","","","","",12.5,1,1014.6,1,"","","","","","",3,1,0,1,0,1,0,1,1,1,"","","","","","","","","","","","","","","","","","","","","","","","",15000,1,"","",1,1,8,1,"","","","","","","","","","","","","","","","","","","","","","","","","","","","","","","","","","","","","","","","","","","","","","","","","","","","","","","","","","","","","","","","","",""
"59343001","LILLE-LESQUIN",50.57,3.0975,47,1959091603,"","","","",5.,1,"","","","","","","","","","","","","","","","","","","","","","","","","","","","","","",13.2,1,9.9,1,"","","","","","","","","","","","","","","","","","","","","","","","","","",82,1,"","","","","","","","","","","","",12.4,1,1014.2,1,"","","","","","",8,1,5,1,5,1,0,1,7,1,"","","","","","","","","","","","","","","","","","","","","","","","",12000,1,"","",3,1,2,1,"","","","","","","","","","","","","","","","","","","","","","","","","","","","","","","","","","","","","","","","","","","","","","","","","","","","","","","","","","","","","","","","","",""
"59343001","LILLE-LESQUIN",50.57,3.0975,47,1959091606,"","","","",4.,1,"","","","","","","","","","","","","","","","","","","","","","","","","","","","","","",12.6,1,9.2,1,"","","","","","","","","","","","","","","","","","","","","","","","","","",81,1,"","","","","","","","","","","","",11.8,1,1014.6,1,"","","","","","",8,1,0,1,5,1,3,1,2,1,"","","","","","","","","","","","","","","","","","","","","","","","",8000,1,"","",2,1,2,1,"","",0,1,"","","","","","","","","","","","","","","","","","","","","","","","","","","","","","","","","","","","","","","","","","","","","","","","","","","","","","","","","","","","","",""
"59343001","LILLE-LESQUIN",50.57,3.0975,47,1959091609,"","","","",7.,1,"","","","","","","","","","","","","","","","","","","","","","","","","","","","","","",17.,1,8.3,1,"","","","","","","","","","","","","","","","","","","","","","","","","","",58,1,"","","","","","","","","","","","",11.1,1,1015.3,1,"","","","","","",5,1,0,1,5,1,0,1,1,1,"","","","","","","","","","","","","","","","","","","","","","","","",15000,1,"","",1,1,2,1,"","","","","","","","","","","","","","","","","","","","","","","","","","","","","","","","","","","","","","","","","","","","","","","","","","","","","","","","","","","","","","","","","",""
"59343001","LILLE-LESQUIN",50.57,3.0975,47,1959091612,"","","","",5.,1,"","","","","","","","","","","","","","","","","","","","","","","","","","","","","","",20.4,1,8.5,1,"","","","","","","","","","","","","","","","","","","","","","","","","","",47,1,"","","","","","","","","","","","",11.3,1,1015.1,1,"","","","","","",2,1,0,1,5,1,0,1,1,1,"","","","","","","","","","","","","","","","","","","","","","","","",15000,1,"","",1,1,1,1,"","","","","","","","","","","","","","","","","","","","","","","","","","","","","","","","","","","","","","","","","","","","","","","","","","","","","","","","","","","","","","","","","",""
"59343001","LILLE-LESQUIN",50.57,3.0975,47,1959091615,"","","","",6.,1,"","","","","","","","","","","","","","","","","","","","","","","","","","","","","","",20.9,1,7.7,1,"","","","","","","","","","","","","","","","","","","","","","","","","","",43,1,"","","","","","","","","","","","",10.7,1,1014.3,1,"","","","","","",3,1,0,1,5,1,0,1,0,1,"","","","","","","","","","","","","","","","","","","","","","","","",15000,1,"","",1,1,1,1,"","","","","","","","","","","","","","","","","","","","","","","","","","","","","","","","","","","","","","","","","","","","","","","","","","","","","","","","","","","","","","","","","",""
"59343001","LILLE-LESQUIN",50.57,3.0975,47,1959091618,"","","","",5.,1,"","","","","","","","","","","","","","","","","","","","","","","","","","","","","","",18.4,1,8.3,1,"","","","","","","","","","","","","","","","","","","","","","","","","","",52,1,"","","","","","","","","","","","",11.1,1,1014.3,1,"","","","","","",3,1,0,1,0,1,0,1,2,1,"","","","","","","","","","","","","","","","","","","","","","","","",10000,1,"","",2,1,1,1,"","","","","","","","","","","","","","","","","","","","","","","","","","","","","","","","","","","","","","","","","","","","","","","","","","","","","","","","","","","","","","","","","",""
"59343001","LILLE-LESQUIN",50.57,3.0975,47,1959091621,"","","","",6.,1,"","","","","","","","","","","","","","","","","","","","","","","","","","","","","","",15.,1,8.9,1,"","","","","","","","","","","","","","","","","","","","","","","","","","",68,1,"","","","","","","","","","","","",11.6,1,1015.8,1,"","","","","","",3,1,0,1,0,1,0,1,1,1,"","","","","","","","","","","","","","","","","","","","","","","","",10000,1,"","",3,1,0,1,"","","","","","","","","","","","","","","","","","","","","","","","","","","","","","","","","","","","","","","","","","","","","","","","","","","","","","","","","","","","","","","","","",""
"59343001","LILLE-LESQUIN",50.57,3.0975,47,1959091700,"","","","",5.,1,"","","","","","","","","","","","","","","","","","","","","","","","","","","","","","",12.6,1,9.2,1,"","","","","","","","","","","","","","","","","","","","","","","","","","",81,1,"","","","","","","","","","","","",11.8,1,1016.7,1,"","","","","","",0,1,"","",0,1,0,1,0,1,"","","","","","","","","","","","","","","","","","","","","","","","",15000,1,"","",1,1,0,1,"","","","","","","","","","","","","","","","","","","","","","","","","","","","","","","","","","","","","","","","","","","","","","","","","","","","","","","","","","","","","","","","","",""
"59343001","LILLE-LESQUIN",50.57,3.0975,47,1959091703,"","","","",4.,1,"","","","","","","","","","","","","","","","","","","","","","","","","","","","","","",11.2,1,9.3,1,"","","","","","","","","","","","","","","","","","","","","","","","","","",90,1,"","","","","","","","","","","","",11.9,1,1017.1,1,"","","","","","",1,1,0,1,5,1,0,1,2,1,"","","","","","","","","","","","","","","","","","","","","","","","",10000,1,"","",1,1,0,1,"","","","","","","","","","","","","","","","","","","","","","","","","","","","","","","","","","","","","","","","","","","","","","","","","","","","","","","","","","","","","","","","","",""
"59343001","LILLE-LESQUIN",50.57,3.0975,47,1959091706,"","","","",4.,1,"","","","","","","","","","","","","","","","","","","","","","","","","","","","","","",10.1,1,7.6,1,"","","","","","","","","","","","","","","","","","","","","","","","","","",86,1,"","","","","","","","","","","","",10.6,1,1018.1,1,"","","","","","",5,1,5,1,5,1,4,1,0,1,"","","","","","","","","","","","","","","","","","","","","","","","",15000,1,"","",3,1,1,1,"","",0,1,"","","","","","","","","","","","","","","","","","","","","","","","","","","","","","","","","","","","","","","","","","","","","","","","","","","","","","","","","","","","","",""
"59343001","LILLE-LESQUIN",50.57,3.0975,47,1959091709,"","","","",6.,1,"","","","","","","","","","","","","","","","","","","","","","","","","","","","","","",16.,1,6.5,1,"","","","","","","","","","","","","","","","","","","","","","","","","","",54,1,"","","","","","","","","","","","",9.8,1,1018.4,1,"","","","","","",1,1,0,1,0,1,4,1,0,1,"","","","","","","","","","","","","","","","","","","","","","","","",20000,1,"","",3,1,0,1,"","","","","","","","","","","","","","","","","","","","","","","","","","","","","","","","","","","","","","","","","","","","","","","","","","","","","","","","","","","","","","","","","",""
"59343001","LILLE-LESQUIN",50.57,3.0975,47,1959091712,"","","","",8.,1,"","","","","","","","","","","","","","","","","","","","","","","","","","","","","","",19.3,1,5.8,1,"","","","","","","","","","","","","","","","","","","","","","","","","","",41,1,"","","","","","","","","","","","",9.3,1,1018.5,1,"","","","","","",1,1,0,1,1,1,0,1,0,1,"","","","","","","","","","","","","","","","","","","","","","","","",25000,1,"","",2,1,0,1,"","","","","","","","","","","","","","","","","","","","","","","","","","","","","","","","","","","","","","","","","","","","","","","","","","","","","","","","","","","","","","","","","",""
"59343001","LILLE-LESQUIN",50.57,3.0975,47,1959091715,"","","","",6.,1,"","","","","","","","","","","","","","","","","","","","","","","","","","","","","","",20.7,1,6.6,1,"","","","","","","","","","","","","","","","","","","","","","","","","","",40,1,"","","","","","","","","","","","",9.9,1,1018.5,1,"","","","","","",0,1,"","",0,1,0,1,0,1,"","","","","","","","","","","","","","","","","","","","","","","","",30000,1,"","",2,1,0,1,"","","","","","","","","","","","","","","","","","","","","","","","","","","","","","","","","","","","","","","","","","","","","","","","","","","","","","","","","","","","","","","","","",""
"59343001","LILLE-LESQUIN",50.57,3.0975,47,1959091718,"","","","",6.,1,"","","","","","","","","","","","","","","","","","","","","","","","","","","","","","",17.,1,6.2,1,"","","","","","","","","","","","","","","","","","","","","","","","","","",50,1,"","","","","","","","","","","","",9.6,1,1019.4,1,"","","","","","",0,1,"","",0,1,0,1,0,1,"","","","","","","","","","","","","","","","","","","","","","","","",20000,1,"","",2,1,0,1,"","","","","","","","","","","","","","","","","","","","","","","","","","","","","","","","","","","","","","","","","","","","","","","","","","","","","","","","","","","","","","","","","",""
"59343001","LILLE-LESQUIN",50.57,3.0975,47,1959091721,"","","","",6.,1,"","","","","","","","","","","","","","","","","","","","","","","","","","","","","","",13.6,1,6.9,1,"","","","","","","","","","","","","","","","","","","","","","","","","","",64,1,"","","","","","","","","","","","",10.1,1,1021.6,1,"","","","","","",0,1,"","",0,1,0,1,0,1,"","","","","","","","","","","","","","","","","","","","","","","","",15000,1,"","",2,1,0,1,"","","","","","","","","","","","","","","","","","","","","","","","","","","","","","","","","","","","","","","","","","","","","","","","","","","","","","","","","","","","","","","","","",""
"59343001","LILLE-LESQUIN",50.57,3.0975,47,1959091800,"","","","",5.,1,"","","","","","","","","","","","","","","","","","","","","","","","","","","","","","",11.3,1,7.3,1,"","","","","","","","","","","","","","","","","","","","","","","","","","",77,1,"","","","","","","","","","","","",10.4,1,1022.5,1,"","","","","","",0,1,"","",0,1,0,1,0,1,"","","","","","","","","","","","","","","","","","","","","","","","",15000,1,"","",2,1,0,1,"","","","","","","","","","","","","","","","","","","","","","","","","","","","","","","","","","","","","","","","","","","","","","","","","","","","","","","","","","","","","","","","","",""
"59343001","LILLE-LESQUIN",50.57,3.0975,47,1959091803,"","","","",4.,1,"","","","","","","","","","","","","","","","","","","","","","","","","","","","","","",9.5,1,7.1,1,"","","","","","","","","","","","","","","","","","","","","","","","","","",85,1,"","","","","","","","","","","","",10.2,1,1022.9,1,"","","","","","",0,1,"","",0,1,0,1,0,1,"","","","","","","","","","","","","","","","","","","","","","","","",10000,1,"","",2,1,0,1,"","","","","","","","","","","","","","","","","","","","","","","","","","","","","","","","","","","","","","","","","","","","","","","","","","","","","","","","","","","","","","","","","",""
"59343001","LILLE-LESQUIN",50.57,3.0975,47,1959091806,"","","","",4.,1,"","","","","","","","","","","","","","","","","","","","","","","","","","","","","","",8.5,1,7.2,1,"","","","","","","","","","","","","","","","","","","","","","","","","","",93,1,"","","","","","","","","","","","",10.3,1,1023.6,1,"","","","","","",1,1,0,1,0,1,0,1,1,1,"","","","","","","","","","","","","","","","","","","","","","","","",7000,1,"","",3,1,0,1,"","",0,1,"","","","","","","","","","","","","","","","","","","","","","","","","","","","","","","","","","","","","","","","","","","","","","","","","","","","","","","","","","","","","",""
"59343001","LILLE-LESQUIN",50.57,3.0975,47,1959091809,"","","","",6.,1,"","","","","","","","","","","","","","","","","","","","","","","","","","","","","","",15.2,1,7.1,1,"","","","","","","","","","","","","","","","","","","","","","","","","","",58,1,"","","","","","","","","","","","",10.2,1,1024.6,1,"","","","","","",0,1,"","",0,1,0,1,0,1,"","","","","","","","","","","","","","","","","","","","","","","","",10000,1,"","",2,1,0,1,"","","","","","","","","","","","","","","","","","","","","","","","","","","","","","","","","","","","","","","","","","","","","","","","","","","","","","","","","","","","","","","","","",""
"59343001","LILLE-LESQUIN",50.57,3.0975,47,1959091812,"","","","",6.,1,"","","","","","","","","","","","","","","","","","","","","","","","","","","","","","",20.,1,6.4,1,"","","","","","","","","","","","","","","","","","","","","","","","","","",41,1,"","","","","","","","","","","","",9.7,1,1024.4,1,"","","","","","",0,1,"","",0,1,0,1,0,1,"","","","","","","","","","","","","","","","","","","","","","","","",12000,1,"","",2,1,0,1,"","","","","","","","","","","","","","","","","","","","","","","","","","","","","","","","","","","","","","","","","","","","","","","","","","","","","","","","","","","","","","","","","",""
"59343001","LILLE-LESQUIN",50.57,3.0975,47,1959091815,"","","","",5.,1,"","","","","","","","","","","","","","","","","","","","","","","","","","","","","","",20.9,1,5.1,1,"","","","","","","","","","","","","","","","","","","","","","","","","","",35,1,"","","","","","","","","","","","",8.9,1,1023.3,1,"","","","","","",0,1,"","",0,1,0,1,0,1,"","","","","","","","","","","","","","","","","","","","","","","","",12000,1,"","",2,1,0,1,"","","","","","","","","","","","","","","","","","","","","","","","","","","","","","","","","","","","","","","","","","","","","","","","","","","","","","","","","","","","","","","","","",""
"59343001","LILLE-LESQUIN",50.57,3.0975,47,1959091818,"","","","",3.,1,"","","","","","","","","","","","","","","","","","","","","","","","","","","","","","",16.8,1,4.7,1,"","","","","","","","","","","","","","","","","","","","","","","","","","",45,1,"","","","","","","","","","","","",8.6,1,1023.5,1,"","","","","","",1,1,0,1,0,1,0,1,1,1,"","","","","","","","","","","","","","","","","","","","","","","","",20000,1,"","",2,1,0,1,"","","","","","","","","","","","","","","","","","","","","","","","","","","","","","","","","","","","","","","","","","","","","","","","","","","","","","","","","","","","","","","","","",""
"59343001","LILLE-LESQUIN",50.57,3.0975,47,1959091821,"","","","",4.,1,"","","","","","","","","","","","","","","","","","","","","","","","","","","","","","",13.,1,7.6,1,"","","","","","","","","","","","","","","","","","","","","","","","","","",70,1,"","","","","","","","","","","","",10.6,1,1024.9,1,"","","","","","",0,1,"","",0,1,0,1,0,1,"","","","","","","","","","","","","","","","","","","","","","","","",15000,1,"","",2,1,0,1,"","","","","","","","","","","","","","","","","","","","","","","","","","","","","","","","","","","","","","","","","","","","","","","","","","","","","","","","","","","","","","","","","",""
"59343001","LILLE-LESQUIN",50.57,3.0975,47,1959091900,"","","","",3.,1,"","","","","","","","","","","","","","","","","","","","","","","","","","","","","","",10.4,1,7.9,1,"","","","","","","","","","","","","","","","","","","","","","","","","","",86,1,"","","","","","","","","","","","",10.8,1,1025.3,1,"","","","","","",0,1,"","",0,1,0,1,0,1,"","","","","","","","","","","","","","","","","","","","","","","","",12000,1,"","",2,1,0,1,"","","","","","","","","","","","","","","","","","","","","","","","","","","","","","","","","","","","","","","","","","","","","","","","","","","","","","","","","","","","","","","","","",""
"59343001","LILLE-LESQUIN",50.57,3.0975,47,1959091903,"","","","",3.,1,"","","","","","","","","","","","","","","","","","","","","","","","","","","","","","",9.7,1,8.7,1,"","","","","","","","","","","","","","","","","","","","","","","","","","",95,1,"","","","","","","","","","","","",11.4,1,1024.9,1,"","","","","","",0,1,"","",0,1,0,1,0,1,"","","","","","","","","","","","","","","","","","","","","","","","",10000,1,"","",2,1,0,1,"","","","","","","","","","","","","","","","","","","","","","","","","","","","","","","","","","","","","","","","","","","","","","","","","","","","","","","","","","","","","","","","","",""
"59343001","LILLE-LESQUIN",50.57,3.0975,47,1959091906,"","","","",2.,1,"","","","","","","","","","","","","","","","","","","","","","","","","","","","","","",8.3,1,7.5,1,"","","","","","","","","","","","","","","","","","","","","","","","","","",96,1,"","","","","","","","","","","","",10.5,1,1024.9,1,"","","","","","",0,1,"","",0,1,0,1,0,1,"","","","","","","","","","","","","","","","","","","","","","","","",1700,1,"","",10,1,0,1,"","",0,1,"","","","","","","","","","","","","","","","","","","","","","","","","","","","","","","","","","","","","","","","","","","","","","","","","","","","","","","","","","","","","",""
"59343001","LILLE-LESQUIN",50.57,3.0975,47,1959091909,"","","","",5.,1,"","","","","","","","","","","","","","","","","","","","","","","","","","","","","","",15.3,1,10.4,1,"","","","","","","","","","","","","","","","","","","","","","","","","","",74,1,"","","","","","","","","","","","",12.9,1,1025.6,1,"","","","","","",0,1,"","",0,1,0,1,0,1,"","","","","","","","","","","","","","","","","","","","","","","","","","","","",10,1,4,1,"","","","","","","","","","","","","","","","","","","","","","","","","","","","","","","","","","","","","","","","","","","","","","","","","","","","","","","","","","","","","","","","","",""
"59343001","LILLE-LESQUIN",50.57,3.0975,47,1959091912,"","","","",7.,1,"","","","","","","","","","","","","","","","","","","","","","","","","","","","","","",21.1,1,7.1,1,"","","","","","","","","","","","","","","","","","","","","","","","","","",40,1,"","","","","","","","","","","","",10.2,1,1024.6,1,"","","","","","",0,1,"","",0,1,0,1,0,1,"","","","","","","","","","","","","","","","","","","","","","","","",18000,1,"","",1,1,4,1,"","","","","","","","","","","","","","","","","","","","","","","","","","","","","","","","","","","","","","","","","","","","","","","","","","","","","","","","","","","","","","","","","",""
"59343001","LILLE-LESQUIN",50.57,3.0975,47,1959091915,"","","","",6.,1,"","","","","","","","","","","","","","","","","","","","","","","","","","","","","","",21.2,1,8.,1,"","","","","","","","","","","","","","","","","","","","","","","","","","",43,1,"","","","","","","","","","","","",10.9,1,1022.9,1,"","","","","","",0,1,"","",0,1,0,1,0,1,"","","","","","","","","","","","","","","","","","","","","","","","",10000,1,"","",2,1,0,1,"","","","","","","","","","","","","","","","","","","","","","","","","","","","","","","","","","","","","","","","","","","","","","","","","","","","","","","","","","","","","","","","","",""
"59343001","LILLE-LESQUIN",50.57,3.0975,47,1959091918,"","","","",4.,1,"","","","","","","","","","","","","","","","","","","","","","","","","","","","","","",17.4,1,7.3,1,"","","","","","","","","","","","","","","","","","","","","","","","","","",51,1,"","","","","","","","","","","","",10.4,1,1023.5,1,"","","","","","",0,1,"","",0,1,0,1,0,1,"","","","","","","","","","","","","","","","","","","","","","","","",8000,1,"","",2,1,0,1,"","","","","","","","","","","","","","","","","","","","","","","","","","","","","","","","","","","","","","","","","","","","","","","","","","","","","","","","","","","","","","","","","",""
"59343001","LILLE-LESQUIN",50.57,3.0975,47,1959091921,"","","","",5.,1,"","","","","","","","","","","","","","","","","","","","","","","","","","","","","","",13.8,1,7.7,1,"","","","","","","","","","","","","","","","","","","","","","","","","","",68,1,"","","","","","","","","","","","",10.7,1,1024.9,1,"","","","","","",0,1,"","",0,1,0,1,0,1,"","","","","","","","","","","","","","","","","","","","","","","","",10000,1,"","",2,1,0,1,"","","","","","","","","","","","","","","","","","","","","","","","","","","","","","","","","","","","","","","","","","","","","","","","","","","","","","","","","","","","","","","","","",""
"59343001","LILLE-LESQUIN",50.57,3.0975,47,1959092000,"","","","",3.,1,"","","","","","","","","","","","","","","","","","","","","","","","","","","","","","",11.1,1,8.4,1,"","","","","","","","","","","","","","","","","","","","","","","","","","",85,1,"","","","","","","","","","","","",11.2,1,1025.1,1,"","","","","","",0,1,"","",0,1,0,1,0,1,"","","","","","","","","","","","","","","","","","","","","","","","",10000,1,"","",2,1,0,1,"","","","","","","","","","","","","","","","","","","","","","","","","","","","","","","","","","","","","","","","","","","","","","","","","","","","","","","","","","","","","","","","","",""
"59343001","LILLE-LESQUIN",50.57,3.0975,47,1959092003,"","","","",3.,1,"","","","","","","","","","","","","","","","","","","","","","","","","","","","","","",10.1,1,8.7,1,"","","","","","","","","","","","","","","","","","","","","","","","","","",92,1,"","","","","","","","","","","","",11.4,1,1024.4,1,"","","","","","",0,1,"","",0,1,0,1,0,1,"","","","","","","","","","","","","","","","","","","","","","","","",6000,1,"","",2,1,0,1,"","","","","","","","","","","","","","","","","","","","","","","","","","","","","","","","","","","","","","","","","","","","","","","","","","","","","","","","","","","","","","","","","",""
"59343001","LILLE-LESQUIN",50.57,3.0975,47,1959092006,"","","","",2.,1,"","","","","","","","","","","","","","","","","","","","","","","","","","","","","","",8.2,1,7.3,1,"","","","","","","","","","","","","","","","","","","","","","","","","","",96,1,"","","","","","","","","","","","",10.4,1,1024.5,1,"","","","","","",0,1,"","",0,1,0,1,0,1,"","","","","","","","","","","","","","","","","","","","","","","","",2000,1,"","",10,1,0,1,"","",0,1,"","","","","","","","","","","","","","","","","","","","","","","","","","","","","","","","","","","","","","","","","","","","","","","","","","","","","","","","","","","","","",""
"59343001","LILLE-LESQUIN",50.57,3.0975,47,1959092009,"","","","",2.,1,"","","","","","","","","","","","","","","","","","","","","","","","","","","","","","",16.3,1,9.,1,"","","","","","","","","","","","","","","","","","","","","","","","","","",63,1,"","","","","","","","","","","","",11.7,1,1025.4,1,"","","","","","",0,1,"","",0,1,0,1,0,1,"","","","","","","","","","","","","","","","","","","","","","","","","","","","",10,1,0,1,"","","","","","","","","","","","","","","","","","","","","","","","","","","","","","","","","","","","","","","","","","","","","","","","","","","","","","","","","","","","","","","","","",""
"59343001","LILLE-LESQUIN",50.57,3.0975,47,1959092012,"","","","",5.,1,"","","","","","","","","","","","","","","","","","","","","","","","","","","","","","",20.,1,8.5,1,"","","","","","","","","","","","","","","","","","","","","","","","","","",48,1,"","","","","","","","","","","","",11.3,1,1024.1,1,"","","","","","",0,1,"","",0,1,0,1,0,1,"","","","","","","","","","","","","","","","","","","","","","","","",8000,1,"","",2,1,0,1,"","","","","","","","","","","","","","","","","","","","","","","","","","","","","","","","","","","","","","","","","","","","","","","","","","","","","","","","","","","","","","","","","",""
"59343001","LILLE-LESQUIN",50.57,3.0975,47,1959092015,"","","","",1.,1,"","","","","","","","","","","","","","","","","","","","","","","","","","","","","","",21.8,1,8.4,1,"","","","","","","","","","","","","","","","","","","","","","","","","","",43,1,"","","","","","","","","","","","",11.2,1,1022.6,1,"","","","","","",0,1,"","",0,1,0,1,0,1,"","","","","","","","","","","","","","","","","","","","","","","","",12000,1,"","",2,1,0,1,"","","","","","","","","","","","","","","","","","","","","","","","","","","","","","","","","","","","","","","","","","","","","","","","","","","","","","","","","","","","","","","","","",""
"59343001","LILLE-LESQUIN",50.57,3.0975,47,1959092018,"","","","",2.,1,"","","","","","","","","","","","","","","","","","","","","","","","","","","","","","",17.4,1,7.5,1,"","","","","","","","","","","","","","","","","","","","","","","","","","",52,1,"","","","","","","","","","","","",10.5,1,1022.3,1,"","","","","","",0,1,"","",0,1,0,1,0,1,"","","","","","","","","","","","","","","","","","","","","","","","",10000,1,"","",2,1,0,1,"","","","","","","","","","","","","","","","","","","","","","","","","","","","","","","","","","","","","","","","","","","","","","","","","","","","","","","","","","","","","","","","","",""
"59343001","LILLE-LESQUIN",50.57,3.0975,47,1959092021,"","","","",3.,1,"","","","","","","","","","","","","","","","","","","","","","","","","","","","","","",13.,1,8.7,1,"","","","","","","","","","","","","","","","","","","","","","","","","","",76,1,"","","","","","","","","","","","",11.4,1,1023.1,1,"","","","","","",0,1,"","",0,1,0,1,0,1,"","","","","","","","","","","","","","","","","","","","","","","","",10000,1,"","",2,1,0,1,"","","","","","","","","","","","","","","","","","","","","","","","","","","","","","","","","","","","","","","","","","","","","","","","","","","","","","","","","","","","","","","","","",""
"59343001","LILLE-LESQUIN",50.57,3.0975,47,1959092100,"","","","",0.,1,"","","","","","","","","","","","","","","","","","","","","","","","","","","","","","",9.7,1,7.2,1,"","","","","","","","","","","","","","","","","","","","","","","","","","",86,1,"","","","","","","","","","","","",10.3,1,1022.4,1,"","","","","","",0,1,"","",0,1,0,1,0,1,"","","","","","","","","","","","","","","","","","","","","","","","",10000,1,"","",2,1,0,1,"","","","","","","","","","","","","","","","","","","","","","","","","","","","","","","","","","","","","","","","","","","","","","","","","","","","","","","","","","","","","","","","","",""
"59343001","LILLE-LESQUIN",50.57,3.0975,47,1959092103,"","","","",1.,1,"","","","","","","","","","","","","","","","","","","","","","","","","","","","","","",6.8,1,5.3,1,"","","","","","","","","","","","","","","","","","","","","","","","","","",91,1,"","","","","","","","","","","","",9.,1,1021.4,1,"","","","","","",0,1,"","",0,1,0,1,0,1,"","","","","","","","","","","","","","","","","","","","","","","","",7000,1,"","",2,1,0,1,"","","","","","","","","","","","","","","","","","","","","","","","","","","","","","","","","","","","","","","","","","","","","","","","","","","","","","","","","","","","","","","","","",""
"59343001","LILLE-LESQUIN",50.57,3.0975,47,1959092106,"","","","",0.,1,"","","","","","","","","","","","","","","","","","","","","","","","","","","","","","",5.6,1,4.5,1,"","","","","","","","","","","","","","","","","","","","","","","","","","",94,1,"","","","","","","","","","","","",8.5,1,1020.4,1,"","","","","","",1,1,0,1,0,1,0,1,1,1,"","","","","","","","","","","","","","","","","","","","","","","","",1800,1,"","",10,1,0,1,"","",0,1,"","","","","","","","","","","","","","","","","","","","","","","","","","","","","","","","","","","","","","","","","","","","","","","","","","","","","","","","","","","","","",""
"59343001","LILLE-LESQUIN",50.57,3.0975,47,1959092109,"","","","",1.,1,"","","","","","","","","","","","","","","","","","","","","","","","","","","","","","",15.8,1,9.4,1,"","","","","","","","","","","","","","","","","","","","","","","","","","",68,1,"","","","","","","","","","","","",12.,1,1019.5,1,"","","","","","",2,1,0,1,0,1,0,1,1,1,"","","","","","","","","","","","","","","","","","","","","","","","",1600,1,"","",10,1,0,1,"","","","","","","","","","","","","","","","","","","","","","","","","","","","","","","","","","","","","","","","","","","","","","","","","","","","","","","","","","","","","","","","","",""
"59343001","LILLE-LESQUIN",50.57,3.0975,47,1959092112,"","","","",6.,1,"","","","","","","","","","","","","","","","","","","","","","","","","","","","","","",24.,1,3.5,1,"","","","","","","","","","","","","","","","","","","","","","","","","","",26,1,"","","","","","","","","","","","",7.9,1,1017.,1,"","","","","","",4,1,0,1,0,1,0,1,4,1,"","","","","","","","","","","","","","","","","","","","","","","","",8000,1,"","",3,1,0,1,"","","","","","","","","","","","","","","","","","","","","","","","","","","","","","","","","","","","","","","","","","","","","","","","","","","","","","","","","","","","","","","","","",""
"59343001","LILLE-LESQUIN",50.57,3.0975,47,1959092115,"","","","",7.,1,"","","","","","","","","","","","","","","","","","","","","","","","","","","","","","",24.7,1,0.2,1,"","","","","","","","","","","","","","","","","","","","","","","","","","",19,1,"","","","","","","","","","","","",6.2,1,1014.9,1,"","","","","","",7,1,7,1,0,1,4,1,6,1,"","","","","","","","","","","","","","","","","","","","","","","","",10000,1,"","",2,1,2,1,"","","","","","","","","","","","","","","","","","","","","","","","","","","","","","","","","","","","","","","","","","","","","","","","","","","","","","","","","","","","","","","","","",""
"59343001","LILLE-LESQUIN",50.57,3.0975,47,1959092118,"","","","",6.,1,"","","","","","","","","","","","","","","","","","","","","","","","","","","","","","",20.,1,3.7,1,"","","","","","","","","","","","","","","","","","","","","","","","","","",33,1,"","","","","","","","","","","","",8.,1,1014.7,1,"","","","","","",7,1,7,1,0,1,4,1,6,1,"","","","","","","","","","","","","","","","","","","","","","","","",8000,1,"","",1,1,2,1,"","","","","","","","","","","","","","","","","","","","","","","","","","","","","","","","","","","","","","","","","","","","","","","","","","","","","","","","","","","","","","","","","",""
"59343001","LILLE-LESQUIN",50.57,3.0975,47,1959092121,"","","","",4.,1,"","","","","","","","","","","","","","","","","","","","","","","","","","","","","","",15.9,1,7.6,1,"","","","","","","","","","","","","","","","","","","","","","","","","","",59,1,"","","","","","","","","","","","",10.6,1,1015.,1,"","","","","","",3,1,0,1,0,1,0,1,2,1,"","","","","","","","","","","","","","","","","","","","","","","","",10000,1,"","",1,1,0,1,"","","","","","","","","","","","","","","","","","","","","","","","","","","","","","","","","","","","","","","","","","","","","","","","","","","","","","","","","","","","","","","","","",""
"59343001","LILLE-LESQUIN",50.57,3.0975,47,1959092200,"","","","",6.,1,"","","","","","","","","","","","","","","","","","","","","","","","","","","","","","",16.8,1,8.7,1,"","","","","","","","","","","","","","","","","","","","","","","","","","",60,1,"","","","","","","","","","","","",11.4,1,1014.7,1,"","","","","","",7,1,7,1,0,1,7,1,"","","","","","","","","","","","","","","","","","","","","","","","","","",8000,1,"","",2,1,2,1,"","","","","","","","","","","","","","","","","","","","","","","","","","","","","","","","","","","","","","","","","","","","","","","","","","","","","","","","","","","","","","","","","",""
"59343001","LILLE-LESQUIN",50.57,3.0975,47,1959092203,"","","","",6.,1,"","","","","","","","","","","","","","","","","","","","","","","","","","","","","","",17.2,1,7.3,1,"","","","","","","","","","","","","","","","","","","","","","","","","","",53,1,"","","","","","","","","","","","",10.4,1,1015.,1,"","","","","","",8,1,8,1,5,1,"","","","","","","","","","","","","","","","","","","","","","","","","","","","",10000,1,"","",60,1,2,1,"","","","","","","","","","","","","","","","","","","","","","","","","","","","","","","","","","","","","","","","","","","","","","","","","","","","","","","","","","","","","","","","","",""
"59343001","LILLE-LESQUIN",50.57,3.0975,47,1959092206,"","","","",5.,1,"","","","","","","","","","","","","","","","","","","","","","","","","","","","","","",14.8,1,12.5,1,"","","","","","","","","","","","","","","","","","","","","","","","","","",88,1,"","","","","","","","","","","","",14.8,1,1015.8,1,"","","","","","",8,1,8,1,7,1,"","","","","","","","","","","","","","","","","","","","","","","","","","","","",2000,1,"","",10,1,6,1,"","",0,1,"","","","","","","","","","","","","","","","","","","","","","","","","","","","","","","","","","","","","","","","","","","","","","","","","","","","","","","","","","","","","",""
"59343001","LILLE-LESQUIN",50.57,3.0975,47,1959092209,"","","","",6.,1,"","","","","","","","","","","","","","","","","","","","","","","","","","","","","","",16.2,1,13.7,1,"","","","","","","","","","","","","","","","","","","","","","","","","","",88,1,"","","","","","","","","","","","",16.1,1,1017.6,1,"","","","","","",8,1,6,1,7,1,2,1,"","","","","","","","","","","","","","","","","","","","","","","","","","",4000,1,"","",60,1,2,1,"","","","","","","","","","","","","","","","","","","","","","","","","","","","","","","","","","","","","","","","","","","","","","","","","","","","","","","","","","","","","","","","","",""
"59343001","LILLE-LESQUIN",50.57,3.0975,47,1959092212,"","","","",5.,1,"","","","","","","","","","","","","","","","","","","","","","","","","","","","","","",17.8,1,14.4,1,"","","","","","","","","","","","","","","","","","","","","","","","","","",83,1,"","","","","","","","","","","","",16.9,1,1018.3,1,"","","","","","",8,1,6,1,7,1,2,1,"","","","","","","","","","","","","","","","","","","","","","","","","","",5000,1,"","",2,1,6,1,"","","","","","","","","","","","","","","","","","","","","","","","","","","","","","","","","","","","","","","","","","","","","","","","","","","","","","","","","","","","","","","","","",""
"59343001","LILLE-LESQUIN",50.57,3.0975,47,1959092215,"","","","",5.,1,"","","","","","","","","","","","","","","","","","","","","","","","","","","","","","",19.,1,15.3,1,"","","","","","","","","","","","","","","","","","","","","","","","","","",82,1,"","","","","","","","","","","","",17.9,1,1019.,1,"","","","","","",7,1,5,1,7,1,"","","","","","","","","","","","","","","","","","","","","","","","","","","","","","","","",10,1,2,1,"","","","","","","","","","","","","","","","","","","","","","","","","","","","","","","","","","","","","","","","","","","","","","","","","","","","","","","","","","","","","","","","","",""
"59343001","LILLE-LESQUIN",50.57,3.0975,47,1959092218,"","","","",4.,1,"","","","","","","","","","","","","","","","","","","","","","","","","","","","","","",17.7,1,14.6,1,"","","","","","","","","","","","","","","","","","","","","","","","","","",85,1,"","","","","","","","","","","","",17.1,1,1019.7,1,"","","","","","",3,1,0,1,5,1,0,1,0,1,"","","","","","","","","","","","","","","","","","","","","","","","",7000,1,"","",1,1,1,1,"","","","","","","","","","","","","","","","","","","","","","","","","","","","","","","","","","","","","","","","","","","","","","","","","","","","","","","","","","","","","","","","","",""
"59343001","LILLE-LESQUIN",50.57,3.0975,47,1959092221,"","","","",3.,1,"","","","","","","","","","","","","","","","","","","","","","","","","","","","","","",14.1,1,12.9,1,"","","","","","","","","","","","","","","","","","","","","","","","","","",94,1,"","","","","","","","","","","","",15.2,1,1021.,1,"","","","","","",0,1,"","",0,1,0,1,0,1,"","","","","","","","","","","","","","","","","","","","","","","","",7000,1,"","",2,1,0,1,"","","","","","","","","","","","","","","","","","","","","","","","","","","","","","","","","","","","","","","","","","","","","","","","","","","","","","","","","","","","","","","","","",""
"59343001","LILLE-LESQUIN",50.57,3.0975,47,1959092300,"","","","",0.,1,"","","","","","","","","","","","","","","","","","","","","","","","","","","","","","",12.6,1,11.6,1,"","","","","","","","","","","","","","","","","","","","","","","","","","",96,1,"","","","","","","","","","","","",14.,1,1021.1,1,"","","","","","",6,1,6,1,5,1,0,1,0,1,"","","","","","","","","","","","","","","","","","","","","","","","",1600,1,"","",10,1,4,1,"","","","","","","","","","","","","","","","","","","","","","","","","","","","","","","","","","","","","","","","","","","","","","","","","","","","","","","","","","","","","","","","","",""
"59343001","LILLE-LESQUIN",50.57,3.0975,47,1959092303,"","","","",0.,1,"","","","","","","","","","","","","","","","","","","","","","","","","","","","","","",14.1,1,13.2,1,"","","","","","","","","","","","","","","","","","","","","","","","","","",97,1,"","","","","","","","","","","","",15.6,1,1021.,1,"","","","","","",8,1,8,1,6,1,"","","","","","","","","","","","","","","","","","","","","","","","","","","","",1200,1,"","",10,1,2,1,"","","","","","","","","","","","","","","","","","","","","","","","","","","","","","","","","","","","","","","","","","","","","","","","","","","","","","","","","","","","","","","","","",""
"59343001","LILLE-LESQUIN",50.57,3.0975,47,1959092306,"","","","",2.,1,"","","","","","","","","","","","","","","","","","","","","","","","","","","","","","",14.3,1,14.3,1,"","","","","","","","","","","","","","","","","","","","","","","","","","",99,1,"","","","","","","","","","","","",16.1,1,1021.4,1,"","","","","","",9,1,"","","","","","","","","","","","","","","","","","","","","","","","","","","","","","","","",100,1,"","",47,1,4,1,"","",0,1,"","","","","","","","","","","","","","","","","","","","","","","","","","","","","","","","","","","","","","","","","","","","","","","","","","","","","","","","","","","","","",""
"59343001","LILLE-LESQUIN",50.57,3.0975,47,1959092309,"","","","",1.,1,"","","","","","","","","","","","","","","","","","","","","","","","","","","","","","",15.1,1,14.4,1,"","","","","","","","","","","","","","","","","","","","","","","","","","",98,1,"","","","","","","","","","","","",16.8,1,1022.6,1,"","","","","","",8,1,8,1,6,1,"","","","","","","","","","","","","","","","","","","","","","","","","","","","",1200,1,"","",28,1,4,1,"","","","","","","","","","","","","","","","","","","","","","","","","","","","","","","","","","","","","","","","","","","","","","","","","","","","","","","","","","","","","","","","","",""
"59343001","LILLE-LESQUIN",50.57,3.0975,47,1959092312,"","","","",3.,1,"","","","","","","","","","","","","","","","","","","","","","","","","","","","","","",19.1,1,9.9,1,"","","","","","","","","","","","","","","","","","","","","","","","","","",56,1,"","","","","","","","","","","","",12.4,1,1022.7,1,"","","","","","",7,1,6,1,2,1,4,1,2,1,"","","","","","","","","","","","","","","","","","","","","","","","",8000,1,"","",2,1,4,1,"","","","","","","","","","","","","","","","","","","","","","","","","","","","","","","","","","","","","","","","","","","","","","","","","","","","","","","","","","","","","","","","","",""
"59343001","LILLE-LESQUIN",50.57,3.0975,47,1959092315,"","","","",5.,1,"","","","","","","","","","","","","","","","","","","","","","","","","","","","","","",18.,1,6.9,1,"","","","","","","","","","","","","","","","","","","","","","","","","","",48,1,"","","","","","","","","","","","",10.1,1,1022.2,1,"","","","","","",7,1,5,1,4,1,0,1,2,1,"","","","","","","","","","","","","","","","","","","","","","","","",20000,1,"","",2,1,2,1,"","","","","","","","","","","","","","","","","","","","","","","","","","","","","","","","","","","","","","","","","","","","","","","","","","","","","","","","","","","","","","","","","",""
"59343001","LILLE-LESQUIN",50.57,3.0975,47,1959092318,"","","","",2.,1,"","","","","","","","","","","","","","","","","","","","","","","","","","","","","","",14.1,1,7.3,1,"","","","","","","","","","","","","","","","","","","","","","","","","","",65,1,"","","","","","","","","","","","",10.4,1,1022.,1,"","","","","","",7,1,7,1,5,1,0,1,2,1,"","","","","","","","","","","","","","","","","","","","","","","","",10000,1,"","",1,1,2,1,"","","","","","","","","","","","","","","","","","","","","","","","","","","","","","","","","","","","","","","","","","","","","","","","","","","","","","","","","","","","","","","","","",""
"59343001","LILLE-LESQUIN",50.57,3.0975,47,1959092321,"","","","",0.,1,"","","","","","","","","","","","","","","","","","","","","","","","","","","","","","",10.3,1,7.1,1,"","","","","","","","","","","","","","","","","","","","","","","","","","",81,1,"","","","","","","","","","","","",10.2,1,1022.8,1,"","","","","","",0,1,"","",0,1,0,1,0,1,"","","","","","","","","","","","","","","","","","","","","","","","",7000,1,"","",1,1,1,1,"","","","","","","","","","","","","","","","","","","","","","","","","","","","","","","","","","","","","","","","","","","","","","","","","","","","","","","","","","","","","","","","","",""
"59343001","LILLE-LESQUIN",50.57,3.0975,47,1959092400,"","","","",1.,1,"","","","","","","","","","","","","","","","","","","","","","","","","","","","","","",8.1,1,6.2,1,"","","","","","","","","","","","","","","","","","","","","","","","","","",89,1,"","","","","","","","","","","","",9.6,1,1022.5,1,"","","","","","",1,1,0,1,0,1,0,1,1,1,"","","","","","","","","","","","","","","","","","","","","","","","",7000,1,"","",2,1,1,1,"","","","","","","","","","","","","","","","","","","","","","","","","","","","","","","","","","","","","","","","","","","","","","","","","","","","","","","","","","","","","","","","","",""
"59343001","LILLE-LESQUIN",50.57,3.0975,47,1959092403,"","","","",1.,1,"","","","","","","","","","","","","","","","","","","","","","","","","","","","","","",6.7,1,5.1,1,"","","","","","","","","","","","","","","","","","","","","","","","","","",91,1,"","","","","","","","","","","","",8.9,1,1021.8,1,"","","","","","",4,1,0,1,0,1,0,1,2,1,"","","","","","","","","","","","","","","","","","","","","","","","",5000,1,"","",3,1,0,1,"","","","","","","","","","","","","","","","","","","","","","","","","","","","","","","","","","","","","","","","","","","","","","","","","","","","","","","","","","","","","","","","","",""
"59343001","LILLE-LESQUIN",50.57,3.0975,47,1959092406,"","","","",0.,1,"","","","","","","","","","","","","","","","","","","","","","","","","","","","","","",6.3,1,5.3,1,"","","","","","","","","","","","","","","","","","","","","","","","","","",94,1,"","","","","","","","","","","","",9.,1,1021.6,1,"","","","","","",6,1,0,1,0,1,4,1,2,1,"","","","","","","","","","","","","","","","","","","","","","","","",2200,1,"","",10,1,1,1,"","",0,1,"","","","","","","","","","","","","","","","","","","","","","","","","","","","","","","","","","","","","","","","","","","","","","","","","","","","","","","","","","","","","",""
"59343001","LILLE-LESQUIN",50.57,3.0975,47,1959092409,"","","","",2.,1,"","","","","","","","","","","","","","","","","","","","","","","","","","","","","","",14.4,1,7.6,1,"","","","","","","","","","","","","","","","","","","","","","","","","","",65,1,"","","","","","","","","","","","",10.6,1,1021.6,1,"","","","","","",5,1,5,1,5,1,0,1,0,1,"","","","","","","","","","","","","","","","","","","","","","","","",2500,1,"","",10,1,2,1,"","","","","","","","","","","","","","","","","","","","","","","","","","","","","","","","","","","","","","","","","","","","","","","","","","","","","","","","","","","","","","","","","",""
"59343001","LILLE-LESQUIN",50.57,3.0975,47,1959092412,"","","","",2.,1,"","","","","","","","","","","","","","","","","","","","","","","","","","","","","","",19.1,1,7.3,1,"","","","","","","","","","","","","","","","","","","","","","","","","","",47,1,"","","","","","","","","","","","",10.4,1,1020.2,1,"","","","","","",5,1,5,1,2,1,0,1,0,1,"","","","","","","","","","","","","","","","","","","","","","","","",8000,1,"","",3,1,2,1,"","","","","","","","","","","","","","","","","","","","","","","","","","","","","","","","","","","","","","","","","","","","","","","","","","","","","","","","","","","","","","","","","",""
"59343001","LILLE-LESQUIN",50.57,3.0975,47,1959092415,"","","","",3.,1,"","","","","","","","","","","","","","","","","","","","","","","","","","","","","","",19.4,1,6.5,1,"","","","","","","","","","","","","","","","","","","","","","","","","","",43,1,"","","","","","","","","","","","",9.8,1,1018.9,1,"","","","","","",4,1,0,1,2,1,0,1,0,1,"","","","","","","","","","","","","","","","","","","","","","","","",10000,1,"","",1,1,2,1,"","","","","","","","","","","","","","","","","","","","","","","","","","","","","","","","","","","","","","","","","","","","","","","","","","","","","","","","","","","","","","","","","",""
"59343001","LILLE-LESQUIN",50.57,3.0975,47,1959092418,"","","","",3.,1,"","","","","","","","","","","","","","","","","","","","","","","","","","","","","","",14.9,1,7.3,1,"","","","","","","","","","","","","","","","","","","","","","","","","","",62,1,"","","","","","","","","","","","",10.4,1,1018.3,1,"","","","","","",3,1,0,1,0,1,0,1,1,1,"","","","","","","","","","","","","","","","","","","","","","","","",6000,1,"","",1,1,0,1,"","","","","","","","","","","","","","","","","","","","","","","","","","","","","","","","","","","","","","","","","","","","","","","","","","","","","","","","","","","","","","","","","",""
"59343001","LILLE-LESQUIN",50.57,3.0975,47,1959092421,"","","","",2.,1,"","","","","","","","","","","","","","","","","","","","","","","","","","","","","","",12.8,1,8.7,1,"","","","","","","","","","","","","","","","","","","","","","","","","","",77,1,"","","","","","","","","","","","",11.4,1,1018.1,1,"","","","","","",4,1,0,1,0,1,0,1,1,1,"","","","","","","","","","","","","","","","","","","","","","","","",6000,1,"","",3,1,0,1,"","","","","","","","","","","","","","","","","","","","","","","","","","","","","","","","","","","","","","","","","","","","","","","","","","","","","","","","","","","","","","","","","",""
"59343001","LILLE-LESQUIN",50.57,3.0975,47,1959092500,"","","","",2.,1,"","","","","","","","","","","","","","","","","","","","","","","","","","","","","","",9.6,1,7.3,1,"","","","","","","","","","","","","","","","","","","","","","","","","","",87,1,"","","","","","","","","","","","",10.4,1,1017.4,1,"","","","","","",3,1,0,1,0,1,3,1,1,1,"","","","","","","","","","","","","","","","","","","","","","","","",6000,1,"","",2,1,1,1,"","","","","","","","","","","","","","","","","","","","","","","","","","","","","","","","","","","","","","","","","","","","","","","","","","","","","","","","","","","","","","","","","",""
"59343001","LILLE-LESQUIN",50.57,3.0975,47,1959092503,"","","","",3.,1,"","","","","","","","","","","","","","","","","","","","","","","","","","","","","","",8.7,1,7.1,1,"","","","","","","","","","","","","","","","","","","","","","","","","","",90,1,"","","","","","","","","","","","",10.2,1,1016.4,1,"","","","","","",1,1,0,1,0,1,0,1,1,1,"","","","","","","","","","","","","","","","","","","","","","","","",5000,1,"","",1,1,0,1,"","","","","","","","","","","","","","","","","","","","","","","","","","","","","","","","","","","","","","","","","","","","","","","","","","","","","","","","","","","","","","","","","",""
"59343001","LILLE-LESQUIN",50.57,3.0975,47,1959092506,"","","","",3.,1,"","","","","","","","","","","","","","","","","","","","","","","","","","","","","","",7.8,1,6.4,1,"","","","","","","","","","","","","","","","","","","","","","","","","","",91,1,"","","","","","","","","","","","",9.7,1,1015.2,1,"","","","","","",4,1,0,1,0,1,0,1,1,1,"","","","","","","","","","","","","","","","","","","","","","","","",2000,1,"","",10,1,0,1,"","",0,1,"","","","","","","","","","","","","","","","","","","","","","","","","","","","","","","","","","","","","","","","","","","","","","","","","","","","","","","","","","","","","",""
"59343001","LILLE-LESQUIN",50.57,3.0975,47,1959092509,"","","","",2.,1,"","","","","","","","","","","","","","","","","","","","","","","","","","","","","","",14.2,1,8.,1,"","","","","","","","","","","","","","","","","","","","","","","","","","",67,1,"","","","","","","","","","","","",10.9,1,1014.8,1,"","","","","","",1,1,0,1,0,1,0,1,1,1,"","","","","","","","","","","","","","","","","","","","","","","","",3500,1,"","",10,1,1,1,"","","","","","","","","","","","","","","","","","","","","","","","","","","","","","","","","","","","","","","","","","","","","","","","","","","","","","","","","","","","","","","","","",""
"59343001","LILLE-LESQUIN",50.57,3.0975,47,1959092512,"","","","",2.,1,"","","","","","","","","","","","","","","","","","","","","","","","","","","","","","",20.,1,8.4,1,"","","","","","","","","","","","","","","","","","","","","","","","","","",48,1,"","","","","","","","","","","","",11.2,1,1013.3,1,"","","","","","",1,1,0,1,0,1,0,1,1,1,"","","","","","","","","","","","","","","","","","","","","","","","",4500,1,"","",10,1,1,1,"","","","","","","","","","","","","","","","","","","","","","","","","","","","","","","","","","","","","","","","","","","","","","","","","","","","","","","","","","","","","","","","","",""
"59343001","LILLE-LESQUIN",50.57,3.0975,47,1959092515,"","","","",1.,1,"","","","","","","","","","","","","","","","","","","","","","","","","","","","","","",22.3,1,8.9,1,"","","","","","","","","","","","","","","","","","","","","","","","","","",43,1,"","","","","","","","","","","","",11.6,1,1012.,1,"","","","","","",3,1,0,1,0,1,3,1,1,1,"","","","","","","","","","","","","","","","","","","","","","","","",6000,1,"","",3,1,0,1,"","","","","","","","","","","","","","","","","","","","","","","","","","","","","","","","","","","","","","","","","","","","","","","","","","","","","","","","","","","","","","","","","",""
"59343001","LILLE-LESQUIN",50.57,3.0975,47,1959092518,"","","","",2.,1,"","","","","","","","","","","","","","","","","","","","","","","","","","","","","","",18.1,1,9.2,1,"","","","","","","","","","","","","","","","","","","","","","","","","","",57,1,"","","","","","","","","","","","",11.8,1,1011.8,1,"","","","","","",3,1,0,1,0,1,3,1,0,1,"","","","","","","","","","","","","","","","","","","","","","","","",4000,1,"","",10,1,0,1,"","","","","","","","","","","","","","","","","","","","","","","","","","","","","","","","","","","","","","","","","","","","","","","","","","","","","","","","","","","","","","","","","",""
"59343001","LILLE-LESQUIN",50.57,3.0975,47,1959092521,"","","","",1.,1,"","","","","","","","","","","","","","","","","","","","","","","","","","","","","","",14.6,1,10.3,1,"","","","","","","","","","","","","","","","","","","","","","","","","","",77,1,"","","","","","","","","","","","",12.8,1,1012.3,1,"","","","","","",8,1,8,1,5,1,"","","","","","","","","","","","","","","","","","","","","","","","","","","","",4000,1,"","",10,1,1,1,"","","","","","","","","","","","","","","","","","","","","","","","","","","","","","","","","","","","","","","","","","","","","","","","","","","","","","","","","","","","","","","","","",""
"59343001","LILLE-LESQUIN",50.57,3.0975,47,1959092600,"","","","",0.,1,"","","","","","","","","","","","","","","","","","","","","","","","","","","","","","",12.,1,9.2,1,"","","","","","","","","","","","","","","","","","","","","","","","","","",85,1,"","","","","","","","","","","","",11.8,1,1012.4,1,"","","","","","",5,1,5,1,5,1,0,1,0,1,"","","","","","","","","","","","","","","","","","","","","","","","",3000,1,"","",10,1,1,1,"","","","","","","","","","","","","","","","","","","","","","","","","","","","","","","","","","","","","","","","","","","","","","","","","","","","","","","","","","","","","","","","","",""
"59343001","LILLE-LESQUIN",50.57,3.0975,47,1959092603,"","","","",1.,1,"","","","","","","","","","","","","","","","","","","","","","","","","","","","","","",10.,1,8.5,1,"","","","","","","","","","","","","","","","","","","","","","","","","","",92,1,"","","","","","","","","","","","",11.3,1,1012.7,1,"","","","","","",6,1,6,1,0,1,0,1,6,1,"","","","","","","","","","","","","","","","","","","","","","","","",2500,1,"","",10,1,1,1,"","","","","","","","","","","","","","","","","","","","","","","","","","","","","","","","","","","","","","","","","","","","","","","","","","","","","","","","","","","","","","","","","",""
"59343001","LILLE-LESQUIN",50.57,3.0975,47,1959092606,"","","","",1.,1,"","","","","","","","","","","","","","","","","","","","","","","","","","","","","","",10.6,1,9.3,1,"","","","","","","","","","","","","","","","","","","","","","","","","","",94,1,"","","","","","","","","","","","",11.9,1,1013.6,1,"","","","","","",8,1,8,1,0,1,5,1,7,1,"","","","","","","","","","","","","","","","","","","","","","","","",1200,1,"","",10,1,2,1,"","",0,1,"","","","","","","","","","","","","","","","","","","","","","","","","","","","","","","","","","","","","","","","","","","","","","","","","","","","","","","","","","","","","",""
"59343001","LILLE-LESQUIN",50.57,3.0975,47,1959092609,"","","","",2.,1,"","","","","","","","","","","","","","","","","","","","","","","","","","","","","","",16.6,1,13.2,1,"","","","","","","","","","","","","","","","","","","","","","","","","","",82,1,"","","","","","","","","","","","",15.5,1,1015.,1,"","","","","","",8,1,8,1,0,1,0,1,7,1,"","","","","","","","","","","","","","","","","","","","","","","","",1700,1,"","",10,1,2,1,"","","","","","","","","","","","","","","","","","","","","","","","","","","","","","","","","","","","","","","","","","","","","","","","","","","","","","","","","","","","","","","","","",""
"59343001","LILLE-LESQUIN",50.57,3.0975,47,1959092612,"","","","",2.,1,"","","","","","","","","","","","","","","","","","","","","","","","","","","","","","",20.,1,10.7,1,"","","","","","","","","","","","","","","","","","","","","","","","","","",56,1,"","","","","","","","","","","","",13.1,1,1015.8,1,"","","","","","",8,1,8,1,0,1,0,1,7,1,"","","","","","","","","","","","","","","","","","","","","","","","",4000,1,"","",10,1,2,1,"","","","","","","","","","","","","","","","","","","","","","","","","","","","","","","","","","","","","","","","","","","","","","","","","","","","","","","","","","","","","","","","","",""
"59343001","LILLE-LESQUIN",50.57,3.0975,47,1959092615,"","","","",4.,1,"","","","","","","","","","","","","","","","","","","","","","","","","","","","","","",21.4,1,10.3,1,"","","","","","","","","","","","","","","","","","","","","","","","","","",49,1,"","","","","","","","","","","","",12.8,1,1016.,1,"","","","","","",5,1,0,1,5,1,4,1,2,1,"","","","","","","","","","","","","","","","","","","","","","","","",7000,1,"","",1,1,2,1,"","","","","","","","","","","","","","","","","","","","","","","","","","","","","","","","","","","","","","","","","","","","","","","","","","","","","","","","","","","","","","","","","",""
"59343001","LILLE-LESQUIN",50.57,3.0975,47,1959092618,"","","","",7.,1,"","","","","","","","","","","","","","","","","","","","","","","","","","","","","","",17.8,1,12.9,1,"","","","","","","","","","","","","","","","","","","","","","","","","","",75,1,"","","","","","","","","","","","",15.2,1,1018.5,1,"","","","","","",8,1,6,1,5,1,5,1,"","","","","","","","","","","","","","","","","","","","","","","","","","",3000,1,"","",10,1,2,1,"","","","","","","","","","","","","","","","","","","","","","","","","","","","","","","","","","","","","","","","","","","","","","","","","","","","","","","","","","","","","","","","","",""
"59343001","LILLE-LESQUIN",50.57,3.0975,47,1959092621,"","","","",6.,1,"","","","","","","","","","","","","","","","","","","","","","","","","","","","","","",16.,1,12.8,1,"","","","","","","","","","","","","","","","","","","","","","","","","","",83,1,"","","","","","","","","","","","",15.1,1,1021.2,1,"","","","","","",6,1,6,1,6,1,3,1,0,1,"","","","","","","","","","","","","","","","","","","","","","","","",10000,1,"","",1,1,2,1,"","","","","","","","","","","","","","","","","","","","","","","","","","","","","","","","","","","","","","","","","","","","","","","","","","","","","","","","","","","","","","","","","",""
"59343001","LILLE-LESQUIN",50.57,3.0975,47,1959092700,"","","","",4.,1,"","","","","","","","","","","","","","","","","","","","","","","","","","","","","","",15.9,1,11.5,1,"","","","","","","","","","","","","","","","","","","","","","","","","","",78,1,"","","","","","","","","","","","",13.9,1,1022.3,1,"","","","","","",8,1,8,1,5,1,"","","","","","","","","","","","","","","","","","","","","","","","","","","","",15000,1,"","",2,1,1,1,"","","","","","","","","","","","","","","","","","","","","","","","","","","","","","","","","","","","","","","","","","","","","","","","","","","","","","","","","","","","","","","","","",""
"59343001","LILLE-LESQUIN",50.57,3.0975,47,1959092703,"","","","",3.,1,"","","","","","","","","","","","","","","","","","","","","","","","","","","","","","",13.6,1,11.7,1,"","","","","","","","","","","","","","","","","","","","","","","","","","",91,1,"","","","","","","","","","","","",14.1,1,1023.1,1,"","","","","","",1,1,0,1,5,1,0,1,0,1,"","","","","","","","","","","","","","","","","","","","","","","","",15000,1,"","",2,1,1,1,"","","","","","","","","","","","","","","","","","","","","","","","","","","","","","","","","","","","","","","","","","","","","","","","","","","","","","","","","","","","","","","","","",""
"59343001","LILLE-LESQUIN",50.57,3.0975,47,1959092706,"","","","",5.,1,"","","","","","","","","","","","","","","","","","","","","","","","","","","","","","",14.5,1,10.9,1,"","","","","","","","","","","","","","","","","","","","","","","","","","",81,1,"","","","","","","","","","","","",13.3,1,1024.8,1,"","","","","","",5,1,0,1,5,1,0,1,1,1,"","","","","","","","","","","","","","","","","","","","","","","","",15000,1,"","",1,1,1,1,"","",0,1,"","","","","","","","","","","","","","","","","","","","","","","","","","","","","","","","","","","","","","","","","","","","","","","","","","","","","","","","","","","","","",""
"59343001","LILLE-LESQUIN",50.57,3.0975,47,1959092709,"","","","",7.,1,"","","","","","","","","","","","","","","","","","","","","","","","","","","","","","",16.6,1,8.8,1,"","","","","","","","","","","","","","","","","","","","","","","","","","",62,1,"","","","","","","","","","","","",11.5,1,1026.3,1,"","","","","","",4,1,0,1,8,1,0,1,0,1,"","","","","","","","","","","","","","","","","","","","","","","","",12000,1,"","",2,1,1,1,"","","","","","","","","","","","","","","","","","","","","","","","","","","","","","","","","","","","","","","","","","","","","","","","","","","","","","","","","","","","","","","","","",""
"59343001","LILLE-LESQUIN",50.57,3.0975,47,1959092712,"","","","",6.,1,"","","","","","","","","","","","","","","","","","","","","","","","","","","","","","",18.,1,4.5,1,"","","","","","","","","","","","","","","","","","","","","","","","","","",42,1,"","","","","","","","","","","","",8.5,1,1027.,1,"","","","","","",7,1,0,1,2,1,3,1,0,1,"","","","","","","","","","","","","","","","","","","","","","","","",20000,1,"","",2,1,1,1,"","","","","","","","","","","","","","","","","","","","","","","","","","","","","","","","","","","","","","","","","","","","","","","","","","","","","","","","","","","","","","","","","",""
"59343001","LILLE-LESQUIN",50.57,3.0975,47,1959092715,"","","","",5.,1,"","","","","","","","","","","","","","","","","","","","","","","","","","","","","","",17.3,1,4.3,1,"","","","","","","","","","","","","","","","","","","","","","","","","","",42,1,"","","","","","","","","","","","",8.4,1,1026.7,1,"","","","","","",5,1,5,1,0,1,3,1,0,1,"","","","","","","","","","","","","","","","","","","","","","","","",30000,1,"","",2,1,2,1,"","","","","","","","","","","","","","","","","","","","","","","","","","","","","","","","","","","","","","","","","","","","","","","","","","","","","","","","","","","","","","","","","",""
"59343001","LILLE-LESQUIN",50.57,3.0975,47,1959092718,"","","","",3.,1,"","","","","","","","","","","","","","","","","","","","","","","","","","","","","","",13.7,1,4.7,1,"","","","","","","","","","","","","","","","","","","","","","","","","","",55,1,"","","","","","","","","","","","",8.6,1,1027.5,1,"","","","","","",2,1,0,1,0,1,0,1,1,1,"","","","","","","","","","","","","","","","","","","","","","","","",25000,1,"","",2,1,0,1,"","","","","","","","","","","","","","","","","","","","","","","","","","","","","","","","","","","","","","","","","","","","","","","","","","","","","","","","","","","","","","","","","",""
"59343001","LILLE-LESQUIN",50.57,3.0975,47,1959092721,"","","","",3.,1,"","","","","","","","","","","","","","","","","","","","","","","","","","","","","","",10.3,1,6.1,1,"","","","","","","","","","","","","","","","","","","","","","","","","","",76,1,"","","","","","","","","","","","",9.5,1,1028.9,1,"","","","","","",0,1,"","",0,1,0,1,0,1,"","","","","","","","","","","","","","","","","","","","","","","","",15000,1,"","",2,1,0,1,"","","","","","","","","","","","","","","","","","","","","","","","","","","","","","","","","","","","","","","","","","","","","","","","","","","","","","","","","","","","","","","","","",""
"59343001","LILLE-LESQUIN",50.57,3.0975,47,1959092800,"","","","",2.,1,"","","","","","","","","","","","","","","","","","","","","","","","","","","","","","",8.8,1,5.6,1,"","","","","","","","","","","","","","","","","","","","","","","","","","",81,1,"","","","","","","","","","","","",9.2,1,1029.6,1,"","","","","","",0,1,"","",0,1,0,1,0,1,"","","","","","","","","","","","","","","","","","","","","","","","",15000,1,"","",2,1,0,1,"","","","","","","","","","","","","","","","","","","","","","","","","","","","","","","","","","","","","","","","","","","","","","","","","","","","","","","","","","","","","","","","","",""
"59343001","LILLE-LESQUIN",50.57,3.0975,47,1959092803,"","","","",1.,1,"","","","","","","","","","","","","","","","","","","","","","","","","","","","","","",6.8,1,4.8,1,"","","","","","","","","","","","","","","","","","","","","","","","","","",88,1,"","","","","","","","","","","","",8.7,1,1029.6,1,"","","","","","",0,1,"","",0,1,0,1,0,1,"","","","","","","","","","","","","","","","","","","","","","","","",15000,1,"","",2,1,0,1,"","","","","","","","","","","","","","","","","","","","","","","","","","","","","","","","","","","","","","","","","","","","","","","","","","","","","","","","","","","","","","","","","",""
"59343001","LILLE-LESQUIN",50.57,3.0975,47,1959092806,"","","","",2.,1,"","","","","","","","","","","","","","","","","","","","","","","","","","","","","","",6.5,1,4.8,1,"","","","","","","","","","","","","","","","","","","","","","","","","","",90,1,"","","","","","","","","","","","",8.7,1,1030.4,1,"","","","","","",1,1,0,1,0,1,0,1,1,1,"","","","","","","","","","","","","","","","","","","","","","","","",7000,1,"","",3,1,0,1,"","",0,1,"","","","","","","","","","","","","","","","","","","","","","","","","","","","","","","","","","","","","","","","","","","","","","","","","","","","","","","","","","","","","",""
"59343001","LILLE-LESQUIN",50.57,3.0975,47,1959092809,"","","","",3.,1,"","","","","","","","","","","","","","","","","","","","","","","","","","","","","","",14.7,1,5.8,1,"","","","","","","","","","","","","","","","","","","","","","","","","","",55,1,"","","","","","","","","","","","",9.3,1,1030.9,1,"","","","","","",1,1,0,1,0,1,0,1,1,1,"","","","","","","","","","","","","","","","","","","","","","","","",10000,1,"","",2,1,0,1,"","","","","","","","","","","","","","","","","","","","","","","","","","","","","","","","","","","","","","","","","","","","","","","","","","","","","","","","","","","","","","","","","",""
"59343001","LILLE-LESQUIN",50.57,3.0975,47,1959092812,"","","","",6.,1,"","","","","","","","","","","","","","","","","","","","","","","","","","","","","","",17.6,1,5.1,1,"","","","","","","","","","","","","","","","","","","","","","","","","","",44,1,"","","","","","","","","","","","",8.9,1,1029.5,1,"","","","","","",1,1,0,1,0,1,0,1,1,1,"","","","","","","","","","","","","","","","","","","","","","","","",30000,1,"","",2,1,0,1,"","","","","","","","","","","","","","","","","","","","","","","","","","","","","","","","","","","","","","","","","","","","","","","","","","","","","","","","","","","","","","","","","",""
"59343001","LILLE-LESQUIN",50.57,3.0975,47,1959092815,"","","","",5.,1,"","","","","","","","","","","","","","","","","","","","","","","","","","","","","","",19.2,1,5.1,1,"","","","","","","","","","","","","","","","","","","","","","","","","","",39,1,"","","","","","","","","","","","",8.9,1,1028.2,1,"","","","","","",1,1,0,1,0,1,0,1,1,1,"","","","","","","","","","","","","","","","","","","","","","","","",25000,1,"","",2,1,0,1,"","","","","","","","","","","","","","","","","","","","","","","","","","","","","","","","","","","","","","","","","","","","","","","","","","","","","","","","","","","","","","","","","",""
"59343001","LILLE-LESQUIN",50.57,3.0975,47,1959092818,"","","","",3.,1,"","","","","","","","","","","","","","","","","","","","","","","","","","","","","","",14.2,1,6.6,1,"","","","","","","","","","","","","","","","","","","","","","","","","","",61,1,"","","","","","","","","","","","",9.9,1,1028.,1,"","","","","","",1,1,0,1,0,1,0,1,1,1,"","","","","","","","","","","","","","","","","","","","","","","","",7000,1,"","",2,1,0,1,"","","","","","","","","","","","","","","","","","","","","","","","","","","","","","","","","","","","","","","","","","","","","","","","","","","","","","","","","","","","","","","","","",""
"59343001","LILLE-LESQUIN",50.57,3.0975,47,1959092821,"","","","",3.,1,"","","","","","","","","","","","","","","","","","","","","","","","","","","","","","",11.,1,6.2,1,"","","","","","","","","","","","","","","","","","","","","","","","","","",73,1,"","","","","","","","","","","","",9.6,1,1028.3,1,"","","","","","",0,1,"","",0,1,0,1,0,1,"","","","","","","","","","","","","","","","","","","","","","","","",7000,1,"","",2,1,0,1,"","","","","","","","","","","","","","","","","","","","","","","","","","","","","","","","","","","","","","","","","","","","","","","","","","","","","","","","","","","","","","","","","",""
"59343001","LILLE-LESQUIN",50.57,3.0975,47,1959092900,"","","","",3.,1,"","","","","","","","","","","","","","","","","","","","","","","","","","","","","","",10.,1,5.9,1,"","","","","","","","","","","","","","","","","","","","","","","","","","",77,1,"","","","","","","","","","","","",9.4,1,1028.4,1,"","","","","","",0,1,"","",0,1,0,1,0,1,"","","","","","","","","","","","","","","","","","","","","","","","",6000,1,"","",2,1,0,1,"","","","","","","","","","","","","","","","","","","","","","","","","","","","","","","","","","","","","","","","","","","","","","","","","","","","","","","","","","","","","","","","","",""
"59343001","LILLE-LESQUIN",50.57,3.0975,47,1959092903,"","","","",3.,1,"","","","","","","","","","","","","","","","","","","","","","","","","","","","","","",6.9,1,4.8,1,"","","","","","","","","","","","","","","","","","","","","","","","","","",87,1,"","","","","","","","","","","","",8.7,1,1027.2,1,"","","","","","",0,1,"","",0,1,0,1,0,1,"","","","","","","","","","","","","","","","","","","","","","","","",6000,1,"","",2,1,0,1,"","","","","","","","","","","","","","","","","","","","","","","","","","","","","","","","","","","","","","","","","","","","","","","","","","","","","","","","","","","","","","","","","",""
"59343001","LILLE-LESQUIN",50.57,3.0975,47,1959092906,"","","","",3.,1,"","","","","","","","","","","","","","","","","","","","","","","","","","","","","","",6.1,1,4.3,1,"","","","","","","","","","","","","","","","","","","","","","","","","","",89,1,"","","","","","","","","","","","",8.4,1,1027.2,1,"","","","","","",1,1,0,1,0,1,0,1,1,1,"","","","","","","","","","","","","","","","","","","","","","","","",2500,1,"","",10,1,0,1,"","",0,1,"","","","","","","","","","","","","","","","","","","","","","","","","","","","","","","","","","","","","","","","","","","","","","","","","","","","","","","","","","","","","",""
"59343001","LILLE-LESQUIN",50.57,3.0975,47,1959092909,"","","","",5.,1,"","","","","","","","","","","","","","","","","","","","","","","","","","","","","","",15.5,1,4.7,1,"","","","","","","","","","","","","","","","","","","","","","","","","","",48,1,"","","","","","","","","","","","",8.6,1,1027.,1,"","","","","","",0,1,"","",0,1,0,1,0,1,"","","","","","","","","","","","","","","","","","","","","","","","","","","","",10,1,0,1,"","","","","","","","","","","","","","","","","","","","","","","","","","","","","","","","","","","","","","","","","","","","","","","","","","","","","","","","","","","","","","","","","",""
"59343001","LILLE-LESQUIN",50.57,3.0975,47,1959092912,"","","","",7.,1,"","","","","","","","","","","","","","","","","","","","","","","","","","","","","","",20.,1,3.7,1,"","","","","","","","","","","","","","","","","","","","","","","","","","",34,1,"","","","","","","","","","","","",8.,1,1025.3,1,"","","","","","",0,1,"","",0,1,0,1,0,1,"","","","","","","","","","","","","","","","","","","","","","","","",10000,1,"","",2,1,0,1,"","","","","","","","","","","","","","","","","","","","","","","","","","","","","","","","","","","","","","","","","","","","","","","","","","","","","","","","","","","","","","","","","",""
"59343001","LILLE-LESQUIN",50.57,3.0975,47,1959092915,"","","","",7.,1,"","","","","","","","","","","","","","","","","","","","","","","","","","","","","","",22.,1,4.8,1,"","","","","","","","","","","","","","","","","","","","","","","","","","",32,1,"","","","","","","","","","","","",8.7,1,1023.,1,"","","","","","",0,1,"","",0,1,0,1,0,1,"","","","","","","","","","","","","","","","","","","","","","","","",8000,1,"","",2,1,0,1,"","","","","","","","","","","","","","","","","","","","","","","","","","","","","","","","","","","","","","","","","","","","","","","","","","","","","","","","","","","","","","","","","",""
"59343001","LILLE-LESQUIN",50.57,3.0975,47,1959092918,"","","","",5.,1,"","","","","","","","","","","","","","","","","","","","","","","","","","","","","","",18.7,1,3.8,1,"","","","","","","","","","","","","","","","","","","","","","","","","","",38,1,"","","","","","","","","","","","",8.1,1,1022.2,1,"","","","","","",1,1,0,1,0,1,0,1,1,1,"","","","","","","","","","","","","","","","","","","","","","","","",8000,1,"","",2,1,0,1,"","","","","","","","","","","","","","","","","","","","","","","","","","","","","","","","","","","","","","","","","","","","","","","","","","","","","","","","","","","","","","","","","",""
"59343001","LILLE-LESQUIN",50.57,3.0975,47,1959092921,"","","","",4.,1,"","","","","","","","","","","","","","","","","","","","","","","","","","","","","","",14.3,1,4.2,1,"","","","","","","","","","","","","","","","","","","","","","","","","","",51,1,"","","","","","","","","","","","",8.3,1,1023.1,1,"","","","","","",0,1,"","",0,1,0,1,0,1,"","","","","","","","","","","","","","","","","","","","","","","","",10000,1,"","",2,1,0,1,"","","","","","","","","","","","","","","","","","","","","","","","","","","","","","","","","","","","","","","","","","","","","","","","","","","","","","","","","","","","","","","","","",""
"59343001","LILLE-LESQUIN",50.57,3.0975,47,1959093000,"","","","",4.,1,"","","","","","","","","","","","","","","","","","","","","","","","","","","","","","",9.7,1,2.4,1,"","","","","","","","","","","","","","","","","","","","","","","","","","",61,1,"","","","","","","","","","","","",7.3,1,1023.,1,"","","","","","",0,1,"","",0,1,0,1,0,1,"","","","","","","","","","","","","","","","","","","","","","","","",12000,1,"","",2,1,0,1,"","","","","","","","","","","","","","","","","","","","","","","","","","","","","","","","","","","","","","","","","","","","","","","","","","","","","","","","","","","","","","","","","",""
"59343001","LILLE-LESQUIN",50.57,3.0975,47,1959093003,"","","","",4.,1,"","","","","","","","","","","","","","","","","","","","","","","","","","","","","","",7.7,1,0.4,1,"","","","","","","","","","","","","","","","","","","","","","","","","","",60,1,"","","","","","","","","","","","",6.3,1,1022.5,1,"","","","","","",0,1,"","",0,1,0,1,0,1,"","","","","","","","","","","","","","","","","","","","","","","","",10000,1,"","",2,1,0,1,"","","","","","","","","","","","","","","","","","","","","","","","","","","","","","","","","","","","","","","","","","","","","","","","","","","","","","","","","","","","","","","","","",""
"59343001","LILLE-LESQUIN",50.57,3.0975,47,1959093006,"","","","",2.,1,"","","","","","","","","","","","","","","","","","","","","","","","","","","","","","",4.8,1,0.,1,"","","","","","","","","","","","","","","","","","","","","","","","","","",72,1,"","","","","","","","","","","","",6.1,1,1022.9,1,"","","","","","",0,1,"","",0,1,0,1,0,1,"","","","","","","","","","","","","","","","","","","","","","","","",8000,1,"","",2,1,0,1,"","",0,1,"","","","","","","","","","","","","","","","","","","","","","","","","","","","","","","","","","","","","","","","","","","","","","","","","","","","","","","","","","","","","",""
"59343001","LILLE-LESQUIN",50.57,3.0975,47,1959093009,"","","","",4.,1,"","","","","","","","","","","","","","","","","","","","","","","","","","","","","","",14.4,1,1.,1,"","","","","","","","","","","","","","","","","","","","","","","","","","",41,1,"","","","","","","","","","","","",6.6,1,1022.8,1,"","","","","","",0,1,"","",0,1,0,1,0,1,"","","","","","","","","","","","","","","","","","","","","","","","",8000,1,"","",2,1,0,1,"","","","","","","","","","","","","","","","","","","","","","","","","","","","","","","","","","","","","","","","","","","","","","","","","","","","","","","","","","","","","","","","","",""
"59343001","LILLE-LESQUIN",50.57,3.0975,47,1959093012,"","","","",4.,1,"","","","","","","","","","","","","","","","","","","","","","","","","","","","","","",20.9,1,-1.2,1,"","","","","","","","","","","","","","","","","","","","","","","","","","",23,1,"","","","","","","","","","","","",5.6,1,1021.5,1,"","","","","","",0,1,"","",0,1,0,1,0,1,"","","","","","","","","","","","","","","","","","","","","","","","",12000,1,"","",2,1,0,1,"","","","","","","","","","","","","","","","","","","","","","","","","","","","","","","","","","","","","","","","","","","","","","","","","","","","","","","","","","","","","","","","","",""
"59343001","LILLE-LESQUIN",50.57,3.0975,47,1959093015,"","","","",5.,1,"","","","","","","","","","","","","","","","","","","","","","","","","","","","","","",24.1,1,-4.6,1,"","","","","","","","","","","","","","","","","","","","","","","","","","",14,1,"","","","","","","","","","","","",4.3,1,1020.2,1,"","","","","","",0,1,"","",0,1,0,1,0,1,"","","","","","","","","","","","","","","","","","","","","","","","",20000,1,"","",2,1,0,1,"","","","","","","","","","","","","","","","","","","","","","","","","","","","","","","","","","","","","","","","","","","","","","","","","","","","","","","","","","","","","","","","","",""
"59343001","LILLE-LESQUIN",50.57,3.0975,47,1959093018,"","","","",3.,1,"","","","","","","","","","","","","","","","","","","","","","","","","","","","","","",16.4,1,-1.4,1,"","","","","","","","","","","","","","","","","","","","","","","","","","",30,1,"","","","","","","","","","","","",5.5,1,1021.1,1,"","","","","","",0,1,"","",0,1,0,1,0,1,"","","","","","","","","","","","","","","","","","","","","","","","",10000,1,"","",2,1,0,1,"","","","","","","","","","","","","","","","","","","","","","","","","","","","","","","","","","","","","","","","","","","","","","","","","","","","","","","","","","","","","","","","","",""
"59343001","LILLE-LESQUIN",50.57,3.0975,47,1959093021,"","","","",3.,1,"","","","","","","","","","","","","","","","","","","","","","","","","","","","","","",12.4,1,-0.7,1,"","","","","","","","","","","","","","","","","","","","","","","","","","",40,1,"","","","","","","","","","","","",5.8,1,1022.7,1,"","","","","","",0,1,"","",0,1,0,1,0,1,"","","","","","","","","","","","","","","","","","","","","","","","",10000,1,"","",2,1,0,1,"","","","","","","","","","","","","","","","","","","","","","","","","","","","","","","","","","","","","","","","","","","","","","","","","","","","","","","","","","","","","","","","","",""
"59343001","LILLE-LESQUIN",50.57,3.0975,47,1959100100,"","","","",3.,1,"","","","","","","","","","","","","","","","","","","","","","","","","","","","","","",9.5,1,-2.4,1,"","","","","","","","","","","","","","","","","","","","","","","","","","",43,1,"","","","","","","","","","","","",5.1,1,1023.2,1,"","","","","","",0,1,"","",0,1,0,1,0,1,"","","","","","","","","","","","","","","","","","","","","","","","",10000,1,"","",2,1,0,1,"","","","","","","","","","","","","","","","","","","","","","","","","","","","","","","","","","","","","","","","","","","","","","","","","","","","","","","","","","","","","","","","","",""
"59343001","LILLE-LESQUIN",50.57,3.0975,47,1959100103,"","","","",2.,1,"","","","","","","","","","","","","","","","","","","","","","","","","","","","","","",6.8,1,-1.4,1,"","","","","","","","","","","","","","","","","","","","","","","","","","",55,1,"","","","","","","","","","","","",5.5,1,1023.,1,"","","","","","",0,1,"","",0,1,0,1,0,1,"","","","","","","","","","","","","","","","","","","","","","","","",10000,1,"","",2,1,0,1,"","","","","","","","","","","","","","","","","","","","","","","","","","","","","","","","","","","","","","","","","","","","","","","","","","","","","","","","","","","","","","","","","",""
"59343001","LILLE-LESQUIN",50.57,3.0975,47,1959100106,"","","","",1.,1,"","","","","","","","","","","","","","","","","","","","","","","","","","","","","","",4.2,1,-1.9,1,"","","","","","","","","","","","","","","","","","","","","","","","","","",64,1,"","","","","","","","","","","","",5.3,1,1023.9,1,"","","","","","",0,1,"","",0,1,0,1,0,1,"","","","","","","","","","","","","","","","","","","","","","","","",6000,1,"","",2,1,0,1,"","",0,1,"","","","","","","","","","","","","","","","","","","","","","","","","","","","","","","","","","","","","","","","","","","","","","","","","","","","","","","","","","","","","",""
"59343001","LILLE-LESQUIN",50.57,3.0975,47,1959100109,"","","","",3.,1,"","","","","","","","","","","","","","","","","","","","","","","","","","","","","","",14.1,1,1.2,1,"","","","","","","","","","","","","","","","","","","","","","","","","","",41,1,"","","","","","","","","","","","",6.7,1,1024.7,1,"","","","","","",0,1,"","",0,1,0,1,0,1,"","","","","","","","","","","","","","","","","","","","","","","","",10000,1,"","",2,1,0,1,"","","","","","","","","","","","","","","","","","","","","","","","","","","","","","","","","","","","","","","","","","","","","","","","","","","","","","","","","","","","","","","","","",""
"59343001","LILLE-LESQUIN",50.57,3.0975,47,1959100112,"","","","",4.,1,"","","","","","","","","","","","","","","","","","","","","","","","","","","","","","",21.8,1,4.3,1,"","","","","","","","","","","","","","","","","","","","","","","","","","",32,1,"","","","","","","","","","","","",8.4,1,1024.1,1,"","","","","","",0,1,"","",0,1,0,1,0,1,"","","","","","","","","","","","","","","","","","","","","","","","",10000,1,"","",2,1,0,1,"","","","","","","","","","","","","","","","","","","","","","","","","","","","","","","","","","","","","","","","","","","","","","","","","","","","","","","","","","","","","","","","","",""
"59343001","LILLE-LESQUIN",50.57,3.0975,47,1959100115,"","","","",3.,1,"","","","","","","","","","","","","","","","","","","","","","","","","","","","","","",24.5,1,4.8,1,"","","","","","","","","","","","","","","","","","","","","","","","","","",28,1,"","","","","","","","","","","","",8.7,1,1023.8,1,"","","","","","",0,1,"","",0,1,0,1,0,1,"","","","","","","","","","","","","","","","","","","","","","","","",15000,1,"","",2,1,0,1,"","","","","","","","","","","","","","","","","","","","","","","","","","","","","","","","","","","","","","","","","","","","","","","","","","","","","","","","","","","","","","","","","",""
"59343001","LILLE-LESQUIN",50.57,3.0975,47,1959100118,"","","","",1.,1,"","","","","","","","","","","","","","","","","","","","","","","","","","","","","","",19.,1,6.2,1,"","","","","","","","","","","","","","","","","","","","","","","","","","",43,1,"","","","","","","","","","","","",9.6,1,1024.3,1,"","","","","","",0,1,"","",0,1,0,1,0,1,"","","","","","","","","","","","","","","","","","","","","","","","",6000,1,"","",2,1,0,1,"","","","","","","","","","","","","","","","","","","","","","","","","","","","","","","","","","","","","","","","","","","","","","","","","","","","","","","","","","","","","","","","","",""
"59343001","LILLE-LESQUIN",50.57,3.0975,47,1959100121,"","","","",1.,1,"","","","","","","","","","","","","","","","","","","","","","","","","","","","","","",14.2,1,6.1,1,"","","","","","","","","","","","","","","","","","","","","","","","","","",58,1,"","","","","","","","","","","","",9.5,1,1025.3,1,"","","","","","",0,1,"","",0,1,0,1,0,1,"","","","","","","","","","","","","","","","","","","","","","","","",6000,1,"","",2,1,0,1,"","","","","","","","","","","","","","","","","","","","","","","","","","","","","","","","","","","","","","","","","","","","","","","","","","","","","","","","","","","","","","","","","",""
"59343001","LILLE-LESQUIN",50.57,3.0975,47,1959100200,"","","","",0.,1,"","","","","","","","","","","","","","","","","","","","","","","","","","","","","","",11.9,1,5.6,1,"","","","","","","","","","","","","","","","","","","","","","","","","","",66,1,"","","","","","","","","","","","",9.2,1,1026.,1,"","","","","","",0,1,"","",0,1,0,1,0,1,"","","","","","","","","","","","","","","","","","","","","","","","",6000,1,"","",2,1,0,1,"","","","","","","","","","","","","","","","","","","","","","","","","","","","","","","","","","","","","","","","","","","","","","","","","","","","","","","","","","","","","","","","","",""
"59343001","LILLE-LESQUIN",50.57,3.0975,47,1959100203,"","","","",0.,1,"","","","","","","","","","","","","","","","","","","","","","","","","","","","","","",8.9,1,5.5,1,"","","","","","","","","","","","","","","","","","","","","","","","","","",80,1,"","","","","","","","","","","","",9.1,1,1026.6,1,"","","","","","",0,1,"","",0,1,0,1,0,1,"","","","","","","","","","","","","","","","","","","","","","","","",7000,1,"","",2,1,0,1,"","","","","","","","","","","","","","","","","","","","","","","","","","","","","","","","","","","","","","","","","","","","","","","","","","","","","","","","","","","","","","","","","",""
"59343001","LILLE-LESQUIN",50.57,3.0975,47,1959100206,"","","","",1.,1,"","","","","","","","","","","","","","","","","","","","","","","","","","","","","","",8.2,1,4.5,1,"","","","","","","","","","","","","","","","","","","","","","","","","","",78,1,"","","","","","","","","","","","",8.5,1,1027.,1,"","","","","","",3,1,0,1,0,1,0,1,1,1,"","","","","","","","","","","","","","","","","","","","","","","","",4500,1,"","",10,1,0,1,"","",0,1,"","","","","","","","","","","","","","","","","","","","","","","","","","","","","","","","","","","","","","","","","","","","","","","","","","","","","","","","","","","","","",""
"59343001","LILLE-LESQUIN",50.57,3.0975,47,1959100209,"","","","",1.,1,"","","","","","","","","","","","","","","","","","","","","","","","","","","","","","",17.4,1,6.4,1,"","","","","","","","","","","","","","","","","","","","","","","","","","",48,1,"","","","","","","","","","","","",9.7,1,1027.4,1,"","","","","","",3,1,0,1,0,1,0,1,1,1,"","","","","","","","","","","","","","","","","","","","","","","","",4000,1,"","",10,1,0,1,"","","","","","","","","","","","","","","","","","","","","","","","","","","","","","","","","","","","","","","","","","","","","","","","","","","","","","","","","","","","","","","","","",""
"59343001","LILLE-LESQUIN",50.57,3.0975,47,1959100212,"","","","",2.,1,"","","","","","","","","","","","","","","","","","","","","","","","","","","","","","",25.4,1,7.9,1,"","","","","","","","","","","","","","","","","","","","","","","","","","",33,1,"","","","","","","","","","","","",10.8,1,1026.5,1,"","","","","","",3,1,0,1,0,1,4,1,1,1,"","","","","","","","","","","","","","","","","","","","","","","","","","","","",10,1,0,1,"","","","","","","","","","","","","","","","","","","","","","","","","","","","","","","","","","","","","","","","","","","","","","","","","","","","","","","","","","","","","","","","","",""
"59343001","LILLE-LESQUIN",50.57,3.0975,47,1959100215,"","","","",2.,1,"","","","","","","","","","","","","","","","","","","","","","","","","","","","","","",25.6,1,7.9,1,"","","","","","","","","","","","","","","","","","","","","","","","","","",32,1,"","","","","","","","","","","","",10.8,1,1025.8,1,"","","","","","",1,1,0,1,0,1,4,1,1,1,"","","","","","","","","","","","","","","","","","","","","","","","",10000,1,"","",2,1,0,1,"","","","","","","","","","","","","","","","","","","","","","","","","","","","","","","","","","","","","","","","","","","","","","","","","","","","","","","","","","","","","","","","","",""
"59343001","LILLE-LESQUIN",50.57,3.0975,47,1959100218,"","","","",0.,1,"","","","","","","","","","","","","","","","","","","","","","","","","","","","","","",19.6,1,8.9,1,"","","","","","","","","","","","","","","","","","","","","","","","","","",51,1,"","","","","","","","","","","","",11.6,1,1026.1,1,"","","","","","",6,1,0,1,0,1,8,1,2,1,"","","","","","","","","","","","","","","","","","","","","","","","",6000,1,"","",3,1,1,1,"","","","","","","","","","","","","","","","","","","","","","","","","","","","","","","","","","","","","","","","","","","","","","","","","","","","","","","","","","","","","","","","","",""
"59343001","LILLE-LESQUIN",50.57,3.0975,47,1959100221,"","","","",0.,1,"","","","","","","","","","","","","","","","","","","","","","","","","","","","","","",15.7,1,8.3,1,"","","","","","","","","","","","","","","","","","","","","","","","","","",62,1,"","","","","","","","","","","","",11.1,1,1026.6,1,"","","","","","",2,1,0,1,0,1,0,1,2,1,"","","","","","","","","","","","","","","","","","","","","","","","",7000,1,"","",1,1,0,1,"","","","","","","","","","","","","","","","","","","","","","","","","","","","","","","","","","","","","","","","","","","","","","","","","","","","","","","","","","","","","","","","","",""
"59343001","LILLE-LESQUIN",50.57,3.0975,47,1959100300,"","","","",0.,1,"","","","","","","","","","","","","","","","","","","","","","","","","","","","","","",12.3,1,7.3,1,"","","","","","","","","","","","","","","","","","","","","","","","","","",73,1,"","","","","","","","","","","","",10.4,1,1026.5,1,"","","","","","",0,1,"","",0,1,0,1,0,1,"","","","","","","","","","","","","","","","","","","","","","","","",7000,1,"","",2,1,0,1,"","","","","","","","","","","","","","","","","","","","","","","","","","","","","","","","","","","","","","","","","","","","","","","","","","","","","","","","","","","","","","","","","",""
"59343001","LILLE-LESQUIN",50.57,3.0975,47,1959100303,"","","","",0.,1,"","","","","","","","","","","","","","","","","","","","","","","","","","","","","","",10.6,1,8.4,1,"","","","","","","","","","","","","","","","","","","","","","","","","","",88,1,"","","","","","","","","","","","",11.2,1,1026.,1,"","","","","","",0,1,"","",0,1,0,1,0,1,"","","","","","","","","","","","","","","","","","","","","","","","",6000,1,"","",2,1,0,1,"","","","","","","","","","","","","","","","","","","","","","","","","","","","","","","","","","","","","","","","","","","","","","","","","","","","","","","","","","","","","","","","","",""
"59343001","LILLE-LESQUIN",50.57,3.0975,47,1959100306,"","","","",1.,1,"","","","","","","","","","","","","","","","","","","","","","","","","","","","","","",8.9,1,7.1,1,"","","","","","","","","","","","","","","","","","","","","","","","","","",89,1,"","","","","","","","","","","","",10.2,1,1026.1,1,"","","","","","",0,1,"","",0,1,0,1,0,1,"","","","","","","","","","","","","","","","","","","","","","","","",1800,1,"","",10,1,0,1,"","",0,1,"","","","","","","","","","","","","","","","","","","","","","","","","","","","","","","","","","","","","","","","","","","","","","","","","","","","","","","","","","","","","",""
"59343001","LILLE-LESQUIN",50.57,3.0975,47,1959100309,"","","","",1.,1,"","","","","","","","","","","","","","","","","","","","","","","","","","","","","","",16.8,1,8.5,1,"","","","","","","","","","","","","","","","","","","","","","","","","","",59,1,"","","","","","","","","","","","",11.3,1,1026.1,1,"","","","","","",0,1,"","",0,1,0,1,0,1,"","","","","","","","","","","","","","","","","","","","","","","","",2500,1,"","",10,1,0,1,"","","","","","","","","","","","","","","","","","","","","","","","","","","","","","","","","","","","","","","","","","","","","","","","","","","","","","","","","","","","","","","","","",""
"59343001","LILLE-LESQUIN",50.57,3.0975,47,1959100312,"","","","",4.,1,"","","","","","","","","","","","","","","","","","","","","","","","","","","","","","",23.3,1,5.1,1,"","","","","","","","","","","","","","","","","","","","","","","","","","",30,1,"","","","","","","","","","","","",8.9,1,1025.3,1,"","","","","","",0,1,"","",0,1,0,1,0,1,"","","","","","","","","","","","","","","","","","","","","","","","",7000,1,"","",2,1,0,1,"","","","","","","","","","","","","","","","","","","","","","","","","","","","","","","","","","","","","","","","","","","","","","","","","","","","","","","","","","","","","","","","","",""
"59343001","LILLE-LESQUIN",50.57,3.0975,47,1959100315,"","","","",5.,1,"","","","","","","","","","","","","","","","","","","","","","","","","","","","","","",24.6,1,6.6,1,"","","","","","","","","","","","","","","","","","","","","","","","","","",32,1,"","","","","","","","","","","","",9.9,1,1023.5,1,"","","","","","",0,1,"","",0,1,0,1,0,1,"","","","","","","","","","","","","","","","","","","","","","","","",8000,1,"","",2,1,0,1,"","","","","","","","","","","","","","","","","","","","","","","","","","","","","","","","","","","","","","","","","","","","","","","","","","","","","","","","","","","","","","","","","",""
"59343001","LILLE-LESQUIN",50.57,3.0975,47,1959100318,"","","","",3.,1,"","","","","","","","","","","","","","","","","","","","","","","","","","","","","","",17.2,1,6.4,1,"","","","","","","","","","","","","","","","","","","","","","","","","","",49,1,"","","","","","","","","","","","",9.7,1,1023.9,1,"","","","","","",0,1,"","",0,1,0,1,0,1,"","","","","","","","","","","","","","","","","","","","","","","","",4000,1,"","",10,1,0,1,"","","","","","","","","","","","","","","","","","","","","","","","","","","","","","","","","","","","","","","","","","","","","","","","","","","","","","","","","","","","","","","","","",""
"59343001","LILLE-LESQUIN",50.57,3.0975,47,1959100321,"","","","",4.,1,"","","","","","","","","","","","","","","","","","","","","","","","","","","","","","",13.,1,8.4,1,"","","","","","","","","","","","","","","","","","","","","","","","","","",75,1,"","","","","","","","","","","","",11.2,1,1024.4,1,"","","","","","",0,1,"","",0,1,0,1,0,1,"","","","","","","","","","","","","","","","","","","","","","","","",7000,1,"","",2,1,0,1,"","","","","","","","","","","","","","","","","","","","","","","","","","","","","","","","","","","","","","","","","","","","","","","","","","","","","","","","","","","","","","","","","",""
"59343001","LILLE-LESQUIN",50.57,3.0975,47,1959100400,"","","","",2.,1,"","","","","","","","","","","","","","","","","","","","","","","","","","","","","","",11.7,1,7.7,1,"","","","","","","","","","","","","","","","","","","","","","","","","","",77,1,"","","","","","","","","","","","",10.7,1,1023.9,1,"","","","","","",0,1,"","",0,1,0,1,0,1,"","","","","","","","","","","","","","","","","","","","","","","","",5000,1,"","",2,1,0,1,"","","","","","","","","","","","","","","","","","","","","","","","","","","","","","","","","","","","","","","","","","","","","","","","","","","","","","","","","","","","","","","","","",""
"59343001","LILLE-LESQUIN",50.57,3.0975,47,1959100403,"","","","",3.,1,"","","","","","","","","","","","","","","","","","","","","","","","","","","","","","",9.4,1,6.6,1,"","","","","","","","","","","","","","","","","","","","","","","","","","",84,1,"","","","","","","","","","","","",9.9,1,1023.8,1,"","","","","","",0,1,"","",0,1,0,1,0,1,"","","","","","","","","","","","","","","","","","","","","","","","",4000,1,"","",10,1,0,1,"","","","","","","","","","","","","","","","","","","","","","","","","","","","","","","","","","","","","","","","","","","","","","","","","","","","","","","","","","","","","","","","","",""
"59343001","LILLE-LESQUIN",50.57,3.0975,47,1959100406,"","","","",2.,1,"","","","","","","","","","","","","","","","","","","","","","","","","","","","","","",7.9,1,6.2,1,"","","","","","","","","","","","","","","","","","","","","","","","","","",90,1,"","","","","","","","","","","","",9.6,1,1023.7,1,"","","","","","",0,1,"","",0,1,0,1,0,1,"","","","","","","","","","","","","","","","","","","","","","","","",1400,1,"","",10,1,0,1,"","",0,1,"","","","","","","","","","","","","","","","","","","","","","","","","","","","","","","","","","","","","","","","","","","","","","","","","","","","","","","","","","","","","",""
"59343001","LILLE-LESQUIN",50.57,3.0975,47,1959100409,"","","","",2.,1,"","","","","","","","","","","","","","","","","","","","","","","","","","","","","","",15.4,1,8.4,1,"","","","","","","","","","","","","","","","","","","","","","","","","","",64,1,"","","","","","","","","","","","",11.2,1,1023.8,1,"","","","","","",0,1,"","",0,1,0,1,0,1,"","","","","","","","","","","","","","","","","","","","","","","","",2000,1,"","",10,1,0,1,"","","","","","","","","","","","","","","","","","","","","","","","","","","","","","","","","","","","","","","","","","","","","","","","","","","","","","","","","","","","","","","","","",""
"59343001","LILLE-LESQUIN",50.57,3.0975,47,1959100412,"","","","",4.,1,"","","","","","","","","","","","","","","","","","","","","","","","","","","","","","",23.1,1,6.6,1,"","","","","","","","","","","","","","","","","","","","","","","","","","",34,1,"","","","","","","","","","","","",9.9,1,1022.7,1,"","","","","","",0,1,"","",0,1,0,1,0,1,"","","","","","","","","","","","","","","","","","","","","","","","",10000,1,"","",2,1,0,1,"","","","","","","","","","","","","","","","","","","","","","","","","","","","","","","","","","","","","","","","","","","","","","","","","","","","","","","","","","","","","","","","","",""
"59343001","LILLE-LESQUIN",50.57,3.0975,47,1959100415,"","","","",6.,1,"","","","","","","","","","","","","","","","","","","","","","","","","","","","","","",24.,1,9.2,1,"","","","","","","","","","","","","","","","","","","","","","","","","","",39,1,"","","","","","","","","","","","",11.8,1,1020.8,1,"","","","","","",0,1,"","",0,1,0,1,0,1,"","","","","","","","","","","","","","","","","","","","","","","","",8000,1,"","",2,1,0,1,"","","","","","","","","","","","","","","","","","","","","","","","","","","","","","","","","","","","","","","","","","","","","","","","","","","","","","","","","","","","","","","","","",""
"59343001","LILLE-LESQUIN",50.57,3.0975,47,1959100418,"","","","",4.,1,"","","","","","","","","","","","","","","","","","","","","","","","","","","","","","",17.9,1,11.9,1,"","","","","","","","","","","","","","","","","","","","","","","","","","",69,1,"","","","","","","","","","","","",14.2,1,1021.,1,"","","","","","",0,1,"","",0,1,0,1,0,1,"","","","","","","","","","","","","","","","","","","","","","","","",3000,1,"","",10,1,0,1,"","","","","","","","","","","","","","","","","","","","","","","","","","","","","","","","","","","","","","","","","","","","","","","","","","","","","","","","","","","","","","","","","",""
"59343001","LILLE-LESQUIN",50.57,3.0975,47,1959100421,"","","","",4.,1,"","","","","","","","","","","","","","","","","","","","","","","","","","","","","","",15.,1,11.5,1,"","","","","","","","","","","","","","","","","","","","","","","","","","",81,1,"","","","","","","","","","","","",13.9,1,1021.2,1,"","","","","","",0,1,"","",0,1,0,1,0,1,"","","","","","","","","","","","","","","","","","","","","","","","",3000,1,"","",10,1,0,1,"","","","","","","","","","","","","","","","","","","","","","","","","","","","","","","","","","","","","","","","","","","","","","","","","","","","","","","","","","","","","","","","","",""
"59343001","LILLE-LESQUIN",50.57,3.0975,47,1959100500,"","","","",2.,1,"","","","","","","","","","","","","","","","","","","","","","","","","","","","","","",11.1,1,8.4,1,"","","","","","","","","","","","","","","","","","","","","","","","","","",85,1,"","","","","","","","","","","","",11.2,1,1021.7,1,"","","","","","",0,1,"","",0,1,0,1,0,1,"","","","","","","","","","","","","","","","","","","","","","","","",4000,1,"","",10,1,0,1,"","","","","","","","","","","","","","","","","","","","","","","","","","","","","","","","","","","","","","","","","","","","","","","","","","","","","","","","","","","","","","","","","",""
"59343001","LILLE-LESQUIN",50.57,3.0975,47,1959100503,"","","","",3.,1,"","","","","","","","","","","","","","","","","","","","","","","","","","","","","","",9.6,1,7.3,1,"","","","","","","","","","","","","","","","","","","","","","","","","","",87,1,"","","","","","","","","","","","",10.4,1,1021.5,1,"","","","","","",0,1,"","",0,1,0,1,0,1,"","","","","","","","","","","","","","","","","","","","","","","","",4000,1,"","",10,1,0,1,"","","","","","","","","","","","","","","","","","","","","","","","","","","","","","","","","","","","","","","","","","","","","","","","","","","","","","","","","","","","","","","","","",""
"59343001","LILLE-LESQUIN",50.57,3.0975,47,1959100506,"","","","",3.,1,"","","","","","","","","","","","","","","","","","","","","","","","","","","","","","",8.,1,6.1,1,"","","","","","","","","","","","","","","","","","","","","","","","","","",89,1,"","","","","","","","","","","","",9.5,1,1021.8,1,"","","","","","",0,1,"","",0,1,0,1,0,1,"","","","","","","","","","","","","","","","","","","","","","","","",2500,1,"","",10,1,0,1,"","",0,1,"","","","","","","","","","","","","","","","","","","","","","","","","","","","","","","","","","","","","","","","","","","","","","","","","","","","","","","","","","","","","",""
"59343001","LILLE-LESQUIN",50.57,3.0975,47,1959100509,"","","","",5.,1,"","","","","","","","","","","","","","","","","","","","","","","","","","","","","","",15.,1,7.2,1,"","","","","","","","","","","","","","","","","","","","","","","","","","",60,1,"","","","","","","","","","","","",10.3,1,1022.3,1,"","","","","","",0,1,"","",0,1,0,1,0,1,"","","","","","","","","","","","","","","","","","","","","","","","",4000,1,"","",10,1,0,1,"","","","","","","","","","","","","","","","","","","","","","","","","","","","","","","","","","","","","","","","","","","","","","","","","","","","","","","","","","","","","","","","","",""
"59343001","LILLE-LESQUIN",50.57,3.0975,47,1959100512,"","","","",5.,1,"","","","","","","","","","","","","","","","","","","","","","","","","","","","","","",21.,1,6.5,1,"","","","","","","","","","","","","","","","","","","","","","","","","","",39,1,"","","","","","","","","","","","",9.8,1,1021.,1,"","","","","","",0,1,"","",0,1,0,1,0,1,"","","","","","","","","","","","","","","","","","","","","","","","",6000,1,"","",2,1,0,1,"","","","","","","","","","","","","","","","","","","","","","","","","","","","","","","","","","","","","","","","","","","","","","","","","","","","","","","","","","","","","","","","","",""
"59343001","LILLE-LESQUIN",50.57,3.0975,47,1959100515,"","","","",6.,1,"","","","","","","","","","","","","","","","","","","","","","","","","","","","","","",22.6,1,2.8,1,"","","","","","","","","","","","","","","","","","","","","","","","","","",27,1,"","","","","","","","","","","","",7.5,1,1019.6,1,"","","","","","",0,1,"","",0,1,0,1,0,1,"","","","","","","","","","","","","","","","","","","","","","","","",12000,1,"","",2,1,0,1,"","","","","","","","","","","","","","","","","","","","","","","","","","","","","","","","","","","","","","","","","","","","","","","","","","","","","","","","","","","","","","","","","",""
"59343001","LILLE-LESQUIN",50.57,3.0975,47,1959100518,"","","","",4.,1,"","","","","","","","","","","","","","","","","","","","","","","","","","","","","","",14.9,1,5.1,1,"","","","","","","","","","","","","","","","","","","","","","","","","","",52,1,"","","","","","","","","","","","",8.9,1,1019.5,1,"","","","","","",0,1,"","",0,1,0,1,0,1,"","","","","","","","","","","","","","","","","","","","","","","","",6000,1,"","",2,1,0,1,"","","","","","","","","","","","","","","","","","","","","","","","","","","","","","","","","","","","","","","","","","","","","","","","","","","","","","","","","","","","","","","","","",""
"59343001","LILLE-LESQUIN",50.57,3.0975,47,1959100521,"","","","",4.,1,"","","","","","","","","","","","","","","","","","","","","","","","","","","","","","",12.,1,3.,1,"","","","","","","","","","","","","","","","","","","","","","","","","","",54,1,"","","","","","","","","","","","",7.6,1,1020.7,1,"","","","","","",0,1,"","",0,1,0,1,0,1,"","","","","","","","","","","","","","","","","","","","","","","","",8000,1,"","",2,1,0,1,"","","","","","","","","","","","","","","","","","","","","","","","","","","","","","","","","","","","","","","","","","","","","","","","","","","","","","","","","","","","","","","","","",""
"59343001","LILLE-LESQUIN",50.57,3.0975,47,1959100600,"","","","",4.,1,"","","","","","","","","","","","","","","","","","","","","","","","","","","","","","",7.,1,1.,1,"","","","","","","","","","","","","","","","","","","","","","","","","","",66,1,"","","","","","","","","","","","",6.6,1,1021.,1,"","","","","","",0,1,"","",0,1,0,1,0,1,"","","","","","","","","","","","","","","","","","","","","","","","",10000,1,"","",2,1,0,1,"","","","","","","","","","","","","","","","","","","","","","","","","","","","","","","","","","","","","","","","","","","","","","","","","","","","","","","","","","","","","","","","","",""
"59343001","LILLE-LESQUIN",50.57,3.0975,47,1959100603,"","","","",4.,1,"","","","","","","","","","","","","","","","","","","","","","","","","","","","","","",4.9,1,-0.5,1,"","","","","","","","","","","","","","","","","","","","","","","","","","",69,1,"","","","","","","","","","","","",5.9,1,1020.6,1,"","","","","","",0,1,"","",0,1,0,1,0,1,"","","","","","","","","","","","","","","","","","","","","","","","",10000,1,"","",2,1,0,1,"","","","","","","","","","","","","","","","","","","","","","","","","","","","","","","","","","","","","","","","","","","","","","","","","","","","","","","","","","","","","","","","","",""
"59343001","LILLE-LESQUIN",50.57,3.0975,47,1959100606,"","","","",4.,1,"","","","","","","","","","","","","","","","","","","","","","","","","","","","","","",3.2,1,-2.1,1,"","","","","","","","","","","","","","","","","","","","","","","","","","",68,1,"","","","","","","","","","","","",5.2,1,1020.9,1,"","","","","","",0,1,"","",0,1,0,1,0,1,"","","","","","","","","","","","","","","","","","","","","","","","",4000,1,"","",10,1,0,1,"","",0,1,"","","","","","","","","","","","","","","","","","","","","","","","","","","","","","","","","","","","","","","","","","","","","","","","","","","","","","","","","","","","","",""
"59343001","LILLE-LESQUIN",50.57,3.0975,47,1959100609,"","","","",3.,1,"","","","","","","","","","","","","","","","","","","","","","","","","","","","","","",11.,1,-0.7,1,"","","","","","","","","","","","","","","","","","","","","","","","","","",44,1,"","","","","","","","","","","","",5.8,1,1020.9,1,"","","","","","",0,1,"","",0,1,0,1,0,1,"","","","","","","","","","","","","","","","","","","","","","","","",7000,1,"","",2,1,0,1,"","","","","","","","","","","","","","","","","","","","","","","","","","","","","","","","","","","","","","","","","","","","","","","","","","","","","","","","","","","","","","","","","",""
"59343001","LILLE-LESQUIN",50.57,3.0975,47,1959100612,"","","","",3.,1,"","","","","","","","","","","","","","","","","","","","","","","","","","","","","","",16.8,1,1.8,1,"","","","","","","","","","","","","","","","","","","","","","","","","","",36,1,"","","","","","","","","","","","",7.,1,1019.8,1,"","","","","","",0,1,"","",0,1,0,1,0,1,"","","","","","","","","","","","","","","","","","","","","","","","",8000,1,"","",2,1,0,1,"","","","","","","","","","","","","","","","","","","","","","","","","","","","","","","","","","","","","","","","","","","","","","","","","","","","","","","","","","","","","","","","","",""
"59343001","LILLE-LESQUIN",50.57,3.0975,47,1959100615,"","","","",2.,1,"","","","","","","","","","","","","","","","","","","","","","","","","","","","","","",19.8,1,3.,1,"","","","","","","","","","","","","","","","","","","","","","","","","","",33,1,"","","","","","","","","","","","",7.6,1,1018.7,1,"","","","","","",0,1,"","",0,1,0,1,0,1,"","","","","","","","","","","","","","","","","","","","","","","","",8000,1,"","",2,1,0,1,"","","","","","","","","","","","","","","","","","","","","","","","","","","","","","","","","","","","","","","","","","","","","","","","","","","","","","","","","","","","","","","","","",""
"59343001","LILLE-LESQUIN",50.57,3.0975,47,1959100618,"","","","",2.,1,"","","","","","","","","","","","","","","","","","","","","","","","","","","","","","",12.2,1,4.,1,"","","","","","","","","","","","","","","","","","","","","","","","","","",57,1,"","","","","","","","","","","","",8.2,1,1019.5,1,"","","","","","",0,1,"","",0,1,0,1,0,1,"","","","","","","","","","","","","","","","","","","","","","","","",6000,1,"","",2,1,0,1,"","","","","","","","","","","","","","","","","","","","","","","","","","","","","","","","","","","","","","","","","","","","","","","","","","","","","","","","","","","","","","","","","",""
"59343001","LILLE-LESQUIN",50.57,3.0975,47,1959100621,"","","","",3.,1,"","","","","","","","","","","","","","","","","","","","","","","","","","","","","","",9.3,1,2.2,1,"","","","","","","","","","","","","","","","","","","","","","","","","","",61,1,"","","","","","","","","","","","",7.2,1,1019.8,1,"","","","","","",0,1,"","",0,1,0,1,0,1,"","","","","","","","","","","","","","","","","","","","","","","","",7000,1,"","",2,1,0,1,"","","","","","","","","","","","","","","","","","","","","","","","","","","","","","","","","","","","","","","","","","","","","","","","","","","","","","","","","","","","","","","","","",""
"59343001","LILLE-LESQUIN",50.57,3.0975,47,1959100700,"","","","",3.,1,"","","","","","","","","","","","","","","","","","","","","","","","","","","","","","",9.,1,4.3,1,"","","","","","","","","","","","","","","","","","","","","","","","","","",73,1,"","","","","","","","","","","","",8.4,1,1020.2,1,"","","","","","",0,1,"","",0,1,0,1,0,1,"","","","","","","","","","","","","","","","","","","","","","","","",6000,1,"","",2,1,0,1,"","","","","","","","","","","","","","","","","","","","","","","","","","","","","","","","","","","","","","","","","","","","","","","","","","","","","","","","","","","","","","","","","",""
"59343001","LILLE-LESQUIN",50.57,3.0975,47,1959100703,"","","","",2.,1,"","","","","","","","","","","","","","","","","","","","","","","","","","","","","","",8.8,1,4.2,1,"","","","","","","","","","","","","","","","","","","","","","","","","","",73,1,"","","","","","","","","","","","",8.3,1,1020.2,1,"","","","","","",0,1,"","",0,1,0,1,0,1,"","","","","","","","","","","","","","","","","","","","","","","","",7000,1,"","",2,1,0,1,"","","","","","","","","","","","","","","","","","","","","","","","","","","","","","","","","","","","","","","","","","","","","","","","","","","","","","","","","","","","","","","","","",""
"59343001","LILLE-LESQUIN",50.57,3.0975,47,1959100706,"","","","",2.,1,"","","","","","","","","","","","","","","","","","","","","","","","","","","","","","",7.,1,3.7,1,"","","","","","","","","","","","","","","","","","","","","","","","","","",80,1,"","","","","","","","","","","","",8.,1,1021.,1,"","","","","","",0,1,"","",0,1,0,1,0,1,"","","","","","","","","","","","","","","","","","","","","","","","",4000,1,"","",10,1,0,1,"","",0,1,"","","","","","","","","","","","","","","","","","","","","","","","","","","","","","","","","","","","","","","","","","","","","","","","","","","","","","","","","","","","","",""
"59343001","LILLE-LESQUIN",50.57,3.0975,47,1959100709,"","","","",4.,1,"","","","","","","","","","","","","","","","","","","","","","","","","","","","","","",14.4,1,5.9,1,"","","","","","","","","","","","","","","","","","","","","","","","","","",57,1,"","","","","","","","","","","","",9.4,1,1021.4,1,"","","","","","",0,1,"","",0,1,0,1,0,1,"","","","","","","","","","","","","","","","","","","","","","","","","","","","",10,1,0,1,"","","","","","","","","","","","","","","","","","","","","","","","","","","","","","","","","","","","","","","","","","","","","","","","","","","","","","","","","","","","","","","","","",""
"59343001","LILLE-LESQUIN",50.57,3.0975,47,1959100712,"","","","",4.,1,"","","","","","","","","","","","","","","","","","","","","","","","","","","","","","",20.,1,10.4,1,"","","","","","","","","","","","","","","","","","","","","","","","","","",55,1,"","","","","","","","","","","","",12.9,1,1021.2,1,"","","","","","",1,1,0,1,2,1,0,1,0,1,"","","","","","","","","","","","","","","","","","","","","","","","",7000,1,"","",3,1,0,1,"","","","","","","","","","","","","","","","","","","","","","","","","","","","","","","","","","","","","","","","","","","","","","","","","","","","","","","","","","","","","","","","","",""
"59343001","LILLE-LESQUIN",50.57,3.0975,47,1959100715,"","","","",3.,1,"","","","","","","","","","","","","","","","","","","","","","","","","","","","","","",22.7,1,12.3,1,"","","","","","","","","","","","","","","","","","","","","","","","","","",53,1,"","","","","","","","","","","","",14.6,1,1020.4,1,"","","","","","",1,1,0,1,0,1,4,1,0,1,"","","","","","","","","","","","","","","","","","","","","","","","",8000,1,"","",2,1,0,1,"","","","","","","","","","","","","","","","","","","","","","","","","","","","","","","","","","","","","","","","","","","","","","","","","","","","","","","","","","","","","","","","","",""
"59343001","LILLE-LESQUIN",50.57,3.0975,47,1959100718,"","","","",1.,1,"","","","","","","","","","","","","","","","","","","","","","","","","","","","","","",17.3,1,11.,1,"","","","","","","","","","","","","","","","","","","","","","","","","","",68,1,"","","","","","","","","","","","",13.4,1,1021.5,1,"","","","","","",1,1,0,1,0,1,4,1,0,1,"","","","","","","","","","","","","","","","","","","","","","","","",6000,1,"","",2,1,0,1,"","","","","","","","","","","","","","","","","","","","","","","","","","","","","","","","","","","","","","","","","","","","","","","","","","","","","","","","","","","","","","","","","",""
"59343001","LILLE-LESQUIN",50.57,3.0975,47,1959100721,"","","","",1.,1,"","","","","","","","","","","","","","","","","","","","","","","","","","","","","","",12.2,1,10.2,1,"","","","","","","","","","","","","","","","","","","","","","","","","","",89,1,"","","","","","","","","","","","",12.7,1,1022.,1,"","","","","","",0,1,"","",0,1,0,1,0,1,"","","","","","","","","","","","","","","","","","","","","","","","",6000,1,"","",2,1,0,1,"","","","","","","","","","","","","","","","","","","","","","","","","","","","","","","","","","","","","","","","","","","","","","","","","","","","","","","","","","","","","","","","","",""
"59343001","LILLE-LESQUIN",50.57,3.0975,47,1959100800,"","","","",0.,1,"","","","","","","","","","","","","","","","","","","","","","","","","","","","","","",9.7,1,8.7,1,"","","","","","","","","","","","","","","","","","","","","","","","","","",95,1,"","","","","","","","","","","","",11.4,1,1021.9,1,"","","","","","",0,1,"","",0,1,0,1,0,1,"","","","","","","","","","","","","","","","","","","","","","","","",4000,1,"","",10,1,0,1,"","","","","","","","","","","","","","","","","","","","","","","","","","","","","","","","","","","","","","","","","","","","","","","","","","","","","","","","","","","","","","","","","",""
"59343001","LILLE-LESQUIN",50.57,3.0975,47,1959100803,"","","","",1.,1,"","","","","","","","","","","","","","","","","","","","","","","","","","","","","","",7.8,1,6.9,1,"","","","","","","","","","","","","","","","","","","","","","","","","","",96,1,"","","","","","","","","","","","",10.1,1,1021.6,1,"","","","","","",0,1,"","",0,1,0,1,0,1,"","","","","","","","","","","","","","","","","","","","","","","","",2000,1,"","",10,1,0,1,"","","","","","","","","","","","","","","","","","","","","","","","","","","","","","","","","","","","","","","","","","","","","","","","","","","","","","","","","","","","","","","","","",""
"59343001","LILLE-LESQUIN",50.57,3.0975,47,1959100806,"","","","",1.,1,"","","","","","","","","","","","","","","","","","","","","","","","","","","","","","",5.3,1,4.7,1,"","","","","","","","","","","","","","","","","","","","","","","","","","",97,1,"","","","","","","","","","","","",8.6,1,1021.5,1,"","","","","","",1,1,0,1,0,1,4,1,0,1,"","","","","","","","","","","","","","","","","","","","","","","","",200,1,"","",42,1,4,1,"","",0,1,"","","","","","","","","","","","","","","","","","","","","","","","","","","","","","","","","","","","","","","","","","","","","","","","","","","","","","","","","","","","","",""
"59343001","LILLE-LESQUIN",50.57,3.0975,47,1959100809,"","","","",0.,1,"","","","","","","","","","","","","","","","","","","","","","","","","","","","","","",9.8,1,9.8,1,"","","","","","","","","","","","","","","","","","","","","","","","","","",99,1,"","","","","","","","","","","","",11.9,1,1021.9,1,"","","","","","",0,1,"","",0,1,0,1,0,1,"","","","","","","","","","","","","","","","","","","","","","","","",1100,1,"","",28,1,4,1,"","","","","","","","","","","","","","","","","","","","","","","","","","","","","","","","","","","","","","","","","","","","","","","","","","","","","","","","","","","","","","","","","",""
"59343001","LILLE-LESQUIN",50.57,3.0975,47,1959100812,"","","","",1.,1,"","","","","","","","","","","","","","","","","","","","","","","","","","","","","","",20.1,1,9.9,1,"","","","","","","","","","","","","","","","","","","","","","","","","","",52,1,"","","","","","","","","","","","",12.4,1,1021.1,1,"","","","","","",0,1,"","",0,1,0,1,0,1,"","","","","","","","","","","","","","","","","","","","","","","","",4500,1,"","",10,1,4,1,"","","","","","","","","","","","","","","","","","","","","","","","","","","","","","","","","","","","","","","","","","","","","","","","","","","","","","","","","","","","","","","","","",""
"59343001","LILLE-LESQUIN",50.57,3.0975,47,1959100815,"","","","",2.,1,"","","","","","","","","","","","","","","","","","","","","","","","","","","","","","",22.7,1,8.9,1,"","","","","","","","","","","","","","","","","","","","","","","","","","",42,1,"","","","","","","","","","","","",11.6,1,1019.8,1,"","","","","","",0,1,"","",0,1,0,1,0,1,"","","","","","","","","","","","","","","","","","","","","","","","",6000,1,"","",2,1,0,1,"","","","","","","","","","","","","","","","","","","","","","","","","","","","","","","","","","","","","","","","","","","","","","","","","","","","","","","","","","","","","","","","","",""
"59343001","LILLE-LESQUIN",50.57,3.0975,47,1959100818,"","","","",0.,1,"","","","","","","","","","","","","","","","","","","","","","","","","","","","","","",16.8,1,5.3,1,"","","","","","","","","","","","","","","","","","","","","","","","","","",47,1,"","","","","","","","","","","","",9.,1,1020.4,1,"","","","","","",0,1,"","",0,1,0,1,0,1,"","","","","","","","","","","","","","","","","","","","","","","","",6000,1,"","",2,1,0,1,"","","","","","","","","","","","","","","","","","","","","","","","","","","","","","","","","","","","","","","","","","","","","","","","","","","","","","","","","","","","","","","","","",""
"59343001","LILLE-LESQUIN",50.57,3.0975,47,1959100821,"","","","",2.,1,"","","","","","","","","","","","","","","","","","","","","","","","","","","","","","",10.7,1,5.1,1,"","","","","","","","","","","","","","","","","","","","","","","","","","",69,1,"","","","","","","","","","","","",8.9,1,1021.,1,"","","","","","",0,1,"","",0,1,0,1,0,1,"","","","","","","","","","","","","","","","","","","","","","","","",7000,1,"","",2,1,0,1,"","","","","","","","","","","","","","","","","","","","","","","","","","","","","","","","","","","","","","","","","","","","","","","","","","","","","","","","","","","","","","","","","",""
"59343001","LILLE-LESQUIN",50.57,3.0975,47,1959100900,"","","","",1.,1,"","","","","","","","","","","","","","","","","","","","","","","","","","","","","","",8.8,1,4.2,1,"","","","","","","","","","","","","","","","","","","","","","","","","","",73,1,"","","","","","","","","","","","",8.3,1,1021.2,1,"","","","","","",0,1,"","",0,1,0,1,0,1,"","","","","","","","","","","","","","","","","","","","","","","","",6000,1,"","",2,1,0,1,"","","","","","","","","","","","","","","","","","","","","","","","","","","","","","","","","","","","","","","","","","","","","","","","","","","","","","","","","","","","","","","","","",""
"59343001","LILLE-LESQUIN",50.57,3.0975,47,1959100903,"","","","",1.,1,"","","","","","","","","","","","","","","","","","","","","","","","","","","","","","",6.6,1,3.7,1,"","","","","","","","","","","","","","","","","","","","","","","","","","",82,1,"","","","","","","","","","","","",8.,1,1021.,1,"","","","","","",0,1,"","",0,1,0,1,0,1,"","","","","","","","","","","","","","","","","","","","","","","","",6000,1,"","",2,1,0,1,"","","","","","","","","","","","","","","","","","","","","","","","","","","","","","","","","","","","","","","","","","","","","","","","","","","","","","","","","","","","","","","","","",""
"59343001","LILLE-LESQUIN",50.57,3.0975,47,1959100906,"","","","",2.,1,"","","","","","","","","","","","","","","","","","","","","","","","","","","","","","",5.3,1,2.6,1,"","","","","","","","","","","","","","","","","","","","","","","","","","",83,1,"","","","","","","","","","","","",7.4,1,1020.6,1,"","","","","","",0,1,"","",0,1,0,1,0,1,"","","","","","","","","","","","","","","","","","","","","","","","",1800,1,"","",10,1,0,1,"","",0,1,"","","","","","","","","","","","","","","","","","","","","","","","","","","","","","","","","","","","","","","","","","","","","","","","","","","","","","","","","","","","","",""
"59343001","LILLE-LESQUIN",50.57,3.0975,47,1959100909,"","","","",1.,1,"","","","","","","","","","","","","","","","","","","","","","","","","","","","","","",11.5,1,3.7,1,"","","","","","","","","","","","","","","","","","","","","","","","","","",59,1,"","","","","","","","","","","","",8.,1,1020.4,1,"","","","","","",0,1,"","",0,1,0,1,0,1,"","","","","","","","","","","","","","","","","","","","","","","","",2500,1,"","",10,1,0,1,"","","","","","","","","","","","","","","","","","","","","","","","","","","","","","","","","","","","","","","","","","","","","","","","","","","","","","","","","","","","","","","","","",""
"59343001","LILLE-LESQUIN",50.57,3.0975,47,1959100912,"","","","",3.,1,"","","","","","","","","","","","","","","","","","","","","","","","","","","","","","",19.2,1,3.3,1,"","","","","","","","","","","","","","","","","","","","","","","","","","",35,1,"","","","","","","","","","","","",7.8,1,1018.7,1,"","","","","","",1,1,0,1,0,1,0,1,1,1,"","","","","","","","","","","","","","","","","","","","","","","","",4000,1,"","",10,1,0,1,"","","","","","","","","","","","","","","","","","","","","","","","","","","","","","","","","","","","","","","","","","","","","","","","","","","","","","","","","","","","","","","","","",""
"59343001","LILLE-LESQUIN",50.57,3.0975,47,1959100915,"","","","",4.,1,"","","","","","","","","","","","","","","","","","","","","","","","","","","","","","",22.3,1,5.,1,"","","","","","","","","","","","","","","","","","","","","","","","","","",33,1,"","","","","","","","","","","","",8.8,1,1016.6,1,"","","","","","",3,1,0,1,0,1,0,1,2,1,"","","","","","","","","","","","","","","","","","","","","","","","",7000,1,"","",2,1,0,1,"","","","","","","","","","","","","","","","","","","","","","","","","","","","","","","","","","","","","","","","","","","","","","","","","","","","","","","","","","","","","","","","","",""
"59343001","LILLE-LESQUIN",50.57,3.0975,47,1959100918,"","","","",3.,1,"","","","","","","","","","","","","","","","","","","","","","","","","","","","","","",15.8,1,5.6,1,"","","","","","","","","","","","","","","","","","","","","","","","","","",51,1,"","","","","","","","","","","","",9.2,1,1015.9,1,"","","","","","",3,1,0,1,0,1,0,1,4,1,"","","","","","","","","","","","","","","","","","","","","","","","",4000,1,"","",10,1,0,1,"","","","","","","","","","","","","","","","","","","","","","","","","","","","","","","","","","","","","","","","","","","","","","","","","","","","","","","","","","","","","","","","","",""
"59343001","LILLE-LESQUIN",50.57,3.0975,47,1959100921,"","","","",3.,1,"","","","","","","","","","","","","","","","","","","","","","","","","","","","","","",12.6,1,3.7,1,"","","","","","","","","","","","","","","","","","","","","","","","","","",55,1,"","","","","","","","","","","","",8.,1,1015.1,1,"","","","","","",0,1,"","",0,1,0,1,0,1,"","","","","","","","","","","","","","","","","","","","","","","","",7000,1,"","",2,1,0,1,"","","","","","","","","","","","","","","","","","","","","","","","","","","","","","","","","","","","","","","","","","","","","","","","","","","","","","","","","","","","","","","","","",""
"59343001","LILLE-LESQUIN",50.57,3.0975,47,1959101000,"","","","",3.,1,"","","","","","","","","","","","","","","","","","","","","","","","","","","","","","",10.4,1,3.8,1,"","","","","","","","","","","","","","","","","","","","","","","","","","",64,1,"","","","","","","","","","","","",8.1,1,1014.,1,"","","","","","",0,1,"","",0,1,0,1,0,1,"","","","","","","","","","","","","","","","","","","","","","","","",7000,1,"","",2,1,0,1,"","","","","","","","","","","","","","","","","","","","","","","","","","","","","","","","","","","","","","","","","","","","","","","","","","","","","","","","","","","","","","","","","",""
"59343001","LILLE-LESQUIN",50.57,3.0975,47,1959101003,"","","","",3.,1,"","","","","","","","","","","","","","","","","","","","","","","","","","","","","","",10.4,1,4.2,1,"","","","","","","","","","","","","","","","","","","","","","","","","","",65,1,"","","","","","","","","","","","",8.3,1,1011.3,1,"","","","","","",0,1,"","",0,1,0,1,0,1,"","","","","","","","","","","","","","","","","","","","","","","","",7000,1,"","",2,1,0,1,"","","","","","","","","","","","","","","","","","","","","","","","","","","","","","","","","","","","","","","","","","","","","","","","","","","","","","","","","","","","","","","","","",""
"59343001","LILLE-LESQUIN",50.57,3.0975,47,1959101006,"","","","",5.,1,"","","","","","","","","","","","","","","","","","","","","","","","","","","","","","",10.2,1,4.8,1,"","","","","","","","","","","","","","","","","","","","","","","","","","",70,1,"","","","","","","","","","","","",8.7,1,1010.,1,"","","","","","",3,1,0,1,0,1,4,1,1,1,"","","","","","","","","","","","","","","","","","","","","","","","",5000,1,"","",3,1,0,1,"","",0,1,"","","","","","","","","","","","","","","","","","","","","","","","","","","","","","","","","","","","","","","","","","","","","","","","","","","","","","","","","","","","","",""
"59343001","LILLE-LESQUIN",50.57,3.0975,47,1959101009,"","","","",5.,1,"","","","","","","","","","","","","","","","","","","","","","","","","","","","","","",13.7,1,6.1,1,"","","","","","","","","","","","","","","","","","","","","","","","","","",61,1,"","","","","","","","","","","","",9.5,1,1009.2,1,"","","","","","",6,1,0,1,0,1,3,1,1,1,"","","","","","","","","","","","","","","","","","","","","","","","",7000,1,"","",2,1,2,1,"","","","","","","","","","","","","","","","","","","","","","","","","","","","","","","","","","","","","","","","","","","","","","","","","","","","","","","","","","","","","","","","","",""
"59343001","LILLE-LESQUIN",50.57,3.0975,47,1959101012,"","","","",4.,1,"","","","","","","","","","","","","","","","","","","","","","","","","","","","","","",18.3,1,6.9,1,"","","","","","","","","","","","","","","","","","","","","","","","","","",48,1,"","","","","","","","","","","","",10.1,1,1008.1,1,"","","","","","",7,1,6,1,0,1,7,1,2,1,"","","","","","","","","","","","","","","","","","","","","","","","",8000,1,"","",2,1,2,1,"","","","","","","","","","","","","","","","","","","","","","","","","","","","","","","","","","","","","","","","","","","","","","","","","","","","","","","","","","","","","","","","","",""
"59343001","LILLE-LESQUIN",50.57,3.0975,47,1959101015,"","","","",6.,1,"","","","","","","","","","","","","","","","","","","","","","","","","","","","","","",14.4,1,10.8,1,"","","","","","","","","","","","","","","","","","","","","","","","","","",81,1,"","","","","","","","","","","","",13.2,1,1008.5,1,"","","","","","",8,1,8,1,0,1,7,1,"","","","","","","","","","","","","","","","","","","","","","","","","","",6000,1,"","",61,1,2,1,"","","","","","","","","","","","","","","","","","","","","","","","","","","","","","","","","","","","","","","","","","","","","","","","","","","","","","","","","","","","","","","","","",""
"59343001","LILLE-LESQUIN",50.57,3.0975,47,1959101018,"","","","",2.,1,"","","","","","","","","","","","","","","","","","","","","","","","","","","","","","",12.6,1,11.6,1,"","","","","","","","","","","","","","","","","","","","","","","","","","",96,1,"","","","","","","","","","","","",14.,1,1008.6,1,"","","","","","",8,1,8,1,7,1,"","","","","","","","","","","","","","","","","","","","","","","","","","","","",3000,1,"","",61,1,6,1,"","","","","","","","","","","","","","","","","","","","","","","","","","","","","","","","","","","","","","","","","","","","","","","","","","","","","","","","","","","","","","","","","",""
"59343001","LILLE-LESQUIN",50.57,3.0975,47,1959101021,"","","","",3.,1,"","","","","","","","","","","","","","","","","","","","","","","","","","","","","","",12.9,1,12.1,1,"","","","","","","","","","","","","","","","","","","","","","","","","","",96,1,"","","","","","","","","","","","",14.4,1,1009.2,1,"","","","","","",8,1,8,1,7,1,"","","","","","","","","","","","","","","","","","","","","","","","","","","","",4000,1,"","",10,1,6,1,"","","","","","","","","","","","","","","","","","","","","","","","","","","","","","","","","","","","","","","","","","","","","","","","","","","","","","","","","","","","","","","","","",""
"59343001","LILLE-LESQUIN",50.57,3.0975,47,1959101100,"","","","",2.,1,"","","","","","","","","","","","","","","","","","","","","","","","","","","","","","",13.,1,12.3,1,"","","","","","","","","","","","","","","","","","","","","","","","","","",98,1,"","","","","","","","","","","","",14.6,1,1009.5,1,"","","","","","",8,1,8,1,6,1,"","","","","","","","","","","","","","","","","","","","","","","","","","","","",3000,1,"","",10,1,6,1,"","","","","","","","","","","","","","","","","","","","","","","","","","","","","","","","","","","","","","","","","","","","","","","","","","","","","","","","","","","","","","","","","",""
"59343001","LILLE-LESQUIN",50.57,3.0975,47,1959101103,"","","","",3.,1,"","","","","","","","","","","","","","","","","","","","","","","","","","","","","","",12.4,1,11.6,1,"","","","","","","","","","","","","","","","","","","","","","","","","","",98,1,"","","","","","","","","","","","",14.,1,1009.8,1,"","","","","","",8,1,8,1,6,1,"","","","","","","","","","","","","","","","","","","","","","","","","","","","",1800,1,"","",10,1,2,1,"","","","","","","","","","","","","","","","","","","","","","","","","","","","","","","","","","","","","","","","","","","","","","","","","","","","","","","","","","","","","","","","","",""
"59343001","LILLE-LESQUIN",50.57,3.0975,47,1959101106,"","","","",2.,1,"","","","","","","","","","","","","","","","","","","","","","","","","","","","","","",12.4,1,11.6,1,"","","","","","","","","","","","","","","","","","","","","","","","","","",98,1,"","","","","","","","","","","","",14.,1,1010.3,1,"","","","","","",8,1,8,1,6,1,"","","","","","","","","","","","","","","","","","","","","","","","","","","","",2500,1,"","",10,1,2,1,"","",0,1,"","","","","","","","","","","","","","","","","","","","","","","","","","","","","","","","","","","","","","","","","","","","","","","","","","","","","","","","","","","","","",""
"59343001","LILLE-LESQUIN",50.57,3.0975,47,1959101109,"","","","",3.,1,"","","","","","","","","","","","","","","","","","","","","","","","","","","","","","",13.7,1,12.1,1,"","","","","","","","","","","","","","","","","","","","","","","","","","",92,1,"","","","","","","","","","","","",14.4,1,1011.8,1,"","","","","","",7,1,5,1,5,1,"","","","","","","","","","","","","","","","","","","","","","","","","","","","",3000,1,"","",10,1,2,1,"","","","","","","","","","","","","","","","","","","","","","","","","","","","","","","","","","","","","","","","","","","","","","","","","","","","","","","","","","","","","","","","","",""
"59343001","LILLE-LESQUIN",50.57,3.0975,47,1959101112,"","","","",4.,1,"","","","","","","","","","","","","","","","","","","","","","","","","","","","","","",17.,1,12.7,1,"","","","","","","","","","","","","","","","","","","","","","","","","","",77,1,"","","","","","","","","","","","",15.,1,1012.9,1,"","","","","","",7,1,6,1,2,1,3,1,1,1,"","","","","","","","","","","","","","","","","","","","","","","","",10000,1,"","",1,1,2,1,"","","","","","","","","","","","","","","","","","","","","","","","","","","","","","","","","","","","","","","","","","","","","","","","","","","","","","","","","","","","","","","","","",""
"59343001","LILLE-LESQUIN",50.57,3.0975,47,1959101115,"","","","",5.,1,"","","","","","","","","","","","","","","","","","","","","","","","","","","","","","",16.,1,12.7,1,"","","","","","","","","","","","","","","","","","","","","","","","","","",82,1,"","","","","","","","","","","","",15.,1,1013.4,1,"","","","","","",7,1,5,1,8,1,"","","","","","","","","","","","","","","","","","","","","","","","","","","","",15000,1,"","",3,1,8,1,"","","","","","","","","","","","","","","","","","","","","","","","","","","","","","","","","","","","","","","","","","","","","","","","","","","","","","","","","","","","","","","","","",""
"59343001","LILLE-LESQUIN",50.57,3.0975,47,1959101118,"","","","",5.,1,"","","","","","","","","","","","","","","","","","","","","","","","","","","","","","",14.,1,12.4,1,"","","","","","","","","","","","","","","","","","","","","","","","","","",92,1,"","","","","","","","","","","","",14.7,1,1015.1,1,"","","","","","",7,1,7,1,7,1,"","","","","","","","","","","","","","","","","","","","","","","","","","","","",10000,1,"","",21,1,8,1,"","","","","","","","","","","","","","","","","","","","","","","","","","","","","","","","","","","","","","","","","","","","","","","","","","","","","","","","","","","","","","","","","",""
"59343001","LILLE-LESQUIN",50.57,3.0975,47,1959101121,"","","","",3.,1,"","","","","","","","","","","","","","","","","","","","","","","","","","","","","","",14.,1,11.9,1,"","","","","","","","","","","","","","","","","","","","","","","","","","",89,1,"","","","","","","","","","","","",14.2,1,1017.,1,"","","","","","",8,1,8,1,6,1,"","","","","","","","","","","","","","","","","","","","","","","","","","","","",12000,1,"","",2,1,2,1,"","","","","","","","","","","","","","","","","","","","","","","","","","","","","","","","","","","","","","","","","","","","","","","","","","","","","","","","","","","","","","","","","",""
"59343001","LILLE-LESQUIN",50.57,3.0975,47,1959101200,"","","","",4.,1,"","","","","","","","","","","","","","","","","","","","","","","","","","","","","","",13.,1,11.5,1,"","","","","","","","","","","","","","","","","","","","","","","","","","",93,1,"","","","","","","","","","","","",13.9,1,1018.3,1,"","","","","","",8,1,6,1,6,1,3,1,"","","","","","","","","","","","","","","","","","","","","","","","","","",12000,1,"","",2,1,2,1,"","","","","","","","","","","","","","","","","","","","","","","","","","","","","","","","","","","","","","","","","","","","","","","","","","","","","","","","","","","","","","","","","",""
"59343001","LILLE-LESQUIN",50.57,3.0975,47,1959101203,"","","","",3.,1,"","","","","","","","","","","","","","","","","","","","","","","","","","","","","","",12.,1,9.6,1,"","","","","","","","","","","","","","","","","","","","","","","","","","",87,1,"","","","","","","","","","","","",12.2,1,1018.5,1,"","","","","","",3,1,0,1,5,1,0,1,0,1,"","","","","","","","","","","","","","","","","","","","","","","","",12000,1,"","",2,1,1,1,"","","","","","","","","","","","","","","","","","","","","","","","","","","","","","","","","","","","","","","","","","","","","","","","","","","","","","","","","","","","","","","","","",""
"59343001","LILLE-LESQUIN",50.57,3.0975,47,1959101206,"","","","",1.,1,"","","","","","","","","","","","","","","","","","","","","","","","","","","","","","",9.8,1,7.5,1,"","","","","","","","","","","","","","","","","","","","","","","","","","",87,1,"","","","","","","","","","","","",10.5,1,1020.,1,"","","","","","",6,1,5,1,2,1,4,1,0,1,"","","","","","","","","","","","","","","","","","","","","","","","",7000,1,"","",2,1,2,1,"","",0,1,"","","","","","","","","","","","","","","","","","","","","","","","","","","","","","","","","","","","","","","","","","","","","","","","","","","","","","","","","","","","","",""
"59343001","LILLE-LESQUIN",50.57,3.0975,47,1959101209,"","","","",2.,1,"","","","","","","","","","","","","","","","","","","","","","","","","","","","","","",13.4,1,8.3,1,"","","","","","","","","","","","","","","","","","","","","","","","","","",72,1,"","","","","","","","","","","","",11.1,1,1020.9,1,"","","","","","",4,1,0,1,5,1,4,1,1,1,"","","","","","","","","","","","","","","","","","","","","","","","",8000,1,"","",1,1,1,1,"","","","","","","","","","","","","","","","","","","","","","","","","","","","","","","","","","","","","","","","","","","","","","","","","","","","","","","","","","","","","","","","","",""
"59343001","LILLE-LESQUIN",50.57,3.0975,47,1959101212,"","","","",3.,1,"","","","","","","","","","","","","","","","","","","","","","","","","","","","","","",17.6,1,6.6,1,"","","","","","","","","","","","","","","","","","","","","","","","","","",48,1,"","","","","","","","","","","","",9.9,1,1020.9,1,"","","","","","",4,1,0,1,2,1,4,1,2,1,"","","","","","","","","","","","","","","","","","","","","","","","",15000,1,"","",3,1,0,1,"","","","","","","","","","","","","","","","","","","","","","","","","","","","","","","","","","","","","","","","","","","","","","","","","","","","","","","","","","","","","","","","","",""
"59343001","LILLE-LESQUIN",50.57,3.0975,47,1959101215,"","","","",5.,1,"","","","","","","","","","","","","","","","","","","","","","","","","","","","","","",18.5,1,7.1,1,"","","","","","","","","","","","","","","","","","","","","","","","","","",45,1,"","","","","","","","","","","","",10.2,1,1020.3,1,"","","","","","",4,1,0,1,4,1,4,1,2,1,"","","","","","","","","","","","","","","","","","","","","","","","",20000,1,"","",2,1,0,1,"","","","","","","","","","","","","","","","","","","","","","","","","","","","","","","","","","","","","","","","","","","","","","","","","","","","","","","","","","","","","","","","","",""
"59343001","LILLE-LESQUIN",50.57,3.0975,47,1959101218,"","","","",3.,1,"","","","","","","","","","","","","","","","","","","","","","","","","","","","","","",15.4,1,8.1,1,"","","","","","","","","","","","","","","","","","","","","","","","","","",63,1,"","","","","","","","","","","","",11.,1,1021.,1,"","","","","","",7,1,7,1,5,1,"","","","","","","","","","","","","","","","","","","","","","","","","","","","",8000,1,"","",2,1,2,1,"","","","","","","","","","","","","","","","","","","","","","","","","","","","","","","","","","","","","","","","","","","","","","","","","","","","","","","","","","","","","","","","","",""
"59343001","LILLE-LESQUIN",50.57,3.0975,47,1959101221,"","","","",1.,1,"","","","","","","","","","","","","","","","","","","","","","","","","","","","","","",13.,1,10.8,1,"","","","","","","","","","","","","","","","","","","","","","","","","","",88,1,"","","","","","","","","","","","",13.2,1,1021.9,1,"","","","","","",8,1,8,1,5,1,"","","","","","","","","","","","","","","","","","","","","","","","","","","","",7000,1,"","",60,1,6,1,"","","","","","","","","","","","","","","","","","","","","","","","","","","","","","","","","","","","","","","","","","","","","","","","","","","","","","","","","","","","","","","","","",""
"59343001","LILLE-LESQUIN",50.57,3.0975,47,1959101300,"","","","",2.,1,"","","","","","","","","","","","","","","","","","","","","","","","","","","","","","",11.9,1,10.8,1,"","","","","","","","","","","","","","","","","","","","","","","","","","",95,1,"","","","","","","","","","","","",13.2,1,1022.3,1,"","","","","","",8,1,7,1,7,1,"","","","","","","","","","","","","","","","","","","","","","","","","","","","",4000,1,"","",61,1,6,1,"","","","","","","","","","","","","","","","","","","","","","","","","","","","","","","","","","","","","","","","","","","","","","","","","","","","","","","","","","","","","","","","","",""
"59343001","LILLE-LESQUIN",50.57,3.0975,47,1959101303,"","","","",2.,1,"","","","","","","","","","","","","","","","","","","","","","","","","","","","","","",12.2,1,11.4,1,"","","","","","","","","","","","","","","","","","","","","","","","","","",98,1,"","","","","","","","","","","","",13.8,1,1022.3,1,"","","","","","",8,1,8,1,5,1,"","","","","","","","","","","","","","","","","","","","","","","","","","","","",5000,1,"","",61,1,6,1,"","","","","","","","","","","","","","","","","","","","","","","","","","","","","","","","","","","","","","","","","","","","","","","","","","","","","","","","","","","","","","","","","",""
"59343001","LILLE-LESQUIN",50.57,3.0975,47,1959101306,"","","","",2.,1,"","","","","","","","","","","","","","","","","","","","","","","","","","","","","","",11.8,1,10.7,1,"","","","","","","","","","","","","","","","","","","","","","","","","","",95,1,"","","","","","","","","","","","",13.1,1,1022.9,1,"","","","","","",8,1,6,1,5,1,7,1,"","","","","","","","","","","","","","","","","","","","","","","","","","",3000,1,"","",21,1,6,1,"","",0,1,"","","","","","","","","","","","","","","","","","","","","","","","","","","","","","","","","","","","","","","","","","","","","","","","","","","","","","","","","","","","","",""
"59343001","LILLE-LESQUIN",50.57,3.0975,47,1959101309,"","","","",2.,1,"","","","","","","","","","","","","","","","","","","","","","","","","","","","","","",12.9,1,11.6,1,"","","","","","","","","","","","","","","","","","","","","","","","","","",94,1,"","","","","","","","","","","","",14.,1,1024.4,1,"","","","","","",7,1,6,1,7,1,4,1,"","","","","","","","","","","","","","","","","","","","","","","","","","",3500,1,"","",21,1,6,1,"","","","","","","","","","","","","","","","","","","","","","","","","","","","","","","","","","","","","","","","","","","","","","","","","","","","","","","","","","","","","","","","","",""
"59343001","LILLE-LESQUIN",50.57,3.0975,47,1959101312,"","","","",3.,1,"","","","","","","","","","","","","","","","","","","","","","","","","","","","","","",17.6,1,11.2,1,"","","","","","","","","","","","","","","","","","","","","","","","","","",68,1,"","","","","","","","","","","","",13.6,1,1024.4,1,"","","","","","",6,1,0,1,2,1,4,1,1,1,"","","","","","","","","","","","","","","","","","","","","","","","",10000,1,"","",2,1,6,1,"","","","","","","","","","","","","","","","","","","","","","","","","","","","","","","","","","","","","","","","","","","","","","","","","","","","","","","","","","","","","","","","","",""
"59343001","LILLE-LESQUIN",50.57,3.0975,47,1959101315,"","","","",1.,1,"","","","","","","","","","","","","","","","","","","","","","","","","","","","","","",18.2,1,10.8,1,"","","","","","","","","","","","","","","","","","","","","","","","","","",63,1,"","","","","","","","","","","","",13.2,1,1024.3,1,"","","","","","",7,1,5,1,4,1,3,1,"","","","","","","","","","","","","","","","","","","","","","","","","","",25000,1,"","",2,1,2,1,"","","","","","","","","","","","","","","","","","","","","","","","","","","","","","","","","","","","","","","","","","","","","","","","","","","","","","","","","","","","","","","","","",""
"59343001","LILLE-LESQUIN",50.57,3.0975,47,1959101318,"","","","",1.,1,"","","","","","","","","","","","","","","","","","","","","","","","","","","","","","",15.2,1,11.,1,"","","","","","","","","","","","","","","","","","","","","","","","","","",78,1,"","","","","","","","","","","","",13.4,1,1024.7,1,"","","","","","",6,1,6,1,0,1,3,1,0,1,"","","","","","","","","","","","","","","","","","","","","","","","",10000,1,"","",2,1,2,1,"","","","","","","","","","","","","","","","","","","","","","","","","","","","","","","","","","","","","","","","","","","","","","","","","","","","","","","","","","","","","","","","","",""
"59343001","LILLE-LESQUIN",50.57,3.0975,47,1959101321,"","","","",2.,1,"","","","","","","","","","","","","","","","","","","","","","","","","","","","","","",11.8,1,9.,1,"","","","","","","","","","","","","","","","","","","","","","","","","","",84,1,"","","","","","","","","","","","",11.7,1,1024.8,1,"","","","","","",1,1,0,1,0,1,4,1,0,1,"","","","","","","","","","","","","","","","","","","","","","","","",15000,1,"","",2,1,0,1,"","","","","","","","","","","","","","","","","","","","","","","","","","","","","","","","","","","","","","","","","","","","","","","","","","","","","","","","","","","","","","","","","",""
"59343001","LILLE-LESQUIN",50.57,3.0975,47,1959101400,"","","","",1.,1,"","","","","","","","","","","","","","","","","","","","","","","","","","","","","","",9.9,1,7.9,1,"","","","","","","","","","","","","","","","","","","","","","","","","","",88,1,"","","","","","","","","","","","",10.8,1,1025.3,1,"","","","","","",0,1,"","",0,1,0,1,0,1,"","","","","","","","","","","","","","","","","","","","","","","","",10000,1,"","",2,1,0,1,"","","","","","","","","","","","","","","","","","","","","","","","","","","","","","","","","","","","","","","","","","","","","","","","","","","","","","","","","","","","","","","","","",""
"59343001","LILLE-LESQUIN",50.57,3.0975,47,1959101403,"","","","",1.,1,"","","","","","","","","","","","","","","","","","","","","","","","","","","","","","",7.4,1,6.4,1,"","","","","","","","","","","","","","","","","","","","","","","","","","",94,1,"","","","","","","","","","","","",9.7,1,1024.8,1,"","","","","","",0,1,"","",0,1,0,1,0,1,"","","","","","","","","","","","","","","","","","","","","","","","",6000,1,"","",1,1,0,1,"","","","","","","","","","","","","","","","","","","","","","","","","","","","","","","","","","","","","","","","","","","","","","","","","","","","","","","","","","","","","","","","","",""
"59343001","LILLE-LESQUIN",50.57,3.0975,47,1959101406,"","","","",1.,1,"","","","","","","","","","","","","","","","","","","","","","","","","","","","","","",6.,1,5.6,1,"","","","","","","","","","","","","","","","","","","","","","","","","","",98,1,"","","","","","","","","","","","",9.2,1,1025.,1,"","","","","","",0,1,"","",0,1,0,1,0,1,"","","","","","","","","","","","","","","","","","","","","","","","",500,1,"","",46,1,0,1,"","",0,1,"","","","","","","","","","","","","","","","","","","","","","","","","","","","","","","","","","","","","","","","","","","","","","","","","","","","","","","","","","","","","",""
"59343001","LILLE-LESQUIN",50.57,3.0975,47,1959101409,"","","","",1.,1,"","","","","","","","","","","","","","","","","","","","","","","","","","","","","","",10.1,1,7.7,1,"","","","","","","","","","","","","","","","","","","","","","","","","","",87,1,"","","","","","","","","","","","",10.7,1,1025.8,1,"","","","","","",0,1,"","",0,1,0,1,0,1,"","","","","","","","","","","","","","","","","","","","","","","","",1700,1,"","",10,1,4,1,"","","","","","","","","","","","","","","","","","","","","","","","","","","","","","","","","","","","","","","","","","","","","","","","","","","","","","","","","","","","","","","","","",""
"59343001","LILLE-LESQUIN",50.57,3.0975,47,1959101412,"","","","",2.,1,"","","","","","","","","","","","","","","","","","","","","","","","","","","","","","",17.9,1,9.,1,"","","","","","","","","","","","","","","","","","","","","","","","","","",57,1,"","","","","","","","","","","","",11.7,1,1024.6,1,"","","","","","",1,1,0,1,0,1,4,1,0,1,"","","","","","","","","","","","","","","","","","","","","","","","",4000,1,"","",10,1,4,1,"","","","","","","","","","","","","","","","","","","","","","","","","","","","","","","","","","","","","","","","","","","","","","","","","","","","","","","","","","","","","","","","","",""
"59343001","LILLE-LESQUIN",50.57,3.0975,47,1959101415,"","","","",2.,1,"","","","","","","","","","","","","","","","","","","","","","","","","","","","","","",19.4,1,8.9,1,"","","","","","","","","","","","","","","","","","","","","","","","","","",51,1,"","","","","","","","","","","","",11.6,1,1023.4,1,"","","","","","",0,1,"","",0,1,0,1,0,1,"","","","","","","","","","","","","","","","","","","","","","","","",7000,1,"","",1,1,0,1,"","","","","","","","","","","","","","","","","","","","","","","","","","","","","","","","","","","","","","","","","","","","","","","","","","","","","","","","","","","","","","","","","",""
"59343001","LILLE-LESQUIN",50.57,3.0975,47,1959101418,"","","","",3.,1,"","","","","","","","","","","","","","","","","","","","","","","","","","","","","","",12.4,1,8.1,1,"","","","","","","","","","","","","","","","","","","","","","","","","","",76,1,"","","","","","","","","","","","",11.,1,1023.3,1,"","","","","","",0,1,"","",0,1,0,1,0,1,"","","","","","","","","","","","","","","","","","","","","","","","",6000,1,"","",2,1,0,1,"","","","","","","","","","","","","","","","","","","","","","","","","","","","","","","","","","","","","","","","","","","","","","","","","","","","","","","","","","","","","","","","","",""
"59343001","LILLE-LESQUIN",50.57,3.0975,47,1959101421,"","","","",3.,1,"","","","","","","","","","","","","","","","","","","","","","","","","","","","","","",9.1,1,6.1,1,"","","","","","","","","","","","","","","","","","","","","","","","","","",83,1,"","","","","","","","","","","","",9.5,1,1023.6,1,"","","","","","",0,1,"","",0,1,0,1,0,1,"","","","","","","","","","","","","","","","","","","","","","","","",7000,1,"","",2,1,0,1,"","","","","","","","","","","","","","","","","","","","","","","","","","","","","","","","","","","","","","","","","","","","","","","","","","","","","","","","","","","","","","","","","",""
"59343001","LILLE-LESQUIN",50.57,3.0975,47,1959101500,"","","","",2.,1,"","","","","","","","","","","","","","","","","","","","","","","","","","","","","","",7.7,1,5.6,1,"","","","","","","","","","","","","","","","","","","","","","","","","","",87,1,"","","","","","","","","","","","",9.2,1,1023.2,1,"","","","","","",0,1,"","",0,1,0,1,0,1,"","","","","","","","","","","","","","","","","","","","","","","","",6000,1,"","",2,1,0,1,"","","","","","","","","","","","","","","","","","","","","","","","","","","","","","","","","","","","","","","","","","","","","","","","","","","","","","","","","","","","","","","","","",""
"59343001","LILLE-LESQUIN",50.57,3.0975,47,1959101503,"","","","",2.,1,"","","","","","","","","","","","","","","","","","","","","","","","","","","","","","",6.3,1,4.8,1,"","","","","","","","","","","","","","","","","","","","","","","","","","",91,1,"","","","","","","","","","","","",8.7,1,1022.2,1,"","","","","","",0,1,"","",0,1,0,1,0,1,"","","","","","","","","","","","","","","","","","","","","","","","",5000,1,"","",2,1,0,1,"","","","","","","","","","","","","","","","","","","","","","","","","","","","","","","","","","","","","","","","","","","","","","","","","","","","","","","","","","","","","","","","","",""
"59343001","LILLE-LESQUIN",50.57,3.0975,47,1959101506,"","","","",3.,1,"","","","","","","","","","","","","","","","","","","","","","","","","","","","","","",4.7,1,3.7,1,"","","","","","","","","","","","","","","","","","","","","","","","","","",93,1,"","","","","","","","","","","","",8.,1,1022.,1,"","","","","","",0,1,"","",0,1,0,1,0,1,"","","","","","","","","","","","","","","","","","","","","","","","",1800,1,"","",10,1,0,1,"","",0,1,"","","","","","","","","","","","","","","","","","","","","","","","","","","","","","","","","","","","","","","","","","","","","","","","","","","","","","","","","","","","","",""
"59343001","LILLE-LESQUIN",50.57,3.0975,47,1959101509,"","","","",2.,1,"","","","","","","","","","","","","","","","","","","","","","","","","","","","","","",9.7,1,5.5,1,"","","","","","","","","","","","","","","","","","","","","","","","","","",76,1,"","","","","","","","","","","","",9.1,1,1021.7,1,"","","","","","",0,1,"","",0,1,0,1,0,1,"","","","","","","","","","","","","","","","","","","","","","","","",3000,1,"","",10,1,0,1,"","","","","","","","","","","","","","","","","","","","","","","","","","","","","","","","","","","","","","","","","","","","","","","","","","","","","","","","","","","","","","","","","",""
"59343001","LILLE-LESQUIN",50.57,3.0975,47,1959101512,"","","","",3.,1,"","","","","","","","","","","","","","","","","","","","","","","","","","","","","","",16.2,1,6.8,1,"","","","","","","","","","","","","","","","","","","","","","","","","","",55,1,"","","","","","","","","","","","",10.,1,1020.2,1,"","","","","","",0,1,"","",0,1,0,1,0,1,"","","","","","","","","","","","","","","","","","","","","","","","",5000,1,"","",10,1,0,1,"","","","","","","","","","","","","","","","","","","","","","","","","","","","","","","","","","","","","","","","","","","","","","","","","","","","","","","","","","","","","","","","","",""
"59343001","LILLE-LESQUIN",50.57,3.0975,47,1959101515,"","","","",3.,1,"","","","","","","","","","","","","","","","","","","","","","","","","","","","","","",20.1,1,8.3,1,"","","","","","","","","","","","","","","","","","","","","","","","","","",47,1,"","","","","","","","","","","","",11.1,1,1018.6,1,"","","","","","",2,1,0,1,1,1,0,1,0,1,"","","","","","","","","","","","","","","","","","","","","","","","",7000,1,"","",3,1,0,1,"","","","","","","","","","","","","","","","","","","","","","","","","","","","","","","","","","","","","","","","","","","","","","","","","","","","","","","","","","","","","","","","","",""
"59343001","LILLE-LESQUIN",50.57,3.0975,47,1959101518,"","","","",2.,1,"","","","","","","","","","","","","","","","","","","","","","","","","","","","","","",14.2,1,7.7,1,"","","","","","","","","","","","","","","","","","","","","","","","","","",66,1,"","","","","","","","","","","","",10.7,1,1018.7,1,"","","","","","",0,1,"","",0,1,0,1,0,1,"","","","","","","","","","","","","","","","","","","","","","","","",7000,1,"","",1,1,0,1,"","","","","","","","","","","","","","","","","","","","","","","","","","","","","","","","","","","","","","","","","","","","","","","","","","","","","","","","","","","","","","","","","",""
"59343001","LILLE-LESQUIN",50.57,3.0975,47,1959101521,"","","","",3.,1,"","","","","","","","","","","","","","","","","","","","","","","","","","","","","","",12.2,1,5.6,1,"","","","","","","","","","","","","","","","","","","","","","","","","","",65,1,"","","","","","","","","","","","",9.2,1,1018.8,1,"","","","","","",0,1,"","",0,1,0,1,0,1,"","","","","","","","","","","","","","","","","","","","","","","","",6000,1,"","",2,1,0,1,"","","","","","","","","","","","","","","","","","","","","","","","","","","","","","","","","","","","","","","","","","","","","","","","","","","","","","","","","","","","","","","","","",""
"59343001","LILLE-LESQUIN",50.57,3.0975,47,1959101600,"","","","",2.,1,"","","","","","","","","","","","","","","","","","","","","","","","","","","","","","",9.9,1,3.1,1,"","","","","","","","","","","","","","","","","","","","","","","","","","",63,1,"","","","","","","","","","","","",7.7,1,1018.4,1,"","","","","","",0,1,"","",0,1,0,1,0,1,"","","","","","","","","","","","","","","","","","","","","","","","",7000,1,"","",2,1,0,1,"","","","","","","","","","","","","","","","","","","","","","","","","","","","","","","","","","","","","","","","","","","","","","","","","","","","","","","","","","","","","","","","","",""
"59343001","LILLE-LESQUIN",50.57,3.0975,47,1959101603,"","","","",3.,1,"","","","","","","","","","","","","","","","","","","","","","","","","","","","","","",7.7,1,3.1,1,"","","","","","","","","","","","","","","","","","","","","","","","","","",74,1,"","","","","","","","","","","","",7.7,1,1017.4,1,"","","","","","",0,1,"","",0,1,0,1,0,1,"","","","","","","","","","","","","","","","","","","","","","","","",8000,1,"","",2,1,0,1,"","","","","","","","","","","","","","","","","","","","","","","","","","","","","","","","","","","","","","","","","","","","","","","","","","","","","","","","","","","","","","","","","",""
"59343001","LILLE-LESQUIN",50.57,3.0975,47,1959101606,"","","","",4.,1,"","","","","","","","","","","","","","","","","","","","","","","","","","","","","","",7.9,1,2.6,1,"","","","","","","","","","","","","","","","","","","","","","","","","","",70,1,"","","","","","","","","","","","",7.4,1,1016.8,1,"","","","","","",0,1,"","",0,1,0,1,0,1,"","","","","","","","","","","","","","","","","","","","","","","","",7000,1,"","",2,1,0,1,"","",0,1,"","","","","","","","","","","","","","","","","","","","","","","","","","","","","","","","","","","","","","","","","","","","","","","","","","","","","","","","","","","","","",""
"59343001","LILLE-LESQUIN",50.57,3.0975,47,1959101609,"","","","",6.,1,"","","","","","","","","","","","","","","","","","","","","","","","","","","","","","",12.5,1,4.8,1,"","","","","","","","","","","","","","","","","","","","","","","","","","",60,1,"","","","","","","","","","","","",8.7,1,1016.4,1,"","","","","","",0,1,"","",0,1,0,1,0,1,"","","","","","","","","","","","","","","","","","","","","","","","",8000,1,"","",2,1,0,1,"","","","","","","","","","","","","","","","","","","","","","","","","","","","","","","","","","","","","","","","","","","","","","","","","","","","","","","","","","","","","","","","","",""
"59343001","LILLE-LESQUIN",50.57,3.0975,47,1959101612,"","","","",6.,1,"","","","","","","","","","","","","","","","","","","","","","","","","","","","","","",18.2,1,7.9,1,"","","","","","","","","","","","","","","","","","","","","","","","","","",51,1,"","","","","","","","","","","","",10.8,1,1014.7,1,"","","","","","",1,1,0,1,0,1,4,1,0,1,"","","","","","","","","","","","","","","","","","","","","","","","",10000,1,"","",2,1,0,1,"","","","","","","","","","","","","","","","","","","","","","","","","","","","","","","","","","","","","","","","","","","","","","","","","","","","","","","","","","","","","","","","","",""
"59343001","LILLE-LESQUIN",50.57,3.0975,47,1959101615,"","","","",6.,1,"","","","","","","","","","","","","","","","","","","","","","","","","","","","","","",19.6,1,8.4,1,"","","","","","","","","","","","","","","","","","","","","","","","","","",49,1,"","","","","","","","","","","","",11.2,1,1013.5,1,"","","","","","",0,1,"","",0,1,0,1,0,1,"","","","","","","","","","","","","","","","","","","","","","","","",10000,1,"","",1,1,0,1,"","","","","","","","","","","","","","","","","","","","","","","","","","","","","","","","","","","","","","","","","","","","","","","","","","","","","","","","","","","","","","","","","",""
"59343001","LILLE-LESQUIN",50.57,3.0975,47,1959101618,"","","","",3.,1,"","","","","","","","","","","","","","","","","","","","","","","","","","","","","","",14.2,1,9.3,1,"","","","","","","","","","","","","","","","","","","","","","","","","","",74,1,"","","","","","","","","","","","",11.9,1,1013.5,1,"","","","","","",0,1,"","",0,1,0,1,0,1,"","","","","","","","","","","","","","","","","","","","","","","","",9000,1,"","",2,1,0,1,"","","","","","","","","","","","","","","","","","","","","","","","","","","","","","","","","","","","","","","","","","","","","","","","","","","","","","","","","","","","","","","","","",""
"59343001","LILLE-LESQUIN",50.57,3.0975,47,1959101621,"","","","",3.,1,"","","","","","","","","","","","","","","","","","","","","","","","","","","","","","",11.1,1,8.4,1,"","","","","","","","","","","","","","","","","","","","","","","","","","",85,1,"","","","","","","","","","","","",11.2,1,1013.4,1,"","","","","","",0,1,"","",0,1,0,1,0,1,"","","","","","","","","","","","","","","","","","","","","","","","",9000,1,"","",2,1,0,1,"","","","","","","","","","","","","","","","","","","","","","","","","","","","","","","","","","","","","","","","","","","","","","","","","","","","","","","","","","","","","","","","","",""
"59343001","LILLE-LESQUIN",50.57,3.0975,47,1959101700,"","","","",3.,1,"","","","","","","","","","","","","","","","","","","","","","","","","","","","","","",11.1,1,8.7,1,"","","","","","","","","","","","","","","","","","","","","","","","","","",86,1,"","","","","","","","","","","","",11.4,1,1012.6,1,"","","","","","",1,1,0,1,0,1,0,1,1,1,"","","","","","","","","","","","","","","","","","","","","","","","",9000,1,"","",2,1,0,1,"","","","","","","","","","","","","","","","","","","","","","","","","","","","","","","","","","","","","","","","","","","","","","","","","","","","","","","","","","","","","","","","","",""
"59343001","LILLE-LESQUIN",50.57,3.0975,47,1959101703,"","","","",3.,1,"","","","","","","","","","","","","","","","","","","","","","","","","","","","","","",10.6,1,8.4,1,"","","","","","","","","","","","","","","","","","","","","","","","","","",88,1,"","","","","","","","","","","","",11.2,1,1012.1,1,"","","","","","",1,1,0,1,0,1,0,1,1,1,"","","","","","","","","","","","","","","","","","","","","","","","",8000,1,"","",1,1,0,1,"","","","","","","","","","","","","","","","","","","","","","","","","","","","","","","","","","","","","","","","","","","","","","","","","","","","","","","","","","","","","","","","","",""
"59343001","LILLE-LESQUIN",50.57,3.0975,47,1959101706,"","","","",4.,1,"","","","","","","","","","","","","","","","","","","","","","","","","","","","","","",10.2,1,8.1,1,"","","","","","","","","","","","","","","","","","","","","","","","","","",88,1,"","","","","","","","","","","","",11.,1,1011.9,1,"","","","","","",6,1,5,1,0,1,5,1,4,1,"","","","","","","","","","","","","","","","","","","","","","","","",6000,1,"","",3,1,1,1,"","",0,1,"","","","","","","","","","","","","","","","","","","","","","","","","","","","","","","","","","","","","","","","","","","","","","","","","","","","","","","","","","","","","",""
"59343001","LILLE-LESQUIN",50.57,3.0975,47,1959101709,"","","","",6.,1,"","","","","","","","","","","","","","","","","","","","","","","","","","","","","","",13.,1,8.,1,"","","","","","","","","","","","","","","","","","","","","","","","","","",73,1,"","","","","","","","","","","","",10.9,1,1011.2,1,"","","","","","",8,1,8,1,0,1,3,1,7,1,"","","","","","","","","","","","","","","","","","","","","","","","",7000,1,"","",2,1,2,1,"","","","","","","","","","","","","","","","","","","","","","","","","","","","","","","","","","","","","","","","","","","","","","","","","","","","","","","","","","","","","","","","","",""
"59343001","LILLE-LESQUIN",50.57,3.0975,47,1959101712,"","","","",6.,1,"","","","","","","","","","","","","","","","","","","","","","","","","","","","","","",18.4,1,8.8,1,"","","","","","","","","","","","","","","","","","","","","","","","","","",54,1,"","","","","","","","","","","","",11.5,1,1009.4,1,"","","","","","",3,1,0,1,0,1,4,1,2,1,"","","","","","","","","","","","","","","","","","","","","","","","",7000,1,"","",2,1,1,1,"","","","","","","","","","","","","","","","","","","","","","","","","","","","","","","","","","","","","","","","","","","","","","","","","","","","","","","","","","","","","","","","","",""
"59343001","LILLE-LESQUIN",50.57,3.0975,47,1959101715,"","","","",8.,1,"","","","","","","","","","","","","","","","","","","","","","","","","","","","","","",20.3,1,8.1,1,"","","","","","","","","","","","","","","","","","","","","","","","","","",46,1,"","","","","","","","","","","","",11.,1,1005.6,1,"","","","","","",2,1,0,1,0,1,4,1,1,1,"","","","","","","","","","","","","","","","","","","","","","","","",8000,1,"","",2,1,0,1,"","","","","","","","","","","","","","","","","","","","","","","","","","","","","","","","","","","","","","","","","","","","","","","","","","","","","","","","","","","","","","","","","",""
"59343001","LILLE-LESQUIN",50.57,3.0975,47,1959101718,"","","","",6.,1,"","","","","","","","","","","","","","","","","","","","","","","","","","","","","","",16.2,1,7.7,1,"","","","","","","","","","","","","","","","","","","","","","","","","","",58,1,"","","","","","","","","","","","",10.7,1,1004.1,1,"","","","","","",7,1,6,1,0,1,5,1,4,1,"","","","","","","","","","","","","","","","","","","","","","","","",7000,1,"","",3,1,1,1,"","","","","","","","","","","","","","","","","","","","","","","","","","","","","","","","","","","","","","","","","","","","","","","","","","","","","","","","","","","","","","","","","",""
"59343001","LILLE-LESQUIN",50.57,3.0975,47,1959101721,"","","","",8.,1,"","","","","","","","","","","","","","","","","","","","","","","","","","","","","","",17.1,1,7.7,1,"","","","","","","","","","","","","","","","","","","","","","","","","","",55,1,"","","","","","","","","","","","",10.7,1,1002.1,1,"","","","","","",7,1,6,1,0,1,7,1,2,1,"","","","","","","","","","","","","","","","","","","","","","","","",10000,1,"","",1,1,2,1,"","","","","","","","","","","","","","","","","","","","","","","","","","","","","","","","","","","","","","","","","","","","","","","","","","","","","","","","","","","","","","","","","",""
"59343001","LILLE-LESQUIN",50.57,3.0975,47,1959101800,"","","","",9.,1,"","","","","","","","","","","","","","","","","","","","","","","","","","","","","","",14.7,1,11.1,1,"","","","","","","","","","","","","","","","","","","","","","","","","","",81,1,"","","","","","","","","","","","",13.5,1,999.8,1,"","","","","","",8,1,8,1,0,1,7,1,"","","","","","","","","","","","","","","","","","","","","","","","","","",10000,1,"","",61,1,6,1,"","","","","","","","","","","","","","","","","","","","","","","","","","","","","","","","","","","","","","","","","","","","","","","","","","","","","","","","","","","","","","","","","",""
"59343001","LILLE-LESQUIN",50.57,3.0975,47,1959101803,"","","","",10.,1,"","","","","","","","","","","","","","","","","","","","","","","","","","","","","","",13.7,1,9.9,1,"","","","","","","","","","","","","","","","","","","","","","","","","","",79,1,"","","","","","","","","","","","",12.4,1,1001.5,1,"","","","","","",6,1,5,1,0,1,3,1,2,1,"","","","","","","","","","","","","","","","","","","","","","","","",20000,1,"","",1,1,6,1,"","","","","","","","","","","","","","","","","","","","","","","","","","","","","","","","","","","","","","","","","","","","","","","","","","","","","","","","","","","","","","","","","",""
"59343001","LILLE-LESQUIN",50.57,3.0975,47,1959101806,"","","","",10.,1,"","","","","","","","","","","","","","","","","","","","","","","","","","","","","","",12.,1,9.2,1,"","","","","","","","","","","","","","","","","","","","","","","","","","",85,1,"","","","","","","","","","","","",11.8,1,1005.6,1,"","","","","","",4,1,0,1,8,1,0,1,0,1,"","","","","","","","","","","","","","","","","","","","","","","","",15000,1,"","",25,1,6,1,"","",0,1,"","","","","","","","","","","","","","","","","","","","","","","","","","","","","","","","","","","","","","","","","","","","","","","","","","","","","","","","","","","","","",""
"59343001","LILLE-LESQUIN",50.57,3.0975,47,1959101809,"","","","",7.,1,"","","","","","","","","","","","","","","","","","","","","","","","","","","","","","",13.9,1,8.8,1,"","","","","","","","","","","","","","","","","","","","","","","","","","",72,1,"","","","","","","","","","","","",11.5,1,1011.1,1,"","","","","","",5,1,0,1,8,1,0,1,0,1,"","","","","","","","","","","","","","","","","","","","","","","","",15000,1,"","",2,1,8,1,"","","","","","","","","","","","","","","","","","","","","","","","","","","","","","","","","","","","","","","","","","","","","","","","","","","","","","","","","","","","","","","","","",""
"59343001","LILLE-LESQUIN",50.57,3.0975,47,1959101812,"","","","",10.,1,"","","","","","","","","","","","","","","","","","","","","","","","","","","","","","",17.1,1,4.5,1,"","","","","","","","","","","","","","","","","","","","","","","","","","",43,1,"","","","","","","","","","","","",8.5,1,1013.8,1,"","","","","","",4,1,0,1,2,1,4,1,2,1,"","","","","","","","","","","","","","","","","","","","","","","","",30000,1,"","",2,1,8,1,"","","","","","","","","","","","","","","","","","","","","","","","","","","","","","","","","","","","","","","","","","","","","","","","","","","","","","","","","","","","","","","","","",""
"59343001","LILLE-LESQUIN",50.57,3.0975,47,1959101815,"","","","",6.,1,"","","","","","","","","","","","","","","","","","","","","","","","","","","","","","",16.2,1,8.1,1,"","","","","","","","","","","","","","","","","","","","","","","","","","",60,1,"","","","","","","","","","","","",11.,1,1014.6,1,"","","","","","",7,1,5,1,8,1,0,1,2,1,"","","","","","","","","","","","","","","","","","","","","","","","",30000,1,"","",3,1,2,1,"","","","","","","","","","","","","","","","","","","","","","","","","","","","","","","","","","","","","","","","","","","","","","","","","","","","","","","","","","","","","","","","","",""
"59343001","LILLE-LESQUIN",50.57,3.0975,47,1959101818,"","","","",3.,1,"","","","","","","","","","","","","","","","","","","","","","","","","","","","","","",14.,1,7.6,1,"","","","","","","","","","","","","","","","","","","","","","","","","","",66,1,"","","","","","","","","","","","",10.6,1,1014.8,1,"","","","","","",7,1,6,1,5,1,0,1,2,1,"","","","","","","","","","","","","","","","","","","","","","","","",20000,1,"","",2,1,2,1,"","","","","","","","","","","","","","","","","","","","","","","","","","","","","","","","","","","","","","","","","","","","","","","","","","","","","","","","","","","","","","","","","",""
"59343001","LILLE-LESQUIN",50.57,3.0975,47,1959101821,"","","","",5.,1,"","","","","","","","","","","","","","","","","","","","","","","","","","","","","","",11.5,1,6.1,1,"","","","","","","","","","","","","","","","","","","","","","","","","","",70,1,"","","","","","","","","","","","",9.5,1,1014.3,1,"","","","","","",4,1,0,1,5,1,3,1,0,1,"","","","","","","","","","","","","","","","","","","","","","","","",20000,1,"","",2,1,1,1,"","","","","","","","","","","","","","","","","","","","","","","","","","","","","","","","","","","","","","","","","","","","","","","","","","","","","","","","","","","","","","","","","",""
"59343001","LILLE-LESQUIN",50.57,3.0975,47,1959101900,"","","","",6.,1,"","","","","","","","","","","","","","","","","","","","","","","","","","","","","","",12.1,1,7.6,1,"","","","","","","","","","","","","","","","","","","","","","","","","","",75,1,"","","","","","","","","","","","",10.6,1,1012.6,1,"","","","","","",7,1,7,1,5,1,"","","","","","","","","","","","","","","","","","","","","","","","","","","","",20000,1,"","",3,1,2,1,"","","","","","","","","","","","","","","","","","","","","","","","","","","","","","","","","","","","","","","","","","","","","","","","","","","","","","","","","","","","","","","","","",""
"59343001","LILLE-LESQUIN",50.57,3.0975,47,1959101903,"","","","",6.,1,"","","","","","","","","","","","","","","","","","","","","","","","","","","","","","",13.,1,8.7,1,"","","","","","","","","","","","","","","","","","","","","","","","","","",76,1,"","","","","","","","","","","","",11.4,1,1010.2,1,"","","","","","",7,1,7,1,5,1,"","","","","","","","","","","","","","","","","","","","","","","","","","","","",25000,1,"","",3,1,2,1,"","","","","","","","","","","","","","","","","","","","","","","","","","","","","","","","","","","","","","","","","","","","","","","","","","","","","","","","","","","","","","","","","",""
"59343001","LILLE-LESQUIN",50.57,3.0975,47,1959101906,"","","","",7.,1,"","","","","","","","","","","","","","","","","","","","","","","","","","","","","","",13.,1,10.1,1,"","","","","","","","","","","","","","","","","","","","","","","","","","",84,1,"","","","","","","","","","","","",12.6,1,1009.,1,"","","","","","",6,1,6,1,5,1,3,1,0,1,"","","","","","","","","","","","","","","","","","","","","","","","",20000,1,"","",1,1,2,1,"","",0,1,"","","","","","","","","","","","","","","","","","","","","","","","","","","","","","","","","","","","","","","","","","","","","","","","","","","","","","","","","","","","","",""
"59343001","LILLE-LESQUIN",50.57,3.0975,47,1959101909,"","","","",6.,1,"","","","","","","","","","","","","","","","","","","","","","","","","","","","","","",13.,1,10.8,1,"","","","","","","","","","","","","","","","","","","","","","","","","","",88,1,"","","","","","","","","","","","",13.2,1,1008.2,1,"","","","","","",8,1,8,1,7,1,2,1,"","","","","","","","","","","","","","","","","","","","","","","","","","",10000,1,"","",2,1,6,1,"","","","","","","","","","","","","","","","","","","","","","","","","","","","","","","","","","","","","","","","","","","","","","","","","","","","","","","","","","","","","","","","","",""
"59343001","LILLE-LESQUIN",50.57,3.0975,47,1959101912,"","","","",3.,1,"","","","","","","","","","","","","","","","","","","","","","","","","","","","","","",12.4,1,11.6,1,"","","","","","","","","","","","","","","","","","","","","","","","","","",98,1,"","","","","","","","","","","","",14.,1,1007.1,1,"","","","","","",8,1,5,1,7,1,2,1,"","","","","","","","","","","","","","","","","","","","","","","","","","",4000,1,"","",61,1,6,1,"","","","","","","","","","","","","","","","","","","","","","","","","","","","","","","","","","","","","","","","","","","","","","","","","","","","","","","","","","","","","","","","","",""
"59343001","LILLE-LESQUIN",50.57,3.0975,47,1959101915,"","","","",1.,1,"","","","","","","","","","","","","","","","","","","","","","","","","","","","","","",10.7,1,9.4,1,"","","","","","","","","","","","","","","","","","","","","","","","","","",94,1,"","","","","","","","","","","","",12.,1,1007.4,1,"","","","","","",7,1,7,1,2,1,7,1,"","","","","","","","","","","","","","","","","","","","","","","","","","",20000,1,"","",25,1,6,1,"","","","","","","","","","","","","","","","","","","","","","","","","","","","","","","","","","","","","","","","","","","","","","","","","","","","","","","","","","","","","","","","","",""
"59343001","LILLE-LESQUIN",50.57,3.0975,47,1959101918,"","","","",2.,1,"","","","","","","","","","","","","","","","","","","","","","","","","","","","","","",8.8,1,8.1,1,"","","","","","","","","","","","","","","","","","","","","","","","","","",97,1,"","","","","","","","","","","","",11.,1,1010.,1,"","","","","","",1,1,0,1,0,1,4,1,0,1,"","","","","","","","","","","","","","","","","","","","","","","","",3000,1,"","",10,1,8,1,"","","","","","","","","","","","","","","","","","","","","","","","","","","","","","","","","","","","","","","","","","","","","","","","","","","","","","","","","","","","","","","","","",""
"59343001","LILLE-LESQUIN",50.57,3.0975,47,1959101921,"","","","",2.,1,"","","","","","","","","","","","","","","","","","","","","","","","","","","","","","",7.4,1,6.8,1,"","","","","","","","","","","","","","","","","","","","","","","","","","",97,1,"","","","","","","","","","","","",10.,1,1011.9,1,"","","","","","",2,1,0,1,0,1,4,1,0,1,"","","","","","","","","","","","","","","","","","","","","","","","",3000,1,"","",10,1,0,1,"","","","","","","","","","","","","","","","","","","","","","","","","","","","","","","","","","","","","","","","","","","","","","","","","","","","","","","","","","","","","","","","","",""
"59343001","LILLE-LESQUIN",50.57,3.0975,47,1959102000,"","","","",2.,1,"","","","","","","","","","","","","","","","","","","","","","","","","","","","","","",5.5,1,4.8,1,"","","","","","","","","","","","","","","","","","","","","","","","","","",97,1,"","","","","","","","","","","","",8.7,1,1013.6,1,"","","","","","",1,1,0,1,5,1,0,1,0,1,"","","","","","","","","","","","","","","","","","","","","","","","",4000,1,"","",10,1,0,1,"","","","","","","","","","","","","","","","","","","","","","","","","","","","","","","","","","","","","","","","","","","","","","","","","","","","","","","","","","","","","","","","","",""
"59343001","LILLE-LESQUIN",50.57,3.0975,47,1959102003,"","","","",2.,1,"","","","","","","","","","","","","","","","","","","","","","","","","","","","","","",4.4,1,3.8,1,"","","","","","","","","","","","","","","","","","","","","","","","","","",97,1,"","","","","","","","","","","","",8.1,1,1014.6,1,"","","","","","",6,1,6,1,0,1,0,1,6,1,"","","","","","","","","","","","","","","","","","","","","","","","",4000,1,"","",10,1,1,1,"","","","","","","","","","","","","","","","","","","","","","","","","","","","","","","","","","","","","","","","","","","","","","","","","","","","","","","","","","","","","","","","","",""
"59343001","LILLE-LESQUIN",50.57,3.0975,47,1959102006,"","","","",3.,1,"","","","","","","","","","","","","","","","","","","","","","","","","","","","","","",4.3,1,3.7,1,"","","","","","","","","","","","","","","","","","","","","","","","","","",97,1,"","","","","","","","","","","","",8.,1,1016.1,1,"","","","","","",2,1,0,1,0,1,0,1,2,1,"","","","","","","","","","","","","","","","","","","","","","","","",2500,1,"","",10,1,1,1,"","",0,1,"","","","","","","","","","","","","","","","","","","","","","","","","","","","","","","","","","","","","","","","","","","","","","","","","","","","","","","","","","","","","",""
"59343001","LILLE-LESQUIN",50.57,3.0975,47,1959102009,"","","","",3.,1,"","","","","","","","","","","","","","","","","","","","","","","","","","","","","","",10.,1,8.1,1,"","","","","","","","","","","","","","","","","","","","","","","","","","",90,1,"","","","","","","","","","","","",11.,1,1018.8,1,"","","","","","",2,1,0,1,0,1,0,1,2,1,"","","","","","","","","","","","","","","","","","","","","","","","",3000,1,"","",10,1,1,1,"","","","","","","","","","","","","","","","","","","","","","","","","","","","","","","","","","","","","","","","","","","","","","","","","","","","","","","","","","","","","","","","","",""
"59343001","LILLE-LESQUIN",50.57,3.0975,47,1959102012,"","","","",4.,1,"","","","","","","","","","","","","","","","","","","","","","","","","","","","","","",14.8,1,7.7,1,"","","","","","","","","","","","","","","","","","","","","","","","","","",63,1,"","","","","","","","","","","","",10.7,1,1019.8,1,"","","","","","",5,1,5,1,2,1,0,1,0,1,"","","","","","","","","","","","","","","","","","","","","","","","",12000,1,"","",3,1,1,1,"","","","","","","","","","","","","","","","","","","","","","","","","","","","","","","","","","","","","","","","","","","","","","","","","","","","","","","","","","","","","","","","","",""
"59343001","LILLE-LESQUIN",50.57,3.0975,47,1959102015,"","","","",3.,1,"","","","","","","","","","","","","","","","","","","","","","","","","","","","","","",13.8,1,7.6,1,"","","","","","","","","","","","","","","","","","","","","","","","","","",67,1,"","","","","","","","","","","","",10.6,1,1021.6,1,"","","","","","",3,1,0,1,2,1,0,1,0,1,"","","","","","","","","","","","","","","","","","","","","","","","",25000,1,"","",1,1,0,1,"","","","","","","","","","","","","","","","","","","","","","","","","","","","","","","","","","","","","","","","","","","","","","","","","","","","","","","","","","","","","","","","","",""
"59343001","LILLE-LESQUIN",50.57,3.0975,47,1959102018,"","","","",2.,1,"","","","","","","","","","","","","","","","","","","","","","","","","","","","","","",8.3,1,5.9,1,"","","","","","","","","","","","","","","","","","","","","","","","","","",86,1,"","","","","","","","","","","","",9.4,1,1023.6,1,"","","","","","",1,1,0,1,4,1,0,1,0,1,"","","","","","","","","","","","","","","","","","","","","","","","",15000,1,"","",2,1,1,1,"","","","","","","","","","","","","","","","","","","","","","","","","","","","","","","","","","","","","","","","","","","","","","","","","","","","","","","","","","","","","","","","","",""
"59343001","LILLE-LESQUIN",50.57,3.0975,47,1959102021,"","","","",2.,1,"","","","","","","","","","","","","","","","","","","","","","","","","","","","","","",6.,1,4.5,1,"","","","","","","","","","","","","","","","","","","","","","","","","","",91,1,"","","","","","","","","","","","",8.5,1,1024.9,1,"","","","","","",0,1,"","",0,1,0,1,0,1,"","","","","","","","","","","","","","","","","","","","","","","","",6000,1,"","",2,1,0,1,"","","","","","","","","","","","","","","","","","","","","","","","","","","","","","","","","","","","","","","","","","","","","","","","","","","","","","","","","","","","","","","","","",""
"59343001","LILLE-LESQUIN",50.57,3.0975,47,1959102100,"","","","",1.,1,"","","","","","","","","","","","","","","","","","","","","","","","","","","","","","",5.,1,4.2,1,"","","","","","","","","","","","","","","","","","","","","","","","","","",95,1,"","","","","","","","","","","","",8.3,1,1025.2,1,"","","","","","",0,1,"","",0,1,0,1,0,1,"","","","","","","","","","","","","","","","","","","","","","","","",6000,1,"","",2,1,0,1,"","","","","","","","","","","","","","","","","","","","","","","","","","","","","","","","","","","","","","","","","","","","","","","","","","","","","","","","","","","","","","","","","",""
"59343001","LILLE-LESQUIN",50.57,3.0975,47,1959102103,"","","","",1.,1,"","","","","","","","","","","","","","","","","","","","","","","","","","","","","","",4.9,1,3.8,1,"","","","","","","","","","","","","","","","","","","","","","","","","","",94,1,"","","","","","","","","","","","",8.1,1,1025.8,1,"","","","","","",2,1,0,1,0,1,0,1,4,1,"","","","","","","","","","","","","","","","","","","","","","","","",7000,1,"","",3,1,0,1,"","","","","","","","","","","","","","","","","","","","","","","","","","","","","","","","","","","","","","","","","","","","","","","","","","","","","","","","","","","","","","","","","",""
"59343001","LILLE-LESQUIN",50.57,3.0975,47,1959102106,"","","","",2.,1,"","","","","","","","","","","","","","","","","","","","","","","","","","","","","","",5.4,1,4.3,1,"","","","","","","","","","","","","","","","","","","","","","","","","","",94,1,"","","","","","","","","","","","",8.4,1,1025.6,1,"","","","","","",7,1,7,1,0,1,4,1,4,1,"","","","","","","","","","","","","","","","","","","","","","","","",6000,1,"","",3,1,1,1,"","",0,1,"","","","","","","","","","","","","","","","","","","","","","","","","","","","","","","","","","","","","","","","","","","","","","","","","","","","","","","","","","","","","",""
"59343001","LILLE-LESQUIN",50.57,3.0975,47,1959102109,"","","","",3.,1,"","","","","","","","","","","","","","","","","","","","","","","","","","","","","","",8.8,1,6.8,1,"","","","","","","","","","","","","","","","","","","","","","","","","","",88,1,"","","","","","","","","","","","",10.,1,1025.7,1,"","","","","","",8,1,6,1,5,1,5,1,6,1,"","","","","","","","","","","","","","","","","","","","","","","","","","","","",10,1,2,1,"","","","","","","","","","","","","","","","","","","","","","","","","","","","","","","","","","","","","","","","","","","","","","","","","","","","","","","","","","","","","","","","","",""
"59343001","LILLE-LESQUIN",50.57,3.0975,47,1959102112,"","","","",7.,1,"","","","","","","","","","","","","","","","","","","","","","","","","","","","","","",10.8,1,9.2,1,"","","","","","","","","","","","","","","","","","","","","","","","","","",92,1,"","","","","","","","","","","","",11.8,1,1024.9,1,"","","","","","",8,1,8,1,5,1,2,1,"","","","","","","","","","","","","","","","","","","","","","","","","","",7000,1,"","",61,1,2,1,"","","","","","","","","","","","","","","","","","","","","","","","","","","","","","","","","","","","","","","","","","","","","","","","","","","","","","","","","","","","","","","","","",""
"59343001","LILLE-LESQUIN",50.57,3.0975,47,1959102115,"","","","",7.,1,"","","","","","","","","","","","","","","","","","","","","","","","","","","","","","",10.,1,8.5,1,"","","","","","","","","","","","","","","","","","","","","","","","","","",92,1,"","","","","","","","","","","","",11.3,1,1023.7,1,"","","","","","",8,1,8,1,7,1,"","","","","","","","","","","","","","","","","","","","","","","","","","","","",7000,1,"","",61,1,6,1,"","","","","","","","","","","","","","","","","","","","","","","","","","","","","","","","","","","","","","","","","","","","","","","","","","","","","","","","","","","","","","","","","",""
"59343001","LILLE-LESQUIN",50.57,3.0975,47,1959102118,"","","","",9.,1,"","","","","","","","","","","","","","","","","","","","","","","","","","","","","","",9.8,1,8.8,1,"","","","","","","","","","","","","","","","","","","","","","","","","","",95,1,"","","","","","","","","","","","",11.5,1,1022.4,1,"","","","","","",8,1,8,1,7,1,"","","","","","","","","","","","","","","","","","","","","","","","","","","","",3000,1,"","",61,1,6,1,"","","","","","","","","","","","","","","","","","","","","","","","","","","","","","","","","","","","","","","","","","","","","","","","","","","","","","","","","","","","","","","","","",""
"59343001","LILLE-LESQUIN",50.57,3.0975,47,1959102121,"","","","",8.,1,"","","","","","","","","","","","","","","","","","","","","","","","","","","","","","",10.3,1,9.2,1,"","","","","","","","","","","","","","","","","","","","","","","","","","",95,1,"","","","","","","","","","","","",11.8,1,1020.9,1,"","","","","","",8,1,8,1,7,1,"","","","","","","","","","","","","","","","","","","","","","","","","","","","",10000,1,"","",60,1,6,1,"","","","","","","","","","","","","","","","","","","","","","","","","","","","","","","","","","","","","","","","","","","","","","","","","","","","","","","","","","","","","","","","","",""
"59343001","LILLE-LESQUIN",50.57,3.0975,47,1959102200,"","","","",7.,1,"","","","","","","","","","","","","","","","","","","","","","","","","","","","","","",11.1,1,10.2,1,"","","","","","","","","","","","","","","","","","","","","","","","","","",96,1,"","","","","","","","","","","","",12.7,1,1019.6,1,"","","","","","",8,1,8,1,7,1,"","","","","","","","","","","","","","","","","","","","","","","","","","","","",10000,1,"","",21,1,6,1,"","","","","","","","","","","","","","","","","","","","","","","","","","","","","","","","","","","","","","","","","","","","","","","","","","","","","","","","","","","","","","","","","",""
"59343001","LILLE-LESQUIN",50.57,3.0975,47,1959102203,"","","","",7.,1,"","","","","","","","","","","","","","","","","","","","","","","","","","","","","","",12.2,1,11.4,1,"","","","","","","","","","","","","","","","","","","","","","","","","","",98,1,"","","","","","","","","","","","",13.8,1,1018.3,1,"","","","","","",8,1,8,1,7,1,"","","","","","","","","","","","","","","","","","","","","","","","","","","","",10000,1,"","",2,1,2,1,"","","","","","","","","","","","","","","","","","","","","","","","","","","","","","","","","","","","","","","","","","","","","","","","","","","","","","","","","","","","","","","","","",""
"59343001","LILLE-LESQUIN",50.57,3.0975,47,1959102206,"","","","",5.,1,"","","","","","","","","","","","","","","","","","","","","","","","","","","","","","",14.,1,11.9,1,"","","","","","","","","","","","","","","","","","","","","","","","","","",89,1,"","","","","","","","","","","","",14.2,1,1020.3,1,"","","","","","",8,1,7,1,5,1,"","","","","","","","","","","","","","","","","","","","","","","","","","","","",10000,1,"","",21,1,5,1,"","",0,1,"","","","","","","","","","","","","","","","","","","","","","","","","","","","","","","","","","","","","","","","","","","","","","","","","","","","","","","","","","","","","",""
"59343001","LILLE-LESQUIN",50.57,3.0975,47,1959102209,"","","","",6.,1,"","","","","","","","","","","","","","","","","","","","","","","","","","","","","","",13.6,1,9.5,1,"","","","","","","","","","","","","","","","","","","","","","","","","","",78,1,"","","","","","","","","","","","",12.1,1,1024.4,1,"","","","","","",1,1,0,1,1,1,4,1,0,1,"","","","","","","","","","","","","","","","","","","","","","","","",10000,1,"","",3,1,1,1,"","","","","","","","","","","","","","","","","","","","","","","","","","","","","","","","","","","","","","","","","","","","","","","","","","","","","","","","","","","","","","","","","",""
"59343001","LILLE-LESQUIN",50.57,3.0975,47,1959102212,"","","","",7.,1,"","","","","","","","","","","","","","","","","","","","","","","","","","","","","","",14.3,1,8.1,1,"","","","","","","","","","","","","","","","","","","","","","","","","","",67,1,"","","","","","","","","","","","",11.,1,1026.5,1,"","","","","","",3,1,0,1,2,1,0,1,0,1,"","","","","","","","","","","","","","","","","","","","","","","","",25000,1,"","",3,1,1,1,"","","","","","","","","","","","","","","","","","","","","","","","","","","","","","","","","","","","","","","","","","","","","","","","","","","","","","","","","","","","","","","","","",""
"59343001","LILLE-LESQUIN",50.57,3.0975,47,1959102215,"","","","",7.,1,"","","","","","","","","","","","","","","","","","","","","","","","","","","","","","",14.7,1,5.6,1,"","","","","","","","","","","","","","","","","","","","","","","","","","",54,1,"","","","","","","","","","","","",9.2,1,1027.6,1,"","","","","","",2,1,0,1,2,1,0,1,0,1,"","","","","","","","","","","","","","","","","","","","","","","","",25000,1,"","",1,1,1,1,"","","","","","","","","","","","","","","","","","","","","","","","","","","","","","","","","","","","","","","","","","","","","","","","","","","","","","","","","","","","","","","","","",""
"59343001","LILLE-LESQUIN",50.57,3.0975,47,1959102218,"","","","",3.,1,"","","","","","","","","","","","","","","","","","","","","","","","","","","","","","",8.8,1,6.5,1,"","","","","","","","","","","","","","","","","","","","","","","","","","",87,1,"","","","","","","","","","","","",9.8,1,1029.8,1,"","","","","","",0,1,"","",0,1,0,1,0,1,"","","","","","","","","","","","","","","","","","","","","","","","",10000,1,"","",1,1,1,1,"","","","","","","","","","","","","","","","","","","","","","","","","","","","","","","","","","","","","","","","","","","","","","","","","","","","","","","","","","","","","","","","","",""
"59343001","LILLE-LESQUIN",50.57,3.0975,47,1959102221,"","","","",4.,1,"","","","","","","","","","","","","","","","","","","","","","","","","","","","","","",8.3,1,6.1,1,"","","","","","","","","","","","","","","","","","","","","","","","","","",87,1,"","","","","","","","","","","","",9.5,1,1032.,1,"","","","","","",0,1,"","",0,1,0,1,0,1,"","","","","","","","","","","","","","","","","","","","","","","","",10000,1,"","",2,1,0,1,"","","","","","","","","","","","","","","","","","","","","","","","","","","","","","","","","","","","","","","","","","","","","","","","","","","","","","","","","","","","","","","","","",""
"59343001","LILLE-LESQUIN",50.57,3.0975,47,1959102300,"","","","",3.,1,"","","","","","","","","","","","","","","","","","","","","","","","","","","","","","",5.9,1,4.5,1,"","","","","","","","","","","","","","","","","","","","","","","","","","",92,1,"","","","","","","","","","","","",8.5,1,1033.3,1,"","","","","","",0,1,"","",0,1,0,1,0,1,"","","","","","","","","","","","","","","","","","","","","","","","",10000,1,"","",2,1,0,1,"","","","","","","","","","","","","","","","","","","","","","","","","","","","","","","","","","","","","","","","","","","","","","","","","","","","","","","","","","","","","","","","","",""
"59343001","LILLE-LESQUIN",50.57,3.0975,47,1959102303,"","","","",3.,1,"","","","","","","","","","","","","","","","","","","","","","","","","","","","","","",4.7,1,3.8,1,"","","","","","","","","","","","","","","","","","","","","","","","","","",95,1,"","","","","","","","","","","","",8.1,1,1034.1,1,"","","","","","",0,1,"","",0,1,0,1,0,1,"","","","","","","","","","","","","","","","","","","","","","","","",10000,1,"","",2,1,0,1,"","","","","","","","","","","","","","","","","","","","","","","","","","","","","","","","","","","","","","","","","","","","","","","","","","","","","","","","","","","","","","","","","",""
"59343001","LILLE-LESQUIN",50.57,3.0975,47,1959102306,"","","","",2.,1,"","","","","","","","","","","","","","","","","","","","","","","","","","","","","","",4.3,1,3.5,1,"","","","","","","","","","","","","","","","","","","","","","","","","","",95,1,"","","","","","","","","","","","",7.9,1,1034.3,1,"","","","","","",1,1,0,1,0,1,0,1,1,1,"","","","","","","","","","","","","","","","","","","","","","","","",6000,1,"","",3,1,0,1,"","",0,1,"","","","","","","","","","","","","","","","","","","","","","","","","","","","","","","","","","","","","","","","","","","","","","","","","","","","","","","","","","","","","",""
"59343001","LILLE-LESQUIN",50.57,3.0975,47,1959102309,"","","","",2.,1,"","","","","","","","","","","","","","","","","","","","","","","","","","","","","","",9.7,1,7.9,1,"","","","","","","","","","","","","","","","","","","","","","","","","","",90,1,"","","","","","","","","","","","",10.8,1,1035.,1,"","","","","","",7,1,5,1,5,1,4,1,2,1,"","","","","","","","","","","","","","","","","","","","","","","","",1200,1,"","",10,1,2,1,"","","","","","","","","","","","","","","","","","","","","","","","","","","","","","","","","","","","","","","","","","","","","","","","","","","","","","","","","","","","","","","","","",""
"59343001","LILLE-LESQUIN",50.57,3.0975,47,1959102312,"","","","",4.,1,"","","","","","","","","","","","","","","","","","","","","","","","","","","","","","",14.2,1,7.2,1,"","","","","","","","","","","","","","","","","","","","","","","","","","",64,1,"","","","","","","","","","","","",10.3,1,1034.4,1,"","","","","","",7,1,7,1,1,1,0,1,2,1,"","","","","","","","","","","","","","","","","","","","","","","","",6000,1,"","",2,1,2,1,"","","","","","","","","","","","","","","","","","","","","","","","","","","","","","","","","","","","","","","","","","","","","","","","","","","","","","","","","","","","","","","","","",""
"59343001","LILLE-LESQUIN",50.57,3.0975,47,1959102315,"","","","",3.,1,"","","","","","","","","","","","","","","","","","","","","","","","","","","","","","",14.,1,8.7,1,"","","","","","","","","","","","","","","","","","","","","","","","","","",71,1,"","","","","","","","","","","","",11.4,1,1032.8,1,"","","","","","",8,1,8,1,4,1,7,1,"","","","","","","","","","","","","","","","","","","","","","","","","","",8000,1,"","",2,1,2,1,"","","","","","","","","","","","","","","","","","","","","","","","","","","","","","","","","","","","","","","","","","","","","","","","","","","","","","","","","","","","","","","","","",""
"59343001","LILLE-LESQUIN",50.57,3.0975,47,1959102318,"","","","",3.,1,"","","","","","","","","","","","","","","","","","","","","","","","","","","","","","",11.8,1,9.2,1,"","","","","","","","","","","","","","","","","","","","","","","","","","",86,1,"","","","","","","","","","","","",11.8,1,1031.9,1,"","","","","","",7,1,7,1,5,1,"","","","","","","","","","","","","","","","","","","","","","","","","","","","",8000,1,"","",2,1,2,1,"","","","","","","","","","","","","","","","","","","","","","","","","","","","","","","","","","","","","","","","","","","","","","","","","","","","","","","","","","","","","","","","","",""
"59343001","LILLE-LESQUIN",50.57,3.0975,47,1959102321,"","","","",4.,1,"","","","","","","","","","","","","","","","","","","","","","","","","","","","","","",8.3,1,7.3,1,"","","","","","","","","","","","","","","","","","","","","","","","","","",94,1,"","","","","","","","","","","","",10.4,1,1031.4,1,"","","","","","",0,1,"","",0,1,0,1,0,1,"","","","","","","","","","","","","","","","","","","","","","","","",7000,1,"","",1,1,1,1,"","","","","","","","","","","","","","","","","","","","","","","","","","","","","","","","","","","","","","","","","","","","","","","","","","","","","","","","","","","","","","","","","",""
"59343001","LILLE-LESQUIN",50.57,3.0975,47,1959102400,"","","","",3.,1,"","","","","","","","","","","","","","","","","","","","","","","","","","","","","","",9.1,1,6.8,1,"","","","","","","","","","","","","","","","","","","","","","","","","","",87,1,"","","","","","","","","","","","",10.,1,1030.5,1,"","","","","","",8,1,8,1,5,1,"","","","","","","","","","","","","","","","","","","","","","","","","","","","",8000,1,"","",3,1,1,1,"","","","","","","","","","","","","","","","","","","","","","","","","","","","","","","","","","","","","","","","","","","","","","","","","","","","","","","","","","","","","","","","","",""
"59343001","LILLE-LESQUIN",50.57,3.0975,47,1959102403,"","","","",4.,1,"","","","","","","","","","","","","","","","","","","","","","","","","","","","","","",6.7,1,5.1,1,"","","","","","","","","","","","","","","","","","","","","","","","","","",91,1,"","","","","","","","","","","","",8.9,1,1028.2,1,"","","","","","",1,1,0,1,5,1,0,1,0,1,"","","","","","","","","","","","","","","","","","","","","","","","",7000,1,"","",1,1,1,1,"","","","","","","","","","","","","","","","","","","","","","","","","","","","","","","","","","","","","","","","","","","","","","","","","","","","","","","","","","","","","","","","","",""
"59343001","LILLE-LESQUIN",50.57,3.0975,47,1959102406,"","","","",3.,1,"","","","","","","","","","","","","","","","","","","","","","","","","","","","","","",5.4,1,4.5,1,"","","","","","","","","","","","","","","","","","","","","","","","","","",95,1,"","","","","","","","","","","","",8.5,1,1027.4,1,"","","","","","",3,1,0,1,0,1,0,1,4,1,"","","","","","","","","","","","","","","","","","","","","","","","",5000,1,"","",3,1,1,1,"","",0,1,"","","","","","","","","","","","","","","","","","","","","","","","","","","","","","","","","","","","","","","","","","","","","","","","","","","","","","","","","","","","","",""
"59343001","LILLE-LESQUIN",50.57,3.0975,47,1959102409,"","","","",4.,1,"","","","","","","","","","","","","","","","","","","","","","","","","","","","","","",9.1,1,6.8,1,"","","","","","","","","","","","","","","","","","","","","","","","","","",87,1,"","","","","","","","","","","","",10.,1,1026.6,1,"","","","","","",1,1,0,1,5,1,0,1,1,1,"","","","","","","","","","","","","","","","","","","","","","","","",5000,1,"","",10,1,1,1,"","","","","","","","","","","","","","","","","","","","","","","","","","","","","","","","","","","","","","","","","","","","","","","","","","","","","","","","","","","","","","","","","",""
"59343001","LILLE-LESQUIN",50.57,3.0975,47,1959102412,"","","","",6.,1,"","","","","","","","","","","","","","","","","","","","","","","","","","","","","","",13.9,1,8.1,1,"","","","","","","","","","","","","","","","","","","","","","","","","","",69,1,"","","","","","","","","","","","",11.,1,1024.1,1,"","","","","","",6,1,5,1,5,1,0,1,2,1,"","","","","","","","","","","","","","","","","","","","","","","","",8000,1,"","",2,1,1,1,"","","","","","","","","","","","","","","","","","","","","","","","","","","","","","","","","","","","","","","","","","","","","","","","","","","","","","","","","","","","","","","","","",""
"59343001","LILLE-LESQUIN",50.57,3.0975,47,1959102415,"","","","",4.,1,"","","","","","","","","","","","","","","","","","","","","","","","","","","","","","",14.6,1,7.9,1,"","","","","","","","","","","","","","","","","","","","","","","","","","",65,1,"","","","","","","","","","","","",10.8,1,1021.9,1,"","","","","","",7,1,6,1,5,1,4,1,2,1,"","","","","","","","","","","","","","","","","","","","","","","","",18000,1,"","",3,1,2,1,"","","","","","","","","","","","","","","","","","","","","","","","","","","","","","","","","","","","","","","","","","","","","","","","","","","","","","","","","","","","","","","","","",""
"59343001","LILLE-LESQUIN",50.57,3.0975,47,1959102418,"","","","",5.,1,"","","","","","","","","","","","","","","","","","","","","","","","","","","","","","",10.8,1,7.3,1,"","","","","","","","","","","","","","","","","","","","","","","","","","",80,1,"","","","","","","","","","","","",10.4,1,1020.5,1,"","","","","","",5,1,5,1,0,1,4,1,2,1,"","","","","","","","","","","","","","","","","","","","","","","","",6000,1,"","",1,1,2,1,"","","","","","","","","","","","","","","","","","","","","","","","","","","","","","","","","","","","","","","","","","","","","","","","","","","","","","","","","","","","","","","","","",""
"59343001","LILLE-LESQUIN",50.57,3.0975,47,1959102421,"","","","",3.,1,"","","","","","","","","","","","","","","","","","","","","","","","","","","","","","",8.,1,5.5,1,"","","","","","","","","","","","","","","","","","","","","","","","","","",85,1,"","","","","","","","","","","","",9.1,1,1019.7,1,"","","","","","",2,1,0,1,0,1,0,1,2,1,"","","","","","","","","","","","","","","","","","","","","","","","",7000,1,"","",1,1,0,1,"","","","","","","","","","","","","","","","","","","","","","","","","","","","","","","","","","","","","","","","","","","","","","","","","","","","","","","","","","","","","","","","","",""
"59343001","LILLE-LESQUIN",50.57,3.0975,47,1959102500,"","","","",3.,1,"","","","","","","","","","","","","","","","","","","","","","","","","","","","","","",7.2,1,5.6,1,"","","","","","","","","","","","","","","","","","","","","","","","","","",90,1,"","","","","","","","","","","","",9.2,1,1017.2,1,"","","","","","",4,1,0,1,0,1,0,1,2,1,"","","","","","","","","","","","","","","","","","","","","","","","",6000,1,"","",2,1,0,1,"","","","","","","","","","","","","","","","","","","","","","","","","","","","","","","","","","","","","","","","","","","","","","","","","","","","","","","","","","","","","","","","","",""
"59343001","LILLE-LESQUIN",50.57,3.0975,47,1959102503,"","","","",5.,1,"","","","","","","","","","","","","","","","","","","","","","","","","","","","","","",9.3,1,7.7,1,"","","","","","","","","","","","","","","","","","","","","","","","","","",91,1,"","","","","","","","","","","","",10.7,1,1015.2,1,"","","","","","",8,1,8,1,0,1,7,1,"","","","","","","","","","","","","","","","","","","","","","","","","","",7000,1,"","",3,1,1,1,"","","","","","","","","","","","","","","","","","","","","","","","","","","","","","","","","","","","","","","","","","","","","","","","","","","","","","","","","","","","","","","","","",""
"59343001","LILLE-LESQUIN",50.57,3.0975,47,1959102506,"","","","",5.,1,"","","","","","","","","","","","","","","","","","","","","","","","","","","","","","",10.2,1,9.5,1,"","","","","","","","","","","","","","","","","","","","","","","","","","",97,1,"","","","","","","","","","","","",12.1,1,1016.3,1,"","","","","","",8,1,7,1,7,1,"","","","","","","","","","","","","","","","","","","","","","","","","","","","",4000,1,"","",60,1,6,1,"","",0,1,"","","","","","","","","","","","","","","","","","","","","","","","","","","","","","","","","","","","","","","","","","","","","","","","","","","","","","","","","","","","","",""
"59343001","LILLE-LESQUIN",50.57,3.0975,47,1959102509,"","","","",7.,1,"","","","","","","","","","","","","","","","","","","","","","","","","","","","","","",10.1,1,6.8,1,"","","","","","","","","","","","","","","","","","","","","","","","","","",80,1,"","","","","","","","","","","","",10.,1,1019.8,1,"","","","","","",6,1,5,1,0,1,3,1,2,1,"","","","","","","","","","","","","","","","","","","","","","","","",15000,1,"","",1,1,6,1,"","","","","","","","","","","","","","","","","","","","","","","","","","","","","","","","","","","","","","","","","","","","","","","","","","","","","","","","","","","","","","","","","",""
"59343001","LILLE-LESQUIN",50.57,3.0975,47,1959102512,"","","","",7.,1,"","","","","","","","","","","","","","","","","","","","","","","","","","","","","","",12.8,1,4.5,1,"","","","","","","","","","","","","","","","","","","","","","","","","","",57,1,"","","","","","","","","","","","",8.5,1,1021.7,1,"","","","","","",4,1,0,1,2,1,0,1,2,1,"","","","","","","","","","","","","","","","","","","","","","","","",25000,1,"","",3,1,6,1,"","","","","","","","","","","","","","","","","","","","","","","","","","","","","","","","","","","","","","","","","","","","","","","","","","","","","","","","","","","","","","","","","",""
"59343001","LILLE-LESQUIN",50.57,3.0975,47,1959102515,"","","","",6.,1,"","","","","","","","","","","","","","","","","","","","","","","","","","","","","","",13.,1,3.,1,"","","","","","","","","","","","","","","","","","","","","","","","","","",50,1,"","","","","","","","","","","","",7.6,1,1023.1,1,"","","","","","",2,1,0,1,2,1,0,1,2,1,"","","","","","","","","","","","","","","","","","","","","","","","",40000,1,"","",1,1,0,1,"","","","","","","","","","","","","","","","","","","","","","","","","","","","","","","","","","","","","","","","","","","","","","","","","","","","","","","","","","","","","","","","","",""
"59343001","LILLE-LESQUIN",50.57,3.0975,47,1959102518,"","","","",4.,1,"","","","","","","","","","","","","","","","","","","","","","","","","","","","","","",6.4,1,3.5,1,"","","","","","","","","","","","","","","","","","","","","","","","","","",82,1,"","","","","","","","","","","","",7.9,1,1024.2,1,"","","","","","",0,1,"","",0,1,0,1,0,1,"","","","","","","","","","","","","","","","","","","","","","","","",15000,1,"","",2,1,1,1,"","","","","","","","","","","","","","","","","","","","","","","","","","","","","","","","","","","","","","","","","","","","","","","","","","","","","","","","","","","","","","","","","",""
"59343001","LILLE-LESQUIN",50.57,3.0975,47,1959102521,"","","","",2.,1,"","","","","","","","","","","","","","","","","","","","","","","","","","","","","","",5.1,1,3.3,1,"","","","","","","","","","","","","","","","","","","","","","","","","","",89,1,"","","","","","","","","","","","",7.8,1,1024.8,1,"","","","","","",0,1,"","",0,1,0,1,0,1,"","","","","","","","","","","","","","","","","","","","","","","","",10000,1,"","",2,1,0,1,"","","","","","","","","","","","","","","","","","","","","","","","","","","","","","","","","","","","","","","","","","","","","","","","","","","","","","","","","","","","","","","","","",""
"59343001","LILLE-LESQUIN",50.57,3.0975,47,1959102600,"","","","",1.,1,"","","","","","","","","","","","","","","","","","","","","","","","","","","","","","",5.,1,3.3,1,"","","","","","","","","","","","","","","","","","","","","","","","","","",90,1,"","","","","","","","","","","","",7.8,1,1023.7,1,"","","","","","",6,1,6,1,5,1,0,1,0,1,"","","","","","","","","","","","","","","","","","","","","","","","",10000,1,"","",3,1,1,1,"","","","","","","","","","","","","","","","","","","","","","","","","","","","","","","","","","","","","","","","","","","","","","","","","","","","","","","","","","","","","","","","","",""
"59343001","LILLE-LESQUIN",50.57,3.0975,47,1959102603,"","","","",2.,1,"","","","","","","","","","","","","","","","","","","","","","","","","","","","","","",4.,1,3.,1,"","","","","","","","","","","","","","","","","","","","","","","","","","",93,1,"","","","","","","","","","","","",7.6,1,1021.4,1,"","","","","","",6,1,6,1,5,1,0,1,0,1,"","","","","","","","","","","","","","","","","","","","","","","","",10000,1,"","",2,1,1,1,"","","","","","","","","","","","","","","","","","","","","","","","","","","","","","","","","","","","","","","","","","","","","","","","","","","","","","","","","","","","","","","","","",""
"59343001","LILLE-LESQUIN",50.57,3.0975,47,1959102606,"","","","",4.,1,"","","","","","","","","","","","","","","","","","","","","","","","","","","","","","",6.,1,3.5,1,"","","","","","","","","","","","","","","","","","","","","","","","","","",85,1,"","","","","","","","","","","","",7.9,1,1019.4,1,"","","","","","",8,1,8,1,5,1,"","","","","","","","","","","","","","","","","","","","","","","","","","","","",10000,1,"","",20,1,6,1,"","",0,1,"","","","","","","","","","","","","","","","","","","","","","","","","","","","","","","","","","","","","","","","","","","","","","","","","","","","","","","","","","","","","",""
"59343001","LILLE-LESQUIN",50.57,3.0975,47,1959102609,"","","","",6.,1,"","","","","","","","","","","","","","","","","","","","","","","","","","","","","","",8.6,1,4.5,1,"","","","","","","","","","","","","","","","","","","","","","","","","","",76,1,"","","","","","","","","","","","",8.5,1,1018.5,1,"","","","","","",7,1,7,1,5,1,7,1,"","","","","","","","","","","","","","","","","","","","","","","","","","",8000,1,"","",60,1,2,1,"","","","","","","","","","","","","","","","","","","","","","","","","","","","","","","","","","","","","","","","","","","","","","","","","","","","","","","","","","","","","","","","","",""
"59343001","LILLE-LESQUIN",50.57,3.0975,47,1959102612,"","","","",9.,1,"","","","","","","","","","","","","","","","","","","","","","","","","","","","","","",12.3,1,3.3,1,"","","","","","","","","","","","","","","","","","","","","","","","","","",55,1,"","","","","","","","","","","","",7.8,1,1015.5,1,"","","","","","",7,1,5,1,5,1,3,1,0,1,"","","","","","","","","","","","","","","","","","","","","","","","",40000,1,"","",2,1,6,1,"","","","","","","","","","","","","","","","","","","","","","","","","","","","","","","","","","","","","","","","","","","","","","","","","","","","","","","","","","","","","","","","","",""
"59343001","LILLE-LESQUIN",50.57,3.0975,47,1959102615,"","","","",8.,1,"","","","","","","","","","","","","","","","","","","","","","","","","","","","","","",12.8,1,3.7,1,"","","","","","","","","","","","","","","","","","","","","","","","","","",54,1,"","","","","","","","","","","","",8.,1,1012.4,1,"","","","","","",7,1,6,1,8,1,"","","","","","","","","","","","","","","","","","","","","","","","","","","","",40000,1,"","",2,1,2,1,"","","","","","","","","","","","","","","","","","","","","","","","","","","","","","","","","","","","","","","","","","","","","","","","","","","","","","","","","","","","","","","","","",""
"59343001","LILLE-LESQUIN",50.57,3.0975,47,1959102618,"","","","",9.,1,"","","","","","","","","","","","","","","","","","","","","","","","","","","","","","",12.1,1,3.8,1,"","","","","","","","","","","","","","","","","","","","","","","","","","",57,1,"","","","","","","","","","","","",8.1,1,1009.9,1,"","","","","","",7,1,7,1,5,1,"","","","","","","","","","","","","","","","","","","","","","","","","","","","",25000,1,"","",2,1,2,1,"","","","","","","","","","","","","","","","","","","","","","","","","","","","","","","","","","","","","","","","","","","","","","","","","","","","","","","","","","","","","","","","","",""
"59343001","LILLE-LESQUIN",50.57,3.0975,47,1959102621,"","","","",9.,1,"","","","","","","","","","","","","","","","","","","","","","","","","","","","","","",10.1,1,3.7,1,"","","","","","","","","","","","","","","","","","","","","","","","","","",64,1,"","","","","","","","","","","","",8.,1,1006.7,1,"","","","","","",7,1,7,1,5,1,"","","","","","","","","","","","","","","","","","","","","","","","","","","","",15000,1,"","",3,1,2,1,"","","","","","","","","","","","","","","","","","","","","","","","","","","","","","","","","","","","","","","","","","","","","","","","","","","","","","","","","","","","","","","","","",""
"59343001","LILLE-LESQUIN",50.57,3.0975,47,1959102700,"","","","",11.,1,"","","","","","","","","","","","","","","","","","","","","","","","","","","","","","",9.5,1,3.7,1,"","","","","","","","","","","","","","","","","","","","","","","","","","",68,1,"","","","","","","","","","","","",8.,1,1000.8,1,"","","","","","",0,1,"","",0,1,0,1,0,1,"","","","","","","","","","","","","","","","","","","","","","","","",15000,1,"","",2,1,0,1,"","","","","","","","","","","","","","","","","","","","","","","","","","","","","","","","","","","","","","","","","","","","","","","","","","","","","","","","","","","","","","","","","",""
"59343001","LILLE-LESQUIN",50.57,3.0975,47,1959102703,"","","","",13.,1,"","","","","","","","","","","","","","","","","","","","","","","","","","","","","","",9.,1,4.3,1,"","","","","","","","","","","","","","","","","","","","","","","","","","",73,1,"","","","","","","","","","","","",8.4,1,993.1,1,"","","","","","",7,1,6,1,5,1,4,1,"","","","","","","","","","","","","","","","","","","","","","","","","","",15000,1,"","",3,1,2,1,"","","","","","","","","","","","","","","","","","","","","","","","","","","","","","","","","","","","","","","","","","","","","","","","","","","","","","","","","","","","","","","","","",""
"59343001","LILLE-LESQUIN",50.57,3.0975,47,1959102706,"","","","",14.,1,"","","","","","","","","","","","","","","","","","","","","","","","","","","","","","",10.2,1,5.3,1,"","","","","","","","","","","","","","","","","","","","","","","","","","",72,1,"","","","","","","","","","","","",9.,1,985.5,1,"","","","","","",7,1,7,1,5,1,"","","","","","","","","","","","","","","","","","","","","","","","","","","","",15000,1,"","",2,1,2,1,"","",0,1,"","","","","","","","","","","","","","","","","","","","","","","","","","","","","","","","","","","","","","","","","","","","","","","","","","","","","","","","","","","","","",""
"59343001","LILLE-LESQUIN",50.57,3.0975,47,1959102709,"","","","",14.,1,"","","","","","","","","","","","","","","","","","","","","","","","","","","","","","",9.8,1,7.1,1,"","","","","","","","","","","","","","","","","","","","","","","","","","",85,1,"","","","","","","","","","","","",10.2,1,979.1,1,"","","","","","",8,1,7,1,7,1,"","","","","","","","","","","","","","","","","","","","","","","","","","","","",10000,1,"","",61,1,6,1,"","","","","","","","","","","","","","","","","","","","","","","","","","","","","","","","","","","","","","","","","","","","","","","","","","","","","","","","","","","","","","","","","",""
"59343001","LILLE-LESQUIN",50.57,3.0975,47,1959102712,"","","","",7.,1,"","","","","","","","","","","","","","","","","","","","","","","","","","","","","","",7.5,1,6.2,1,"","","","","","","","","","","","","","","","","","","","","","","","","","",93,1,"","","","","","","","","","","","",9.6,1,976.4,1,"","","","","","",8,1,8,1,7,1,"","","","","","","","","","","","","","","","","","","","","","","","","","","","",6000,1,"","",61,1,8,1,"","","","","","","","","","","","","","","","","","","","","","","","","","","","","","","","","","","","","","","","","","","","","","","","","","","","","","","","","","","","","","","","","",""
"59343001","LILLE-LESQUIN",50.57,3.0975,47,1959102715,"","","","",8.,1,"","","","","","","","","","","","","","","","","","","","","","","","","","","","","","",8.6,1,6.1,1,"","","","","","","","","","","","","","","","","","","","","","","","","","",85,1,"","","","","","","","","","","","",9.5,1,974.2,1,"","","","","","",8,1,8,1,5,1,2,1,"","","","","","","","","","","","","","","","","","","","","","","","","","",10000,1,"","",61,1,6,1,"","","","","","","","","","","","","","","","","","","","","","","","","","","","","","","","","","","","","","","","","","","","","","","","","","","","","","","","","","","","","","","","","",""
"59343001","LILLE-LESQUIN",50.57,3.0975,47,1959102718,"","","","",9.,1,"","","","","","","","","","","","","","","","","","","","","","","","","","","","","","",7.3,1,4.5,1,"","","","","","","","","","","","","","","","","","","","","","","","","","",83,1,"","","","","","","","","","","","",8.5,1,975.7,1,"","","","","","",7,1,5,1,7,1,4,1,2,1,"","","","","","","","","","","","","","","","","","","","","","","","",15000,1,"","",2,1,6,1,"","","","","","","","","","","","","","","","","","","","","","","","","","","","","","","","","","","","","","","","","","","","","","","","","","","","","","","","","","","","","","","","","",""
"59343001","LILLE-LESQUIN",50.57,3.0975,47,1959102721,"","","","",6.,1,"","","","","","","","","","","","","","","","","","","","","","","","","","","","","","",8.1,1,5.8,1,"","","","","","","","","","","","","","","","","","","","","","","","","","",86,1,"","","","","","","","","","","","",9.3,1,978.9,1,"","","","","","",8,1,8,1,5,1,"","","","","","","","","","","","","","","","","","","","","","","","","","","","",10000,1,"","",20,1,6,1,"","","","","","","","","","","","","","","","","","","","","","","","","","","","","","","","","","","","","","","","","","","","","","","","","","","","","","","","","","","","","","","","","",""
"59343001","LILLE-LESQUIN",50.57,3.0975,47,1959102800,"","","","",4.,1,"","","","","","","","","","","","","","","","","","","","","","","","","","","","","","",6.1,1,3.1,1,"","","","","","","","","","","","","","","","","","","","","","","","","","",82,1,"","","","","","","","","","","","",7.7,1,982.7,1,"","","","","","",1,1,0,1,0,1,1,1,0,1,"","","","","","","","","","","","","","","","","","","","","","","","",15000,1,"","",1,1,6,1,"","","","","","","","","","","","","","","","","","","","","","","","","","","","","","","","","","","","","","","","","","","","","","","","","","","","","","","","","","","","","","","","","",""
"59343001","LILLE-LESQUIN",50.57,3.0975,47,1959102803,"","","","",3.,1,"","","","","","","","","","","","","","","","","","","","","","","","","","","","","","",3.4,1,1.2,1,"","","","","","","","","","","","","","","","","","","","","","","","","","",87,1,"","","","","","","","","","","","",6.7,1,984.5,1,"","","","","","",0,1,"","",0,1,0,1,0,1,"","","","","","","","","","","","","","","","","","","","","","","","",10000,1,"","",2,1,0,1,"","","","","","","","","","","","","","","","","","","","","","","","","","","","","","","","","","","","","","","","","","","","","","","","","","","","","","","","","","","","","","","","","",""
"59343001","LILLE-LESQUIN",50.57,3.0975,47,1959102806,"","","","",4.,1,"","","","","","","","","","","","","","","","","","","","","","","","","","","","","","",1.9,1,0.2,1,"","","","","","","","","","","","","","","","","","","","","","","","","","",89,1,"","","","","","","","","","","","",6.2,1,986.8,1,"","","","","","",1,1,0,1,0,1,4,1,2,1,"","","","","","","","","","","","","","","","","","","","","","","","",6000,1,"","",3,1,0,1,"","",0,1,"","","","","","","","","","","","","","","","","","","","","","","","","","","","","","","","","","","","","","","","","","","","","","","","","","","","","","","","","","","","","",""
"59343001","LILLE-LESQUIN",50.57,3.0975,47,1959102809,"","","","",4.,1,"","","","","","","","","","","","","","","","","","","","","","","","","","","","","","",6.2,1,3.3,1,"","","","","","","","","","","","","","","","","","","","","","","","","","",82,1,"","","","","","","","","","","","",7.8,1,989.5,1,"","","","","","",3,1,0,1,2,1,0,1,2,1,"","","","","","","","","","","","","","","","","","","","","","","","",3500,1,"","",10,1,0,1,"","","","","","","","","","","","","","","","","","","","","","","","","","","","","","","","","","","","","","","","","","","","","","","","","","","","","","","","","","","","","","","","","",""
"59343001","LILLE-LESQUIN",50.57,3.0975,47,1959102812,"","","","",5.,1,"","","","","","","","","","","","","","","","","","","","","","","","","","","","","","",9.8,1,2.2,1,"","","","","","","","","","","","","","","","","","","","","","","","","","",60,1,"","","","","","","","","","","","",7.2,1,991.1,1,"","","","","","",6,1,6,1,2,1,0,1,0,1,"","","","","","","","","","","","","","","","","","","","","","","","",8000,1,"","",3,1,2,1,"","","","","","","","","","","","","","","","","","","","","","","","","","","","","","","","","","","","","","","","","","","","","","","","","","","","","","","","","","","","","","","","","",""
"59343001","LILLE-LESQUIN",50.57,3.0975,47,1959102815,"","","","",6.,1,"","","","","","","","","","","","","","","","","","","","","","","","","","","","","","",8.2,1,0.8,1,"","","","","","","","","","","","","","","","","","","","","","","","","","",59,1,"","","","","","","","","","","","",6.5,1,993.2,1,"","","","","","",7,1,7,1,9,1,0,1,0,1,"","","","","","","","","","","","","","","","","","","","","","","","",15000,1,"","",25,1,2,1,"","","","","","","","","","","","","","","","","","","","","","","","","","","","","","","","","","","","","","","","","","","","","","","","","","","","","","","","","","","","","","","","","",""
"59343001","LILLE-LESQUIN",50.57,3.0975,47,1959102818,"","","","",5.,1,"","","","","","","","","","","","","","","","","","","","","","","","","","","","","","",5.6,1,3.3,1,"","","","","","","","","","","","","","","","","","","","","","","","","","",86,1,"","","","","","","","","","","","",7.8,1,995.5,1,"","","","","","",2,1,0,1,0,1,0,1,2,1,"","","","","","","","","","","","","","","","","","","","","","","","",10000,1,"","",1,1,8,1,"","","","","","","","","","","","","","","","","","","","","","","","","","","","","","","","","","","","","","","","","","","","","","","","","","","","","","","","","","","","","","","","","",""
"59343001","LILLE-LESQUIN",50.57,3.0975,47,1959102821,"","","","",3.,1,"","","","","","","","","","","","","","","","","","","","","","","","","","","","","","",5.6,1,4.5,1,"","","","","","","","","","","","","","","","","","","","","","","","","","",94,1,"","","","","","","","","","","","",8.5,1,996.4,1,"","","","","","",8,1,6,1,7,1,"","","","","","","","","","","","","","","","","","","","","","","","","","","","",6000,1,"","",61,1,8,1,"","","","","","","","","","","","","","","","","","","","","","","","","","","","","","","","","","","","","","","","","","","","","","","","","","","","","","","","","","","","","","","","","",""
"59343001","LILLE-LESQUIN",50.57,3.0975,47,1959102900,"","","","",8.,1,"","","","","","","","","","","","","","","","","","","","","","","","","","","","","","",7.7,1,5.6,1,"","","","","","","","","","","","","","","","","","","","","","","","","","",87,1,"","","","","","","","","","","","",9.2,1,998.,1,"","","","","","",8,1,8,1,7,1,"","","","","","","","","","","","","","","","","","","","","","","","","","","","",7000,1,"","",61,1,8,1,"","","","","","","","","","","","","","","","","","","","","","","","","","","","","","","","","","","","","","","","","","","","","","","","","","","","","","","","","","","","","","","","","",""
"59343001","LILLE-LESQUIN",50.57,3.0975,47,1959102903,"","","","",9.,1,"","","","","","","","","","","","","","","","","","","","","","","","","","","","","","",7.6,1,5.3,1,"","","","","","","","","","","","","","","","","","","","","","","","","","",86,1,"","","","","","","","","","","","",9.,1,999.6,1,"","","","","","",8,1,8,1,5,1,"","","","","","","","","","","","","","","","","","","","","","","","","","","","",6000,1,"","",62,1,6,1,"","","","","","","","","","","","","","","","","","","","","","","","","","","","","","","","","","","","","","","","","","","","","","","","","","","","","","","","","","","","","","","","","",""
"59343001","LILLE-LESQUIN",50.57,3.0975,47,1959102906,"","","","",6.,1,"","","","","","","","","","","","","","","","","","","","","","","","","","","","","","",7.8,1,6.4,1,"","","","","","","","","","","","","","","","","","","","","","","","","","",91,1,"","","","","","","","","","","","",9.7,1,1001.6,1,"","","","","","",8,1,8,1,2,1,"","","","","","","","","","","","","","","","","","","","","","","","","","","","",6000,1,"","",80,1,6,1,"","",0,1,"","","","","","","","","","","","","","","","","","","","","","","","","","","","","","","","","","","","","","","","","","","","","","","","","","","","","","","","","","","","","",""
"59343001","LILLE-LESQUIN",50.57,3.0975,47,1959102909,"","","","",9.,1,"","","","","","","","","","","","","","","","","","","","","","","","","","","","","","",8.9,1,5.6,1,"","","","","","","","","","","","","","","","","","","","","","","","","","",81,1,"","","","","","","","","","","","",9.2,1,1003.7,1,"","","","","","",7,1,6,1,3,1,0,1,2,1,"","","","","","","","","","","","","","","","","","","","","","","","",15000,1,"","",25,1,8,1,"","","","","","","","","","","","","","","","","","","","","","","","","","","","","","","","","","","","","","","","","","","","","","","","","","","","","","","","","","","","","","","","","",""
"59343001","LILLE-LESQUIN",50.57,3.0975,47,1959102912,"","","","",9.,1,"","","","","","","","","","","","","","","","","","","","","","","","","","","","","","",10.2,1,5.9,1,"","","","","","","","","","","","","","","","","","","","","","","","","","",76,1,"","","","","","","","","","","","",9.4,1,1005.5,1,"","","","","","",7,1,7,1,3,1,"","","","","","","","","","","","","","","","","","","","","","","","","","","","",8000,1,"","",25,1,8,1,"","","","","","","","","","","","","","","","","","","","","","","","","","","","","","","","","","","","","","","","","","","","","","","","","","","","","","","","","","","","","","","","","",""
"59343001","LILLE-LESQUIN",50.57,3.0975,47,1959102915,"","","","",8.,1,"","","","","","","","","","","","","","","","","","","","","","","","","","","","","","",10.5,1,1.6,1,"","","","","","","","","","","","","","","","","","","","","","","","","","",55,1,"","","","","","","","","","","","",6.9,1,1007.3,1,"","","","","","",3,1,0,1,4,1,0,1,0,1,"","","","","","","","","","","","","","","","","","","","","","","","",10000,1,"","",2,1,2,1,"","","","","","","","","","","","","","","","","","","","","","","","","","","","","","","","","","","","","","","","","","","","","","","","","","","","","","","","","","","","","","","","","",""
"59343001","LILLE-LESQUIN",50.57,3.0975,47,1959102918,"","","","",6.,1,"","","","","","","","","","","","","","","","","","","","","","","","","","","","","","",7.8,1,4.3,1,"","","","","","","","","","","","","","","","","","","","","","","","","","",85,1,"","","","","","","","","","","","",8.4,1,1010.1,1,"","","","","","",5,1,0,1,4,1,0,1,0,1,"","","","","","","","","","","","","","","","","","","","","","","","",10000,1,"","",2,1,8,1,"","","","","","","","","","","","","","","","","","","","","","","","","","","","","","","","","","","","","","","","","","","","","","","","","","","","","","","","","","","","","","","","","",""
"59343001","LILLE-LESQUIN",50.57,3.0975,47,1959102921,"","","","",5.,1,"","","","","","","","","","","","","","","","","","","","","","","","","","","","","","",6.,1,3.3,1,"","","","","","","","","","","","","","","","","","","","","","","","","","",83,1,"","","","","","","","","","","","",7.8,1,1011.2,1,"","","","","","",0,1,"","",0,1,0,1,0,1,"","","","","","","","","","","","","","","","","","","","","","","","",15000,1,"","",1,1,1,1,"","","","","","","","","","","","","","","","","","","","","","","","","","","","","","","","","","","","","","","","","","","","","","","","","","","","","","","","","","","","","","","","","",""
"59343001","LILLE-LESQUIN",50.57,3.0975,47,1959103000,"","","","",4.,1,"","","","","","","","","","","","","","","","","","","","","","","","","","","","","","",5.2,1,3.7,1,"","","","","","","","","","","","","","","","","","","","","","","","","","",91,1,"","","","","","","","","","","","",8.,1,1012.,1,"","","","","","",4,1,0,1,5,1,0,1,0,1,"","","","","","","","","","","","","","","","","","","","","","","","",15000,1,"","",2,1,1,1,"","","","","","","","","","","","","","","","","","","","","","","","","","","","","","","","","","","","","","","","","","","","","","","","","","","","","","","","","","","","","","","","","",""
"59343001","LILLE-LESQUIN",50.57,3.0975,47,1959103003,"","","","",4.,1,"","","","","","","","","","","","","","","","","","","","","","","","","","","","","","",4.3,1,2.6,1,"","","","","","","","","","","","","","","","","","","","","","","","","","",89,1,"","","","","","","","","","","","",7.4,1,1012.1,1,"","","","","","",1,1,0,1,0,1,0,1,4,1,"","","","","","","","","","","","","","","","","","","","","","","","",10000,1,"","",3,1,0,1,"","","","","","","","","","","","","","","","","","","","","","","","","","","","","","","","","","","","","","","","","","","","","","","","","","","","","","","","","","","","","","","","","",""
"59343001","LILLE-LESQUIN",50.57,3.0975,47,1959103006,"","","","",3.,1,"","","","","","","","","","","","","","","","","","","","","","","","","","","","","","",4.1,1,1.2,1,"","","","","","","","","","","","","","","","","","","","","","","","","","",82,1,"","","","","","","","","","","","",6.7,1,1012.4,1,"","","","","","",7,1,7,1,5,1,5,1,4,1,"","","","","","","","","","","","","","","","","","","","","","","","",5000,1,"","",2,1,1,1,"","",0,1,"","","","","","","","","","","","","","","","","","","","","","","","","","","","","","","","","","","","","","","","","","","","","","","","","","","","","","","","","","","","","",""
"59343001","LILLE-LESQUIN",50.57,3.0975,47,1959103009,"","","","",3.,1,"","","","","","","","","","","","","","","","","","","","","","","","","","","","","","",6.,1,2.8,1,"","","","","","","","","","","","","","","","","","","","","","","","","","",81,1,"","","","","","","","","","","","",7.5,1,1011.,1,"","","","","","",8,1,8,1,0,1,7,1,"","","","","","","","","","","","","","","","","","","","","","","","","","",2000,1,"","",10,1,2,1,"","","","","","","","","","","","","","","","","","","","","","","","","","","","","","","","","","","","","","","","","","","","","","","","","","","","","","","","","","","","","","","","","",""
"59343001","LILLE-LESQUIN",50.57,3.0975,47,1959103012,"","","","",6.,1,"","","","","","","","","","","","","","","","","","","","","","","","","","","","","","",7.3,1,5.1,1,"","","","","","","","","","","","","","","","","","","","","","","","","","",87,1,"","","","","","","","","","","","",8.9,1,1009.1,1,"","","","","","",8,1,8,1,5,1,7,1,"","","","","","","","","","","","","","","","","","","","","","","","","","",3500,1,"","",61,1,6,1,"","","","","","","","","","","","","","","","","","","","","","","","","","","","","","","","","","","","","","","","","","","","","","","","","","","","","","","","","","","","","","","","","",""
"59343001","LILLE-LESQUIN",50.57,3.0975,47,1959103015,"","","","",7.,1,"","","","","","","","","","","","","","","","","","","","","","","","","","","","","","",8.,1,5.8,1,"","","","","","","","","","","","","","","","","","","","","","","","","","",87,1,"","","","","","","","","","","","",9.3,1,1006.7,1,"","","","","","",8,1,7,1,6,1,"","","","","","","","","","","","","","","","","","","","","","","","","","","","",4000,1,"","",50,1,6,1,"","","","","","","","","","","","","","","","","","","","","","","","","","","","","","","","","","","","","","","","","","","","","","","","","","","","","","","","","","","","","","","","","",""
"59343001","LILLE-LESQUIN",50.57,3.0975,47,1959103018,"","","","",6.,1,"","","","","","","","","","","","","","","","","","","","","","","","","","","","","","",7.8,1,6.8,1,"","","","","","","","","","","","","","","","","","","","","","","","","","",94,1,"","","","","","","","","","","","",10.,1,1005.3,1,"","","","","","",8,1,8,1,7,1,"","","","","","","","","","","","","","","","","","","","","","","","","","","","",3000,1,"","",51,1,6,1,"","","","","","","","","","","","","","","","","","","","","","","","","","","","","","","","","","","","","","","","","","","","","","","","","","","","","","","","","","","","","","","","","",""
"59343001","LILLE-LESQUIN",50.57,3.0975,47,1959103021,"","","","",8.,1,"","","","","","","","","","","","","","","","","","","","","","","","","","","","","","",8.5,1,7.1,1,"","","","","","","","","","","","","","","","","","","","","","","","","","",92,1,"","","","","","","","","","","","",10.2,1,1004.,1,"","","","","","",8,1,8,1,5,1,"","","","","","","","","","","","","","","","","","","","","","","","","","","","",6000,1,"","",20,1,5,1,"","","","","","","","","","","","","","","","","","","","","","","","","","","","","","","","","","","","","","","","","","","","","","","","","","","","","","","","","","","","","","","","","",""
"59343001","LILLE-LESQUIN",50.57,3.0975,47,1959103100,"","","","",4.,1,"","","","","","","","","","","","","","","","","","","","","","","","","","","","","","",6.6,1,5.8,1,"","","","","","","","","","","","","","","","","","","","","","","","","","",95,1,"","","","","","","","","","","","",9.3,1,1004.9,1,"","","","","","",6,1,5,1,5,1,4,1,0,1,"","","","","","","","","","","","","","","","","","","","","","","","",8000,1,"","",21,1,6,1,"","","","","","","","","","","","","","","","","","","","","","","","","","","","","","","","","","","","","","","","","","","","","","","","","","","","","","","","","","","","","","","","","",""
"59343001","LILLE-LESQUIN",50.57,3.0975,47,1959103103,"","","","",4.,1,"","","","","","","","","","","","","","","","","","","","","","","","","","","","","","",6.,1,4.8,1,"","","","","","","","","","","","","","","","","","","","","","","","","","",93,1,"","","","","","","","","","","","",8.7,1,1006.,1,"","","","","","",7,1,7,1,5,1,"","","","","","","","","","","","","","","","","","","","","","","","","","","","",15000,1,"","",60,1,1,1,"","","","","","","","","","","","","","","","","","","","","","","","","","","","","","","","","","","","","","","","","","","","","","","","","","","","","","","","","","","","","","","","","",""
"59343001","LILLE-LESQUIN",50.57,3.0975,47,1959103106,"","","","",4.,1,"","","","","","","","","","","","","","","","","","","","","","","","","","","","","","",6.,1,5.,1,"","","","","","","","","","","","","","","","","","","","","","","","","","",94,1,"","","","","","","","","","","","",8.8,1,1007.5,1,"","","","","","",6,1,6,1,5,1,0,1,0,1,"","","","","","","","","","","","","","","","","","","","","","","","",10000,1,"","",2,1,6,1,"","",0,1,"","","","","","","","","","","","","","","","","","","","","","","","","","","","","","","","","","","","","","","","","","","","","","","","","","","","","","","","","","","","","",""
"59343001","LILLE-LESQUIN",50.57,3.0975,47,1959103109,"","","","",5.,1,"","","","","","","","","","","","","","","","","","","","","","","","","","","","","","",9.5,1,7.1,1,"","","","","","","","","","","","","","","","","","","","","","","","","","",85,1,"","","","","","","","","","","","",10.2,1,1009.7,1,"","","","","","",6,1,0,1,5,1,0,1,1,1,"","","","","","","","","","","","","","","","","","","","","","","","",10000,1,"","",1,1,8,1,"","","","","","","","","","","","","","","","","","","","","","","","","","","","","","","","","","","","","","","","","","","","","","","","","","","","","","","","","","","","","","","","","",""
"59343001","LILLE-LESQUIN",50.57,3.0975,47,1959103112,"","","","",7.,1,"","","","","","","","","","","","","","","","","","","","","","","","","","","","","","",12.,1,4.5,1,"","","","","","","","","","","","","","","","","","","","","","","","","","",61,1,"","","","","","","","","","","","",8.5,1,1010.3,1,"","","","","","",4,1,0,1,8,1,0,1,0,1,"","","","","","","","","","","","","","","","","","","","","","","","",25000,1,"","",3,1,8,1,"","","","","","","","","","","","","","","","","","","","","","","","","","","","","","","","","","","","","","","","","","","","","","","","","","","","","","","","","","","","","","","","","",""
"59343001","LILLE-LESQUIN",50.57,3.0975,47,1959103115,"","","","",5.,1,"","","","","","","","","","","","","","","","","","","","","","","","","","","","","","",10.,1,4.3,1,"","","","","","","","","","","","","","","","","","","","","","","","","","",68,1,"","","","","","","","","","","","",8.4,1,1012.1,1,"","","","","","",7,1,7,1,5,1,0,1,0,1,"","","","","","","","","","","","","","","","","","","","","","","","",20000,1,"","",2,1,2,1,"","","","","","","","","","","","","","","","","","","","","","","","","","","","","","","","","","","","","","","","","","","","","","","","","","","","","","","","","","","","","","","","","",""
"59343001","LILLE-LESQUIN",50.57,3.0975,47,1959103118,"","","","",4.,1,"","","","","","","","","","","","","","","","","","","","","","","","","","","","","","",8.4,1,6.4,1,"","","","","","","","","","","","","","","","","","","","","","","","","","",88,1,"","","","","","","","","","","","",9.7,1,1013.6,1,"","","","","","",6,1,0,1,5,1,4,1,0,1,"","","","","","","","","","","","","","","","","","","","","","","","",10000,1,"","",1,1,2,1,"","","","","","","","","","","","","","","","","","","","","","","","","","","","","","","","","","","","","","","","","","","","","","","","","","","","","","","","","","","","","","","","","",""
"59343001","LILLE-LESQUIN",50.57,3.0975,47,1959103121,"","","","",4.,1,"","","","","","","","","","","","","","","","","","","","","","","","","","","","","","",9.1,1,6.6,1,"","","","","","","","","","","","","","","","","","","","","","","","","","",85,1,"","","","","","","","","","","","",9.9,1,1014.9,1,"","","","","","",8,1,8,1,5,1,"","","","","","","","","","","","","","","","","","","","","","","","","","","","",10000,1,"","",2,1,2,1,"","","","","","","","","","","","","","","","","","","","","","","","","","","","","","","","","","","","","","","","","","","","","","","","","","","","","","","","","","","","","","","","","",""
"59343001","LILLE-LESQUIN",50.57,3.0975,47,1959110100,"","","","",2.,1,"","","","","","","","","","","","","","","","","","","","","","","","","","","","","","",8.6,1,7.1,1,"","","","","","","","","","","","","","","","","","","","","","","","","","",92,1,"","","","","","","","","","","","",10.2,1,1016.5,1,"","","","","","",8,1,8,1,5,1,"","","","","","","","","","","","","","","","","","","","","","","","","","","","",10000,1,"","",21,1,6,1,"","","","","","","","","","","","","","","","","","","","","","","","","","","","","","","","","","","","","","","","","","","","","","","","","","","","","","","","","","","","","","","","","",""
"59343001","LILLE-LESQUIN",50.57,3.0975,47,1959110103,"","","","",1.,1,"","","","","","","","","","","","","","","","","","","","","","","","","","","","","","",8.9,1,7.6,1,"","","","","","","","","","","","","","","","","","","","","","","","","","",93,1,"","","","","","","","","","","","",10.6,1,1018.8,1,"","","","","","",8,1,8,1,5,1,"","","","","","","","","","","","","","","","","","","","","","","","","","","","",8000,1,"","",2,1,2,1,"","","","","","","","","","","","","","","","","","","","","","","","","","","","","","","","","","","","","","","","","","","","","","","","","","","","","","","","","","","","","","","","","",""
"59343001","LILLE-LESQUIN",50.57,3.0975,47,1959110106,"","","","",2.,1,"","","","","","","","","","","","","","","","","","","","","","","","","","","","","","",8.,1,6.4,1,"","","","","","","","","","","","","","","","","","","","","","","","","","",90,1,"","","","","","","","","","","","",9.7,1,1020.5,1,"","","","","","",8,1,8,1,5,1,"","","","","","","","","","","","","","","","","","","","","","","","","","","","",6000,1,"","",2,1,2,1,"","",0,1,"","","","","","","","","","","","","","","","","","","","","","","","","","","","","","","","","","","","","","","","","","","","","","","","","","","","","","","","","","","","","",""
"59343001","LILLE-LESQUIN",50.57,3.0975,47,1959110109,"","","","",2.,1,"","","","","","","","","","","","","","","","","","","","","","","","","","","","","","",8.8,1,5.8,1,"","","","","","","","","","","","","","","","","","","","","","","","","","",83,1,"","","","","","","","","","","","",9.3,1,1022.9,1,"","","","","","",3,1,0,1,5,1,0,1,0,1,"","","","","","","","","","","","","","","","","","","","","","","","",3000,1,"","",10,1,1,1,"","","","","","","","","","","","","","","","","","","","","","","","","","","","","","","","","","","","","","","","","","","","","","","","","","","","","","","","","","","","","","","","","",""
"59343001","LILLE-LESQUIN",50.57,3.0975,47,1959110112,"","","","",3.,1,"","","","","","","","","","","","","","","","","","","","","","","","","","","","","","",11.6,1,8.9,1,"","","","","","","","","","","","","","","","","","","","","","","","","","",85,1,"","","","","","","","","","","","",11.6,1,1023.2,1,"","","","","","",8,1,5,1,6,1,"","","","","","","","","","","","","","","","","","","","","","","","","","","","",1100,1,"","",10,1,2,1,"","","","","","","","","","","","","","","","","","","","","","","","","","","","","","","","","","","","","","","","","","","","","","","","","","","","","","","","","","","","","","","","","",""
"59343001","LILLE-LESQUIN",50.57,3.0975,47,1959110115,"","","","",6.,1,"","","","","","","","","","","","","","","","","","","","","","","","","","","","","","",12.9,1,8.9,1,"","","","","","","","","","","","","","","","","","","","","","","","","","",78,1,"","","","","","","","","","","","",11.6,1,1024.,1,"","","","","","",4,1,0,1,8,1,0,1,1,1,"","","","","","","","","","","","","","","","","","","","","","","","",4000,1,"","",10,1,1,1,"","","","","","","","","","","","","","","","","","","","","","","","","","","","","","","","","","","","","","","","","","","","","","","","","","","","","","","","","","","","","","","","","",""
"59343001","LILLE-LESQUIN",50.57,3.0975,47,1959110118,"","","","",2.,1,"","","","","","","","","","","","","","","","","","","","","","","","","","","","","","",8.1,1,7.1,1,"","","","","","","","","","","","","","","","","","","","","","","","","","",94,1,"","","","","","","","","","","","",10.2,1,1025.6,1,"","","","","","",4,1,0,1,5,1,0,1,1,1,"","","","","","","","","","","","","","","","","","","","","","","","",4500,1,"","",10,1,1,1,"","","","","","","","","","","","","","","","","","","","","","","","","","","","","","","","","","","","","","","","","","","","","","","","","","","","","","","","","","","","","","","","","",""
"59343001","LILLE-LESQUIN",50.57,3.0975,47,1959110121,"","","","",3.,1,"","","","","","","","","","","","","","","","","","","","","","","","","","","","","","",7.3,1,6.1,1,"","","","","","","","","","","","","","","","","","","","","","","","","","",93,1,"","","","","","","","","","","","",9.5,1,1026.7,1,"","","","","","",6,1,6,1,5,1,0,1,0,1,"","","","","","","","","","","","","","","","","","","","","","","","",4000,1,"","",10,1,1,1,"","","","","","","","","","","","","","","","","","","","","","","","","","","","","","","","","","","","","","","","","","","","","","","","","","","","","","","","","","","","","","","","","",""
"59343001","LILLE-LESQUIN",50.57,3.0975,47,1959110200,"","","","",1.,1,"","","","","","","","","","","","","","","","","","","","","","","","","","","","","","",6.5,1,5.6,1,"","","","","","","","","","","","","","","","","","","","","","","","","","",95,1,"","","","","","","","","","","","",9.2,1,1027.5,1,"","","","","","",6,1,6,1,5,1,0,1,0,1,"","","","","","","","","","","","","","","","","","","","","","","","",3500,1,"","",10,1,1,1,"","","","","","","","","","","","","","","","","","","","","","","","","","","","","","","","","","","","","","","","","","","","","","","","","","","","","","","","","","","","","","","","","",""
"59343001","LILLE-LESQUIN",50.57,3.0975,47,1959110203,"","","","",1.,1,"","","","","","","","","","","","","","","","","","","","","","","","","","","","","","",4.8,1,4.,1,"","","","","","","","","","","","","","","","","","","","","","","","","","",95,1,"","","","","","","","","","","","",8.2,1,1027.4,1,"","","","","","",0,1,"","",0,1,0,1,0,1,"","","","","","","","","","","","","","","","","","","","","","","","",2500,1,"","",10,1,1,1,"","","","","","","","","","","","","","","","","","","","","","","","","","","","","","","","","","","","","","","","","","","","","","","","","","","","","","","","","","","","","","","","","",""
"59343001","LILLE-LESQUIN",50.57,3.0975,47,1959110206,"","","","",1.,1,"","","","","","","","","","","","","","","","","","","","","","","","","","","","","","",3.6,1,3.,1,"","","","","","","","","","","","","","","","","","","","","","","","","","",97,1,"","","","","","","","","","","","",7.6,1,1027.7,1,"","","","","","",1,1,0,1,0,1,4,1,0,1,"","","","","","","","","","","","","","","","","","","","","","","","",500,1,"","",44,1,4,1,"","",0,1,"","","","","","","","","","","","","","","","","","","","","","","","","","","","","","","","","","","","","","","","","","","","","","","","","","","","","","","","","","","","","",""
"59343001","LILLE-LESQUIN",50.57,3.0975,47,1959110209,"","","","",2.,1,"","","","","","","","","","","","","","","","","","","","","","","","","","","","","","",6.1,1,5.3,1,"","","","","","","","","","","","","","","","","","","","","","","","","","",95,1,"","","","","","","","","","","","",9.,1,1028.1,1,"","","","","","",8,1,8,1,6,1,"","","","","","","","","","","","","","","","","","","","","","","","","","","","",600,1,"","",42,1,4,1,"","","","","","","","","","","","","","","","","","","","","","","","","","","","","","","","","","","","","","","","","","","","","","","","","","","","","","","","","","","","","","","","","",""
"59343001","LILLE-LESQUIN",50.57,3.0975,47,1959110212,"","","","",1.,1,"","","","","","","","","","","","","","","","","","","","","","","","","","","","","","",8.,1,7.3,1,"","","","","","","","","","","","","","","","","","","","","","","","","","",97,1,"","","","","","","","","","","","",10.4,1,1027.6,1,"","","","","","",9,1,"","","","","","","","","","","","","","","","","","","","","","","","","","","","","","","","",100,1,"","",45,1,4,1,"","","","","","","","","","","","","","","","","","","","","","","","","","","","","","","","","","","","","","","","","","","","","","","","","","","","","","","","","","","","","","","","","",""
"59343001","LILLE-LESQUIN",50.57,3.0975,47,1959110215,"","","","",3.,1,"","","","","","","","","","","","","","","","","","","","","","","","","","","","","","",9.5,1,8.3,1,"","","","","","","","","","","","","","","","","","","","","","","","","","",93,1,"","","","","","","","","","","","",11.1,1,1025.7,1,"","","","","","",8,1,8,1,6,1,"","","","","","","","","","","","","","","","","","","","","","","","","","","","",1600,1,"","",28,1,4,1,"","","","","","","","","","","","","","","","","","","","","","","","","","","","","","","","","","","","","","","","","","","","","","","","","","","","","","","","","","","","","","","","","",""
"59343001","LILLE-LESQUIN",50.57,3.0975,47,1959110218,"","","","",4.,1,"","","","","","","","","","","","","","","","","","","","","","","","","","","","","","",8.5,1,7.5,1,"","","","","","","","","","","","","","","","","","","","","","","","","","",94,1,"","","","","","","","","","","","",10.5,1,1025.4,1,"","","","","","",8,1,8,1,6,1,"","","","","","","","","","","","","","","","","","","","","","","","","","","","",1600,1,"","",10,1,4,1,"","","","","","","","","","","","","","","","","","","","","","","","","","","","","","","","","","","","","","","","","","","","","","","","","","","","","","","","","","","","","","","","","",""
"59343001","LILLE-LESQUIN",50.57,3.0975,47,1959110221,"","","","",3.,1,"","","","","","","","","","","","","","","","","","","","","","","","","","","","","","",7.7,1,6.6,1,"","","","","","","","","","","","","","","","","","","","","","","","","","",94,1,"","","","","","","","","","","","",9.9,1,1024.2,1,"","","","","","",8,1,8,1,6,1,"","","","","","","","","","","","","","","","","","","","","","","","","","","","",900,1,"","",46,1,2,1,"","","","","","","","","","","","","","","","","","","","","","","","","","","","","","","","","","","","","","","","","","","","","","","","","","","","","","","","","","","","","","","","","",""
"59343001","LILLE-LESQUIN",50.57,3.0975,47,1959110300,"","","","",4.,1,"","","","","","","","","","","","","","","","","","","","","","","","","","","","","","",7.2,1,6.6,1,"","","","","","","","","","","","","","","","","","","","","","","","","","",97,1,"","","","","","","","","","","","",9.9,1,1022.8,1,"","","","","","",8,1,8,1,6,1,"","","","","","","","","","","","","","","","","","","","","","","","","","","","",1400,1,"","",10,1,4,1,"","","","","","","","","","","","","","","","","","","","","","","","","","","","","","","","","","","","","","","","","","","","","","","","","","","","","","","","","","","","","","","","","",""
"59343001","LILLE-LESQUIN",50.57,3.0975,47,1959110303,"","","","",3.,1,"","","","","","","","","","","","","","","","","","","","","","","","","","","","","","",7.1,1,6.2,1,"","","","","","","","","","","","","","","","","","","","","","","","","","",96,1,"","","","","","","","","","","","",9.6,1,1021.3,1,"","","","","","",8,1,5,1,5,1,"","","","","","","","","","","","","","","","","","","","","","","","","","","","",1800,1,"","",10,1,2,1,"","","","","","","","","","","","","","","","","","","","","","","","","","","","","","","","","","","","","","","","","","","","","","","","","","","","","","","","","","","","","","","","","",""
"59343001","LILLE-LESQUIN",50.57,3.0975,47,1959110306,"","","","",5.,1,"","","","","","","","","","","","","","","","","","","","","","","","","","","","","","",7.3,1,6.2,1,"","","","","","","","","","","","","","","","","","","","","","","","","","",94,1,"","","","","","","","","","","","",9.6,1,1020.1,1,"","","","","","",8,1,8,1,5,1,"","","","","","","","","","","","","","","","","","","","","","","","","","","","",2000,1,"","",10,1,2,1,"","",0,1,"","","","","","","","","","","","","","","","","","","","","","","","","","","","","","","","","","","","","","","","","","","","","","","","","","","","","","","","","","","","","",""
"59343001","LILLE-LESQUIN",50.57,3.0975,47,1959110309,"","","","",4.,1,"","","","","","","","","","","","","","","","","","","","","","","","","","","","","","",7.7,1,6.1,1,"","","","","","","","","","","","","","","","","","","","","","","","","","",90,1,"","","","","","","","","","","","",9.5,1,1019.4,1,"","","","","","",8,1,8,1,5,1,"","","","","","","","","","","","","","","","","","","","","","","","","","","","",2200,1,"","",10,1,2,1,"","","","","","","","","","","","","","","","","","","","","","","","","","","","","","","","","","","","","","","","","","","","","","","","","","","","","","","","","","","","","","","","","",""
"59343001","LILLE-LESQUIN",50.57,3.0975,47,1959110312,"","","","",5.,1,"","","","","","","","","","","","","","","","","","","","","","","","","","","","","","",9.4,1,6.6,1,"","","","","","","","","","","","","","","","","","","","","","","","","","",84,1,"","","","","","","","","","","","",9.9,1,1018.7,1,"","","","","","",7,1,7,1,5,1,"","","","","","","","","","","","","","","","","","","","","","","","","","","","",3500,1,"","",10,1,2,1,"","","","","","","","","","","","","","","","","","","","","","","","","","","","","","","","","","","","","","","","","","","","","","","","","","","","","","","","","","","","","","","","","",""
"59343001","LILLE-LESQUIN",50.57,3.0975,47,1959110315,"","","","",4.,1,"","","","","","","","","","","","","","","","","","","","","","","","","","","","","","",10.4,1,6.6,1,"","","","","","","","","","","","","","","","","","","","","","","","","","",79,1,"","","","","","","","","","","","",9.9,1,1017.6,1,"","","","","","",7,1,6,1,5,1,0,1,6,1,"","","","","","","","","","","","","","","","","","","","","","","","",3500,1,"","",10,1,2,1,"","","","","","","","","","","","","","","","","","","","","","","","","","","","","","","","","","","","","","","","","","","","","","","","","","","","","","","","","","","","","","","","","",""
"59343001","LILLE-LESQUIN",50.57,3.0975,47,1959110318,"","","","",2.,1,"","","","","","","","","","","","","","","","","","","","","","","","","","","","","","",7.2,1,5.6,1,"","","","","","","","","","","","","","","","","","","","","","","","","","",90,1,"","","","","","","","","","","","",9.2,1,1018.2,1,"","","","","","",4,1,0,1,0,1,0,1,2,1,"","","","","","","","","","","","","","","","","","","","","","","","",3000,1,"","",10,1,2,1,"","","","","","","","","","","","","","","","","","","","","","","","","","","","","","","","","","","","","","","","","","","","","","","","","","","","","","","","","","","","","","","","","",""
"59343001","LILLE-LESQUIN",50.57,3.0975,47,1959110321,"","","","",1.,1,"","","","","","","","","","","","","","","","","","","","","","","","","","","","","","",6.4,1,5.1,1,"","","","","","","","","","","","","","","","","","","","","","","","","","",93,1,"","","","","","","","","","","","",8.9,1,1018.8,1,"","","","","","",7,1,6,1,0,1,5,1,2,1,"","","","","","","","","","","","","","","","","","","","","","","","",2500,1,"","",10,1,1,1,"","","","","","","","","","","","","","","","","","","","","","","","","","","","","","","","","","","","","","","","","","","","","","","","","","","","","","","","","","","","","","","","","",""
"59343001","LILLE-LESQUIN",50.57,3.0975,47,1959110400,"","","","",1.,1,"","","","","","","","","","","","","","","","","","","","","","","","","","","","","","",7.1,1,5.8,1,"","","","","","","","","","","","","","","","","","","","","","","","","","",93,1,"","","","","","","","","","","","",9.3,1,1019.7,1,"","","","","","",8,1,8,1,5,1,"","","","","","","","","","","","","","","","","","","","","","","","","","","","",2500,1,"","",10,1,1,1,"","","","","","","","","","","","","","","","","","","","","","","","","","","","","","","","","","","","","","","","","","","","","","","","","","","","","","","","","","","","","","","","","",""
"59343001","LILLE-LESQUIN",50.57,3.0975,47,1959110403,"","","","",5.,1,"","","","","","","","","","","","","","","","","","","","","","","","","","","","","","",9.,1,8.1,1,"","","","","","","","","","","","","","","","","","","","","","","","","","",96,1,"","","","","","","","","","","","",11.,1,1020.8,1,"","","","","","",8,1,7,1,7,1,"","","","","","","","","","","","","","","","","","","","","","","","","","","","",1800,1,"","",51,1,6,1,"","","","","","","","","","","","","","","","","","","","","","","","","","","","","","","","","","","","","","","","","","","","","","","","","","","","","","","","","","","","","","","","","",""
"59343001","LILLE-LESQUIN",50.57,3.0975,47,1959110406,"","","","",5.,1,"","","","","","","","","","","","","","","","","","","","","","","","","","","","","","",8.9,1,7.3,1,"","","","","","","","","","","","","","","","","","","","","","","","","","",92,1,"","","","","","","","","","","","",10.4,1,1022.1,1,"","","","","","",8,1,7,1,7,1,"","","","","","","","","","","","","","","","","","","","","","","","","","","","",4000,1,"","",51,1,6,1,"","",0,1,"","","","","","","","","","","","","","","","","","","","","","","","","","","","","","","","","","","","","","","","","","","","","","","","","","","","","","","","","","","","","",""
"59343001","LILLE-LESQUIN",50.57,3.0975,47,1959110409,"","","","",2.,1,"","","","","","","","","","","","","","","","","","","","","","","","","","","","","","",9.,1,7.1,1,"","","","","","","","","","","","","","","","","","","","","","","","","","",89,1,"","","","","","","","","","","","",10.2,1,1023.,1,"","","","","","",8,1,8,1,5,1,7,1,"","","","","","","","","","","","","","","","","","","","","","","","","","",4000,1,"","",10,1,5,1,"","","","","","","","","","","","","","","","","","","","","","","","","","","","","","","","","","","","","","","","","","","","","","","","","","","","","","","","","","","","","","","","","",""
"59343001","LILLE-LESQUIN",50.57,3.0975,47,1959110412,"","","","",6.,1,"","","","","","","","","","","","","","","","","","","","","","","","","","","","","","",10.7,1,6.2,1,"","","","","","","","","","","","","","","","","","","","","","","","","","",75,1,"","","","","","","","","","","","",9.6,1,1023.3,1,"","","","","","",6,1,5,1,2,1,0,1,2,1,"","","","","","","","","","","","","","","","","","","","","","","","",12000,1,"","",25,1,5,1,"","","","","","","","","","","","","","","","","","","","","","","","","","","","","","","","","","","","","","","","","","","","","","","","","","","","","","","","","","","","","","","","","",""
"59343001","LILLE-LESQUIN",50.57,3.0975,47,1959110415,"","","","",6.,1,"","","","","","","","","","","","","","","","","","","","","","","","","","","","","","",9.2,1,3.7,1,"","","","","","","","","","","","","","","","","","","","","","","","","","",69,1,"","","","","","","","","","","","",8.,1,1022.,1,"","","","","","",8,1,5,1,2,1,3,1,2,1,"","","","","","","","","","","","","","","","","","","","","","","","",12000,1,"","",1,1,2,1,"","","","","","","","","","","","","","","","","","","","","","","","","","","","","","","","","","","","","","","","","","","","","","","","","","","","","","","","","","","","","","","","","",""
"59343001","LILLE-LESQUIN",50.57,3.0975,47,1959110418,"","","","",4.,1,"","","","","","","","","","","","","","","","","","","","","","","","","","","","","","",7.2,1,5.1,1,"","","","","","","","","","","","","","","","","","","","","","","","","","",87,1,"","","","","","","","","","","","",8.9,1,1021.3,1,"","","","","","",8,1,8,1,4,1,7,1,"","","","","","","","","","","","","","","","","","","","","","","","","","",8000,1,"","",2,1,2,1,"","","","","","","","","","","","","","","","","","","","","","","","","","","","","","","","","","","","","","","","","","","","","","","","","","","","","","","","","","","","","","","","","",""
"59343001","LILLE-LESQUIN",50.57,3.0975,47,1959110421,"","","","",5.,1,"","","","","","","","","","","","","","","","","","","","","","","","","","","","","","",5.9,1,2.2,1,"","","","","","","","","","","","","","","","","","","","","","","","","","",77,1,"","","","","","","","","","","","",7.2,1,1018.4,1,"","","","","","",8,1,8,1,5,1,2,1,"","","","","","","","","","","","","","","","","","","","","","","","","","",8000,1,"","",61,1,2,1,"","","","","","","","","","","","","","","","","","","","","","","","","","","","","","","","","","","","","","","","","","","","","","","","","","","","","","","","","","","","","","","","","",""
"59343001","LILLE-LESQUIN",50.57,3.0975,47,1959110500,"","","","",4.,1,"","","","","","","","","","","","","","","","","","","","","","","","","","","","","","",6.8,1,5.8,1,"","","","","","","","","","","","","","","","","","","","","","","","","","",94,1,"","","","","","","","","","","","",9.3,1,1015.,1,"","","","","","",8,1,8,1,5,1,"","","","","","","","","","","","","","","","","","","","","","","","","","","","",6000,1,"","",61,1,6,1,"","","","","","","","","","","","","","","","","","","","","","","","","","","","","","","","","","","","","","","","","","","","","","","","","","","","","","","","","","","","","","","","","",""
"59343001","LILLE-LESQUIN",50.57,3.0975,47,1959110503,"","","","",4.,1,"","","","","","","","","","","","","","","","","","","","","","","","","","","","","","",7.4,1,5.6,1,"","","","","","","","","","","","","","","","","","","","","","","","","","",89,1,"","","","","","","","","","","","",9.2,1,1013.6,1,"","","","","","",4,1,0,1,5,1,0,1,0,1,"","","","","","","","","","","","","","","","","","","","","","","","",8000,1,"","",3,1,6,1,"","","","","","","","","","","","","","","","","","","","","","","","","","","","","","","","","","","","","","","","","","","","","","","","","","","","","","","","","","","","","","","","","",""
"59343001","LILLE-LESQUIN",50.57,3.0975,47,1959110506,"","","","",5.,1,"","","","","","","","","","","","","","","","","","","","","","","","","","","","","","",7.5,1,5.3,1,"","","","","","","","","","","","","","","","","","","","","","","","","","",87,1,"","","","","","","","","","","","",9.,1,1014.,1,"","","","","","",4,1,0,1,6,1,0,1,0,1,"","","","","","","","","","","","","","","","","","","","","","","","",10000,1,"","",3,1,6,1,"","",0,1,"","","","","","","","","","","","","","","","","","","","","","","","","","","","","","","","","","","","","","","","","","","","","","","","","","","","","","","","","","","","","",""
"59343001","LILLE-LESQUIN",50.57,3.0975,47,1959110509,"","","","",6.,1,"","","","","","","","","","","","","","","","","","","","","","","","","","","","","","",4.9,1,2.6,1,"","","","","","","","","","","","","","","","","","","","","","","","","","",86,1,"","","","","","","","","","","","",7.4,1,1017.8,1,"","","","","","",8,1,8,1,6,1,"","","","","","","","","","","","","","","","","","","","","","","","","","","","",3500,1,"","",10,1,1,1,"","","","","","","","","","","","","","","","","","","","","","","","","","","","","","","","","","","","","","","","","","","","","","","","","","","","","","","","","","","","","","","","","",""
"59343001","LILLE-LESQUIN",50.57,3.0975,47,1959110512,"","","","",4.,1,"","","","","","","","","","","","","","","","","","","","","","","","","","","","","","",7.4,1,3.8,1,"","","","","","","","","","","","","","","","","","","","","","","","","","",79,1,"","","","","","","","","","","","",8.1,1,1018.5,1,"","","","","","",4,1,0,1,1,1,0,1,0,1,"","","","","","","","","","","","","","","","","","","","","","","","",10000,1,"","",3,1,1,1,"","","","","","","","","","","","","","","","","","","","","","","","","","","","","","","","","","","","","","","","","","","","","","","","","","","","","","","","","","","","","","","","","",""
"59343001","LILLE-LESQUIN",50.57,3.0975,47,1959110515,"","","","",3.,1,"","","","","","","","","","","","","","","","","","","","","","","","","","","","","","",7.8,1,3.1,1,"","","","","","","","","","","","","","","","","","","","","","","","","","",72,1,"","","","","","","","","","","","",7.7,1,1018.6,1,"","","","","","",6,1,5,1,8,1,0,1,1,1,"","","","","","","","","","","","","","","","","","","","","","","","",6000,1,"","",3,1,1,1,"","","","","","","","","","","","","","","","","","","","","","","","","","","","","","","","","","","","","","","","","","","","","","","","","","","","","","","","","","","","","","","","","",""
"59343001","LILLE-LESQUIN",50.57,3.0975,47,1959110518,"","","","",2.,1,"","","","","","","","","","","","","","","","","","","","","","","","","","","","","","",4.2,1,1.8,1,"","","","","","","","","","","","","","","","","","","","","","","","","","",86,1,"","","","","","","","","","","","",7.,1,1019.4,1,"","","","","","",1,1,0,1,5,1,0,1,0,1,"","","","","","","","","","","","","","","","","","","","","","","","",2000,1,"","",10,1,1,1,"","","","","","","","","","","","","","","","","","","","","","","","","","","","","","","","","","","","","","","","","","","","","","","","","","","","","","","","","","","","","","","","","",""
"59343001","LILLE-LESQUIN",50.57,3.0975,47,1959110521,"","","","",0.,1,"","","","","","","","","","","","","","","","","","","","","","","","","","","","","","",3.1,1,2.,1,"","","","","","","","","","","","","","","","","","","","","","","","","","",93,1,"","","","","","","","","","","","",7.1,1,1019.8,1,"","","","","","",0,1,"","",0,1,0,1,0,1,"","","","","","","","","","","","","","","","","","","","","","","","",600,1,"","",46,1,0,1,"","","","","","","","","","","","","","","","","","","","","","","","","","","","","","","","","","","","","","","","","","","","","","","","","","","","","","","","","","","","","","","","","",""
"59343001","LILLE-LESQUIN",50.57,3.0975,47,1959110600,"","","","",2.,1,"","","","","","","","","","","","","","","","","","","","","","","","","","","","","","",1.6,1,1.,1,"","","","","","","","","","","","","","","","","","","","","","","","","","",96,1,"","","","","","","","","","","","",6.6,1,1019.8,1,"","","","","","",0,1,"","",0,1,0,1,0,1,"","","","","","","","","","","","","","","","","","","","","","","","",300,1,"","",42,1,4,1,"","","","","","","","","","","","","","","","","","","","","","","","","","","","","","","","","","","","","","","","","","","","","","","","","","","","","","","","","","","","","","","","","",""
"59343001","LILLE-LESQUIN",50.57,3.0975,47,1959110603,"","","","",1.,1,"","","","","","","","","","","","","","","","","","","","","","","","","","","","","","",0.2,1,-0.5,1,"","","","","","","","","","","","","","","","","","","","","","","","","","",96,1,"","","","","","","","","","","","",5.9,1,1019.7,1,"","","","","","",9,1,"","","","","","","","","","","","","","","","","","","","","","","","","","","","","","","","",50,1,"","",49,1,4,1,"","","","","","","","","","","","","","","","","","","","","","","","","","","","","","","","","","","","","","","","","","","","","","","","","","","","","","","","","","","","","","","","","",""
"59343001","LILLE-LESQUIN",50.57,3.0975,47,1959110606,"","","","",0.,1,"","","","","","","","","","","","","","","","","","","","","","","","","","","","","","",-0.7,1,-0.7,1,"","","","","","","","","","","","","","","","","","","","","","","","","","",100,1,"","","","","","","","","","","","",5.8,1,1019.8,1,"","","","","","",9,1,"","","","","","","","","","","","","","","","","","","","","","","","","","","","","","","","",100,1,"","",49,1,4,1,"","",0,1,"","","","","","","","","","","","","","","","","","","","","","","","","","","","","","","","","","","","","","","","","","","","","","","","","","","","","","","","","","","","","",""
"59343001","LILLE-LESQUIN",50.57,3.0975,47,1959110609,"","","","",0.,1,"","","","","","","","","","","","","","","","","","","","","","","","","","","","","","",0.4,1,0.4,1,"","","","","","","","","","","","","","","","","","","","","","","","","","",100,1,"","","","","","","","","","","","",6.3,1,1021.,1,"","","","","","",9,1,"","","","","","","","","","","","","","","","","","","","","","","","","","","","","","","","",80,1,"","",45,1,4,1,"","","","","","","","","","","","","","","","","","","","","","","","","","","","","","","","","","","","","","","","","","","","","","","","","","","","","","","","","","","","","","","","","",""
"59343001","LILLE-LESQUIN",50.57,3.0975,47,1959110612,"","","","",3.,1,"","","","","","","","","","","","","","","","","","","","","","","","","","","","","","",3.6,1,2.8,1,"","","","","","","","","","","","","","","","","","","","","","","","","","",95,1,"","","","","","","","","","","","",7.5,1,1020.4,1,"","","","","","",8,1,8,1,6,1,"","","","","","","","","","","","","","","","","","","","","","","","","","","","",1600,1,"","",28,1,4,1,"","","","","","","","","","","","","","","","","","","","","","","","","","","","","","","","","","","","","","","","","","","","","","","","","","","","","","","","","","","","","","","","","",""
"59343001","LILLE-LESQUIN",50.57,3.0975,47,1959110615,"","","","",3.,1,"","","","","","","","","","","","","","","","","","","","","","","","","","","","","","",3.8,1,2.,1,"","","","","","","","","","","","","","","","","","","","","","","","","","",88,1,"","","","","","","","","","","","",7.1,1,1019.8,1,"","","","","","",8,1,8,1,6,1,"","","","","","","","","","","","","","","","","","","","","","","","","","","","",2500,1,"","",10,1,2,1,"","","","","","","","","","","","","","","","","","","","","","","","","","","","","","","","","","","","","","","","","","","","","","","","","","","","","","","","","","","","","","","","","",""
"59343001","LILLE-LESQUIN",50.57,3.0975,47,1959110618,"","","","",3.,1,"","","","","","","","","","","","","","","","","","","","","","","","","","","","","","",2.6,1,1.2,1,"","","","","","","","","","","","","","","","","","","","","","","","","","",91,1,"","","","","","","","","","","","",6.7,1,1020.6,1,"","","","","","",8,1,8,1,6,1,"","","","","","","","","","","","","","","","","","","","","","","","","","","","",1800,1,"","",10,1,2,1,"","","","","","","","","","","","","","","","","","","","","","","","","","","","","","","","","","","","","","","","","","","","","","","","","","","","","","","","","","","","","","","","","",""
"59343001","LILLE-LESQUIN",50.57,3.0975,47,1959110621,"","","","",3.,1,"","","","","","","","","","","","","","","","","","","","","","","","","","","","","","",1.6,1,0.8,1,"","","","","","","","","","","","","","","","","","","","","","","","","","",94,1,"","","","","","","","","","","","",6.5,1,1020.7,1,"","","","","","",8,1,8,1,6,1,"","","","","","","","","","","","","","","","","","","","","","","","","","","","",1200,1,"","",10,1,2,1,"","","","","","","","","","","","","","","","","","","","","","","","","","","","","","","","","","","","","","","","","","","","","","","","","","","","","","","","","","","","","","","","","",""
"59343001","LILLE-LESQUIN",50.57,3.0975,47,1959110700,"","","","",2.,1,"","","","","","","","","","","","","","","","","","","","","","","","","","","","","","",1.3,1,0.4,1,"","","","","","","","","","","","","","","","","","","","","","","","","","",94,1,"","","","","","","","","","","","",6.3,1,1020.7,1,"","","","","","",8,1,8,1,6,1,"","","","","","","","","","","","","","","","","","","","","","","","","","","","",1400,1,"","",10,1,2,1,"","","","","","","","","","","","","","","","","","","","","","","","","","","","","","","","","","","","","","","","","","","","","","","","","","","","","","","","","","","","","","","","","",""
"59343001","LILLE-LESQUIN",50.57,3.0975,47,1959110703,"","","","",1.,1,"","","","","","","","","","","","","","","","","","","","","","","","","","","","","","",1.2,1,0.6,1,"","","","","","","","","","","","","","","","","","","","","","","","","","",96,1,"","","","","","","","","","","","",6.4,1,1020.3,1,"","","","","","",8,1,8,1,6,1,"","","","","","","","","","","","","","","","","","","","","","","","","","","","",1200,1,"","",10,1,2,1,"","","","","","","","","","","","","","","","","","","","","","","","","","","","","","","","","","","","","","","","","","","","","","","","","","","","","","","","","","","","","","","","","",""
"59343001","LILLE-LESQUIN",50.57,3.0975,47,1959110706,"","","","",1.,1,"","","","","","","","","","","","","","","","","","","","","","","","","","","","","","",1.6,1,0.8,1,"","","","","","","","","","","","","","","","","","","","","","","","","","",94,1,"","","","","","","","","","","","",6.5,1,1020.7,1,"","","","","","",8,1,8,1,6,1,"","","","","","","","","","","","","","","","","","","","","","","","","","","","",1400,1,"","",10,1,2,1,"","",0,1,"","","","","","","","","","","","","","","","","","","","","","","","","","","","","","","","","","","","","","","","","","","","","","","","","","","","","","","","","","","","","",""
"59343001","LILLE-LESQUIN",50.57,3.0975,47,1959110709,"","","","",2.,1,"","","","","","","","","","","","","","","","","","","","","","","","","","","","","","",1.8,1,1.,1,"","","","","","","","","","","","","","","","","","","","","","","","","","",94,1,"","","","","","","","","","","","",6.6,1,1022.1,1,"","","","","","",9,1,"","","","","","","","","","","","","","","","","","","","","","","","","","","","","","","","",500,1,"","",47,1,2,1,"","","","","","","","","","","","","","","","","","","","","","","","","","","","","","","","","","","","","","","","","","","","","","","","","","","","","","","","","","","","","","","","","",""
"59343001","LILLE-LESQUIN",50.57,3.0975,47,1959110712,"","","","",1.,1,"","","","","","","","","","","","","","","","","","","","","","","","","","","","","","",2.6,1,1.,1,"","","","","","","","","","","","","","","","","","","","","","","","","","",89,1,"","","","","","","","","","","","",6.6,1,1022.5,1,"","","","","","",8,1,8,1,6,1,"","","","","","","","","","","","","","","","","","","","","","","","","","","","",1800,1,"","",10,1,4,1,"","","","","","","","","","","","","","","","","","","","","","","","","","","","","","","","","","","","","","","","","","","","","","","","","","","","","","","","","","","","","","","","","",""
"59343001","LILLE-LESQUIN",50.57,3.0975,47,1959110715,"","","","",1.,1,"","","","","","","","","","","","","","","","","","","","","","","","","","","","","","",3.8,1,1.,1,"","","","","","","","","","","","","","","","","","","","","","","","","","",82,1,"","","","","","","","","","","","",6.6,1,1022.6,1,"","","","","","",3,1,0,1,6,1,0,1,0,1,"","","","","","","","","","","","","","","","","","","","","","","","",3300,1,"","",10,1,1,1,"","","","","","","","","","","","","","","","","","","","","","","","","","","","","","","","","","","","","","","","","","","","","","","","","","","","","","","","","","","","","","","","","",""
"59343001","LILLE-LESQUIN",50.57,3.0975,47,1959110718,"","","","",3.,1,"","","","","","","","","","","","","","","","","","","","","","","","","","","","","","",1.8,1,0.6,1,"","","","","","","","","","","","","","","","","","","","","","","","","","",92,1,"","","","","","","","","","","","",6.4,1,1024.1,1,"","","","","","",0,1,"","",0,1,0,1,0,1,"","","","","","","","","","","","","","","","","","","","","","","","",900,1,"","",46,1,1,1,"","","","","","","","","","","","","","","","","","","","","","","","","","","","","","","","","","","","","","","","","","","","","","","","","","","","","","","","","","","","","","","","","",""
"59343001","LILLE-LESQUIN",50.57,3.0975,47,1959110721,"","","","",4.,1,"","","","","","","","","","","","","","","","","","","","","","","","","","","","","","",0.3,1,-0.5,1,"","","","","","","","","","","","","","","","","","","","","","","","","","",94,1,"","","","","","","","","","","","",5.9,1,1024.6,1,"","","","","","",0,1,"","",0,1,0,1,0,1,"","","","","","","","","","","","","","","","","","","","","","","","",700,1,"","",44,1,4,1,"","","","","","","","","","","","","","","","","","","","","","","","","","","","","","","","","","","","","","","","","","","","","","","","","","","","","","","","","","","","","","","","","",""
"59343001","LILLE-LESQUIN",50.57,3.0975,47,1959110800,"","","","",1.,1,"","","","","","","","","","","","","","","","","","","","","","","","","","","","","","",1.,1,0.,1,"","","","","","","","","","","","","","","","","","","","","","","","","","",92,1,"","","","","","","","","","","","",6.1,1,1024.6,1,"","","","","","",8,1,8,1,5,1,"","","","","","","","","","","","","","","","","","","","","","","","","","","","",700,1,"","",44,1,4,1,"","","","","","","","","","","","","","","","","","","","","","","","","","","","","","","","","","","","","","","","","","","","","","","","","","","","","","","","","","","","","","","","","",""
"59343001","LILLE-LESQUIN",50.57,3.0975,47,1959110803,"","","","",1.,1,"","","","","","","","","","","","","","","","","","","","","","","","","","","","","","",0.4,1,-0.2,1,"","","","","","","","","","","","","","","","","","","","","","","","","","",96,1,"","","","","","","","","","","","",6.,1,1024.9,1,"","","","","","",4,1,0,1,5,1,0,1,0,1,"","","","","","","","","","","","","","","","","","","","","","","","",900,1,"","",44,1,4,1,"","","","","","","","","","","","","","","","","","","","","","","","","","","","","","","","","","","","","","","","","","","","","","","","","","","","","","","","","","","","","","","","","",""
"59343001","LILLE-LESQUIN",50.57,3.0975,47,1959110806,"","","","",0.,1,"","","","","","","","","","","","","","","","","","","","","","","","","","","","","","",-1.2,1,-2.1,1,"","","","","","","","","","","","","","","","","","","","","","","","","","",94,1,"","","","","","","","","","","","",5.2,1,1024.6,1,"","","","","","",9,1,"","","","","","","","","","","","","","","","","","","","","","","","","","","","","","","","",80,1,"","",45,1,4,1,"","",0,1,"","","","","","","","","","","","","","","","","","","","","","","","","","","","","","","","","","","","","","","","","","","","","","","","","","","","","","","","","","","","","",""
"59343001","LILLE-LESQUIN",50.57,3.0975,47,1959110809,"","","","",0.,1,"","","","","","","","","","","","","","","","","","","","","","","","","","","","","","",-1.6,1,-2.9,1,"","","","","","","","","","","","","","","","","","","","","","","","","","",91,1,"","","","","","","","","","","","",4.9,1,1025.5,1,"","","","","","",9,1,"","","","","","","","","","","","","","","","","","","","","","","","","","","","","","","","",80,1,"","",45,1,4,1,"","","","","","","","","","","","","","","","","","","","","","","","","","","","","","","","","","","","","","","","","","","","","","","","","","","","","","","","","","","","","","","","","",""
"59343001","LILLE-LESQUIN",50.57,3.0975,47,1959110812,"","","","",1.,1,"","","","","","","","","","","","","","","","","","","","","","","","","","","","","","",0.2,1,-0.9,1,"","","","","","","","","","","","","","","","","","","","","","","","","","",92,1,"","","","","","","","","","","","",5.7,1,1024.2,1,"","","","","","",9,1,"","","","","","","","","","","","","","","","","","","","","","","","","","","","","","","","",50,1,"","",45,1,4,1,"","","","","","","","","","","","","","","","","","","","","","","","","","","","","","","","","","","","","","","","","","","","","","","","","","","","","","","","","","","","","","","","","",""
"59343001","LILLE-LESQUIN",50.57,3.0975,47,1959110815,"","","","",2.,1,"","","","","","","","","","","","","","","","","","","","","","","","","","","","","","",2.2,1,1.6,1,"","","","","","","","","","","","","","","","","","","","","","","","","","",96,1,"","","","","","","","","","","","",6.9,1,1022.9,1,"","","","","","",9,1,"","","","","","","","","","","","","","","","","","","","","","","","","","","","","","","","",100,1,"","",47,1,4,1,"","","","","","","","","","","","","","","","","","","","","","","","","","","","","","","","","","","","","","","","","","","","","","","","","","","","","","","","","","","","","","","","","",""
"59343001","LILLE-LESQUIN",50.57,3.0975,47,1959110818,"","","","",2.,1,"","","","","","","","","","","","","","","","","","","","","","","","","","","","","","",1.,1,0.4,1,"","","","","","","","","","","","","","","","","","","","","","","","","","",96,1,"","","","","","","","","","","","",6.3,1,1023.,1,"","","","","","",9,1,"","","","","","","","","","","","","","","","","","","","","","","","","","","","","","","","",50,1,"","",45,1,4,1,"","","","","","","","","","","","","","","","","","","","","","","","","","","","","","","","","","","","","","","","","","","","","","","","","","","","","","","","","","","","","","","","","",""
"59343001","LILLE-LESQUIN",50.57,3.0975,47,1959110821,"","","","",2.,1,"","","","","","","","","","","","","","","","","","","","","","","","","","","","","","",0.2,1,-0.5,1,"","","","","","","","","","","","","","","","","","","","","","","","","","",96,1,"","","","","","","","","","","","",5.9,1,1022.2,1,"","","","","","",9,1,"","","","","","","","","","","","","","","","","","","","","","","","","","","","","","","","",50,1,"","",45,1,4,1,"","","","","","","","","","","","","","","","","","","","","","","","","","","","","","","","","","","","","","","","","","","","","","","","","","","","","","","","","","","","","","","","","",""
"59343001","LILLE-LESQUIN",50.57,3.0975,47,1959110900,"","","","",2.,1,"","","","","","","","","","","","","","","","","","","","","","","","","","","","","","",-0.1,1,-0.7,1,"","","","","","","","","","","","","","","","","","","","","","","","","","",96,1,"","","","","","","","","","","","",5.8,1,1019.9,1,"","","","","","",9,1,"","","","","","","","","","","","","","","","","","","","","","","","","","","","","","","","",100,1,"","",43,1,4,1,"","","","","","","","","","","","","","","","","","","","","","","","","","","","","","","","","","","","","","","","","","","","","","","","","","","","","","","","","","","","","","","","","",""
"59343001","LILLE-LESQUIN",50.57,3.0975,47,1959110903,"","","","",0.,1,"","","","","","","","","","","","","","","","","","","","","","","","","","","","","","",-0.6,1,-1.2,1,"","","","","","","","","","","","","","","","","","","","","","","","","","",96,1,"","","","","","","","","","","","",5.6,1,1017.8,1,"","","","","","",0,1,"","",0,1,0,1,0,1,"","","","","","","","","","","","","","","","","","","","","","","","",1800,1,"","",28,1,4,1,"","","","","","","","","","","","","","","","","","","","","","","","","","","","","","","","","","","","","","","","","","","","","","","","","","","","","","","","","","","","","","","","","",""
"59343001","LILLE-LESQUIN",50.57,3.0975,47,1959110906,"","","","",6.,1,"","","","","","","","","","","","","","","","","","","","","","","","","","","","","","",1.7,1,-1.2,1,"","","","","","","","","","","","","","","","","","","","","","","","","","",82,1,"","","","","","","","","","","","",5.6,1,1015.8,1,"","","","","","",8,1,7,1,5,1,"","","","","","","","","","","","","","","","","","","","","","","","","","","","",6000,1,"","",3,1,4,1,"","",0,1,"","","","","","","","","","","","","","","","","","","","","","","","","","","","","","","","","","","","","","","","","","","","","","","","","","","","","","","","","","","","","",""
"59343001","LILLE-LESQUIN",50.57,3.0975,47,1959110909,"","","","",8.,1,"","","","","","","","","","","","","","","","","","","","","","","","","","","","","","",2.4,1,0.,1,"","","","","","","","","","","","","","","","","","","","","","","","","","",84,1,"","","","","","","","","","","","",6.1,1,1014.4,1,"","","","","","",8,1,8,1,6,1,"","","","","","","","","","","","","","","","","","","","","","","","","","","","",3000,1,"","",10,1,2,1,"","","","","","","","","","","","","","","","","","","","","","","","","","","","","","","","","","","","","","","","","","","","","","","","","","","","","","","","","","","","","","","","","",""
"59343001","LILLE-LESQUIN",50.57,3.0975,47,1959110912,"","","","",9.,1,"","","","","","","","","","","","","","","","","","","","","","","","","","","","","","",5.1,1,2.4,1,"","","","","","","","","","","","","","","","","","","","","","","","","","",83,1,"","","","","","","","","","","","",7.3,1,1012.5,1,"","","","","","",8,1,5,1,6,1,5,1,"","","","","","","","","","","","","","","","","","","","","","","","","","",3000,1,"","",10,1,2,1,"","","","","","","","","","","","","","","","","","","","","","","","","","","","","","","","","","","","","","","","","","","","","","","","","","","","","","","","","","","","","","","","","",""
"59343001","LILLE-LESQUIN",50.57,3.0975,47,1959110915,"","","","",9.,1,"","","","","","","","","","","","","","","","","","","","","","","","","","","","","","",6.4,1,3.5,1,"","","","","","","","","","","","","","","","","","","","","","","","","","",82,1,"","","","","","","","","","","","",7.9,1,1010.2,1,"","","","","","",8,1,5,1,7,1,2,1,"","","","","","","","","","","","","","","","","","","","","","","","","","",3000,1,"","",10,1,2,1,"","","","","","","","","","","","","","","","","","","","","","","","","","","","","","","","","","","","","","","","","","","","","","","","","","","","","","","","","","","","","","","","","",""
"59343001","LILLE-LESQUIN",50.57,3.0975,47,1959110918,"","","","",10.,1,"","","","","","","","","","","","","","","","","","","","","","","","","","","","","","",6.4,1,3.8,1,"","","","","","","","","","","","","","","","","","","","","","","","","","",85,1,"","","","","","","","","","","","",8.1,1,1008.8,1,"","","","","","",8,1,6,1,7,1,2,1,"","","","","","","","","","","","","","","","","","","","","","","","","","",3000,1,"","",61,1,6,1,"","","","","","","","","","","","","","","","","","","","","","","","","","","","","","","","","","","","","","","","","","","","","","","","","","","","","","","","","","","","","","","","","",""
"59343001","LILLE-LESQUIN",50.57,3.0975,47,1959110921,"","","","",8.,1,"","","","","","","","","","","","","","","","","","","","","","","","","","","","","","",6.9,1,5.3,1,"","","","","","","","","","","","","","","","","","","","","","","","","","",91,1,"","","","","","","","","","","","",9.,1,1007.2,1,"","","","","","",8,1,8,1,7,1,"","","","","","","","","","","","","","","","","","","","","","","","","","","","",4000,1,"","",61,1,6,1,"","","","","","","","","","","","","","","","","","","","","","","","","","","","","","","","","","","","","","","","","","","","","","","","","","","","","","","","","","","","","","","","","",""
"59343001","LILLE-LESQUIN",50.57,3.0975,47,1959111000,"","","","",8.,1,"","","","","","","","","","","","","","","","","","","","","","","","","","","","","","",7.,1,5.5,1,"","","","","","","","","","","","","","","","","","","","","","","","","","",91,1,"","","","","","","","","","","","",9.1,1,1004.9,1,"","","","","","",8,1,8,1,7,1,"","","","","","","","","","","","","","","","","","","","","","","","","","","","",4000,1,"","",61,1,6,1,"","","","","","","","","","","","","","","","","","","","","","","","","","","","","","","","","","","","","","","","","","","","","","","","","","","","","","","","","","","","","","","","","",""
"59343001","LILLE-LESQUIN",50.57,3.0975,47,1959111003,"","","","",5.,1,"","","","","","","","","","","","","","","","","","","","","","","","","","","","","","",7.6,1,6.1,1,"","","","","","","","","","","","","","","","","","","","","","","","","","",91,1,"","","","","","","","","","","","",9.5,1,1004.5,1,"","","","","","",8,1,8,1,7,1,"","","","","","","","","","","","","","","","","","","","","","","","","","","","",3500,1,"","",61,1,6,1,"","","","","","","","","","","","","","","","","","","","","","","","","","","","","","","","","","","","","","","","","","","","","","","","","","","","","","","","","","","","","","","","","",""
"59343001","LILLE-LESQUIN",50.57,3.0975,47,1959111006,"","","","",4.,1,"","","","","","","","","","","","","","","","","","","","","","","","","","","","","","",7.1,1,6.1,1,"","","","","","","","","","","","","","","","","","","","","","","","","","",94,1,"","","","","","","","","","","","",9.5,1,1004.9,1,"","","","","","",8,1,8,1,5,1,"","","","","","","","","","","","","","","","","","","","","","","","","","","","",6000,1,"","",2,1,6,1,"","",0,1,"","","","","","","","","","","","","","","","","","","","","","","","","","","","","","","","","","","","","","","","","","","","","","","","","","","","","","","","","","","","","",""
"59343001","LILLE-LESQUIN",50.57,3.0975,47,1959111009,"","","","",4.,1,"","","","","","","","","","","","","","","","","","","","","","","","","","","","","","",7.2,1,5.3,1,"","","","","","","","","","","","","","","","","","","","","","","","","","",88,1,"","","","","","","","","","","","",9.,1,1005.1,1,"","","","","","",7,1,7,1,5,1,0,1,0,1,"","","","","","","","","","","","","","","","","","","","","","","","",7000,1,"","",2,1,2,1,"","","","","","","","","","","","","","","","","","","","","","","","","","","","","","","","","","","","","","","","","","","","","","","","","","","","","","","","","","","","","","","","","",""
"59343001","LILLE-LESQUIN",50.57,3.0975,47,1959111012,"","","","",7.,1,"","","","","","","","","","","","","","","","","","","","","","","","","","","","","","",7.7,1,4.2,1,"","","","","","","","","","","","","","","","","","","","","","","","","","",79,1,"","","","","","","","","","","","",8.3,1,1005.7,1,"","","","","","",8,1,5,1,8,1,"","","","","","","","","","","","","","","","","","","","","","","","","","","","",8000,1,"","",2,1,2,1,"","","","","","","","","","","","","","","","","","","","","","","","","","","","","","","","","","","","","","","","","","","","","","","","","","","","","","","","","","","","","","","","","",""
"59343001","LILLE-LESQUIN",50.57,3.0975,47,1959111015,"","","","",6.,1,"","","","","","","","","","","","","","","","","","","","","","","","","","","","","","",7.9,1,3.7,1,"","","","","","","","","","","","","","","","","","","","","","","","","","",75,1,"","","","","","","","","","","","",8.,1,1005.3,1,"","","","","","",6,1,0,1,3,1,0,1,1,1,"","","","","","","","","","","","","","","","","","","","","","","","",12000,1,"","",3,1,2,1,"","","","","","","","","","","","","","","","","","","","","","","","","","","","","","","","","","","","","","","","","","","","","","","","","","","","","","","","","","","","","","","","","",""
"59343001","LILLE-LESQUIN",50.57,3.0975,47,1959111018,"","","","",5.,1,"","","","","","","","","","","","","","","","","","","","","","","","","","","","","","",5.9,1,3.7,1,"","","","","","","","","","","","","","","","","","","","","","","","","","",86,1,"","","","","","","","","","","","",8.,1,1005.7,1,"","","","","","",5,1,0,1,8,1,4,1,2,1,"","","","","","","","","","","","","","","","","","","","","","","","",10000,1,"","",2,1,2,1,"","","","","","","","","","","","","","","","","","","","","","","","","","","","","","","","","","","","","","","","","","","","","","","","","","","","","","","","","","","","","","","","","",""
"59343001","LILLE-LESQUIN",50.57,3.0975,47,1959111021,"","","","",7.,1,"","","","","","","","","","","","","","","","","","","","","","","","","","","","","","",5.8,1,3.3,1,"","","","","","","","","","","","","","","","","","","","","","","","","","",85,1,"","","","","","","","","","","","",7.8,1,1005.2,1,"","","","","","",7,1,7,1,5,1,0,1,2,1,"","","","","","","","","","","","","","","","","","","","","","","","",15000,1,"","",3,1,2,1,"","","","","","","","","","","","","","","","","","","","","","","","","","","","","","","","","","","","","","","","","","","","","","","","","","","","","","","","","","","","","","","","","",""
"59343001","LILLE-LESQUIN",50.57,3.0975,47,1959111100,"","","","",5.,1,"","","","","","","","","","","","","","","","","","","","","","","","","","","","","","",5.1,1,3.1,1,"","","","","","","","","","","","","","","","","","","","","","","","","","",87,1,"","","","","","","","","","","","",7.7,1,1004.8,1,"","","","","","",7,1,0,1,8,1,0,1,2,1,"","","","","","","","","","","","","","","","","","","","","","","","",8000,1,"","",80,1,2,1,"","","","","","","","","","","","","","","","","","","","","","","","","","","","","","","","","","","","","","","","","","","","","","","","","","","","","","","","","","","","","","","","","",""
"59343001","LILLE-LESQUIN",50.57,3.0975,47,1959111103,"","","","",4.,1,"","","","","","","","","","","","","","","","","","","","","","","","","","","","","","",5.1,1,4.3,1,"","","","","","","","","","","","","","","","","","","","","","","","","","",95,1,"","","","","","","","","","","","",8.4,1,1002.9,1,"","","","","","",8,1,8,1,5,1,"","","","","","","","","","","","","","","","","","","","","","","","","","","","",6000,1,"","",61,1,8,1,"","","","","","","","","","","","","","","","","","","","","","","","","","","","","","","","","","","","","","","","","","","","","","","","","","","","","","","","","","","","","","","","","",""
"59343001","LILLE-LESQUIN",50.57,3.0975,47,1959111106,"","","","",4.,1,"","","","","","","","","","","","","","","","","","","","","","","","","","","","","","",4.4,1,3.3,1,"","","","","","","","","","","","","","","","","","","","","","","","","","",93,1,"","","","","","","","","","","","",7.8,1,1002.1,1,"","","","","","",6,1,5,1,5,1,0,1,0,1,"","","","","","","","","","","","","","","","","","","","","","","","",7000,1,"","",21,1,8,1,"","",0,1,"","","","","","","","","","","","","","","","","","","","","","","","","","","","","","","","","","","","","","","","","","","","","","","","","","","","","","","","","","","","","",""
"59343001","LILLE-LESQUIN",50.57,3.0975,47,1959111109,"","","","",2.,1,"","","","","","","","","","","","","","","","","","","","","","","","","","","","","","",5.2,1,3.1,1,"","","","","","","","","","","","","","","","","","","","","","","","","","",87,1,"","","","","","","","","","","","",7.7,1,1002.4,1,"","","","","","",5,1,0,1,0,1,4,1,2,1,"","","","","","","","","","","","","","","","","","","","","","","","",6000,1,"","",2,1,1,1,"","","","","","","","","","","","","","","","","","","","","","","","","","","","","","","","","","","","","","","","","","","","","","","","","","","","","","","","","","","","","","","","","",""
"59343001","LILLE-LESQUIN",50.57,3.0975,47,1959111112,"","","","",3.,1,"","","","","","","","","","","","","","","","","","","","","","","","","","","","","","",7.3,1,2.8,1,"","","","","","","","","","","","","","","","","","","","","","","","","","",73,1,"","","","","","","","","","","","",7.5,1,1001.6,1,"","","","","","",7,1,6,1,2,1,4,1,2,1,"","","","","","","","","","","","","","","","","","","","","","","","",7000,1,"","",2,1,1,1,"","","","","","","","","","","","","","","","","","","","","","","","","","","","","","","","","","","","","","","","","","","","","","","","","","","","","","","","","","","","","","","","","",""
"59343001","LILLE-LESQUIN",50.57,3.0975,47,1959111115,"","","","",1.,1,"","","","","","","","","","","","","","","","","","","","","","","","","","","","","","",7.2,1,3.3,1,"","","","","","","","","","","","","","","","","","","","","","","","","","",77,1,"","","","","","","","","","","","",7.8,1,1001.1,1,"","","","","","",7,1,5,1,2,1,3,1,2,1,"","","","","","","","","","","","","","","","","","","","","","","","",15000,1,"","",2,1,2,1,"","","","","","","","","","","","","","","","","","","","","","","","","","","","","","","","","","","","","","","","","","","","","","","","","","","","","","","","","","","","","","","","","",""
"59343001","LILLE-LESQUIN",50.57,3.0975,47,1959111118,"","","","",1.,1,"","","","","","","","","","","","","","","","","","","","","","","","","","","","","","",4.,1,2.2,1,"","","","","","","","","","","","","","","","","","","","","","","","","","",88,1,"","","","","","","","","","","","",7.2,1,1001.4,1,"","","","","","",2,1,0,1,4,1,0,1,1,1,"","","","","","","","","","","","","","","","","","","","","","","","",15000,1,"","",1,1,1,1,"","","","","","","","","","","","","","","","","","","","","","","","","","","","","","","","","","","","","","","","","","","","","","","","","","","","","","","","","","","","","","","","","",""
"59343001","LILLE-LESQUIN",50.57,3.0975,47,1959111121,"","","","",1.,1,"","","","","","","","","","","","","","","","","","","","","","","","","","","","","","",1.3,1,0.4,1,"","","","","","","","","","","","","","","","","","","","","","","","","","",94,1,"","","","","","","","","","","","",6.3,1,1001.4,1,"","","","","","",2,1,0,1,0,1,3,1,0,1,"","","","","","","","","","","","","","","","","","","","","","","","",10000,1,"","",3,1,0,1,"","","","","","","","","","","","","","","","","","","","","","","","","","","","","","","","","","","","","","","","","","","","","","","","","","","","","","","","","","","","","","","","","",""
"59343001","LILLE-LESQUIN",50.57,3.0975,47,1959111200,"","","","",0.,1,"","","","","","","","","","","","","","","","","","","","","","","","","","","","","","",0.6,1,-0.2,1,"","","","","","","","","","","","","","","","","","","","","","","","","","",94,1,"","","","","","","","","","","","",6.,1,1001.4,1,"","","","","","",6,1,5,1,0,1,5,1,2,1,"","","","","","","","","","","","","","","","","","","","","","","","",6000,1,"","",3,1,2,1,"","","","","","","","","","","","","","","","","","","","","","","","","","","","","","","","","","","","","","","","","","","","","","","","","","","","","","","","","","","","","","","","","",""
"59343001","LILLE-LESQUIN",50.57,3.0975,47,1959111203,"","","","",0.,1,"","","","","","","","","","","","","","","","","","","","","","","","","","","","","","",-0.2,1,-0.7,1,"","","","","","","","","","","","","","","","","","","","","","","","","","",96,1,"","","","","","","","","","","","",5.8,1,1001.4,1,"","","","","","",1,1,0,1,0,1,4,1,0,1,"","","","","","","","","","","","","","","","","","","","","","","","",800,1,"","",44,1,4,1,"","","","","","","","","","","","","","","","","","","","","","","","","","","","","","","","","","","","","","","","","","","","","","","","","","","","","","","","","","","","","","","","","",""
"59343001","LILLE-LESQUIN",50.57,3.0975,47,1959111206,"","","","",0.,1,"","","","","","","","","","","","","","","","","","","","","","","","","","","","","","",-0.4,1,-1.4,1,"","","","","","","","","","","","","","","","","","","","","","","","","","",94,1,"","","","","","","","","","","","",5.5,1,1002.5,1,"","","","","","",9,1,"","","","","","","","","","","","","","","","","","","","","","","","","","","","","","","","",600,1,"","",45,1,4,1,"","",0,1,"","","","","","","","","","","","","","","","","","","","","","","","","","","","","","","","","","","","","","","","","","","","","","","","","","","","","","","","","","","","","",""
"59343001","LILLE-LESQUIN",50.57,3.0975,47,1959111209,"","","","",0.,1,"","","","","","","","","","","","","","","","","","","","","","","","","","","","","","",0.6,1,0.2,1,"","","","","","","","","","","","","","","","","","","","","","","","","","",98,1,"","","","","","","","","","","","",6.2,1,1004.6,1,"","","","","","",9,1,"","","","","","","","","","","","","","","","","","","","","","","","","","","","","","","","",100,1,"","",45,1,4,1,"","","","","","","","","","","","","","","","","","","","","","","","","","","","","","","","","","","","","","","","","","","","","","","","","","","","","","","","","","","","","","","","","",""
"59343001","LILLE-LESQUIN",50.57,3.0975,47,1959111212,"","","","",1.,1,"","","","","","","","","","","","","","","","","","","","","","","","","","","","","","",1.7,1,1.2,1,"","","","","","","","","","","","","","","","","","","","","","","","","","",98,1,"","","","","","","","","","","","",6.7,1,1005.7,1,"","","","","","",9,1,"","","","","","","","","","","","","","","","","","","","","","","","","","","","","","","","",100,1,"","",45,1,4,1,"","","","","","","","","","","","","","","","","","","","","","","","","","","","","","","","","","","","","","","","","","","","","","","","","","","","","","","","","","","","","","","","","",""
"59343001","LILLE-LESQUIN",50.57,3.0975,47,1959111215,"","","","",1.,1,"","","","","","","","","","","","","","","","","","","","","","","","","","","","","","",3.,1,2.4,1,"","","","","","","","","","","","","","","","","","","","","","","","","","",97,1,"","","","","","","","","","","","",7.3,1,1007.2,1,"","","","","","",9,1,"","","","","","","","","","","","","","","","","","","","","","","","","","","","","","","","",400,1,"","",43,1,4,1,"","","","","","","","","","","","","","","","","","","","","","","","","","","","","","","","","","","","","","","","","","","","","","","","","","","","","","","","","","","","","","","","","",""
"59343001","LILLE-LESQUIN",50.57,3.0975,47,1959111218,"","","","",1.,1,"","","","","","","","","","","","","","","","","","","","","","","","","","","","","","",2.,1,1.6,1,"","","","","","","","","","","","","","","","","","","","","","","","","","",98,1,"","","","","","","","","","","","",6.9,1,1009.7,1,"","","","","","",9,1,"","","","","","","","","","","","","","","","","","","","","","","","","","","","","","","","",120,1,"","",47,1,4,1,"","","","","","","","","","","","","","","","","","","","","","","","","","","","","","","","","","","","","","","","","","","","","","","","","","","","","","","","","","","","","","","","","",""
"59343001","LILLE-LESQUIN",50.57,3.0975,47,1959111221,"","","","",2.,1,"","","","","","","","","","","","","","","","","","","","","","","","","","","","","","",2.,1,1.4,1,"","","","","","","","","","","","","","","","","","","","","","","","","","",96,1,"","","","","","","","","","","","",6.8,1,1010.6,1,"","","","","","",9,1,"","","","","","","","","","","","","","","","","","","","","","","","","","","","","","","","",100,1,"","",45,1,4,1,"","","","","","","","","","","","","","","","","","","","","","","","","","","","","","","","","","","","","","","","","","","","","","","","","","","","","","","","","","","","","","","","","",""
"59343001","LILLE-LESQUIN",50.57,3.0975,47,1959111300,"","","","",4.,1,"","","","","","","","","","","","","","","","","","","","","","","","","","","","","","",1.6,1,1.,1,"","","","","","","","","","","","","","","","","","","","","","","","","","",96,1,"","","","","","","","","","","","",6.6,1,1011.2,1,"","","","","","",9,1,"","","","","","","","","","","","","","","","","","","","","","","","","","","","","","","","",80,1,"","",45,1,4,1,"","","","","","","","","","","","","","","","","","","","","","","","","","","","","","","","","","","","","","","","","","","","","","","","","","","","","","","","","","","","","","","","","",""
"59343001","LILLE-LESQUIN",50.57,3.0975,47,1959111303,"","","","",6.,1,"","","","","","","","","","","","","","","","","","","","","","","","","","","","","","",1.8,1,1.2,1,"","","","","","","","","","","","","","","","","","","","","","","","","","",96,1,"","","","","","","","","","","","",6.7,1,1010.,1,"","","","","","",8,1,8,1,6,1,"","","","","","","","","","","","","","","","","","","","","","","","","","","","",1300,1,"","",10,1,4,1,"","","","","","","","","","","","","","","","","","","","","","","","","","","","","","","","","","","","","","","","","","","","","","","","","","","","","","","","","","","","","","","","","",""
"59343001","LILLE-LESQUIN",50.57,3.0975,47,1959111306,"","","","",8.,1,"","","","","","","","","","","","","","","","","","","","","","","","","","","","","","",3.,1,1.6,1,"","","","","","","","","","","","","","","","","","","","","","","","","","",91,1,"","","","","","","","","","","","",6.9,1,1007.3,1,"","","","","","",7,1,7,1,5,1,"","","","","","","","","","","","","","","","","","","","","","","","","","","","",4000,1,"","",10,1,4,1,"","",0,1,"","","","","","","","","","","","","","","","","","","","","","","","","","","","","","","","","","","","","","","","","","","","","","","","","","","","","","","","","","","","","",""
"59343001","LILLE-LESQUIN",50.57,3.0975,47,1959111309,"","","","",10.,1,"","","","","","","","","","","","","","","","","","","","","","","","","","","","","","",4.2,1,1.2,1,"","","","","","","","","","","","","","","","","","","","","","","","","","",82,1,"","","","","","","","","","","","",6.7,1,1003.8,1,"","","","","","",8,1,8,1,5,1,"","","","","","","","","","","","","","","","","","","","","","","","","","","","",10000,1,"","",2,1,2,1,"","","","","","","","","","","","","","","","","","","","","","","","","","","","","","","","","","","","","","","","","","","","","","","","","","","","","","","","","","","","","","","","","",""
"59343001","LILLE-LESQUIN",50.57,3.0975,47,1959111312,"","","","",13.,1,"","","","","","","","","","","","","","","","","","","","","","","","","","","","","","",5.6,1,3.3,1,"","","","","","","","","","","","","","","","","","","","","","","","","","",86,1,"","","","","","","","","","","","",7.8,1,997.9,1,"","","","","","",8,1,8,1,7,1,2,1,"","","","","","","","","","","","","","","","","","","","","","","","","","",7000,1,"","",61,1,6,1,"","","","","","","","","","","","","","","","","","","","","","","","","","","","","","","","","","","","","","","","","","","","","","","","","","","","","","","","","","","","","","","","","",""
"59343001","LILLE-LESQUIN",50.57,3.0975,47,1959111315,"","","","",12.,1,"","","","","","","","","","","","","","","","","","","","","","","","","","","","","","",6.6,1,5.1,1,"","","","","","","","","","","","","","","","","","","","","","","","","","",91,1,"","","","","","","","","","","","",8.9,1,996.4,1,"","","","","","",8,1,7,1,7,1,2,1,"","","","","","","","","","","","","","","","","","","","","","","","","","",8000,1,"","",61,1,6,1,"","","","","","","","","","","","","","","","","","","","","","","","","","","","","","","","","","","","","","","","","","","","","","","","","","","","","","","","","","","","","","","","","",""
"59343001","LILLE-LESQUIN",50.57,3.0975,47,1959111318,"","","","",6.,1,"","","","","","","","","","","","","","","","","","","","","","","","","","","","","","",6.2,1,3.7,1,"","","","","","","","","","","","","","","","","","","","","","","","","","",85,1,"","","","","","","","","","","","",8.,1,996.4,1,"","","","","","",2,1,0,1,2,1,0,1,0,1,"","","","","","","","","","","","","","","","","","","","","","","","",10000,1,"","",1,1,8,1,"","","","","","","","","","","","","","","","","","","","","","","","","","","","","","","","","","","","","","","","","","","","","","","","","","","","","","","","","","","","","","","","","",""
"59343001","LILLE-LESQUIN",50.57,3.0975,47,1959111321,"","","","",9.,1,"","","","","","","","","","","","","","","","","","","","","","","","","","","","","","",7.8,1,3.1,1,"","","","","","","","","","","","","","","","","","","","","","","","","","",72,1,"","","","","","","","","","","","",7.7,1,995.5,1,"","","","","","",7,1,7,1,5,1,"","","","","","","","","","","","","","","","","","","","","","","","","","","","",15000,1,"","",3,1,8,1,"","","","","","","","","","","","","","","","","","","","","","","","","","","","","","","","","","","","","","","","","","","","","","","","","","","","","","","","","","","","","","","","","",""
"59343001","LILLE-LESQUIN",50.57,3.0975,47,1959111400,"","","","",7.,1,"","","","","","","","","","","","","","","","","","","","","","","","","","","","","","",6.2,1,2.8,1,"","","","","","","","","","","","","","","","","","","","","","","","","","",79,1,"","","","","","","","","","","","",7.5,1,995.,1,"","","","","","",2,1,0,1,5,1,0,1,2,1,"","","","","","","","","","","","","","","","","","","","","","","","",15000,1,"","",1,1,8,1,"","","","","","","","","","","","","","","","","","","","","","","","","","","","","","","","","","","","","","","","","","","","","","","","","","","","","","","","","","","","","","","","","",""
"59343001","LILLE-LESQUIN",50.57,3.0975,47,1959111403,"","","","",7.,1,"","","","","","","","","","","","","","","","","","","","","","","","","","","","","","",5.7,1,2.2,1,"","","","","","","","","","","","","","","","","","","","","","","","","","",78,1,"","","","","","","","","","","","",7.2,1,993.8,1,"","","","","","",6,1,6,1,0,1,0,1,2,1,"","","","","","","","","","","","","","","","","","","","","","","","",15000,1,"","",3,1,1,1,"","","","","","","","","","","","","","","","","","","","","","","","","","","","","","","","","","","","","","","","","","","","","","","","","","","","","","","","","","","","","","","","","",""
"59343001","LILLE-LESQUIN",50.57,3.0975,47,1959111406,"","","","",9.,1,"","","","","","","","","","","","","","","","","","","","","","","","","","","","","","",5.,1,2.2,1,"","","","","","","","","","","","","","","","","","","","","","","","","","",83,1,"","","","","","","","","","","","",7.2,1,993.1,1,"","","","","","",1,1,0,1,0,1,0,1,2,1,"","","","","","","","","","","","","","","","","","","","","","","","",15000,1,"","",1,1,1,1,"","",0,1,"","","","","","","","","","","","","","","","","","","","","","","","","","","","","","","","","","","","","","","","","","","","","","","","","","","","","","","","","","","","","",""
"59343001","LILLE-LESQUIN",50.57,3.0975,47,1959111409,"","","","",10.,1,"","","","","","","","","","","","","","","","","","","","","","","","","","","","","","",6.5,1,2.4,1,"","","","","","","","","","","","","","","","","","","","","","","","","","",75,1,"","","","","","","","","","","","",7.3,1,993.2,1,"","","","","","",2,1,0,1,5,1,4,1,0,1,"","","","","","","","","","","","","","","","","","","","","","","","",15000,1,"","",2,1,0,1,"","","","","","","","","","","","","","","","","","","","","","","","","","","","","","","","","","","","","","","","","","","","","","","","","","","","","","","","","","","","","","","","","",""
"59343001","LILLE-LESQUIN",50.57,3.0975,47,1959111412,"","","","",9.,1,"","","","","","","","","","","","","","","","","","","","","","","","","","","","","","",7.8,1,3.1,1,"","","","","","","","","","","","","","","","","","","","","","","","","","",72,1,"","","","","","","","","","","","",7.7,1,993.8,1,"","","","","","",8,1,5,1,8,1,"","","","","","","","","","","","","","","","","","","","","","","","","","","","",20000,1,"","",2,1,2,1,"","","","","","","","","","","","","","","","","","","","","","","","","","","","","","","","","","","","","","","","","","","","","","","","","","","","","","","","","","","","","","","","","",""
"59343001","LILLE-LESQUIN",50.57,3.0975,47,1959111415,"","","","",8.,1,"","","","","","","","","","","","","","","","","","","","","","","","","","","","","","",8.6,1,3.8,1,"","","","","","","","","","","","","","","","","","","","","","","","","","",73,1,"","","","","","","","","","","","",8.1,1,993.4,1,"","","","","","",7,1,7,1,5,1,"","","","","","","","","","","","","","","","","","","","","","","","","","","","",15000,1,"","",2,1,2,1,"","","","","","","","","","","","","","","","","","","","","","","","","","","","","","","","","","","","","","","","","","","","","","","","","","","","","","","","","","","","","","","","","",""
"59343001","LILLE-LESQUIN",50.57,3.0975,47,1959111418,"","","","",8.,1,"","","","","","","","","","","","","","","","","","","","","","","","","","","","","","",8.6,1,3.7,1,"","","","","","","","","","","","","","","","","","","","","","","","","","",72,1,"","","","","","","","","","","","",8.,1,993.5,1,"","","","","","",7,1,7,1,5,1,"","","","","","","","","","","","","","","","","","","","","","","","","","","","",15000,1,"","",2,1,2,1,"","","","","","","","","","","","","","","","","","","","","","","","","","","","","","","","","","","","","","","","","","","","","","","","","","","","","","","","","","","","","","","","","",""
"59343001","LILLE-LESQUIN",50.57,3.0975,47,1959111421,"","","","",8.,1,"","","","","","","","","","","","","","","","","","","","","","","","","","","","","","",7.,1,3.7,1,"","","","","","","","","","","","","","","","","","","","","","","","","","",80,1,"","","","","","","","","","","","",8.,1,994.2,1,"","","","","","",3,1,0,1,5,1,0,1,0,1,"","","","","","","","","","","","","","","","","","","","","","","","",10000,1,"","",2,1,0,1,"","","","","","","","","","","","","","","","","","","","","","","","","","","","","","","","","","","","","","","","","","","","","","","","","","","","","","","","","","","","","","","","","",""
"59343001","LILLE-LESQUIN",50.57,3.0975,47,1959111500,"","","","",7.,1,"","","","","","","","","","","","","","","","","","","","","","","","","","","","","","",6.9,1,3.8,1,"","","","","","","","","","","","","","","","","","","","","","","","","","",81,1,"","","","","","","","","","","","",8.1,1,995.,1,"","","","","","",7,1,7,1,5,1,"","","","","","","","","","","","","","","","","","","","","","","","","","","","",10000,1,"","",2,1,2,1,"","","","","","","","","","","","","","","","","","","","","","","","","","","","","","","","","","","","","","","","","","","","","","","","","","","","","","","","","","","","","","","","","",""
"59343001","LILLE-LESQUIN",50.57,3.0975,47,1959111503,"","","","",7.,1,"","","","","","","","","","","","","","","","","","","","","","","","","","","","","","",6.7,1,4.2,1,"","","","","","","","","","","","","","","","","","","","","","","","","","",84,1,"","","","","","","","","","","","",8.3,1,994.8,1,"","","","","","",8,1,6,1,7,1,"","","","","","","","","","","","","","","","","","","","","","","","","","","","",8000,1,"","",60,1,6,1,"","","","","","","","","","","","","","","","","","","","","","","","","","","","","","","","","","","","","","","","","","","","","","","","","","","","","","","","","","","","","","","","","",""
"59343001","LILLE-LESQUIN",50.57,3.0975,47,1959111506,"","","","",7.,1,"","","","","","","","","","","","","","","","","","","","","","","","","","","","","","",6.4,1,3.8,1,"","","","","","","","","","","","","","","","","","","","","","","","","","",85,1,"","","","","","","","","","","","",8.1,1,995.2,1,"","","","","","",8,1,8,1,7,1,"","","","","","","","","","","","","","","","","","","","","","","","","","","","",8000,1,"","",61,1,6,1,"","",0,1,"","","","","","","","","","","","","","","","","","","","","","","","","","","","","","","","","","","","","","","","","","","","","","","","","","","","","","","","","","","","","",""
"59343001","LILLE-LESQUIN",50.57,3.0975,47,1959111509,"","","","",8.,1,"","","","","","","","","","","","","","","","","","","","","","","","","","","","","","",6.2,1,3.7,1,"","","","","","","","","","","","","","","","","","","","","","","","","","",85,1,"","","","","","","","","","","","",8.,1,996.8,1,"","","","","","",8,1,7,1,7,1,"","","","","","","","","","","","","","","","","","","","","","","","","","","","",7000,1,"","",21,1,6,1,"","","","","","","","","","","","","","","","","","","","","","","","","","","","","","","","","","","","","","","","","","","","","","","","","","","","","","","","","","","","","","","","","",""
"59343001","LILLE-LESQUIN",50.57,3.0975,47,1959111512,"","","","",8.,1,"","","","","","","","","","","","","","","","","","","","","","","","","","","","","","",6.9,1,4.5,1,"","","","","","","","","","","","","","","","","","","","","","","","","","",85,1,"","","","","","","","","","","","",8.5,1,997.1,1,"","","","","","",8,1,8,1,5,1,"","","","","","","","","","","","","","","","","","","","","","","","","","","","",8000,1,"","",2,1,6,1,"","","","","","","","","","","","","","","","","","","","","","","","","","","","","","","","","","","","","","","","","","","","","","","","","","","","","","","","","","","","","","","","","",""
"59343001","LILLE-LESQUIN",50.57,3.0975,47,1959111515,"","","","",7.,1,"","","","","","","","","","","","","","","","","","","","","","","","","","","","","","",7.9,1,3.8,1,"","","","","","","","","","","","","","","","","","","","","","","","","","",76,1,"","","","","","","","","","","","",8.1,1,997.4,1,"","","","","","",8,1,8,1,5,1,"","","","","","","","","","","","","","","","","","","","","","","","","","","","",8000,1,"","",2,1,2,1,"","","","","","","","","","","","","","","","","","","","","","","","","","","","","","","","","","","","","","","","","","","","","","","","","","","","","","","","","","","","","","","","","",""
"59343001","LILLE-LESQUIN",50.57,3.0975,47,1959111518,"","","","",6.,1,"","","","","","","","","","","","","","","","","","","","","","","","","","","","","","",7.,1,3.7,1,"","","","","","","","","","","","","","","","","","","","","","","","","","",79,1,"","","","","","","","","","","","",8.,1,998.4,1,"","","","","","",7,1,7,1,5,1,"","","","","","","","","","","","","","","","","","","","","","","","","","","","",7000,1,"","",2,1,2,1,"","","","","","","","","","","","","","","","","","","","","","","","","","","","","","","","","","","","","","","","","","","","","","","","","","","","","","","","","","","","","","","","","",""
"59343001","LILLE-LESQUIN",50.57,3.0975,47,1959111521,"","","","",6.,1,"","","","","","","","","","","","","","","","","","","","","","","","","","","","","","",6.9,1,4.5,1,"","","","","","","","","","","","","","","","","","","","","","","","","","",85,1,"","","","","","","","","","","","",8.5,1,998.8,1,"","","","","","",6,1,6,1,5,1,0,1,0,1,"","","","","","","","","","","","","","","","","","","","","","","","",15000,1,"","",2,1,2,1,"","","","","","","","","","","","","","","","","","","","","","","","","","","","","","","","","","","","","","","","","","","","","","","","","","","","","","","","","","","","","","","","","",""
"59343001","LILLE-LESQUIN",50.57,3.0975,47,1959111600,"","","","",4.,1,"","","","","","","","","","","","","","","","","","","","","","","","","","","","","","",6.2,1,4.5,1,"","","","","","","","","","","","","","","","","","","","","","","","","","",90,1,"","","","","","","","","","","","",8.5,1,1000.,1,"","","","","","",7,1,7,1,5,1,"","","","","","","","","","","","","","","","","","","","","","","","","","","","",15000,1,"","",3,1,2,1,"","","","","","","","","","","","","","","","","","","","","","","","","","","","","","","","","","","","","","","","","","","","","","","","","","","","","","","","","","","","","","","","","",""
"59343001","LILLE-LESQUIN",50.57,3.0975,47,1959111603,"","","","",3.,1,"","","","","","","","","","","","","","","","","","","","","","","","","","","","","","",5.4,1,4.2,1,"","","","","","","","","","","","","","","","","","","","","","","","","","",92,1,"","","","","","","","","","","","",8.3,1,1001.5,1,"","","","","","",5,1,5,1,5,1,0,1,0,1,"","","","","","","","","","","","","","","","","","","","","","","","",10000,1,"","",3,1,2,1,"","","","","","","","","","","","","","","","","","","","","","","","","","","","","","","","","","","","","","","","","","","","","","","","","","","","","","","","","","","","","","","","","",""
"59343001","LILLE-LESQUIN",50.57,3.0975,47,1959111606,"","","","",5.,1,"","","","","","","","","","","","","","","","","","","","","","","","","","","","","","",5.4,1,4.2,1,"","","","","","","","","","","","","","","","","","","","","","","","","","",92,1,"","","","","","","","","","","","",8.3,1,1002.3,1,"","","","","","",7,1,7,1,5,1,"","","","","","","","","","","","","","","","","","","","","","","","","","","","",7000,1,"","",2,1,2,1,"","",0,1,"","","","","","","","","","","","","","","","","","","","","","","","","","","","","","","","","","","","","","","","","","","","","","","","","","","","","","","","","","","","","",""
"59343001","LILLE-LESQUIN",50.57,3.0975,47,1959111609,"","","","",2.,1,"","","","","","","","","","","","","","","","","","","","","","","","","","","","","","",6.,1,4.5,1,"","","","","","","","","","","","","","","","","","","","","","","","","","",91,1,"","","","","","","","","","","","",8.5,1,1004.3,1,"","","","","","",8,1,6,1,5,1,"","","","","","","","","","","","","","","","","","","","","","","","","","","","",2000,1,"","",10,1,2,1,"","","","","","","","","","","","","","","","","","","","","","","","","","","","","","","","","","","","","","","","","","","","","","","","","","","","","","","","","","","","","","","","","",""
"59343001","LILLE-LESQUIN",50.57,3.0975,47,1959111612,"","","","",3.,1,"","","","","","","","","","","","","","","","","","","","","","","","","","","","","","",8.8,1,5.1,1,"","","","","","","","","","","","","","","","","","","","","","","","","","",78,1,"","","","","","","","","","","","",8.9,1,1005.1,1,"","","","","","",5,1,5,1,2,1,0,1,0,1,"","","","","","","","","","","","","","","","","","","","","","","","",2500,1,"","",10,1,2,1,"","","","","","","","","","","","","","","","","","","","","","","","","","","","","","","","","","","","","","","","","","","","","","","","","","","","","","","","","","","","","","","","","",""
"59343001","LILLE-LESQUIN",50.57,3.0975,47,1959111615,"","","","",4.,1,"","","","","","","","","","","","","","","","","","","","","","","","","","","","","","",9.1,1,4.3,1,"","","","","","","","","","","","","","","","","","","","","","","","","","",72,1,"","","","","","","","","","","","",8.4,1,1005.4,1,"","","","","","",2,1,0,1,4,1,4,1,0,1,"","","","","","","","","","","","","","","","","","","","","","","","",6000,1,"","",1,1,0,1,"","","","","","","","","","","","","","","","","","","","","","","","","","","","","","","","","","","","","","","","","","","","","","","","","","","","","","","","","","","","","","","","","",""
"59343001","LILLE-LESQUIN",50.57,3.0975,47,1959111618,"","","","",5.,1,"","","","","","","","","","","","","","","","","","","","","","","","","","","","","","",7.,1,4.5,1,"","","","","","","","","","","","","","","","","","","","","","","","","","",85,1,"","","","","","","","","","","","",8.5,1,1006.7,1,"","","","","","",3,1,0,1,5,1,0,1,0,1,"","","","","","","","","","","","","","","","","","","","","","","","",3000,1,"","",10,1,0,1,"","","","","","","","","","","","","","","","","","","","","","","","","","","","","","","","","","","","","","","","","","","","","","","","","","","","","","","","","","","","","","","","","",""
"59343001","LILLE-LESQUIN",50.57,3.0975,47,1959111621,"","","","",3.,1,"","","","","","","","","","","","","","","","","","","","","","","","","","","","","","",5.5,1,4.,1,"","","","","","","","","","","","","","","","","","","","","","","","","","",91,1,"","","","","","","","","","","","",8.2,1,1007.3,1,"","","","","","",0,1,"","",0,1,0,1,0,1,"","","","","","","","","","","","","","","","","","","","","","","","",3500,1,"","",10,1,0,1,"","","","","","","","","","","","","","","","","","","","","","","","","","","","","","","","","","","","","","","","","","","","","","","","","","","","","","","","","","","","","","","","","",""
"59343001","LILLE-LESQUIN",50.57,3.0975,47,1959111700,"","","","",2.,1,"","","","","","","","","","","","","","","","","","","","","","","","","","","","","","",3.2,1,2.4,1,"","","","","","","","","","","","","","","","","","","","","","","","","","",95,1,"","","","","","","","","","","","",7.3,1,1007.7,1,"","","","","","",0,1,"","",0,1,0,1,0,1,"","","","","","","","","","","","","","","","","","","","","","","","",2500,1,"","",10,1,0,1,"","","","","","","","","","","","","","","","","","","","","","","","","","","","","","","","","","","","","","","","","","","","","","","","","","","","","","","","","","","","","","","","","",""
"59343001","LILLE-LESQUIN",50.57,3.0975,47,1959111703,"","","","",1.,1,"","","","","","","","","","","","","","","","","","","","","","","","","","","","","","",1.8,1,1.,1,"","","","","","","","","","","","","","","","","","","","","","","","","","",94,1,"","","","","","","","","","","","",6.6,1,1007.6,1,"","","","","","",0,1,"","",0,1,0,1,0,1,"","","","","","","","","","","","","","","","","","","","","","","","",2000,1,"","",10,1,0,1,"","","","","","","","","","","","","","","","","","","","","","","","","","","","","","","","","","","","","","","","","","","","","","","","","","","","","","","","","","","","","","","","","",""
"59343001","LILLE-LESQUIN",50.57,3.0975,47,1959111706,"","","","",2.,1,"","","","","","","","","","","","","","","","","","","","","","","","","","","","","","",1.9,1,1.,1,"","","","","","","","","","","","","","","","","","","","","","","","","","",94,1,"","","","","","","","","","","","",6.6,1,1006.8,1,"","","","","","",3,1,0,1,0,1,5,1,0,1,"","","","","","","","","","","","","","","","","","","","","","","","",3000,1,"","",10,1,0,1,"","",0,1,"","","","","","","","","","","","","","","","","","","","","","","","","","","","","","","","","","","","","","","","","","","","","","","","","","","","","","","","","","","","","",""
"59343001","LILLE-LESQUIN",50.57,3.0975,47,1959111709,"","","","",2.,1,"","","","","","","","","","","","","","","","","","","","","","","","","","","","","","",3.1,1,2.4,1,"","","","","","","","","","","","","","","","","","","","","","","","","","",95,1,"","","","","","","","","","","","",7.3,1,1006.1,1,"","","","","","",4,1,0,1,0,1,4,1,2,1,"","","","","","","","","","","","","","","","","","","","","","","","",2500,1,"","",10,1,1,1,"","","","","","","","","","","","","","","","","","","","","","","","","","","","","","","","","","","","","","","","","","","","","","","","","","","","","","","","","","","","","","","","","",""
"59343001","LILLE-LESQUIN",50.57,3.0975,47,1959111712,"","","","",6.,1,"","","","","","","","","","","","","","","","","","","","","","","","","","","","","","",8.6,1,4.2,1,"","","","","","","","","","","","","","","","","","","","","","","","","","",75,1,"","","","","","","","","","","","",8.3,1,1003.9,1,"","","","","","",7,1,7,1,0,1,0,1,2,1,"","","","","","","","","","","","","","","","","","","","","","","","",6000,1,"","",2,1,1,1,"","","","","","","","","","","","","","","","","","","","","","","","","","","","","","","","","","","","","","","","","","","","","","","","","","","","","","","","","","","","","","","","","",""
"59343001","LILLE-LESQUIN",50.57,3.0975,47,1959111715,"","","","",6.,1,"","","","","","","","","","","","","","","","","","","","","","","","","","","","","","",8.4,1,4.2,1,"","","","","","","","","","","","","","","","","","","","","","","","","","",76,1,"","","","","","","","","","","","",8.3,1,1002.,1,"","","","","","",8,1,6,1,0,1,5,1,6,1,"","","","","","","","","","","","","","","","","","","","","","","","",12000,1,"","",2,1,2,1,"","","","","","","","","","","","","","","","","","","","","","","","","","","","","","","","","","","","","","","","","","","","","","","","","","","","","","","","","","","","","","","","","",""
"59343001","LILLE-LESQUIN",50.57,3.0975,47,1959111718,"","","","",6.,1,"","","","","","","","","","","","","","","","","","","","","","","","","","","","","","",7.9,1,3.1,1,"","","","","","","","","","","","","","","","","","","","","","","","","","",72,1,"","","","","","","","","","","","",7.7,1,999.6,1,"","","","","","",8,1,8,1,5,1,2,1,"","","","","","","","","","","","","","","","","","","","","","","","","","",8000,1,"","",2,1,2,1,"","","","","","","","","","","","","","","","","","","","","","","","","","","","","","","","","","","","","","","","","","","","","","","","","","","","","","","","","","","","","","","","","",""
"59343001","LILLE-LESQUIN",50.57,3.0975,47,1959111721,"","","","",7.,1,"","","","","","","","","","","","","","","","","","","","","","","","","","","","","","",8.2,1,2.,1,"","","","","","","","","","","","","","","","","","","","","","","","","","",65,1,"","","","","","","","","","","","",7.1,1,997.5,1,"","","","","","",8,1,8,1,0,1,7,1,"","","","","","","","","","","","","","","","","","","","","","","","","","",10000,1,"","",1,1,2,1,"","","","","","","","","","","","","","","","","","","","","","","","","","","","","","","","","","","","","","","","","","","","","","","","","","","","","","","","","","","","","","","","","",""
"59343001","LILLE-LESQUIN",50.57,3.0975,47,1959111800,"","","","",4.,1,"","","","","","","","","","","","","","","","","","","","","","","","","","","","","","",6.4,1,3.5,1,"","","","","","","","","","","","","","","","","","","","","","","","","","",82,1,"","","","","","","","","","","","",7.9,1,995.,1,"","","","","","",8,1,8,1,7,1,7,1,"","","","","","","","","","","","","","","","","","","","","","","","","","",8000,1,"","",61,1,6,1,"","","","","","","","","","","","","","","","","","","","","","","","","","","","","","","","","","","","","","","","","","","","","","","","","","","","","","","","","","","","","","","","","",""
"59343001","LILLE-LESQUIN",50.57,3.0975,47,1959111803,"","","","",3.,1,"","","","","","","","","","","","","","","","","","","","","","","","","","","","","","",6.2,1,5.1,1,"","","","","","","","","","","","","","","","","","","","","","","","","","",94,1,"","","","","","","","","","","","",8.9,1,993.5,1,"","","","","","",8,1,5,1,5,1,"","","","","","","","","","","","","","","","","","","","","","","","","","","","",6000,1,"","",61,1,6,1,"","","","","","","","","","","","","","","","","","","","","","","","","","","","","","","","","","","","","","","","","","","","","","","","","","","","","","","","","","","","","","","","","",""
"59343001","LILLE-LESQUIN",50.57,3.0975,47,1959111806,"","","","",6.,1,"","","","","","","","","","","","","","","","","","","","","","","","","","","","","","",7.7,1,5.8,1,"","","","","","","","","","","","","","","","","","","","","","","","","","",89,1,"","","","","","","","","","","","",9.3,1,993.6,1,"","","","","","",6,1,0,1,5,1,4,1,2,1,"","","","","","","","","","","","","","","","","","","","","","","","",8000,1,"","",1,1,6,1,"","",0,1,"","","","","","","","","","","","","","","","","","","","","","","","","","","","","","","","","","","","","","","","","","","","","","","","","","","","","","","","","","","","","",""
"59343001","LILLE-LESQUIN",50.57,3.0975,47,1959111809,"","","","",6.,1,"","","","","","","","","","","","","","","","","","","","","","","","","","","","","","",8.4,1,6.1,1,"","","","","","","","","","","","","","","","","","","","","","","","","","",86,1,"","","","","","","","","","","","",9.5,1,994.8,1,"","","","","","",7,1,7,1,5,1,7,1,"","","","","","","","","","","","","","","","","","","","","","","","","","",8000,1,"","",60,1,2,1,"","","","","","","","","","","","","","","","","","","","","","","","","","","","","","","","","","","","","","","","","","","","","","","","","","","","","","","","","","","","","","","","","",""
"59343001","LILLE-LESQUIN",50.57,3.0975,47,1959111812,"","","","",7.,1,"","","","","","","","","","","","","","","","","","","","","","","","","","","","","","",10.4,1,8.,1,"","","","","","","","","","","","","","","","","","","","","","","","","","",87,1,"","","","","","","","","","","","",10.9,1,996.7,1,"","","","","","",8,1,6,1,7,1,"","","","","","","","","","","","","","","","","","","","","","","","","","","","",8000,1,"","",2,1,6,1,"","","","","","","","","","","","","","","","","","","","","","","","","","","","","","","","","","","","","","","","","","","","","","","","","","","","","","","","","","","","","","","","","",""
"59343001","LILLE-LESQUIN",50.57,3.0975,47,1959111815,"","","","",7.,1,"","","","","","","","","","","","","","","","","","","","","","","","","","","","","","",10.9,1,8.,1,"","","","","","","","","","","","","","","","","","","","","","","","","","",84,1,"","","","","","","","","","","","",10.9,1,999.,1,"","","","","","",7,1,7,1,7,1,7,1,"","","","","","","","","","","","","","","","","","","","","","","","","","",8000,1,"","",20,1,5,1,"","","","","","","","","","","","","","","","","","","","","","","","","","","","","","","","","","","","","","","","","","","","","","","","","","","","","","","","","","","","","","","","","",""
"59343001","LILLE-LESQUIN",50.57,3.0975,47,1959111818,"","","","",7.,1,"","","","","","","","","","","","","","","","","","","","","","","","","","","","","","",9.,1,5.6,1,"","","","","","","","","","","","","","","","","","","","","","","","","","",80,1,"","","","","","","","","","","","",9.2,1,1002.4,1,"","","","","","",6,1,5,1,0,1,4,1,2,1,"","","","","","","","","","","","","","","","","","","","","","","","",10000,1,"","",3,1,5,1,"","","","","","","","","","","","","","","","","","","","","","","","","","","","","","","","","","","","","","","","","","","","","","","","","","","","","","","","","","","","","","","","","",""
"59343001","LILLE-LESQUIN",50.57,3.0975,47,1959111821,"","","","",6.,1,"","","","","","","","","","","","","","","","","","","","","","","","","","","","","","",9.3,1,6.1,1,"","","","","","","","","","","","","","","","","","","","","","","","","","",82,1,"","","","","","","","","","","","",9.5,1,1004.1,1,"","","","","","",8,1,8,1,0,1,7,1,"","","","","","","","","","","","","","","","","","","","","","","","","","",10000,1,"","",61,1,6,1,"","","","","","","","","","","","","","","","","","","","","","","","","","","","","","","","","","","","","","","","","","","","","","","","","","","","","","","","","","","","","","","","","",""
"59343001","LILLE-LESQUIN",50.57,3.0975,47,1959111900,"","","","",5.,1,"","","","","","","","","","","","","","","","","","","","","","","","","","","","","","",9.6,1,5.6,1,"","","","","","","","","","","","","","","","","","","","","","","","","","",77,1,"","","","","","","","","","","","",9.2,1,1005.8,1,"","","","","","",4,1,0,1,0,1,4,1,0,1,"","","","","","","","","","","","","","","","","","","","","","","","",10000,1,"","",2,1,6,1,"","","","","","","","","","","","","","","","","","","","","","","","","","","","","","","","","","","","","","","","","","","","","","","","","","","","","","","","","","","","","","","","","",""
"59343001","LILLE-LESQUIN",50.57,3.0975,47,1959111903,"","","","",5.,1,"","","","","","","","","","","","","","","","","","","","","","","","","","","","","","",9.1,1,4.8,1,"","","","","","","","","","","","","","","","","","","","","","","","","","",75,1,"","","","","","","","","","","","",8.7,1,1007.8,1,"","","","","","",5,1,0,1,0,1,4,1,4,1,"","","","","","","","","","","","","","","","","","","","","","","","",10000,1,"","",1,1,2,1,"","","","","","","","","","","","","","","","","","","","","","","","","","","","","","","","","","","","","","","","","","","","","","","","","","","","","","","","","","","","","","","","","",""
"59343001","LILLE-LESQUIN",50.57,3.0975,47,1959111906,"","","","",6.,1,"","","","","","","","","","","","","","","","","","","","","","","","","","","","","","",8.6,1,4.8,1,"","","","","","","","","","","","","","","","","","","","","","","","","","",78,1,"","","","","","","","","","","","",8.7,1,1010.5,1,"","","","","","",8,1,6,1,0,1,5,1,6,1,"","","","","","","","","","","","","","","","","","","","","","","","",10000,1,"","",2,1,2,1,"","",0,1,"","","","","","","","","","","","","","","","","","","","","","","","","","","","","","","","","","","","","","","","","","","","","","","","","","","","","","","","","","","","","",""
"59343001","LILLE-LESQUIN",50.57,3.0975,47,1959111909,"","","","",6.,1,"","","","","","","","","","","","","","","","","","","","","","","","","","","","","","",9.9,1,6.1,1,"","","","","","","","","","","","","","","","","","","","","","","","","","",78,1,"","","","","","","","","","","","",9.5,1,1011.9,1,"","","","","","",7,1,6,1,5,1,4,1,2,1,"","","","","","","","","","","","","","","","","","","","","","","","",15000,1,"","",1,1,2,1,"","","","","","","","","","","","","","","","","","","","","","","","","","","","","","","","","","","","","","","","","","","","","","","","","","","","","","","","","","","","","","","","","",""
"59343001","LILLE-LESQUIN",50.57,3.0975,47,1959111912,"","","","",7.,1,"","","","","","","","","","","","","","","","","","","","","","","","","","","","","","",12.1,1,5.8,1,"","","","","","","","","","","","","","","","","","","","","","","","","","",66,1,"","","","","","","","","","","","",9.3,1,1011.1,1,"","","","","","",8,1,8,1,5,1,1,1,"","","","","","","","","","","","","","","","","","","","","","","","","","",15000,1,"","",3,1,2,1,"","","","","","","","","","","","","","","","","","","","","","","","","","","","","","","","","","","","","","","","","","","","","","","","","","","","","","","","","","","","","","","","","",""
"59343001","LILLE-LESQUIN",50.57,3.0975,47,1959111915,"","","","",7.,1,"","","","","","","","","","","","","","","","","","","","","","","","","","","","","","",12.3,1,7.2,1,"","","","","","","","","","","","","","","","","","","","","","","","","","",72,1,"","","","","","","","","","","","",10.3,1,1010.6,1,"","","","","","",7,1,5,1,5,1,5,1,2,1,"","","","","","","","","","","","","","","","","","","","","","","","",15000,1,"","",3,1,2,1,"","","","","","","","","","","","","","","","","","","","","","","","","","","","","","","","","","","","","","","","","","","","","","","","","","","","","","","","","","","","","","","","","",""
"59343001","LILLE-LESQUIN",50.57,3.0975,47,1959111918,"","","","",7.,1,"","","","","","","","","","","","","","","","","","","","","","","","","","","","","","",12.2,1,6.8,1,"","","","","","","","","","","","","","","","","","","","","","","","","","",71,1,"","","","","","","","","","","","",10.,1,1011.4,1,"","","","","","",7,1,6,1,0,1,5,1,2,1,"","","","","","","","","","","","","","","","","","","","","","","","",15000,1,"","",3,1,2,1,"","","","","","","","","","","","","","","","","","","","","","","","","","","","","","","","","","","","","","","","","","","","","","","","","","","","","","","","","","","","","","","","","",""
"59343001","LILLE-LESQUIN",50.57,3.0975,47,1959111921,"","","","",6.,1,"","","","","","","","","","","","","","","","","","","","","","","","","","","","","","",11.,1,6.1,1,"","","","","","","","","","","","","","","","","","","","","","","","","","",73,1,"","","","","","","","","","","","",9.5,1,1011.9,1,"","","","","","",2,1,0,1,0,1,0,1,2,1,"","","","","","","","","","","","","","","","","","","","","","","","",12000,1,"","",2,1,1,1,"","","","","","","","","","","","","","","","","","","","","","","","","","","","","","","","","","","","","","","","","","","","","","","","","","","","","","","","","","","","","","","","","",""
"59343001","LILLE-LESQUIN",50.57,3.0975,47,1959112000,"","","","",6.,1,"","","","","","","","","","","","","","","","","","","","","","","","","","","","","","",10.2,1,5.8,1,"","","","","","","","","","","","","","","","","","","","","","","","","","",74,1,"","","","","","","","","","","","",9.3,1,1013.2,1,"","","","","","",3,1,0,1,0,1,4,1,2,1,"","","","","","","","","","","","","","","","","","","","","","","","",15000,1,"","",2,1,1,1,"","","","","","","","","","","","","","","","","","","","","","","","","","","","","","","","","","","","","","","","","","","","","","","","","","","","","","","","","","","","","","","","","",""
"59343001","LILLE-LESQUIN",50.57,3.0975,47,1959112003,"","","","",6.,1,"","","","","","","","","","","","","","","","","","","","","","","","","","","","","","",8.6,1,5.1,1,"","","","","","","","","","","","","","","","","","","","","","","","","","",80,1,"","","","","","","","","","","","",8.9,1,1013.5,1,"","","","","","",5,1,5,1,0,1,0,1,6,1,"","","","","","","","","","","","","","","","","","","","","","","","",12000,1,"","",3,1,1,1,"","","","","","","","","","","","","","","","","","","","","","","","","","","","","","","","","","","","","","","","","","","","","","","","","","","","","","","","","","","","","","","","","",""
"59343001","LILLE-LESQUIN",50.57,3.0975,47,1959112006,"","","","",6.,1,"","","","","","","","","","","","","","","","","","","","","","","","","","","","","","",8.4,1,4.5,1,"","","","","","","","","","","","","","","","","","","","","","","","","","",77,1,"","","","","","","","","","","","",8.5,1,1013.9,1,"","","","","","",8,1,8,1,0,1,0,1,7,1,"","","","","","","","","","","","","","","","","","","","","","","","",12000,1,"","",2,1,1,1,"","",0,1,"","","","","","","","","","","","","","","","","","","","","","","","","","","","","","","","","","","","","","","","","","","","","","","","","","","","","","","","","","","","","",""
"59343001","LILLE-LESQUIN",50.57,3.0975,47,1959112009,"","","","",6.,1,"","","","","","","","","","","","","","","","","","","","","","","","","","","","","","",9.8,1,4.3,1,"","","","","","","","","","","","","","","","","","","","","","","","","","",69,1,"","","","","","","","","","","","",8.4,1,1014.4,1,"","","","","","",7,1,7,1,0,1,5,1,2,1,"","","","","","","","","","","","","","","","","","","","","","","","",10000,1,"","",3,1,1,1,"","","","","","","","","","","","","","","","","","","","","","","","","","","","","","","","","","","","","","","","","","","","","","","","","","","","","","","","","","","","","","","","","",""
"59343001","LILLE-LESQUIN",50.57,3.0975,47,1959112012,"","","","",7.,1,"","","","","","","","","","","","","","","","","","","","","","","","","","","","","","",12.8,1,6.9,1,"","","","","","","","","","","","","","","","","","","","","","","","","","",68,1,"","","","","","","","","","","","",10.1,1,1014.2,1,"","","","","","",7,1,7,1,0,1,4,1,2,1,"","","","","","","","","","","","","","","","","","","","","","","","",15000,1,"","",2,1,2,1,"","","","","","","","","","","","","","","","","","","","","","","","","","","","","","","","","","","","","","","","","","","","","","","","","","","","","","","","","","","","","","","","","",""
"59343001","LILLE-LESQUIN",50.57,3.0975,47,1959112015,"","","","",3.,1,"","","","","","","","","","","","","","","","","","","","","","","","","","","","","","",12.,1,7.3,1,"","","","","","","","","","","","","","","","","","","","","","","","","","",74,1,"","","","","","","","","","","","",10.4,1,1014.4,1,"","","","","","",6,1,6,1,0,1,0,1,2,1,"","","","","","","","","","","","","","","","","","","","","","","","",10000,1,"","",2,1,2,1,"","","","","","","","","","","","","","","","","","","","","","","","","","","","","","","","","","","","","","","","","","","","","","","","","","","","","","","","","","","","","","","","","",""
"59343001","LILLE-LESQUIN",50.57,3.0975,47,1959112018,"","","","",3.,1,"","","","","","","","","","","","","","","","","","","","","","","","","","","","","","",8.4,1,5.3,1,"","","","","","","","","","","","","","","","","","","","","","","","","","",82,1,"","","","","","","","","","","","",9.,1,1015.2,1,"","","","","","",2,1,0,1,0,1,0,1,2,1,"","","","","","","","","","","","","","","","","","","","","","","","",8000,1,"","",1,1,1,1,"","","","","","","","","","","","","","","","","","","","","","","","","","","","","","","","","","","","","","","","","","","","","","","","","","","","","","","","","","","","","","","","","",""
"59343001","LILLE-LESQUIN",50.57,3.0975,47,1959112021,"","","","",3.,1,"","","","","","","","","","","","","","","","","","","","","","","","","","","","","","",6.6,1,4.,1,"","","","","","","","","","","","","","","","","","","","","","","","","","",84,1,"","","","","","","","","","","","",8.2,1,1015.7,1,"","","","","","",0,1,"","",0,1,0,1,0,1,"","","","","","","","","","","","","","","","","","","","","","","","",10000,1,"","",1,1,0,1,"","","","","","","","","","","","","","","","","","","","","","","","","","","","","","","","","","","","","","","","","","","","","","","","","","","","","","","","","","","","","","","","","",""
"59343001","LILLE-LESQUIN",50.57,3.0975,47,1959112100,"","","","",2.,1,"","","","","","","","","","","","","","","","","","","","","","","","","","","","","","",6.1,1,2.8,1,"","","","","","","","","","","","","","","","","","","","","","","","","","",79,1,"","","","","","","","","","","","",7.5,1,1016.4,1,"","","","","","",0,1,"","",0,1,0,1,0,1,"","","","","","","","","","","","","","","","","","","","","","","","",10000,1,"","",2,1,0,1,"","","","","","","","","","","","","","","","","","","","","","","","","","","","","","","","","","","","","","","","","","","","","","","","","","","","","","","","","","","","","","","","","",""
"59343001","LILLE-LESQUIN",50.57,3.0975,47,1959112103,"","","","",4.,1,"","","","","","","","","","","","","","","","","","","","","","","","","","","","","","",6.,1,2.6,1,"","","","","","","","","","","","","","","","","","","","","","","","","","",79,1,"","","","","","","","","","","","",7.4,1,1016.4,1,"","","","","","",0,1,"","",0,1,0,1,0,1,"","","","","","","","","","","","","","","","","","","","","","","","",10000,1,"","",2,1,0,1,"","","","","","","","","","","","","","","","","","","","","","","","","","","","","","","","","","","","","","","","","","","","","","","","","","","","","","","","","","","","","","","","","",""
"59343001","LILLE-LESQUIN",50.57,3.0975,47,1959112106,"","","","",3.,1,"","","","","","","","","","","","","","","","","","","","","","","","","","","","","","",4.6,1,2.2,1,"","","","","","","","","","","","","","","","","","","","","","","","","","",84,1,"","","","","","","","","","","","",7.2,1,1017.,1,"","","","","","",2,1,0,1,0,1,0,1,2,1,"","","","","","","","","","","","","","","","","","","","","","","","",10000,1,"","",2,1,0,1,"","",0,1,"","","","","","","","","","","","","","","","","","","","","","","","","","","","","","","","","","","","","","","","","","","","","","","","","","","","","","","","","","","","","",""
"59343001","LILLE-LESQUIN",50.57,3.0975,47,1959112109,"","","","",3.,1,"","","","","","","","","","","","","","","","","","","","","","","","","","","","","","",7.4,1,3.1,1,"","","","","","","","","","","","","","","","","","","","","","","","","","",75,1,"","","","","","","","","","","","",7.7,1,1018.1,1,"","","","","","",3,1,0,1,0,1,0,1,2,1,"","","","","","","","","","","","","","","","","","","","","","","","",8000,1,"","",3,1,0,1,"","","","","","","","","","","","","","","","","","","","","","","","","","","","","","","","","","","","","","","","","","","","","","","","","","","","","","","","","","","","","","","","","",""
"59343001","LILLE-LESQUIN",50.57,3.0975,47,1959112112,"","","","",4.,1,"","","","","","","","","","","","","","","","","","","","","","","","","","","","","","",13.,1,5.3,1,"","","","","","","","","","","","","","","","","","","","","","","","","","",59,1,"","","","","","","","","","","","",9.,1,1018.4,1,"","","","","","",3,1,0,1,0,1,0,1,2,1,"","","","","","","","","","","","","","","","","","","","","","","","",10000,1,"","",2,1,0,1,"","","","","","","","","","","","","","","","","","","","","","","","","","","","","","","","","","","","","","","","","","","","","","","","","","","","","","","","","","","","","","","","","",""
"59343001","LILLE-LESQUIN",50.57,3.0975,47,1959112115,"","","","",2.,1,"","","","","","","","","","","","","","","","","","","","","","","","","","","","","","",13.2,1,7.1,1,"","","","","","","","","","","","","","","","","","","","","","","","","","",67,1,"","","","","","","","","","","","",10.2,1,1019.2,1,"","","","","","",2,1,0,1,0,1,0,1,1,1,"","","","","","","","","","","","","","","","","","","","","","","","",6000,1,"","",2,1,0,1,"","","","","","","","","","","","","","","","","","","","","","","","","","","","","","","","","","","","","","","","","","","","","","","","","","","","","","","","","","","","","","","","","",""
"59343001","LILLE-LESQUIN",50.57,3.0975,47,1959112118,"","","","",1.,1,"","","","","","","","","","","","","","","","","","","","","","","","","","","","","","",7.7,1,4.5,1,"","","","","","","","","","","","","","","","","","","","","","","","","","",81,1,"","","","","","","","","","","","",8.5,1,1020.5,1,"","","","","","",2,1,0,1,0,1,0,1,2,1,"","","","","","","","","","","","","","","","","","","","","","","","",8000,1,"","",1,1,0,1,"","","","","","","","","","","","","","","","","","","","","","","","","","","","","","","","","","","","","","","","","","","","","","","","","","","","","","","","","","","","","","","","","",""
"59343001","LILLE-LESQUIN",50.57,3.0975,47,1959112121,"","","","",2.,1,"","","","","","","","","","","","","","","","","","","","","","","","","","","","","","",6.2,1,4.,1,"","","","","","","","","","","","","","","","","","","","","","","","","","",86,1,"","","","","","","","","","","","",8.2,1,1021.4,1,"","","","","","",0,1,"","",0,1,0,1,0,1,"","","","","","","","","","","","","","","","","","","","","","","","",15000,1,"","",2,1,1,1,"","","","","","","","","","","","","","","","","","","","","","","","","","","","","","","","","","","","","","","","","","","","","","","","","","","","","","","","","","","","","","","","","",""
"59343001","LILLE-LESQUIN",50.57,3.0975,47,1959112200,"","","","",1.,1,"","","","","","","","","","","","","","","","","","","","","","","","","","","","","","",4.9,1,3.3,1,"","","","","","","","","","","","","","","","","","","","","","","","","","",90,1,"","","","","","","","","","","","",7.8,1,1022.,1,"","","","","","",1,1,0,1,0,1,0,1,1,1,"","","","","","","","","","","","","","","","","","","","","","","","",8000,1,"","",1,1,1,1,"","","","","","","","","","","","","","","","","","","","","","","","","","","","","","","","","","","","","","","","","","","","","","","","","","","","","","","","","","","","","","","","","",""
"59343001","LILLE-LESQUIN",50.57,3.0975,47,1959112203,"","","","",2.,1,"","","","","","","","","","","","","","","","","","","","","","","","","","","","","","",4.9,1,3.,1,"","","","","","","","","","","","","","","","","","","","","","","","","","",87,1,"","","","","","","","","","","","",7.6,1,1022.9,1,"","","","","","",5,1,5,1,0,1,0,1,6,1,"","","","","","","","","","","","","","","","","","","","","","","","",8000,1,"","",3,1,1,1,"","","","","","","","","","","","","","","","","","","","","","","","","","","","","","","","","","","","","","","","","","","","","","","","","","","","","","","","","","","","","","","","","",""
"59343001","LILLE-LESQUIN",50.57,3.0975,47,1959112206,"","","","",2.,1,"","","","","","","","","","","","","","","","","","","","","","","","","","","","","","",3.8,1,2.,1,"","","","","","","","","","","","","","","","","","","","","","","","","","",88,1,"","","","","","","","","","","","",7.1,1,1023.8,1,"","","","","","",3,1,0,1,0,1,0,1,2,1,"","","","","","","","","","","","","","","","","","","","","","","","",8000,1,"","",1,1,1,1,"","",0,1,"","","","","","","","","","","","","","","","","","","","","","","","","","","","","","","","","","","","","","","","","","","","","","","","","","","","","","","","","","","","","",""
"59343001","LILLE-LESQUIN",50.57,3.0975,47,1959112209,"","","","",3.,1,"","","","","","","","","","","","","","","","","","","","","","","","","","","","","","",4.4,1,2.6,1,"","","","","","","","","","","","","","","","","","","","","","","","","","",89,1,"","","","","","","","","","","","",7.4,1,1025.,1,"","","","","","",1,1,0,1,0,1,0,1,1,1,"","","","","","","","","","","","","","","","","","","","","","","","",1700,1,"","",10,1,0,1,"","","","","","","","","","","","","","","","","","","","","","","","","","","","","","","","","","","","","","","","","","","","","","","","","","","","","","","","","","","","","","","","","",""
"59343001","LILLE-LESQUIN",50.57,3.0975,47,1959112212,"","","","",2.,1,"","","","","","","","","","","","","","","","","","","","","","","","","","","","","","",10.1,1,5.1,1,"","","","","","","","","","","","","","","","","","","","","","","","","","",72,1,"","","","","","","","","","","","",8.9,1,1025.3,1,"","","","","","",1,1,0,1,0,1,0,1,1,1,"","","","","","","","","","","","","","","","","","","","","","","","",2500,1,"","",10,1,0,1,"","","","","","","","","","","","","","","","","","","","","","","","","","","","","","","","","","","","","","","","","","","","","","","","","","","","","","","","","","","","","","","","","",""
"59343001","LILLE-LESQUIN",50.57,3.0975,47,1959112215,"","","","",2.,1,"","","","","","","","","","","","","","","","","","","","","","","","","","","","","","",10.4,1,6.4,1,"","","","","","","","","","","","","","","","","","","","","","","","","","",78,1,"","","","","","","","","","","","",9.7,1,1025.4,1,"","","","","","",5,1,5,1,0,1,0,1,2,1,"","","","","","","","","","","","","","","","","","","","","","","","",2000,1,"","",10,1,0,1,"","","","","","","","","","","","","","","","","","","","","","","","","","","","","","","","","","","","","","","","","","","","","","","","","","","","","","","","","","","","","","","","","",""
"59343001","LILLE-LESQUIN",50.57,3.0975,47,1959112218,"","","","",2.,1,"","","","","","","","","","","","","","","","","","","","","","","","","","","","","","",5.5,1,4.2,1,"","","","","","","","","","","","","","","","","","","","","","","","","","",92,1,"","","","","","","","","","","","",8.3,1,1026.1,1,"","","","","","",2,1,0,1,0,1,0,1,2,1,"","","","","","","","","","","","","","","","","","","","","","","","",1800,1,"","",10,1,0,1,"","","","","","","","","","","","","","","","","","","","","","","","","","","","","","","","","","","","","","","","","","","","","","","","","","","","","","","","","","","","","","","","","",""
"59343001","LILLE-LESQUIN",50.57,3.0975,47,1959112221,"","","","",1.,1,"","","","","","","","","","","","","","","","","","","","","","","","","","","","","","",4.2,1,3.3,1,"","","","","","","","","","","","","","","","","","","","","","","","","","",95,1,"","","","","","","","","","","","",7.8,1,1027.1,1,"","","","","","",8,1,8,1,5,1,"","","","","","","","","","","","","","","","","","","","","","","","","","","","",1800,1,"","",10,1,1,1,"","","","","","","","","","","","","","","","","","","","","","","","","","","","","","","","","","","","","","","","","","","","","","","","","","","","","","","","","","","","","","","","","",""
"59343001","LILLE-LESQUIN",50.57,3.0975,47,1959112300,"","","","",1.,1,"","","","","","","","","","","","","","","","","","","","","","","","","","","","","","",5.7,1,3.7,1,"","","","","","","","","","","","","","","","","","","","","","","","","","",88,1,"","","","","","","","","","","","",8.,1,1027.,1,"","","","","","",8,1,8,1,6,1,"","","","","","","","","","","","","","","","","","","","","","","","","","","","",2000,1,"","",10,1,1,1,"","","","","","","","","","","","","","","","","","","","","","","","","","","","","","","","","","","","","","","","","","","","","","","","","","","","","","","","","","","","","","","","","",""
"59343001","LILLE-LESQUIN",50.57,3.0975,47,1959112303,"","","","",3.,1,"","","","","","","","","","","","","","","","","","","","","","","","","","","","","","",4.8,1,3.,1,"","","","","","","","","","","","","","","","","","","","","","","","","","",89,1,"","","","","","","","","","","","",7.6,1,1026.9,1,"","","","","","",8,1,8,1,6,1,"","","","","","","","","","","","","","","","","","","","","","","","","","","","",2000,1,"","",10,1,2,1,"","","","","","","","","","","","","","","","","","","","","","","","","","","","","","","","","","","","","","","","","","","","","","","","","","","","","","","","","","","","","","","","","",""
"59343001","LILLE-LESQUIN",50.57,3.0975,47,1959112306,"","","","",3.,1,"","","","","","","","","","","","","","","","","","","","","","","","","","","","","","",5.,1,3.7,1,"","","","","","","","","","","","","","","","","","","","","","","","","","",92,1,"","","","","","","","","","","","",8.,1,1026.9,1,"","","","","","",8,1,8,1,6,1,"","","","","","","","","","","","","","","","","","","","","","","","","","","","",2000,1,"","",10,1,2,1,"","",0,1,"","","","","","","","","","","","","","","","","","","","","","","","","","","","","","","","","","","","","","","","","","","","","","","","","","","","","","","","","","","","","",""
"59343001","LILLE-LESQUIN",50.57,3.0975,47,1959112309,"","","","",4.,1,"","","","","","","","","","","","","","","","","","","","","","","","","","","","","","",4.6,1,3.,1,"","","","","","","","","","","","","","","","","","","","","","","","","","",90,1,"","","","","","","","","","","","",7.6,1,1027.3,1,"","","","","","",8,1,8,1,6,1,"","","","","","","","","","","","","","","","","","","","","","","","","","","","",1800,1,"","",10,1,2,1,"","","","","","","","","","","","","","","","","","","","","","","","","","","","","","","","","","","","","","","","","","","","","","","","","","","","","","","","","","","","","","","","","",""
"59343001","LILLE-LESQUIN",50.57,3.0975,47,1959112312,"","","","",4.,1,"","","","","","","","","","","","","","","","","","","","","","","","","","","","","","",5.,1,3.7,1,"","","","","","","","","","","","","","","","","","","","","","","","","","",92,1,"","","","","","","","","","","","",8.,1,1026.4,1,"","","","","","",8,1,8,1,6,1,"","","","","","","","","","","","","","","","","","","","","","","","","","","","",1100,1,"","",10,1,2,1,"","","","","","","","","","","","","","","","","","","","","","","","","","","","","","","","","","","","","","","","","","","","","","","","","","","","","","","","","","","","","","","","","",""
"59343001","LILLE-LESQUIN",50.57,3.0975,47,1959112315,"","","","",4.,1,"","","","","","","","","","","","","","","","","","","","","","","","","","","","","","",5.,1,4.2,1,"","","","","","","","","","","","","","","","","","","","","","","","","","",95,1,"","","","","","","","","","","","",8.3,1,1024.9,1,"","","","","","",9,1,"","","","","","","","","","","","","","","","","","","","","","","","","","","","","","","","",700,1,"","",47,1,2,1,"","","","","","","","","","","","","","","","","","","","","","","","","","","","","","","","","","","","","","","","","","","","","","","","","","","","","","","","","","","","","","","","","",""
"59343001","LILLE-LESQUIN",50.57,3.0975,47,1959112318,"","","","",4.,1,"","","","","","","","","","","","","","","","","","","","","","","","","","","","","","",3.6,1,3.,1,"","","","","","","","","","","","","","","","","","","","","","","","","","",97,1,"","","","","","","","","","","","",7.6,1,1024.9,1,"","","","","","",9,1,"","","","","","","","","","","","","","","","","","","","","","","","","","","","","","","","",250,1,"","",45,1,4,1,"","","","","","","","","","","","","","","","","","","","","","","","","","","","","","","","","","","","","","","","","","","","","","","","","","","","","","","","","","","","","","","","","",""
"59343001","LILLE-LESQUIN",50.57,3.0975,47,1959112321,"","","","",4.,1,"","","","","","","","","","","","","","","","","","","","","","","","","","","","","","",3.4,1,2.8,1,"","","","","","","","","","","","","","","","","","","","","","","","","","",97,1,"","","","","","","","","","","","",7.5,1,1024.9,1,"","","","","","",9,1,"","","","","","","","","","","","","","","","","","","","","","","","","","","","","","","","",200,1,"","",45,1,4,1,"","","","","","","","","","","","","","","","","","","","","","","","","","","","","","","","","","","","","","","","","","","","","","","","","","","","","","","","","","","","","","","","","",""
"59343001","LILLE-LESQUIN",50.57,3.0975,47,1959112400,"","","","",5.,1,"","","","","","","","","","","","","","","","","","","","","","","","","","","","","","",3.,1,2.8,1,"","","","","","","","","","","","","","","","","","","","","","","","","","",98,1,"","","","","","","","","","","","",7.5,1,1023.9,1,"","","","","","",9,1,"","","","","","","","","","","","","","","","","","","","","","","","","","","","","","","","",200,1,"","",45,1,4,1,"","","","","","","","","","","","","","","","","","","","","","","","","","","","","","","","","","","","","","","","","","","","","","","","","","","","","","","","","","","","","","","","","",""
"59343001","LILLE-LESQUIN",50.57,3.0975,47,1959112403,"","","","",4.,1,"","","","","","","","","","","","","","","","","","","","","","","","","","","","","","",2.6,1,2.,1,"","","","","","","","","","","","","","","","","","","","","","","","","","",96,1,"","","","","","","","","","","","",7.1,1,1023.,1,"","","","","","",9,1,"","","","","","","","","","","","","","","","","","","","","","","","","","","","","","","","",200,1,"","",45,1,4,1,"","","","","","","","","","","","","","","","","","","","","","","","","","","","","","","","","","","","","","","","","","","","","","","","","","","","","","","","","","","","","","","","","",""
"59343001","LILLE-LESQUIN",50.57,3.0975,47,1959112406,"","","","",4.,1,"","","","","","","","","","","","","","","","","","","","","","","","","","","","","","",1.3,1,1.,1,"","","","","","","","","","","","","","","","","","","","","","","","","","",98,1,"","","","","","","","","","","","",6.6,1,1022.5,1,"","","","","","",9,1,"","","","","","","","","","","","","","","","","","","","","","","","","","","","","","","","",200,1,"","",45,1,4,1,"","",0,1,"","","","","","","","","","","","","","","","","","","","","","","","","","","","","","","","","","","","","","","","","","","","","","","","","","","","","","","","","","","","","",""
"59343001","LILLE-LESQUIN",50.57,3.0975,47,1959112409,"","","","",6.,1,"","","","","","","","","","","","","","","","","","","","","","","","","","","","","","",0.8,1,0.,1,"","","","","","","","","","","","","","","","","","","","","","","","","","",94,1,"","","","","","","","","","","","",6.1,1,1023.3,1,"","","","","","",9,1,"","","","","","","","","","","","","","","","","","","","","","","","","","","","","","","","",300,1,"","",45,1,4,1,"","","","","","","","","","","","","","","","","","","","","","","","","","","","","","","","","","","","","","","","","","","","","","","","","","","","","","","","","","","","","","","","","",""
"59343001","LILLE-LESQUIN",50.57,3.0975,47,1959112412,"","","","",5.,1,"","","","","","","","","","","","","","","","","","","","","","","","","","","","","","",1.6,1,1.,1,"","","","","","","","","","","","","","","","","","","","","","","","","","",96,1,"","","","","","","","","","","","",6.6,1,1022.9,1,"","","","","","",9,1,"","","","","","","","","","","","","","","","","","","","","","","","","","","","","","","","",400,1,"","",45,1,4,1,"","","","","","","","","","","","","","","","","","","","","","","","","","","","","","","","","","","","","","","","","","","","","","","","","","","","","","","","","","","","","","","","","",""
"59343001","LILLE-LESQUIN",50.57,3.0975,47,1959112415,"","","","",4.,1,"","","","","","","","","","","","","","","","","","","","","","","","","","","","","","",2.3,1,1.6,1,"","","","","","","","","","","","","","","","","","","","","","","","","","",96,1,"","","","","","","","","","","","",6.9,1,1022.7,1,"","","","","","",9,1,"","","","","","","","","","","","","","","","","","","","","","","","","","","","","","","","",600,1,"","",45,1,4,1,"","","","","","","","","","","","","","","","","","","","","","","","","","","","","","","","","","","","","","","","","","","","","","","","","","","","","","","","","","","","","","","","","",""
"59343001","LILLE-LESQUIN",50.57,3.0975,47,1959112418,"","","","",4.,1,"","","","","","","","","","","","","","","","","","","","","","","","","","","","","","",2.2,1,1.6,1,"","","","","","","","","","","","","","","","","","","","","","","","","","",96,1,"","","","","","","","","","","","",6.9,1,1023.1,1,"","","","","","",9,1,"","","","","","","","","","","","","","","","","","","","","","","","","","","","","","","","",800,1,"","",43,1,4,1,"","","","","","","","","","","","","","","","","","","","","","","","","","","","","","","","","","","","","","","","","","","","","","","","","","","","","","","","","","","","","","","","","",""
"59343001","LILLE-LESQUIN",50.57,3.0975,47,1959112421,"","","","",4.,1,"","","","","","","","","","","","","","","","","","","","","","","","","","","","","","",2.2,1,1.6,1,"","","","","","","","","","","","","","","","","","","","","","","","","","",96,1,"","","","","","","","","","","","",6.9,1,1023.7,1,"","","","","","",8,1,8,1,6,1,"","","","","","","","","","","","","","","","","","","","","","","","","","","","",1300,1,"","",10,1,2,1,"","","","","","","","","","","","","","","","","","","","","","","","","","","","","","","","","","","","","","","","","","","","","","","","","","","","","","","","","","","","","","","","","",""
"59343001","LILLE-LESQUIN",50.57,3.0975,47,1959112500,"","","","",3.,1,"","","","","","","","","","","","","","","","","","","","","","","","","","","","","","",3.3,1,2.8,1,"","","","","","","","","","","","","","","","","","","","","","","","","","",97,1,"","","","","","","","","","","","",7.5,1,1023.5,1,"","","","","","",9,1,"","","","","","","","","","","","","","","","","","","","","","","","","","","","","","","","",300,1,"","",47,1,4,1,"","","","","","","","","","","","","","","","","","","","","","","","","","","","","","","","","","","","","","","","","","","","","","","","","","","","","","","","","","","","","","","","","",""
"59343001","LILLE-LESQUIN",50.57,3.0975,47,1959112503,"","","","",4.,1,"","","","","","","","","","","","","","","","","","","","","","","","","","","","","","",3.,1,2.4,1,"","","","","","","","","","","","","","","","","","","","","","","","","","",97,1,"","","","","","","","","","","","",7.3,1,1022.3,1,"","","","","","",9,1,"","","","","","","","","","","","","","","","","","","","","","","","","","","","","","","","",500,1,"","",43,1,4,1,"","","","","","","","","","","","","","","","","","","","","","","","","","","","","","","","","","","","","","","","","","","","","","","","","","","","","","","","","","","","","","","","","",""
"59343001","LILLE-LESQUIN",50.57,3.0975,47,1959112506,"","","","",4.,1,"","","","","","","","","","","","","","","","","","","","","","","","","","","","","","",2.7,1,1.8,1,"","","","","","","","","","","","","","","","","","","","","","","","","","",95,1,"","","","","","","","","","","","",7.,1,1021.9,1,"","","","","","",9,1,"","","","","","","","","","","","","","","","","","","","","","","","","","","","","","","","",200,1,"","",47,1,4,1,"","",0,1,"","","","","","","","","","","","","","","","","","","","","","","","","","","","","","","","","","","","","","","","","","","","","","","","","","","","","","","","","","","","","",""
"59343001","LILLE-LESQUIN",50.57,3.0975,47,1959112509,"","","","",6.,1,"","","","","","","","","","","","","","","","","","","","","","","","","","","","","","",2.8,1,1.6,1,"","","","","","","","","","","","","","","","","","","","","","","","","","",93,1,"","","","","","","","","","","","",6.9,1,1021.8,1,"","","","","","",8,1,8,1,6,1,"","","","","","","","","","","","","","","","","","","","","","","","","","","","",1600,1,"","",28,1,4,1,"","","","","","","","","","","","","","","","","","","","","","","","","","","","","","","","","","","","","","","","","","","","","","","","","","","","","","","","","","","","","","","","","",""
"59343001","LILLE-LESQUIN",50.57,3.0975,47,1959112512,"","","","",6.,1,"","","","","","","","","","","","","","","","","","","","","","","","","","","","","","",4.,1,2.2,1,"","","","","","","","","","","","","","","","","","","","","","","","","","",88,1,"","","","","","","","","","","","",7.2,1,1020.5,1,"","","","","","",8,1,8,1,6,1,"","","","","","","","","","","","","","","","","","","","","","","","","","","","",4000,1,"","",10,1,4,1,"","","","","","","","","","","","","","","","","","","","","","","","","","","","","","","","","","","","","","","","","","","","","","","","","","","","","","","","","","","","","","","","","",""
"59343001","LILLE-LESQUIN",50.57,3.0975,47,1959112515,"","","","",6.,1,"","","","","","","","","","","","","","","","","","","","","","","","","","","","","","",4.5,1,2.8,1,"","","","","","","","","","","","","","","","","","","","","","","","","","",89,1,"","","","","","","","","","","","",7.5,1,1018.5,1,"","","","","","",8,1,8,1,6,1,"","","","","","","","","","","","","","","","","","","","","","","","","","","","",4000,1,"","",10,1,2,1,"","","","","","","","","","","","","","","","","","","","","","","","","","","","","","","","","","","","","","","","","","","","","","","","","","","","","","","","","","","","","","","","","",""
"59343001","LILLE-LESQUIN",50.57,3.0975,47,1959112518,"","","","",7.,1,"","","","","","","","","","","","","","","","","","","","","","","","","","","","","","",2.8,1,1.,1,"","","","","","","","","","","","","","","","","","","","","","","","","","",89,1,"","","","","","","","","","","","",6.6,1,1017.8,1,"","","","","","",8,1,8,1,6,1,"","","","","","","","","","","","","","","","","","","","","","","","","","","","",4000,1,"","",10,1,2,1,"","","","","","","","","","","","","","","","","","","","","","","","","","","","","","","","","","","","","","","","","","","","","","","","","","","","","","","","","","","","","","","","","",""
"59343001","LILLE-LESQUIN",50.57,3.0975,47,1959112521,"","","","",8.,1,"","","","","","","","","","","","","","","","","","","","","","","","","","","","","","",2.1,1,0.8,1,"","","","","","","","","","","","","","","","","","","","","","","","","","",91,1,"","","","","","","","","","","","",6.5,1,1016.6,1,"","","","","","",8,1,8,1,6,1,"","","","","","","","","","","","","","","","","","","","","","","","","","","","",7000,1,"","",2,1,2,1,"","","","","","","","","","","","","","","","","","","","","","","","","","","","","","","","","","","","","","","","","","","","","","","","","","","","","","","","","","","","","","","","","",""
"59343001","LILLE-LESQUIN",50.57,3.0975,47,1959112600,"","","","",8.,1,"","","","","","","","","","","","","","","","","","","","","","","","","","","","","","",1.8,1,0.,1,"","","","","","","","","","","","","","","","","","","","","","","","","","",89,1,"","","","","","","","","","","","",6.1,1,1014.9,1,"","","","","","",8,1,8,1,6,1,"","","","","","","","","","","","","","","","","","","","","","","","","","","","",6000,1,"","",2,1,2,1,"","","","","","","","","","","","","","","","","","","","","","","","","","","","","","","","","","","","","","","","","","","","","","","","","","","","","","","","","","","","","","","","","",""
"59343001","LILLE-LESQUIN",50.57,3.0975,47,1959112603,"","","","",8.,1,"","","","","","","","","","","","","","","","","","","","","","","","","","","","","","",2.,1,0.,1,"","","","","","","","","","","","","","","","","","","","","","","","","","",87,1,"","","","","","","","","","","","",6.1,1,1012.5,1,"","","","","","",8,1,8,1,6,1,"","","","","","","","","","","","","","","","","","","","","","","","","","","","",6000,1,"","",2,1,2,1,"","","","","","","","","","","","","","","","","","","","","","","","","","","","","","","","","","","","","","","","","","","","","","","","","","","","","","","","","","","","","","","","","",""
"59343001","LILLE-LESQUIN",50.57,3.0975,47,1959112606,"","","","",6.,1,"","","","","","","","","","","","","","","","","","","","","","","","","","","","","","",1.4,1,-0.9,1,"","","","","","","","","","","","","","","","","","","","","","","","","","",85,1,"","","","","","","","","","","","",5.7,1,1011.,1,"","","","","","",7,1,7,1,0,1,5,1,"","","","","","","","","","","","","","","","","","","","","","","","","","",7000,1,"","",3,1,1,1,"","",0,1,"","","","","","","","","","","","","","","","","","","","","","","","","","","","","","","","","","","","","","","","","","","","","","","","","","","","","","","","","","","","","",""
"59343001","LILLE-LESQUIN",50.57,3.0975,47,1959112609,"","","","",6.,1,"","","","","","","","","","","","","","","","","","","","","","","","","","","","","","",3.2,1,-0.9,1,"","","","","","","","","","","","","","","","","","","","","","","","","","",75,1,"","","","","","","","","","","","",5.7,1,1010.2,1,"","","","","","",7,1,6,1,0,1,3,1,2,1,"","","","","","","","","","","","","","","","","","","","","","","","",8000,1,"","",2,1,2,1,"","","","","","","","","","","","","","","","","","","","","","","","","","","","","","","","","","","","","","","","","","","","","","","","","","","","","","","","","","","","","","","","","",""
"59343001","LILLE-LESQUIN",50.57,3.0975,47,1959112612,"","","","",8.,1,"","","","","","","","","","","","","","","","","","","","","","","","","","","","","","",7.1,1,1.,1,"","","","","","","","","","","","","","","","","","","","","","","","","","",66,1,"","","","","","","","","","","","",6.6,1,1010.,1,"","","","","","",8,1,8,1,5,1,7,1,"","","","","","","","","","","","","","","","","","","","","","","","","","",10000,1,"","",2,1,2,1,"","","","","","","","","","","","","","","","","","","","","","","","","","","","","","","","","","","","","","","","","","","","","","","","","","","","","","","","","","","","","","","","","",""
"59343001","LILLE-LESQUIN",50.57,3.0975,47,1959112615,"","","","",6.,1,"","","","","","","","","","","","","","","","","","","","","","","","","","","","","","",7.3,1,4.2,1,"","","","","","","","","","","","","","","","","","","","","","","","","","",81,1,"","","","","","","","","","","","",8.3,1,1010.4,1,"","","","","","",8,1,5,1,5,1,7,1,"","","","","","","","","","","","","","","","","","","","","","","","","","",7000,1,"","",61,1,6,1,"","","","","","","","","","","","","","","","","","","","","","","","","","","","","","","","","","","","","","","","","","","","","","","","","","","","","","","","","","","","","","","","","",""
"59343001","LILLE-LESQUIN",50.57,3.0975,47,1959112618,"","","","",6.,1,"","","","","","","","","","","","","","","","","","","","","","","","","","","","","","",7.3,1,4.7,1,"","","","","","","","","","","","","","","","","","","","","","","","","","",89,1,"","","","","","","","","","","","",8.6,1,1010.8,1,"","","","","","",8,1,6,1,5,1,7,1,"","","","","","","","","","","","","","","","","","","","","","","","","","",7000,1,"","",60,1,6,1,"","","","","","","","","","","","","","","","","","","","","","","","","","","","","","","","","","","","","","","","","","","","","","","","","","","","","","","","","","","","","","","","","",""
"59343001","LILLE-LESQUIN",50.57,3.0975,47,1959112621,"","","","",5.,1,"","","","","","","","","","","","","","","","","","","","","","","","","","","","","","",7.4,1,6.4,1,"","","","","","","","","","","","","","","","","","","","","","","","","","",94,1,"","","","","","","","","","","","",9.7,1,1011.2,1,"","","","","","",8,1,8,1,7,1,"","","","","","","","","","","","","","","","","","","","","","","","","","","","",7000,1,"","",61,1,6,1,"","","","","","","","","","","","","","","","","","","","","","","","","","","","","","","","","","","","","","","","","","","","","","","","","","","","","","","","","","","","","","","","","",""
"59343001","LILLE-LESQUIN",50.57,3.0975,47,1959112700,"","","","",2.,1,"","","","","","","","","","","","","","","","","","","","","","","","","","","","","","",7.2,1,6.6,1,"","","","","","","","","","","","","","","","","","","","","","","","","","",97,1,"","","","","","","","","","","","",9.9,1,1011.1,1,"","","","","","",8,1,8,1,7,1,"","","","","","","","","","","","","","","","","","","","","","","","","","","","",7000,1,"","",61,1,6,1,"","","","","","","","","","","","","","","","","","","","","","","","","","","","","","","","","","","","","","","","","","","","","","","","","","","","","","","","","","","","","","","","","",""
"59343001","LILLE-LESQUIN",50.57,3.0975,47,1959112703,"","","","",0.,1,"","","","","","","","","","","","","","","","","","","","","","","","","","","","","","",6.8,1,5.9,1,"","","","","","","","","","","","","","","","","","","","","","","","","","",96,1,"","","","","","","","","","","","",9.4,1,1010.7,1,"","","","","","",8,1,8,1,7,1,"","","","","","","","","","","","","","","","","","","","","","","","","","","","",3000,1,"","",61,1,6,1,"","","","","","","","","","","","","","","","","","","","","","","","","","","","","","","","","","","","","","","","","","","","","","","","","","","","","","","","","","","","","","","","","",""
"59343001","LILLE-LESQUIN",50.57,3.0975,47,1959112706,"","","","",2.,1,"","","","","","","","","","","","","","","","","","","","","","","","","","","","","","",7.1,1,6.2,1,"","","","","","","","","","","","","","","","","","","","","","","","","","",96,1,"","","","","","","","","","","","",9.6,1,1010.8,1,"","","","","","",8,1,8,1,5,1,"","","","","","","","","","","","","","","","","","","","","","","","","","","","",6000,1,"","",61,1,6,1,"","",0,1,"","","","","","","","","","","","","","","","","","","","","","","","","","","","","","","","","","","","","","","","","","","","","","","","","","","","","","","","","","","","","",""
"59343001","LILLE-LESQUIN",50.57,3.0975,47,1959112709,"","","","",3.,1,"","","","","","","","","","","","","","","","","","","","","","","","","","","","","","",7.9,1,6.1,1,"","","","","","","","","","","","","","","","","","","","","","","","","","",89,1,"","","","","","","","","","","","",9.5,1,1011.7,1,"","","","","","",7,1,6,1,5,1,4,1,2,1,"","","","","","","","","","","","","","","","","","","","","","","","",4000,1,"","",10,1,6,1,"","","","","","","","","","","","","","","","","","","","","","","","","","","","","","","","","","","","","","","","","","","","","","","","","","","","","","","","","","","","","","","","","",""
"59343001","LILLE-LESQUIN",50.57,3.0975,47,1959112712,"","","","",3.,1,"","","","","","","","","","","","","","","","","","","","","","","","","","","","","","",8.9,1,6.8,1,"","","","","","","","","","","","","","","","","","","","","","","","","","",88,1,"","","","","","","","","","","","",10.,1,1012.1,1,"","","","","","",8,1,7,1,5,1,"","","","","","","","","","","","","","","","","","","","","","","","","","","","",4000,1,"","",10,1,6,1,"","","","","","","","","","","","","","","","","","","","","","","","","","","","","","","","","","","","","","","","","","","","","","","","","","","","","","","","","","","","","","","","","",""
"59343001","LILLE-LESQUIN",50.57,3.0975,47,1959112715,"","","","",3.,1,"","","","","","","","","","","","","","","","","","","","","","","","","","","","","","",8.4,1,6.1,1,"","","","","","","","","","","","","","","","","","","","","","","","","","",86,1,"","","","","","","","","","","","",9.5,1,1012.7,1,"","","","","","",8,1,8,1,5,1,"","","","","","","","","","","","","","","","","","","","","","","","","","","","",4000,1,"","",10,1,2,1,"","","","","","","","","","","","","","","","","","","","","","","","","","","","","","","","","","","","","","","","","","","","","","","","","","","","","","","","","","","","","","","","","",""
"59343001","LILLE-LESQUIN",50.57,3.0975,47,1959112718,"","","","",3.,1,"","","","","","","","","","","","","","","","","","","","","","","","","","","","","","",7.8,1,5.5,1,"","","","","","","","","","","","","","","","","","","","","","","","","","",86,1,"","","","","","","","","","","","",9.1,1,1013.5,1,"","","","","","",7,1,7,1,5,1,"","","","","","","","","","","","","","","","","","","","","","","","","","","","",8000,1,"","",2,1,2,1,"","","","","","","","","","","","","","","","","","","","","","","","","","","","","","","","","","","","","","","","","","","","","","","","","","","","","","","","","","","","","","","","","",""
"59343001","LILLE-LESQUIN",50.57,3.0975,47,1959112721,"","","","",5.,1,"","","","","","","","","","","","","","","","","","","","","","","","","","","","","","",7.,1,5.3,1,"","","","","","","","","","","","","","","","","","","","","","","","","","",90,1,"","","","","","","","","","","","",9.,1,1014.3,1,"","","","","","",5,1,5,1,5,1,0,1,0,1,"","","","","","","","","","","","","","","","","","","","","","","","",7000,1,"","",2,1,1,1,"","","","","","","","","","","","","","","","","","","","","","","","","","","","","","","","","","","","","","","","","","","","","","","","","","","","","","","","","","","","","","","","","",""
"59343001","LILLE-LESQUIN",50.57,3.0975,47,1959112800,"","","","",4.,1,"","","","","","","","","","","","","","","","","","","","","","","","","","","","","","",6.,1,4.8,1,"","","","","","","","","","","","","","","","","","","","","","","","","","",93,1,"","","","","","","","","","","","",8.7,1,1015.2,1,"","","","","","",0,1,"","",0,1,0,1,0,1,"","","","","","","","","","","","","","","","","","","","","","","","",6000,1,"","",1,1,1,1,"","","","","","","","","","","","","","","","","","","","","","","","","","","","","","","","","","","","","","","","","","","","","","","","","","","","","","","","","","","","","","","","","",""
"59343001","LILLE-LESQUIN",50.57,3.0975,47,1959112803,"","","","",6.,1,"","","","","","","","","","","","","","","","","","","","","","","","","","","","","","",6.8,1,5.3,1,"","","","","","","","","","","","","","","","","","","","","","","","","","",91,1,"","","","","","","","","","","","",9.,1,1015.3,1,"","","","","","",0,1,"","",0,1,0,1,0,1,"","","","","","","","","","","","","","","","","","","","","","","","",6000,1,"","",2,1,0,1,"","","","","","","","","","","","","","","","","","","","","","","","","","","","","","","","","","","","","","","","","","","","","","","","","","","","","","","","","","","","","","","","","",""
"59343001","LILLE-LESQUIN",50.57,3.0975,47,1959112806,"","","","",5.,1,"","","","","","","","","","","","","","","","","","","","","","","","","","","","","","",6.9,1,5.1,1,"","","","","","","","","","","","","","","","","","","","","","","","","","",90,1,"","","","","","","","","","","","",8.9,1,1014.8,1,"","","","","","",7,1,7,1,5,1,"","","","","","","","","","","","","","","","","","","","","","","","","","","","",6000,1,"","",2,1,1,1,"","",0,1,"","","","","","","","","","","","","","","","","","","","","","","","","","","","","","","","","","","","","","","","","","","","","","","","","","","","","","","","","","","","","",""
"59343001","LILLE-LESQUIN",50.57,3.0975,47,1959112809,"","","","",5.,1,"","","","","","","","","","","","","","","","","","","","","","","","","","","","","","",7.1,1,6.1,1,"","","","","","","","","","","","","","","","","","","","","","","","","","",94,1,"","","","","","","","","","","","",9.5,1,1014.5,1,"","","","","","",8,1,7,1,7,1,"","","","","","","","","","","","","","","","","","","","","","","","","","","","",3000,1,"","",60,1,6,1,"","","","","","","","","","","","","","","","","","","","","","","","","","","","","","","","","","","","","","","","","","","","","","","","","","","","","","","","","","","","","","","","","",""
"59343001","LILLE-LESQUIN",50.57,3.0975,47,1959112812,"","","","",6.,1,"","","","","","","","","","","","","","","","","","","","","","","","","","","","","","",8.2,1,5.8,1,"","","","","","","","","","","","","","","","","","","","","","","","","","",86,1,"","","","","","","","","","","","",9.3,1,1013.2,1,"","","","","","",7,1,7,1,5,1,"","","","","","","","","","","","","","","","","","","","","","","","","","","","",8000,1,"","",1,1,6,1,"","","","","","","","","","","","","","","","","","","","","","","","","","","","","","","","","","","","","","","","","","","","","","","","","","","","","","","","","","","","","","","","","",""
"59343001","LILLE-LESQUIN",50.57,3.0975,47,1959112815,"","","","",6.,1,"","","","","","","","","","","","","","","","","","","","","","","","","","","","","","",8.7,1,5.6,1,"","","","","","","","","","","","","","","","","","","","","","","","","","",82,1,"","","","","","","","","","","","",9.2,1,1011.3,1,"","","","","","",7,1,5,1,5,1,"","","","","","","","","","","","","","","","","","","","","","","","","","","","",8000,1,"","",2,1,2,1,"","","","","","","","","","","","","","","","","","","","","","","","","","","","","","","","","","","","","","","","","","","","","","","","","","","","","","","","","","","","","","","","","",""
"59343001","LILLE-LESQUIN",50.57,3.0975,47,1959112818,"","","","",6.,1,"","","","","","","","","","","","","","","","","","","","","","","","","","","","","","",7.2,1,5.3,1,"","","","","","","","","","","","","","","","","","","","","","","","","","",88,1,"","","","","","","","","","","","",9.,1,1010.4,1,"","","","","","",6,1,6,1,5,1,0,1,0,1,"","","","","","","","","","","","","","","","","","","","","","","","",6000,1,"","",1,1,2,1,"","","","","","","","","","","","","","","","","","","","","","","","","","","","","","","","","","","","","","","","","","","","","","","","","","","","","","","","","","","","","","","","","",""
"59343001","LILLE-LESQUIN",50.57,3.0975,47,1959112821,"","","","",6.,1,"","","","","","","","","","","","","","","","","","","","","","","","","","","","","","",7.6,1,5.5,1,"","","","","","","","","","","","","","","","","","","","","","","","","","",87,1,"","","","","","","","","","","","",9.1,1,1009.6,1,"","","","","","",8,1,8,1,5,1,"","","","","","","","","","","","","","","","","","","","","","","","","","","","",8000,1,"","",2,1,2,1,"","","","","","","","","","","","","","","","","","","","","","","","","","","","","","","","","","","","","","","","","","","","","","","","","","","","","","","","","","","","","","","","","",""
"59343001","LILLE-LESQUIN",50.57,3.0975,47,1959112900,"","","","",5.,1,"","","","","","","","","","","","","","","","","","","","","","","","","","","","","","",6.6,1,4.7,1,"","","","","","","","","","","","","","","","","","","","","","","","","","",88,1,"","","","","","","","","","","","",8.6,1,1007.9,1,"","","","","","",8,1,8,1,5,1,"","","","","","","","","","","","","","","","","","","","","","","","","","","","",8000,1,"","",3,1,1,1,"","","","","","","","","","","","","","","","","","","","","","","","","","","","","","","","","","","","","","","","","","","","","","","","","","","","","","","","","","","","","","","","","",""
"59343001","LILLE-LESQUIN",50.57,3.0975,47,1959112903,"","","","",5.,1,"","","","","","","","","","","","","","","","","","","","","","","","","","","","","","",7.7,1,6.1,1,"","","","","","","","","","","","","","","","","","","","","","","","","","",90,1,"","","","","","","","","","","","",9.5,1,1005.1,1,"","","","","","",8,1,8,1,6,1,"","","","","","","","","","","","","","","","","","","","","","","","","","","","",8000,1,"","",2,1,2,1,"","","","","","","","","","","","","","","","","","","","","","","","","","","","","","","","","","","","","","","","","","","","","","","","","","","","","","","","","","","","","","","","","",""
"59343001","LILLE-LESQUIN",50.57,3.0975,47,1959112906,"","","","",6.,1,"","","","","","","","","","","","","","","","","","","","","","","","","","","","","","",7.2,1,5.3,1,"","","","","","","","","","","","","","","","","","","","","","","","","","",88,1,"","","","","","","","","","","","",9.,1,1003.3,1,"","","","","","",6,1,6,1,5,1,0,1,0,1,"","","","","","","","","","","","","","","","","","","","","","","","",10000,1,"","",3,1,1,1,"","",0,1,"","","","","","","","","","","","","","","","","","","","","","","","","","","","","","","","","","","","","","","","","","","","","","","","","","","","","","","","","","","","","",""
"59343001","LILLE-LESQUIN",50.57,3.0975,47,1959112909,"","","","",8.,1,"","","","","","","","","","","","","","","","","","","","","","","","","","","","","","",7.9,1,5.1,1,"","","","","","","","","","","","","","","","","","","","","","","","","","",83,1,"","","","","","","","","","","","",8.9,1,1001.6,1,"","","","","","",4,1,0,1,5,1,0,1,1,1,"","","","","","","","","","","","","","","","","","","","","","","","",10000,1,"","",1,1,2,1,"","","","","","","","","","","","","","","","","","","","","","","","","","","","","","","","","","","","","","","","","","","","","","","","","","","","","","","","","","","","","","","","","",""
"59343001","LILLE-LESQUIN",50.57,3.0975,47,1959112912,"","","","",10.,1,"","","","","","","","","","","","","","","","","","","","","","","","","","","","","","",10.7,1,4.7,1,"","","","","","","","","","","","","","","","","","","","","","","","","","",67,1,"","","","","","","","","","","","",8.6,1,998.6,1,"","","","","","",3,1,0,1,5,1,3,1,0,1,"","","","","","","","","","","","","","","","","","","","","","","","",15000,1,"","",1,1,1,1,"","","","","","","","","","","","","","","","","","","","","","","","","","","","","","","","","","","","","","","","","","","","","","","","","","","","","","","","","","","","","","","","","",""
"59343001","LILLE-LESQUIN",50.57,3.0975,47,1959112915,"","","","",9.,1,"","","","","","","","","","","","","","","","","","","","","","","","","","","","","","",10.4,1,4.8,1,"","","","","","","","","","","","","","","","","","","","","","","","","","",69,1,"","","","","","","","","","","","",8.7,1,997.1,1,"","","","","","",7,1,7,1,5,1,"","","","","","","","","","","","","","","","","","","","","","","","","","","","",15000,1,"","",2,1,2,1,"","","","","","","","","","","","","","","","","","","","","","","","","","","","","","","","","","","","","","","","","","","","","","","","","","","","","","","","","","","","","","","","","",""
"59343001","LILLE-LESQUIN",50.57,3.0975,47,1959112918,"","","","",9.,1,"","","","","","","","","","","","","","","","","","","","","","","","","","","","","","",8.6,1,4.7,1,"","","","","","","","","","","","","","","","","","","","","","","","","","",77,1,"","","","","","","","","","","","",8.6,1,998.8,1,"","","","","","",8,1,5,1,8,1,"","","","","","","","","","","","","","","","","","","","","","","","","","","","",10000,1,"","",60,1,2,1,"","","","","","","","","","","","","","","","","","","","","","","","","","","","","","","","","","","","","","","","","","","","","","","","","","","","","","","","","","","","","","","","","",""
"59343001","LILLE-LESQUIN",50.57,3.0975,47,1959112921,"","","","",5.,1,"","","","","","","","","","","","","","","","","","","","","","","","","","","","","","",5.2,1,3.,1,"","","","","","","","","","","","","","","","","","","","","","","","","","",86,1,"","","","","","","","","","","","",7.6,1,1002.,1,"","","","","","",1,1,0,1,5,1,0,1,0,1,"","","","","","","","","","","","","","","","","","","","","","","","",15000,1,"","",3,1,6,1,"","","","","","","","","","","","","","","","","","","","","","","","","","","","","","","","","","","","","","","","","","","","","","","","","","","","","","","","","","","","","","","","","",""
"59343001","LILLE-LESQUIN",50.57,3.0975,47,1959113000,"","","","",4.,1,"","","","","","","","","","","","","","","","","","","","","","","","","","","","","","",5.1,1,2.6,1,"","","","","","","","","","","","","","","","","","","","","","","","","","",84,1,"","","","","","","","","","","","",7.4,1,1002.,1,"","","","","","",0,1,"","",0,1,0,1,0,1,"","","","","","","","","","","","","","","","","","","","","","","","",12000,1,"","",2,1,6,1,"","","","","","","","","","","","","","","","","","","","","","","","","","","","","","","","","","","","","","","","","","","","","","","","","","","","","","","","","","","","","","","","","",""
"59343001","LILLE-LESQUIN",50.57,3.0975,47,1959113003,"","","","",1.,1,"","","","","","","","","","","","","","","","","","","","","","","","","","","","","","",2.2,1,1.,1,"","","","","","","","","","","","","","","","","","","","","","","","","","",93,1,"","","","","","","","","","","","",6.6,1,1000.6,1,"","","","","","",0,1,"","",0,1,0,1,0,1,"","","","","","","","","","","","","","","","","","","","","","","","",8000,1,"","",2,1,0,1,"","","","","","","","","","","","","","","","","","","","","","","","","","","","","","","","","","","","","","","","","","","","","","","","","","","","","","","","","","","","","","","","","",""
"59343001","LILLE-LESQUIN",50.57,3.0975,47,1959113006,"","","","",2.,1,"","","","","","","","","","","","","","","","","","","","","","","","","","","","","","",1.8,1,0.6,1,"","","","","","","","","","","","","","","","","","","","","","","","","","",92,1,"","","","","","","","","","","","",6.4,1,999.3,1,"","","","","","",5,1,5,1,0,1,3,1,0,1,"","","","","","","","","","","","","","","","","","","","","","","","",6000,1,"","",2,1,2,1,"","",0,1,"","","","","","","","","","","","","","","","","","","","","","","","","","","","","","","","","","","","","","","","","","","","","","","","","","","","","","","","","","","","","",""
"59343001","LILLE-LESQUIN",50.57,3.0975,47,1959113009,"","","","",2.,1,"","","","","","","","","","","","","","","","","","","","","","","","","","","","","","",4.,1,3.,1,"","","","","","","","","","","","","","","","","","","","","","","","","","",93,1,"","","","","","","","","","","","",7.6,1,997.6,1,"","","","","","",8,1,6,1,5,1,7,1,"","","","","","","","","","","","","","","","","","","","","","","","","","",1600,1,"","",61,1,2,1,"","","","","","","","","","","","","","","","","","","","","","","","","","","","","","","","","","","","","","","","","","","","","","","","","","","","","","","","","","","","","","","","","",""
"59343001","LILLE-LESQUIN",50.57,3.0975,47,1959113012,"","","","",5.,1,"","","","","","","","","","","","","","","","","","","","","","","","","","","","","","",6.2,1,5.3,1,"","","","","","","","","","","","","","","","","","","","","","","","","","",95,1,"","","","","","","","","","","","",9.,1,992.7,1,"","","","","","",8,1,8,1,7,1,"","","","","","","","","","","","","","","","","","","","","","","","","","","","",1200,1,"","",61,1,6,1,"","","","","","","","","","","","","","","","","","","","","","","","","","","","","","","","","","","","","","","","","","","","","","","","","","","","","","","","","","","","","","","","","",""
"59343001","LILLE-LESQUIN",50.57,3.0975,47,1959113015,"","","","",5.,1,"","","","","","","","","","","","","","","","","","","","","","","","","","","","","","",6.6,1,5.1,1,"","","","","","","","","","","","","","","","","","","","","","","","","","",91,1,"","","","","","","","","","","","",8.9,1,990.4,1,"","","","","","",8,1,8,1,7,1,"","","","","","","","","","","","","","","","","","","","","","","","","","","","",1800,1,"","",51,1,6,1,"","","","","","","","","","","","","","","","","","","","","","","","","","","","","","","","","","","","","","","","","","","","","","","","","","","","","","","","","","","","","","","","","",""
"59343001","LILLE-LESQUIN",50.57,3.0975,47,1959113018,"","","","",2.,1,"","","","","","","","","","","","","","","","","","","","","","","","","","","","","","",4.2,1,3.1,1,"","","","","","","","","","","","","","","","","","","","","","","","","","",93,1,"","","","","","","","","","","","",7.7,1,990.4,1,"","","","","","",8,1,8,1,6,1,"","","","","","","","","","","","","","","","","","","","","","","","","","","","","","","","",10,1,6,1,"","","","","","","","","","","","","","","","","","","","","","","","","","","","","","","","","","","","","","","","","","","","","","","","","","","","","","","","","","","","","","","","","",""
"59343001","LILLE-LESQUIN",50.57,3.0975,47,1959113021,"","","","",2.,1,"","","","","","","","","","","","","","","","","","","","","","","","","","","","","","",3.2,1,2.2,1,"","","","","","","","","","","","","","","","","","","","","","","","","","",93,1,"","","","","","","","","","","","",7.2,1,989.7,1,"","","","","","",8,1,8,1,5,1,"","","","","","","","","","","","","","","","","","","","","","","","","","","","",7000,1,"","",3,1,2,1,"","","","","","","","","","","","","","","","","","","","","","","","","","","","","","","","","","","","","","","","","","","","","","","","","","","","","","","","","","","","","","","","","",""
"59343001","LILLE-LESQUIN",50.57,3.0975,47,1959120100,"","","","",2.,1,"","","","","","","","","","","","","","","","","","","","","","","","","","","","","","",1.1,1,0.2,1,"","","","","","","","","","","","","","","","","","","","","","","","","","",94,1,"","","","","","","","","","","","",6.2,1,989.3,1,"","","","","","",0,1,"","",0,1,0,1,0,1,"","","","","","","","","","","","","","","","","","","","","","","","",7000,1,"","",1,1,1,1,"","","","","","","","","","","","","","","","","","","","","","","","","","","","","","","","","","","","","","","","","","","","","","","","","","","","","","","","","","","","","","","","","",""
"59343001","LILLE-LESQUIN",50.57,3.0975,47,1959120103,"","","","",2.,1,"","","","","","","","","","","","","","","","","","","","","","","","","","","","","","",1.3,1,0.4,1,"","","","","","","","","","","","","","","","","","","","","","","","","","",94,1,"","","","","","","","","","","","",6.3,1,989.2,1,"","","","","","",8,1,8,1,5,1,"","","","","","","","","","","","","","","","","","","","","","","","","","","","",6000,1,"","",3,1,1,1,"","","","","","","","","","","","","","","","","","","","","","","","","","","","","","","","","","","","","","","","","","","","","","","","","","","","","","","","","","","","","","","","","",""
"59343001","LILLE-LESQUIN",50.57,3.0975,47,1959120106,"","","","",3.,1,"","","","","","","","","","","","","","","","","","","","","","","","","","","","","","",2.2,1,1.2,1,"","","","","","","","","","","","","","","","","","","","","","","","","","",95,1,"","","","","","","","","","","","",6.7,1,990.,1,"","","","","","",8,1,8,1,6,1,"","","","","","","","","","","","","","","","","","","","","","","","","","","","",1800,1,"","",10,1,2,1,"","",0,1,"","","","","","","","","","","","","","","","","","","","","","","","","","","","","","","","","","","","","","","","","","","","","","","","","","","","","","","","","","","","","",""
"59343001","LILLE-LESQUIN",50.57,3.0975,47,1959120109,"","","","",3.,1,"","","","","","","","","","","","","","","","","","","","","","","","","","","","","","",3.8,1,2.4,1,"","","","","","","","","","","","","","","","","","","","","","","","","","",91,1,"","","","","","","","","","","","",7.3,1,991.6,1,"","","","","","",7,1,7,1,5,1,"","","","","","","","","","","","","","","","","","","","","","","","","","","","",1400,1,"","",10,1,2,1,"","","","","","","","","","","","","","","","","","","","","","","","","","","","","","","","","","","","","","","","","","","","","","","","","","","","","","","","","","","","","","","","","",""
"59343001","LILLE-LESQUIN",50.57,3.0975,47,1959120112,"","","","",3.,1,"","","","","","","","","","","","","","","","","","","","","","","","","","","","","","",6.3,1,3.7,1,"","","","","","","","","","","","","","","","","","","","","","","","","","",83,1,"","","","","","","","","","","","",8.,1,992.6,1,"","","","","","",8,1,8,1,5,1,"","","","","","","","","","","","","","","","","","","","","","","","","","","","",1600,1,"","",10,1,2,1,"","","","","","","","","","","","","","","","","","","","","","","","","","","","","","","","","","","","","","","","","","","","","","","","","","","","","","","","","","","","","","","","","",""
"59343001","LILLE-LESQUIN",50.57,3.0975,47,1959120115,"","","","",4.,1,"","","","","","","","","","","","","","","","","","","","","","","","","","","","","","",6.8,1,4.3,1,"","","","","","","","","","","","","","","","","","","","","","","","","","",85,1,"","","","","","","","","","","","",8.4,1,994.,1,"","","","","","",6,1,6,1,5,1,0,1,0,1,"","","","","","","","","","","","","","","","","","","","","","","","",3000,1,"","",10,1,2,1,"","","","","","","","","","","","","","","","","","","","","","","","","","","","","","","","","","","","","","","","","","","","","","","","","","","","","","","","","","","","","","","","","",""
"59343001","LILLE-LESQUIN",50.57,3.0975,47,1959120118,"","","","",4.,1,"","","","","","","","","","","","","","","","","","","","","","","","","","","","","","",5.3,1,3.7,1,"","","","","","","","","","","","","","","","","","","","","","","","","","",89,1,"","","","","","","","","","","","",8.,1,997.3,1,"","","","","","",8,1,8,1,6,1,"","","","","","","","","","","","","","","","","","","","","","","","","","","","",2500,1,"","",10,1,2,1,"","","","","","","","","","","","","","","","","","","","","","","","","","","","","","","","","","","","","","","","","","","","","","","","","","","","","","","","","","","","","","","","","",""
"59343001","LILLE-LESQUIN",50.57,3.0975,47,1959120121,"","","","",2.,1,"","","","","","","","","","","","","","","","","","","","","","","","","","","","","","",5.2,1,3.8,1,"","","","","","","","","","","","","","","","","","","","","","","","","","",92,1,"","","","","","","","","","","","",8.1,1,998.9,1,"","","","","","",8,1,8,1,5,1,"","","","","","","","","","","","","","","","","","","","","","","","","","","","",2000,1,"","",10,1,2,1,"","","","","","","","","","","","","","","","","","","","","","","","","","","","","","","","","","","","","","","","","","","","","","","","","","","","","","","","","","","","","","","","","",""
"59343001","LILLE-LESQUIN",50.57,3.0975,47,1959120200,"","","","",1.,1,"","","","","","","","","","","","","","","","","","","","","","","","","","","","","","",5.4,1,3.8,1,"","","","","","","","","","","","","","","","","","","","","","","","","","",91,1,"","","","","","","","","","","","",8.1,1,"","","","","","","","",8,1,"","","","","","","","","","","","","","","","","","","","","","","","","","","","","","","","","","","","","","","","","","","","","","","","","","","","","","","","","","","","","","","","","","","","","","","","","","","","","","","","","","","","","","","","","","","","","","","","","","","","","","","","","",""
"59343001","LILLE-LESQUIN",50.57,3.0975,47,1959120203,"","","","",2.,1,"","","","","","","","","","","","","","","","","","","","","","","","","","","","","","",5.,1,3.3,1,"","","","","","","","","","","","","","","","","","","","","","","","","","",90,1,"","","","","","","","","","","","",7.8,1,"","","","","","","","",8,1,"","","","","","","","","","","","","","","","","","","","","","","","","","","","","","","","","","","","","","","","","","","","","","","","","","","","","","","","","","","","","","","","","","","","","","","","","","","","","","","","","","","","","","","","","","","","","","","","","","","","","","","","","",""
"59343001","LILLE-LESQUIN",50.57,3.0975,47,1959120206,"","","","",3.,1,"","","","","","","","","","","","","","","","","","","","","","","","","","","","","","",5.4,1,3.8,1,"","","","","","","","","","","","","","","","","","","","","","","","","","",91,1,"","","","","","","","","","","","",8.1,1,"","","","","","","","",8,1,"","","","","","","","","","","","","","","","","","","","","","","","","","","","","","","","","","","","","","","","","","","","","","","","","","","","","","","","","","","","","","","","","","","","","","","","","","","","","","","","","","","","","","","","","","","","","","","","","","","","","","","","","",""
"59343001","LILLE-LESQUIN",50.57,3.0975,47,1959120209,"","","","",3.,1,"","","","","","","","","","","","","","","","","","","","","","","","","","","","","","",2.9,1,2.8,1,"","","","","","","","","","","","","","","","","","","","","","","","","","",98,1,"","","","","","","","","","","","",7.5,1,"","","","","","","","",8,1,"","","","","","","","","","","","","","","","","","","","","","","","","","","","","","","","","","","","","","","","","","","","","","","","","","","","","","","","","","","","","","","","","","","","","","","","","","","","","","","","","","","","","","","","","","","","","","","","","","","","","","","","","",""
"59343001","LILLE-LESQUIN",50.57,3.0975,47,1959120212,"","","","",2.,1,"","","","","","","","","","","","","","","","","","","","","","","","","","","","","","",3.6,1,3.3,1,"","","","","","","","","","","","","","","","","","","","","","","","","","",98,1,"","","","","","","","","","","","",7.8,1,"","","","","","","","",8,1,"","","","","","","","","","","","","","","","","","","","","","","","","","","","","","","","","","","","","","","","","","","","","","","","","","","","","","","","","","","","","","","","","","","","","","","","","","","","","","","","","","","","","","","","","","","","","","","","","","","","","","","","","",""
"59343001","LILLE-LESQUIN",50.57,3.0975,47,1959120215,"","","","",3.,1,"","","","","","","","","","","","","","","","","","","","","","","","","","","","","","",4.7,1,4.2,1,"","","","","","","","","","","","","","","","","","","","","","","","","","",97,1,"","","","","","","","","","","","",8.3,1,"","","","","","","","",8,1,"","","","","","","","","","","","","","","","","","","","","","","","","","","","","","","","","","","","","","","","","","","","","","","","","","","","","","","","","","","","","","","","","","","","","","","","","","","","","","","","","","","","","","","","","","","","","","","","","","","","","","","","","",""
"59343001","LILLE-LESQUIN",50.57,3.0975,47,1959120218,"","","","",4.,1,"","","","","","","","","","","","","","","","","","","","","","","","","","","","","","",5.,1,4.3,1,"","","","","","","","","","","","","","","","","","","","","","","","","","",97,1,"","","","","","","","","","","","",8.4,1,"","","","","","","","",7,1,"","","","","","","","","","","","","","","","","","","","","","","","","","","","","","","","","","","","","","","","","","","","","","","","","","","","","","","","","","","","","","","","","","","","","","","","","","","","","","","","","","","","","","","","","","","","","","","","","","","","","","","","","",""
"59343001","LILLE-LESQUIN",50.57,3.0975,47,1959120221,"","","","",6.,1,"","","","","","","","","","","","","","","","","","","","","","","","","","","","","","",6.4,1,3.1,1,"","","","","","","","","","","","","","","","","","","","","","","","","","",81,1,"","","","","","","","","","","","",7.7,1,"","","","","","","","",8,1,"","","","","","","","","","","","","","","","","","","","","","","","","","","","","","","","","","","","","","","","","","","","","","","","","","","","","","","","","","","","","","","","","","","","","","","","","","","","","","","","","","","","","","","","","","","","","","","","","","","","","","","","","",""
"59343001","LILLE-LESQUIN",50.57,3.0975,47,1959120300,"","","","",7.,1,"","","","","","","","","","","","","","","","","","","","","","","","","","","","","","",6.4,1,4.8,1,"","","","","","","","","","","","","","","","","","","","","","","","","","",91,1,"","","","","","","","","","","","",8.7,1,1002.7,1,"","","","","","",8,1,8,1,6,1,"","","","","","","","","","","","","","","","","","","","","","","","","","","","",8000,1,"","",2,1,"","","","","","","","","","","","","","","","","","","","","","","","","","","","","","","","","","","","","","","","","","","","","","","","","","","","","","","","","","","","","","","","","","","",""
"59343001","LILLE-LESQUIN",50.57,3.0975,47,1959120303,"","","","",6.,1,"","","","","","","","","","","","","","","","","","","","","","","","","","","","","","",7.,1,5.1,1,"","","","","","","","","","","","","","","","","","","","","","","","","","",88,1,"","","","","","","","","","","","",8.9,1,1002.4,1,"","","","","","",8,1,8,1,6,1,"","","","","","","","","","","","","","","","","","","","","","","","","","","","",7000,1,"","",2,1,5,1,"","","","","","","","","","","","","","","","","","","","","","","","","","","","","","","","","","","","","","","","","","","","","","","","","","","","","","","","","","","","","","","","","",""
"59343001","LILLE-LESQUIN",50.57,3.0975,47,1959120306,"","","","",6.,1,"","","","","","","","","","","","","","","","","","","","","","","","","","","","","","",7.2,1,5.8,1,"","","","","","","","","","","","","","","","","","","","","","","","","","",91,1,"","","","","","","","","","","","",9.3,1,1001.2,1,"","","","","","",8,1,8,1,6,1,"","","","","","","","","","","","","","","","","","","","","","","","","","","","",6000,1,"","",2,1,5,1,"","",0,1,"","","","","","","","","","","","","","","","","","","","","","","","","","","","","","","","","","","","","","","","","","","","","","","","","","","","","","","","","","","","","",""
"59343001","LILLE-LESQUIN",50.57,3.0975,47,1959120309,"","","","",6.,1,"","","","","","","","","","","","","","","","","","","","","","","","","","","","","","",7.6,1,6.1,1,"","","","","","","","","","","","","","","","","","","","","","","","","","",92,1,"","","","","","","","","","","","",9.5,1,1000.9,1,"","","","","","",7,1,6,1,5,1,"","","","","","","","","","","","","","","","","","","","","","","","","","","","",3000,1,"","",10,1,2,1,"","","","","","","","","","","","","","","","","","","","","","","","","","","","","","","","","","","","","","","","","","","","","","","","","","","","","","","","","","","","","","","","","",""
"59343001","LILLE-LESQUIN",50.57,3.0975,47,1959120312,"","","","",7.,1,"","","","","","","","","","","","","","","","","","","","","","","","","","","","","","",9.5,1,5.6,1,"","","","","","","","","","","","","","","","","","","","","","","","","","",78,1,"","","","","","","","","","","","",9.2,1,999.4,1,"","","","","","",7,1,7,1,5,1,"","","","","","","","","","","","","","","","","","","","","","","","","","","","",7000,1,"","",3,1,2,1,"","","","","","","","","","","","","","","","","","","","","","","","","","","","","","","","","","","","","","","","","","","","","","","","","","","","","","","","","","","","","","","","","",""
"59343001","LILLE-LESQUIN",50.57,3.0975,47,1959120315,"","","","",7.,1,"","","","","","","","","","","","","","","","","","","","","","","","","","","","","","",9.,1,6.8,1,"","","","","","","","","","","","","","","","","","","","","","","","","","",87,1,"","","","","","","","","","","","",10.,1,996.7,1,"","","","","","",8,1,5,1,5,1,"","","","","","","","","","","","","","","","","","","","","","","","","","","","",4500,1,"","",10,1,2,1,"","","","","","","","","","","","","","","","","","","","","","","","","","","","","","","","","","","","","","","","","","","","","","","","","","","","","","","","","","","","","","","","","",""
"59343001","LILLE-LESQUIN",50.57,3.0975,47,1959120318,"","","","",8.,1,"","","","","","","","","","","","","","","","","","","","","","","","","","","","","","",8.2,1,5.8,1,"","","","","","","","","","","","","","","","","","","","","","","","","","",86,1,"","","","","","","","","","","","",9.3,1,994.,1,"","","","","","",8,1,6,1,5,1,7,1,"","","","","","","","","","","","","","","","","","","","","","","","","","",6000,1,"","",61,1,6,1,"","","","","","","","","","","","","","","","","","","","","","","","","","","","","","","","","","","","","","","","","","","","","","","","","","","","","","","","","","","","","","","","","",""
"59343001","LILLE-LESQUIN",50.57,3.0975,47,1959120321,"","","","",7.,1,"","","","","","","","","","","","","","","","","","","","","","","","","","","","","","",7.9,1,5.1,1,"","","","","","","","","","","","","","","","","","","","","","","","","","",83,1,"","","","","","","","","","","","",8.9,1,992.6,1,"","","","","","",8,1,8,1,5,1,"","","","","","","","","","","","","","","","","","","","","","","","","","","","",12000,1,"","",21,1,6,1,"","","","","","","","","","","","","","","","","","","","","","","","","","","","","","","","","","","","","","","","","","","","","","","","","","","","","","","","","","","","","","","","","",""
"59343001","LILLE-LESQUIN",50.57,3.0975,47,1959120400,"","","","",8.,1,"","","","","","","","","","","","","","","","","","","","","","","","","","","","","","",6.2,1,4.,1,"","","","","","","","","","","","","","","","","","","","","","","","","","",86,1,"","","","","","","","","","","","",8.2,1,993.8,1,"","","","","","",8,1,8,1,5,1,"","","","","","","","","","","","","","","","","","","","","","","","","","","","",10000,1,"","",61,1,6,1,"","","","","","","","","","","","","","","","","","","","","","","","","","","","","","","","","","","","","","","","","","","","","","","","","","","","","","","","","","","","","","","","","",""
"59343001","LILLE-LESQUIN",50.57,3.0975,47,1959120403,"","","","",8.,1,"","","","","","","","","","","","","","","","","","","","","","","","","","","","","","",5.2,1,2.,1,"","","","","","","","","","","","","","","","","","","","","","","","","","",80,1,"","","","","","","","","","","","",7.1,1,995.9,1,"","","","","","",3,1,0,1,5,1,0,1,0,1,"","","","","","","","","","","","","","","","","","","","","","","","",20000,1,"","",2,1,6,1,"","","","","","","","","","","","","","","","","","","","","","","","","","","","","","","","","","","","","","","","","","","","","","","","","","","","","","","","","","","","","","","","","",""
"59343001","LILLE-LESQUIN",50.57,3.0975,47,1959120406,"","","","",8.,1,"","","","","","","","","","","","","","","","","","","","","","","","","","","","","","",4.2,1,1.6,1,"","","","","","","","","","","","","","","","","","","","","","","","","","",83,1,"","","","","","","","","","","","",6.9,1,997.,1,"","","","","","",2,1,0,1,5,1,0,1,0,1,"","","","","","","","","","","","","","","","","","","","","","","","",20000,1,"","",1,1,6,1,"","",0,1,"","","","","","","","","","","","","","","","","","","","","","","","","","","","","","","","","","","","","","","","","","","","","","","","","","","","","","","","","","","","","",""
"59343001","LILLE-LESQUIN",50.57,3.0975,47,1959120409,"","","","",9.,1,"","","","","","","","","","","","","","","","","","","","","","","","","","","","","","",4.,1,3.3,1,"","","","","","","","","","","","","","","","","","","","","","","","","","",97,1,"","","","","","","","","","","","",7.8,1,998.6,1,"","","","","","",8,1,8,1,7,1,"","","","","","","","","","","","","","","","","","","","","","","","","","","","",6000,1,"","",63,1,6,1,"","","","","","","","","","","","","","","","","","","","","","","","","","","","","","","","","","","","","","","","","","","","","","","","","","","","","","","","","","","","","","","","","",""
"59343001","LILLE-LESQUIN",50.57,3.0975,47,1959120412,"","","","",7.,1,"","","","","","","","","","","","","","","","","","","","","","","","","","","","","","",5.5,1,3.7,1,"","","","","","","","","","","","","","","","","","","","","","","","","","",89,1,"","","","","","","","","","","","",8.,1,998.9,1,"","","","","","",8,1,8,1,7,1,"","","","","","","","","","","","","","","","","","","","","","","","","","","","",4500,1,"","",61,1,6,1,"","","","","","","","","","","","","","","","","","","","","","","","","","","","","","","","","","","","","","","","","","","","","","","","","","","","","","","","","","","","","","","","","",""
"59343001","LILLE-LESQUIN",50.57,3.0975,47,1959120415,"","","","",9.,1,"","","","","","","","","","","","","","","","","","","","","","","","","","","","","","",5.4,1,3.,1,"","","","","","","","","","","","","","","","","","","","","","","","","","",84,1,"","","","","","","","","","","","",7.6,1,999.5,1,"","","","","","",8,1,8,1,7,1,"","","","","","","","","","","","","","","","","","","","","","","","","","","","",6000,1,"","",61,1,6,1,"","","","","","","","","","","","","","","","","","","","","","","","","","","","","","","","","","","","","","","","","","","","","","","","","","","","","","","","","","","","","","","","","",""
"59343001","LILLE-LESQUIN",50.57,3.0975,47,1959120418,"","","","",8.,1,"","","","","","","","","","","","","","","","","","","","","","","","","","","","","","",5.1,1,2.8,1,"","","","","","","","","","","","","","","","","","","","","","","","","","",86,1,"","","","","","","","","","","","",7.5,1,1001.2,1,"","","","","","",8,1,8,1,7,1,"","","","","","","","","","","","","","","","","","","","","","","","","","","","",6000,1,"","",60,1,6,1,"","","","","","","","","","","","","","","","","","","","","","","","","","","","","","","","","","","","","","","","","","","","","","","","","","","","","","","","","","","","","","","","","",""
"59343001","LILLE-LESQUIN",50.57,3.0975,47,1959120421,"","","","",6.,1,"","","","","","","","","","","","","","","","","","","","","","","","","","","","","","",5.8,1,2.8,1,"","","","","","","","","","","","","","","","","","","","","","","","","","",82,1,"","","","","","","","","","","","",7.5,1,1003.3,1,"","","","","","",8,1,8,1,5,1,"","","","","","","","","","","","","","","","","","","","","","","","","","","","",7000,1,"","",2,1,6,1,"","","","","","","","","","","","","","","","","","","","","","","","","","","","","","","","","","","","","","","","","","","","","","","","","","","","","","","","","","","","","","","","","",""
"59343001","LILLE-LESQUIN",50.57,3.0975,47,1959120500,"","","","",5.,1,"","","","","","","","","","","","","","","","","","","","","","","","","","","","","","",6.,1,3.5,1,"","","","","","","","","","","","","","","","","","","","","","","","","","",85,1,"","","","","","","","","","","","",7.9,1,1004.7,1,"","","","","","",8,1,8,1,5,1,"","","","","","","","","","","","","","","","","","","","","","","","","","","","",6000,1,"","",61,1,6,1,"","","","","","","","","","","","","","","","","","","","","","","","","","","","","","","","","","","","","","","","","","","","","","","","","","","","","","","","","","","","","","","","","",""
"59343001","LILLE-LESQUIN",50.57,3.0975,47,1959120503,"","","","",5.,1,"","","","","","","","","","","","","","","","","","","","","","","","","","","","","","",6.,1,3.1,1,"","","","","","","","","","","","","","","","","","","","","","","","","","",82,1,"","","","","","","","","","","","",7.7,1,1006.,1,"","","","","","",8,1,8,1,5,1,"","","","","","","","","","","","","","","","","","","","","","","","","","","","",8000,1,"","",2,1,6,1,"","","","","","","","","","","","","","","","","","","","","","","","","","","","","","","","","","","","","","","","","","","","","","","","","","","","","","","","","","","","","","","","","",""
"59343001","LILLE-LESQUIN",50.57,3.0975,47,1959120506,"","","","",4.,1,"","","","","","","","","","","","","","","","","","","","","","","","","","","","","","",2.6,1,1.,1,"","","","","","","","","","","","","","","","","","","","","","","","","","",89,1,"","","","","","","","","","","","",6.6,1,1007.6,1,"","","","","","",2,1,0,1,5,1,0,1,0,1,"","","","","","","","","","","","","","","","","","","","","","","","",8000,1,"","",1,1,6,1,"","",0,1,"","","","","","","","","","","","","","","","","","","","","","","","","","","","","","","","","","","","","","","","","","","","","","","","","","","","","","","","","","","","","",""
"59343001","LILLE-LESQUIN",50.57,3.0975,47,1959120509,"","","","",3.,1,"","","","","","","","","","","","","","","","","","","","","","","","","","","","","","",3.,1,1.2,1,"","","","","","","","","","","","","","","","","","","","","","","","","","",89,1,"","","","","","","","","","","","",6.7,1,1009.3,1,"","","","","","",1,1,0,1,0,1,0,1,1,1,"","","","","","","","","","","","","","","","","","","","","","","","",2000,1,"","",10,1,0,1,"","","","","","","","","","","","","","","","","","","","","","","","","","","","","","","","","","","","","","","","","","","","","","","","","","","","","","","","","","","","","","","","","",""
"59343001","LILLE-LESQUIN",50.57,3.0975,47,1959120512,"","","","",4.,1,"","","","","","","","","","","","","","","","","","","","","","","","","","","","","","",8.,1,3.3,1,"","","","","","","","","","","","","","","","","","","","","","","","","","",72,1,"","","","","","","","","","","","",7.8,1,1009.4,1,"","","","","","",0,1,"","",0,1,0,1,0,1,"","","","","","","","","","","","","","","","","","","","","","","","",4500,1,"","",10,1,0,1,"","","","","","","","","","","","","","","","","","","","","","","","","","","","","","","","","","","","","","","","","","","","","","","","","","","","","","","","","","","","","","","","","",""
"59343001","LILLE-LESQUIN",50.57,3.0975,47,1959120515,"","","","",4.,1,"","","","","","","","","","","","","","","","","","","","","","","","","","","","","","",7.8,1,3.8,1,"","","","","","","","","","","","","","","","","","","","","","","","","","",76,1,"","","","","","","","","","","","",8.1,1,1009.5,1,"","","","","","",1,1,0,1,1,1,0,1,1,1,"","","","","","","","","","","","","","","","","","","","","","","","",8000,1,"","",3,1,0,1,"","","","","","","","","","","","","","","","","","","","","","","","","","","","","","","","","","","","","","","","","","","","","","","","","","","","","","","","","","","","","","","","","",""
"59343001","LILLE-LESQUIN",50.57,3.0975,47,1959120518,"","","","",4.,1,"","","","","","","","","","","","","","","","","","","","","","","","","","","","","","",4.4,1,2.8,1,"","","","","","","","","","","","","","","","","","","","","","","","","","",90,1,"","","","","","","","","","","","",7.5,1,1010.1,1,"","","","","","",1,1,0,1,4,1,0,1,0,1,"","","","","","","","","","","","","","","","","","","","","","","","",6000,1,"","",2,1,0,1,"","","","","","","","","","","","","","","","","","","","","","","","","","","","","","","","","","","","","","","","","","","","","","","","","","","","","","","","","","","","","","","","","",""
"59343001","LILLE-LESQUIN",50.57,3.0975,47,1959120521,"","","","",7.,1,"","","","","","","","","","","","","","","","","","","","","","","","","","","","","","",3.7,1,3.,1,"","","","","","","","","","","","","","","","","","","","","","","","","","",95,1,"","","","","","","","","","","","",7.6,1,1010.5,1,"","","","","","",8,1,8,1,6,1,"","","","","","","","","","","","","","","","","","","","","","","","","","","","",1400,1,"","",10,1,1,1,"","","","","","","","","","","","","","","","","","","","","","","","","","","","","","","","","","","","","","","","","","","","","","","","","","","","","","","","","","","","","","","","","",""
"59343001","LILLE-LESQUIN",50.57,3.0975,47,1959120600,"","","","",6.,1,"","","","","","","","","","","","","","","","","","","","","","","","","","","","","","",3.7,1,2.6,1,"","","","","","","","","","","","","","","","","","","","","","","","","","",93,1,"","","","","","","","","","","","",7.4,1,1009.8,1,"","","","","","",8,1,8,1,6,1,"","","","","","","","","","","","","","","","","","","","","","","","","","","","",4000,1,"","",10,1,1,1,"","","","","","","","","","","","","","","","","","","","","","","","","","","","","","","","","","","","","","","","","","","","","","","","","","","","","","","","","","","","","","","","","",""
"59343001","LILLE-LESQUIN",50.57,3.0975,47,1959120603,"","","","",7.,1,"","","","","","","","","","","","","","","","","","","","","","","","","","","","","","",4.4,1,2.6,1,"","","","","","","","","","","","","","","","","","","","","","","","","","",89,1,"","","","","","","","","","","","",7.4,1,1008.1,1,"","","","","","",8,1,8,1,6,1,"","","","","","","","","","","","","","","","","","","","","","","","","","","","","","","","",10,1,2,1,"","","","","","","","","","","","","","","","","","","","","","","","","","","","","","","","","","","","","","","","","","","","","","","","","","","","","","","","","","","","","","","","","",""
"59343001","LILLE-LESQUIN",50.57,3.0975,47,1959120606,"","","","",7.,1,"","","","","","","","","","","","","","","","","","","","","","","","","","","","","","",4.7,1,3.1,1,"","","","","","","","","","","","","","","","","","","","","","","","","","",90,1,"","","","","","","","","","","","",7.7,1,1006.9,1,"","","","","","",8,1,8,1,6,1,"","","","","","","","","","","","","","","","","","","","","","","","","","","","",6000,1,"","",2,1,2,1,"","",0,1,"","","","","","","","","","","","","","","","","","","","","","","","","","","","","","","","","","","","","","","","","","","","","","","","","","","","","","","","","","","","","",""
"59343001","LILLE-LESQUIN",50.57,3.0975,47,1959120609,"","","","",8.,1,"","","","","","","","","","","","","","","","","","","","","","","","","","","","","","",5.2,1,3.1,1,"","","","","","","","","","","","","","","","","","","","","","","","","","",87,1,"","","","","","","","","","","","",7.7,1,1006.5,1,"","","","","","",8,1,8,1,6,1,"","","","","","","","","","","","","","","","","","","","","","","","","","","","",6000,1,"","",2,1,2,1,"","","","","","","","","","","","","","","","","","","","","","","","","","","","","","","","","","","","","","","","","","","","","","","","","","","","","","","","","","","","","","","","","",""
"59343001","LILLE-LESQUIN",50.57,3.0975,47,1959120612,"","","","",8.,1,"","","","","","","","","","","","","","","","","","","","","","","","","","","","","","",7.7,1,3.7,1,"","","","","","","","","","","","","","","","","","","","","","","","","","",76,1,"","","","","","","","","","","","",8.,1,1005.3,1,"","","","","","",4,1,0,1,0,1,0,1,2,1,"","","","","","","","","","","","","","","","","","","","","","","","",10000,1,"","",1,1,1,1,"","","","","","","","","","","","","","","","","","","","","","","","","","","","","","","","","","","","","","","","","","","","","","","","","","","","","","","","","","","","","","","","","",""
"59343001","LILLE-LESQUIN",50.57,3.0975,47,1959120615,"","","","",9.,1,"","","","","","","","","","","","","","","","","","","","","","","","","","","","","","",6.4,1,1.4,1,"","","","","","","","","","","","","","","","","","","","","","","","","","",70,1,"","","","","","","","","","","","",6.8,1,1003.7,1,"","","","","","",6,1,6,1,0,1,0,1,6,1,"","","","","","","","","","","","","","","","","","","","","","","","",10000,1,"","",3,1,2,1,"","","","","","","","","","","","","","","","","","","","","","","","","","","","","","","","","","","","","","","","","","","","","","","","","","","","","","","","","","","","","","","","","",""
"59343001","LILLE-LESQUIN",50.57,3.0975,47,1959120618,"","","","",6.,1,"","","","","","","","","","","","","","","","","","","","","","","","","","","","","","",4.4,1,0.4,1,"","","","","","","","","","","","","","","","","","","","","","","","","","",76,1,"","","","","","","","","","","","",6.3,1,1003.,1,"","","","","","",6,1,6,1,0,1,0,1,6,1,"","","","","","","","","","","","","","","","","","","","","","","","",10000,1,"","",1,1,2,1,"","","","","","","","","","","","","","","","","","","","","","","","","","","","","","","","","","","","","","","","","","","","","","","","","","","","","","","","","","","","","","","","","",""
"59343001","LILLE-LESQUIN",50.57,3.0975,47,1959120621,"","","","",6.,1,"","","","","","","","","","","","","","","","","","","","","","","","","","","","","","",3.1,1,-0.5,1,"","","","","","","","","","","","","","","","","","","","","","","","","","",78,1,"","","","","","","","","","","","",5.9,1,1001.6,1,"","","","","","",2,1,0,1,0,1,4,1,2,1,"","","","","","","","","","","","","","","","","","","","","","","","",10000,1,"","",3,1,1,1,"","","","","","","","","","","","","","","","","","","","","","","","","","","","","","","","","","","","","","","","","","","","","","","","","","","","","","","","","","","","","","","","","",""
"59343001","LILLE-LESQUIN",50.57,3.0975,47,1959120700,"","","","",6.,1,"","","","","","","","","","","","","","","","","","","","","","","","","","","","","","",2.8,1,-1.6,1,"","","","","","","","","","","","","","","","","","","","","","","","","","",72,1,"","","","","","","","","","","","",5.4,1,999.,1,"","","","","","",3,1,0,1,0,1,0,1,2,1,"","","","","","","","","","","","","","","","","","","","","","","","",10000,1,"","",1,1,1,1,"","","","","","","","","","","","","","","","","","","","","","","","","","","","","","","","","","","","","","","","","","","","","","","","","","","","","","","","","","","","","","","","","",""
"59343001","LILLE-LESQUIN",50.57,3.0975,47,1959120703,"","","","",5.,1,"","","","","","","","","","","","","","","","","","","","","","","","","","","","","","",2.,1,-2.7,1,"","","","","","","","","","","","","","","","","","","","","","","","","","",71,1,"","","","","","","","","","","","",5.,1,996.4,1,"","","","","","",4,1,0,1,0,1,0,1,4,1,"","","","","","","","","","","","","","","","","","","","","","","","",10000,1,"","",3,1,0,1,"","","","","","","","","","","","","","","","","","","","","","","","","","","","","","","","","","","","","","","","","","","","","","","","","","","","","","","","","","","","","","","","","",""
"59343001","LILLE-LESQUIN",50.57,3.0975,47,1959120706,"","","","",6.,1,"","","","","","","","","","","","","","","","","","","","","","","","","","","","","","",3.,1,-2.1,1,"","","","","","","","","","","","","","","","","","","","","","","","","","",69,1,"","","","","","","","","","","","",5.2,1,993.9,1,"","","","","","",8,1,8,1,5,1,5,1,"","","","","","","","","","","","","","","","","","","","","","","","","","",10000,1,"","",2,1,1,1,"","",0,1,"","","","","","","","","","","","","","","","","","","","","","","","","","","","","","","","","","","","","","","","","","","","","","","","","","","","","","","","","","","","","",""
"59343001","LILLE-LESQUIN",50.57,3.0975,47,1959120709,"","","","",10.,1,"","","","","","","","","","","","","","","","","","","","","","","","","","","","","","",5.2,1,-0.7,1,"","","","","","","","","","","","","","","","","","","","","","","","","","",66,1,"","","","","","","","","","","","",5.8,1,992.6,1,"","","","","","",8,1,8,1,0,1,7,1,"","","","","","","","","","","","","","","","","","","","","","","","","","",10000,1,"","",2,1,2,1,"","","","","","","","","","","","","","","","","","","","","","","","","","","","","","","","","","","","","","","","","","","","","","","","","","","","","","","","","","","","","","","","","",""
"59343001","LILLE-LESQUIN",50.57,3.0975,47,1959120712,"","","","",9.,1,"","","","","","","","","","","","","","","","","","","","","","","","","","","","","","",6.2,1,3.5,1,"","","","","","","","","","","","","","","","","","","","","","","","","","",83,1,"","","","","","","","","","","","",7.9,1,991.3,1,"","","","","","",8,1,7,1,5,1,7,1,"","","","","","","","","","","","","","","","","","","","","","","","","","",10000,1,"","",21,1,6,1,"","","","","","","","","","","","","","","","","","","","","","","","","","","","","","","","","","","","","","","","","","","","","","","","","","","","","","","","","","","","","","","","","",""
"59343001","LILLE-LESQUIN",50.57,3.0975,47,1959120715,"","","","",8.,1,"","","","","","","","","","","","","","","","","","","","","","","","","","","","","","",7.,1,4.2,1,"","","","","","","","","","","","","","","","","","","","","","","","","","",83,1,"","","","","","","","","","","","",8.3,1,990.2,1,"","","","","","",4,1,0,1,5,1,4,1,2,1,"","","","","","","","","","","","","","","","","","","","","","","","",15000,1,"","",1,1,1,1,"","","","","","","","","","","","","","","","","","","","","","","","","","","","","","","","","","","","","","","","","","","","","","","","","","","","","","","","","","","","","","","","","",""
"59343001","LILLE-LESQUIN",50.57,3.0975,47,1959120718,"","","","",8.,1,"","","","","","","","","","","","","","","","","","","","","","","","","","","","","","",6.1,1,4.2,1,"","","","","","","","","","","","","","","","","","","","","","","","","","",88,1,"","","","","","","","","","","","",8.3,1,990.7,1,"","","","","","",8,1,8,1,7,1,"","","","","","","","","","","","","","","","","","","","","","","","","","","","",8000,1,"","",61,1,6,1,"","","","","","","","","","","","","","","","","","","","","","","","","","","","","","","","","","","","","","","","","","","","","","","","","","","","","","","","","","","","","","","","","",""
"59343001","LILLE-LESQUIN",50.57,3.0975,47,1959120721,"","","","",5.,1,"","","","","","","","","","","","","","","","","","","","","","","","","","","","","","",6.,1,4.5,1,"","","","","","","","","","","","","","","","","","","","","","","","","","",91,1,"","","","","","","","","","","","",8.5,1,991.5,1,"","","","","","",2,1,0,1,0,1,0,1,2,1,"","","","","","","","","","","","","","","","","","","","","","","","",8000,1,"","",1,1,6,1,"","","","","","","","","","","","","","","","","","","","","","","","","","","","","","","","","","","","","","","","","","","","","","","","","","","","","","","","","","","","","","","","","",""
"59343001","LILLE-LESQUIN",50.57,3.0975,47,1959120800,"","","","",4.,1,"","","","","","","","","","","","","","","","","","","","","","","","","","","","","","",5.4,1,4.3,1,"","","","","","","","","","","","","","","","","","","","","","","","","","",94,1,"","","","","","","","","","","","",8.4,1,992.3,1,"","","","","","",0,1,"","",0,1,0,1,0,1,"","","","","","","","","","","","","","","","","","","","","","","","",10000,1,"","",1,1,0,1,"","","","","","","","","","","","","","","","","","","","","","","","","","","","","","","","","","","","","","","","","","","","","","","","","","","","","","","","","","","","","","","","","",""
"59343001","LILLE-LESQUIN",50.57,3.0975,47,1959120803,"","","","",4.,1,"","","","","","","","","","","","","","","","","","","","","","","","","","","","","","",5.1,1,4.2,1,"","","","","","","","","","","","","","","","","","","","","","","","","","",93,1,"","","","","","","","","","","","",8.3,1,992.8,1,"","","","","","",0,1,"","",0,1,0,1,0,1,"","","","","","","","","","","","","","","","","","","","","","","","",10000,1,"","",2,1,0,1,"","","","","","","","","","","","","","","","","","","","","","","","","","","","","","","","","","","","","","","","","","","","","","","","","","","","","","","","","","","","","","","","","",""
"59343001","LILLE-LESQUIN",50.57,3.0975,47,1959120806,"","","","",5.,1,"","","","","","","","","","","","","","","","","","","","","","","","","","","","","","",4.7,1,3.7,1,"","","","","","","","","","","","","","","","","","","","","","","","","","",93,1,"","","","","","","","","","","","",8.,1,993.2,1,"","","","","","",8,1,8,1,6,1,"","","","","","","","","","","","","","","","","","","","","","","","","","","","",10000,1,"","",3,1,1,1,"","",0,1,"","","","","","","","","","","","","","","","","","","","","","","","","","","","","","","","","","","","","","","","","","","","","","","","","","","","","","","","","","","","","",""
"59343001","LILLE-LESQUIN",50.57,3.0975,47,1959120809,"","","","",5.,1,"","","","","","","","","","","","","","","","","","","","","","","","","","","","","","",5.3,1,3.3,1,"","","","","","","","","","","","","","","","","","","","","","","","","","",87,1,"","","","","","","","","","","","",7.8,1,995.2,1,"","","","","","",8,1,8,1,6,1,"","","","","","","","","","","","","","","","","","","","","","","","","","","","",8000,1,"","",2,1,2,1,"","","","","","","","","","","","","","","","","","","","","","","","","","","","","","","","","","","","","","","","","","","","","","","","","","","","","","","","","","","","","","","","","",""
"59343001","LILLE-LESQUIN",50.57,3.0975,47,1959120812,"","","","",6.,1,"","","","","","","","","","","","","","","","","","","","","","","","","","","","","","",6.,1,4.3,1,"","","","","","","","","","","","","","","","","","","","","","","","","","",89,1,"","","","","","","","","","","","",8.4,1,995.8,1,"","","","","","",8,1,8,1,6,1,"","","","","","","","","","","","","","","","","","","","","","","","","","","","",7000,1,"","",2,1,2,1,"","","","","","","","","","","","","","","","","","","","","","","","","","","","","","","","","","","","","","","","","","","","","","","","","","","","","","","","","","","","","","","","","",""
"59343001","LILLE-LESQUIN",50.57,3.0975,47,1959120815,"","","","",4.,1,"","","","","","","","","","","","","","","","","","","","","","","","","","","","","","",6.4,1,4.3,1,"","","","","","","","","","","","","","","","","","","","","","","","","","",87,1,"","","","","","","","","","","","",8.4,1,997.1,1,"","","","","","",8,1,8,1,5,1,"","","","","","","","","","","","","","","","","","","","","","","","","","","","",10000,1,"","",2,1,2,1,"","","","","","","","","","","","","","","","","","","","","","","","","","","","","","","","","","","","","","","","","","","","","","","","","","","","","","","","","","","","","","","","","",""
"59343001","LILLE-LESQUIN",50.57,3.0975,47,1959120818,"","","","",2.,1,"","","","","","","","","","","","","","","","","","","","","","","","","","","","","","",5.2,1,3.8,1,"","","","","","","","","","","","","","","","","","","","","","","","","","",92,1,"","","","","","","","","","","","",8.1,1,998.8,1,"","","","","","",7,1,7,1,5,1,"","","","","","","","","","","","","","","","","","","","","","","","","","","","",10000,1,"","",2,1,2,1,"","","","","","","","","","","","","","","","","","","","","","","","","","","","","","","","","","","","","","","","","","","","","","","","","","","","","","","","","","","","","","","","","",""
"59343001","LILLE-LESQUIN",50.57,3.0975,47,1959120821,"","","","",4.,1,"","","","","","","","","","","","","","","","","","","","","","","","","","","","","","",5.1,1,4.2,1,"","","","","","","","","","","","","","","","","","","","","","","","","","",95,1,"","","","","","","","","","","","",8.3,1,1000.1,1,"","","","","","",6,1,6,1,5,1,0,1,0,1,"","","","","","","","","","","","","","","","","","","","","","","","",10000,1,"","",1,1,2,1,"","","","","","","","","","","","","","","","","","","","","","","","","","","","","","","","","","","","","","","","","","","","","","","","","","","","","","","","","","","","","","","","","",""
"59343001","LILLE-LESQUIN",50.57,3.0975,47,1959120900,"","","","",4.,1,"","","","","","","","","","","","","","","","","","","","","","","","","","","","","","",5.8,1,4.5,1,"","","","","","","","","","","","","","","","","","","","","","","","","","",92,1,"","","","","","","","","","","","",8.5,1,1001.5,1,"","","","","","",8,1,8,1,5,1,"","","","","","","","","","","","","","","","","","","","","","","","","","","","",10000,1,"","",2,1,2,1,"","","","","","","","","","","","","","","","","","","","","","","","","","","","","","","","","","","","","","","","","","","","","","","","","","","","","","","","","","","","","","","","","",""
"59343001","LILLE-LESQUIN",50.57,3.0975,47,1959120903,"","","","",4.,1,"","","","","","","","","","","","","","","","","","","","","","","","","","","","","","",5.4,1,4.3,1,"","","","","","","","","","","","","","","","","","","","","","","","","","",94,1,"","","","","","","","","","","","",8.4,1,1002.8,1,"","","","","","",8,1,8,1,5,1,"","","","","","","","","","","","","","","","","","","","","","","","","","","","",10000,1,"","",2,1,2,1,"","","","","","","","","","","","","","","","","","","","","","","","","","","","","","","","","","","","","","","","","","","","","","","","","","","","","","","","","","","","","","","","","",""
"59343001","LILLE-LESQUIN",50.57,3.0975,47,1959120906,"","","","",5.,1,"","","","","","","","","","","","","","","","","","","","","","","","","","","","","","",5.,1,3.3,1,"","","","","","","","","","","","","","","","","","","","","","","","","","",90,1,"","","","","","","","","","","","",7.8,1,1004.3,1,"","","","","","",4,1,0,1,7,1,0,1,1,1,"","","","","","","","","","","","","","","","","","","","","","","","",8000,1,"","",1,1,1,1,"","",0,1,"","","","","","","","","","","","","","","","","","","","","","","","","","","","","","","","","","","","","","","","","","","","","","","","","","","","","","","","","","","","","",""
"59343001","LILLE-LESQUIN",50.57,3.0975,47,1959120909,"","","","",5.,1,"","","","","","","","","","","","","","","","","","","","","","","","","","","","","","",5.2,1,3.7,1,"","","","","","","","","","","","","","","","","","","","","","","","","","",91,1,"","","","","","","","","","","","",8.,1,1006.1,1,"","","","","","",8,1,8,1,5,1,"","","","","","","","","","","","","","","","","","","","","","","","","","","","",7000,1,"","",3,1,2,1,"","","","","","","","","","","","","","","","","","","","","","","","","","","","","","","","","","","","","","","","","","","","","","","","","","","","","","","","","","","","","","","","","",""
"59343001","LILLE-LESQUIN",50.57,3.0975,47,1959120912,"","","","",5.,1,"","","","","","","","","","","","","","","","","","","","","","","","","","","","","","",5.6,1,3.8,1,"","","","","","","","","","","","","","","","","","","","","","","","","","",89,1,"","","","","","","","","","","","",8.1,1,1006.7,1,"","","","","","",8,1,8,1,6,1,"","","","","","","","","","","","","","","","","","","","","","","","","","","","",6000,1,"","",2,1,2,1,"","","","","","","","","","","","","","","","","","","","","","","","","","","","","","","","","","","","","","","","","","","","","","","","","","","","","","","","","","","","","","","","","",""
"59343001","LILLE-LESQUIN",50.57,3.0975,47,1959120915,"","","","",4.,1,"","","","","","","","","","","","","","","","","","","","","","","","","","","","","","",6.,1,4.,1,"","","","","","","","","","","","","","","","","","","","","","","","","","",88,1,"","","","","","","","","","","","",8.2,1,1006.9,1,"","","","","","",7,1,7,1,6,1,"","","","","","","","","","","","","","","","","","","","","","","","","","","","",7000,1,"","",2,1,2,1,"","","","","","","","","","","","","","","","","","","","","","","","","","","","","","","","","","","","","","","","","","","","","","","","","","","","","","","","","","","","","","","","","",""
"59343001","LILLE-LESQUIN",50.57,3.0975,47,1959120918,"","","","",4.,1,"","","","","","","","","","","","","","","","","","","","","","","","","","","","","","",3.8,1,2.2,1,"","","","","","","","","","","","","","","","","","","","","","","","","","",90,1,"","","","","","","","","","","","",7.2,1,1006.9,1,"","","","","","",1,1,0,1,0,1,0,1,1,1,"","","","","","","","","","","","","","","","","","","","","","","","",7000,1,"","",1,1,1,1,"","","","","","","","","","","","","","","","","","","","","","","","","","","","","","","","","","","","","","","","","","","","","","","","","","","","","","","","","","","","","","","","","",""
"59343001","LILLE-LESQUIN",50.57,3.0975,47,1959120921,"","","","",4.,1,"","","","","","","","","","","","","","","","","","","","","","","","","","","","","","",2.8,1,1.4,1,"","","","","","","","","","","","","","","","","","","","","","","","","","",91,1,"","","","","","","","","","","","",6.8,1,1007.,1,"","","","","","",0,1,"","",0,1,0,1,0,1,"","","","","","","","","","","","","","","","","","","","","","","","",7000,1,"","",2,1,0,1,"","","","","","","","","","","","","","","","","","","","","","","","","","","","","","","","","","","","","","","","","","","","","","","","","","","","","","","","","","","","","","","","","",""
"59343001","LILLE-LESQUIN",50.57,3.0975,47,1959121000,"","","","",6.,1,"","","","","","","","","","","","","","","","","","","","","","","","","","","","","","",3.1,1,1.2,1,"","","","","","","","","","","","","","","","","","","","","","","","","","",88,1,"","","","","","","","","","","","",6.7,1,1006.4,1,"","","","","","",8,1,8,1,0,1,0,1,7,1,"","","","","","","","","","","","","","","","","","","","","","","","",8000,1,"","",2,1,1,1,"","","","","","","","","","","","","","","","","","","","","","","","","","","","","","","","","","","","","","","","","","","","","","","","","","","","","","","","","","","","","","","","","",""
"59343001","LILLE-LESQUIN",50.57,3.0975,47,1959121003,"","","","",8.,1,"","","","","","","","","","","","","","","","","","","","","","","","","","","","","","",3.5,1,1.,1,"","","","","","","","","","","","","","","","","","","","","","","","","","",85,1,"","","","","","","","","","","","",6.6,1,1004.8,1,"","","","","","",8,1,8,1,0,1,7,1,"","","","","","","","","","","","","","","","","","","","","","","","","","",10000,1,"","",2,1,2,1,"","","","","","","","","","","","","","","","","","","","","","","","","","","","","","","","","","","","","","","","","","","","","","","","","","","","","","","","","","","","","","","","","",""
"59343001","LILLE-LESQUIN",50.57,3.0975,47,1959121006,"","","","",6.,1,"","","","","","","","","","","","","","","","","","","","","","","","","","","","","","",3.4,1,1.,1,"","","","","","","","","","","","","","","","","","","","","","","","","","",84,1,"","","","","","","","","","","","",6.6,1,1004.2,1,"","","","","","",8,1,5,1,5,1,7,1,"","","","","","","","","","","","","","","","","","","","","","","","","","",8000,1,"","",2,1,2,1,"","",0,1,"","","","","","","","","","","","","","","","","","","","","","","","","","","","","","","","","","","","","","","","","","","","","","","","","","","","","","","","","","","","","",""
"59343001","LILLE-LESQUIN",50.57,3.0975,47,1959121009,"","","","",7.,1,"","","","","","","","","","","","","","","","","","","","","","","","","","","","","","",3.7,1,1.2,1,"","","","","","","","","","","","","","","","","","","","","","","","","","",85,1,"","","","","","","","","","","","",6.7,1,1004.8,1,"","","","","","",8,1,5,1,5,1,7,1,"","","","","","","","","","","","","","","","","","","","","","","","","","",3000,1,"","",10,1,2,1,"","","","","","","","","","","","","","","","","","","","","","","","","","","","","","","","","","","","","","","","","","","","","","","","","","","","","","","","","","","","","","","","","",""
"59343001","LILLE-LESQUIN",50.57,3.0975,47,1959121012,"","","","",8.,1,"","","","","","","","","","","","","","","","","","","","","","","","","","","","","","",4.4,1,2.4,1,"","","","","","","","","","","","","","","","","","","","","","","","","","",87,1,"","","","","","","","","","","","",7.3,1,1004.,1,"","","","","","",8,1,6,1,5,1,2,1,"","","","","","","","","","","","","","","","","","","","","","","","","","",3000,1,"","",61,1,6,1,"","","","","","","","","","","","","","","","","","","","","","","","","","","","","","","","","","","","","","","","","","","","","","","","","","","","","","","","","","","","","","","","","",""
"59343001","LILLE-LESQUIN",50.57,3.0975,47,1959121015,"","","","",8.,1,"","","","","","","","","","","","","","","","","","","","","","","","","","","","","","",4.7,1,3.,1,"","","","","","","","","","","","","","","","","","","","","","","","","","",89,1,"","","","","","","","","","","","",7.6,1,1002.9,1,"","","","","","",8,1,8,1,7,1,"","","","","","","","","","","","","","","","","","","","","","","","","","","","",2000,1,"","",61,1,6,1,"","","","","","","","","","","","","","","","","","","","","","","","","","","","","","","","","","","","","","","","","","","","","","","","","","","","","","","","","","","","","","","","","",""
"59343001","LILLE-LESQUIN",50.57,3.0975,47,1959121018,"","","","",9.,1,"","","","","","","","","","","","","","","","","","","","","","","","","","","","","","",3.7,1,1.8,1,"","","","","","","","","","","","","","","","","","","","","","","","","","",88,1,"","","","","","","","","","","","",7.,1,1002.5,1,"","","","","","",8,1,8,1,5,1,1,1,"","","","","","","","","","","","","","","","","","","","","","","","","","",3500,1,"","",21,1,6,1,"","","","","","","","","","","","","","","","","","","","","","","","","","","","","","","","","","","","","","","","","","","","","","","","","","","","","","","","","","","","","","","","","",""
"59343001","LILLE-LESQUIN",50.57,3.0975,47,1959121021,"","","","",6.,1,"","","","","","","","","","","","","","","","","","","","","","","","","","","","","","",3.,1,1.2,1,"","","","","","","","","","","","","","","","","","","","","","","","","","",89,1,"","","","","","","","","","","","",6.7,1,1002.9,1,"","","","","","",8,1,8,1,0,1,1,1,"","","","","","","","","","","","","","","","","","","","","","","","","","",2000,1,"","",10,1,2,1,"","","","","","","","","","","","","","","","","","","","","","","","","","","","","","","","","","","","","","","","","","","","","","","","","","","","","","","","","","","","","","","","","",""
"59343001","LILLE-LESQUIN",50.57,3.0975,47,1959121100,"","","","",5.,1,"","","","","","","","","","","","","","","","","","","","","","","","","","","","","","",3.1,1,1.,1,"","","","","","","","","","","","","","","","","","","","","","","","","","",86,1,"","","","","","","","","","","","",6.6,1,1002.8,1,"","","","","","",8,1,8,1,0,1,7,1,"","","","","","","","","","","","","","","","","","","","","","","","","","",2500,1,"","",61,1,6,1,"","","","","","","","","","","","","","","","","","","","","","","","","","","","","","","","","","","","","","","","","","","","","","","","","","","","","","","","","","","","","","","","","",""
"59343001","LILLE-LESQUIN",50.57,3.0975,47,1959121103,"","","","",7.,1,"","","","","","","","","","","","","","","","","","","","","","","","","","","","","","",1.9,1,-0.2,1,"","","","","","","","","","","","","","","","","","","","","","","","","","",85,1,"","","","","","","","","","","","",6.,1,1001.3,1,"","","","","","",8,1,8,1,5,1,"","","","","","","","","","","","","","","","","","","","","","","","","","","","",3000,1,"","",10,1,6,1,"","","","","","","","","","","","","","","","","","","","","","","","","","","","","","","","","","","","","","","","","","","","","","","","","","","","","","","","","","","","","","","","","",""
"59343001","LILLE-LESQUIN",50.57,3.0975,47,1959121106,"","","","",5.,1,"","","","","","","","","","","","","","","","","","","","","","","","","","","","","","",1.,1,-0.9,1,"","","","","","","","","","","","","","","","","","","","","","","","","","",86,1,"","","","","","","","","","","","",5.7,1,1000.9,1,"","","","","","",7,1,7,1,5,1,"","","","","","","","","","","","","","","","","","","","","","","","","","","","",3000,1,"","",10,1,6,1,"","",0,1,"","","","","","","","","","","","","","","","","","","","","","","","","","","","","","","","","","","","","","","","","","","","","","","","","","","","","","","","","","","","","",""
"59343001","LILLE-LESQUIN",50.57,3.0975,47,1959121109,"","","","",4.,1,"","","","","","","","","","","","","","","","","","","","","","","","","","","","","","",0.2,1,-1.4,1,"","","","","","","","","","","","","","","","","","","","","","","","","","",90,1,"","","","","","","","","","","","",5.5,1,1002.1,1,"","","","","","",7,1,6,1,0,1,5,1,2,1,"","","","","","","","","","","","","","","","","","","","","","","","",2000,1,"","",10,1,2,1,"","","","","","","","","","","","","","","","","","","","","","","","","","","","","","","","","","","","","","","","","","","","","","","","","","","","","","","","","","","","","","","","","",""
"59343001","LILLE-LESQUIN",50.57,3.0975,47,1959121112,"","","","",6.,1,"","","","","","","","","","","","","","","","","","","","","","","","","","","","","","",1.2,1,-1.4,1,"","","","","","","","","","","","","","","","","","","","","","","","","","",83,1,"","","","","","","","","","","","",5.5,1,1002.4,1,"","","","","","",8,1,8,1,5,1,7,1,"","","","","","","","","","","","","","","","","","","","","","","","","","",2000,1,"","",10,1,2,1,"","","","","","","","","","","","","","","","","","","","","","","","","","","","","","","","","","","","","","","","","","","","","","","","","","","","","","","","","","","","","","","","","",""
"59343001","LILLE-LESQUIN",50.57,3.0975,47,1959121115,"","","","",5.,1,"","","","","","","","","","","","","","","","","","","","","","","","","","","","","","",1.4,1,-1.2,1,"","","","","","","","","","","","","","","","","","","","","","","","","","",85,1,"","","","","","","","","","","","",5.6,1,1003.3,1,"","","","","","",7,1,7,1,5,1,3,1,"","","","","","","","","","","","","","","","","","","","","","","","","","",1800,1,"","",10,1,2,1,"","","","","","","","","","","","","","","","","","","","","","","","","","","","","","","","","","","","","","","","","","","","","","","","","","","","","","","","","","","","","","","","","",""
"59343001","LILLE-LESQUIN",50.57,3.0975,47,1959121118,"","","","",4.,1,"","","","","","","","","","","","","","","","","","","","","","","","","","","","","","",0.8,1,-0.9,1,"","","","","","","","","","","","","","","","","","","","","","","","","","",88,1,"","","","","","","","","","","","",5.7,1,1005.4,1,"","","","","","",8,1,8,1,5,1,1,1,"","","","","","","","","","","","","","","","","","","","","","","","","","",1800,1,"","",10,1,2,1,"","","","","","","","","","","","","","","","","","","","","","","","","","","","","","","","","","","","","","","","","","","","","","","","","","","","","","","","","","","","","","","","","",""
"59343001","LILLE-LESQUIN",50.57,3.0975,47,1959121121,"","","","",5.,1,"","","","","","","","","","","","","","","","","","","","","","","","","","","","","","",0.6,1,-1.2,1,"","","","","","","","","","","","","","","","","","","","","","","","","","",88,1,"","","","","","","","","","","","",5.6,1,1007.8,1,"","","","","","",8,1,8,1,0,1,0,1,7,1,"","","","","","","","","","","","","","","","","","","","","","","","",2000,1,"","",10,1,2,1,"","","","","","","","","","","","","","","","","","","","","","","","","","","","","","","","","","","","","","","","","","","","","","","","","","","","","","","","","","","","","","","","","",""
"59343001","LILLE-LESQUIN",50.57,3.0975,47,1959121200,"","","","",4.,1,"","","","","","","","","","","","","","","","","","","","","","","","","","","","","","",0.,1,-0.9,1,"","","","","","","","","","","","","","","","","","","","","","","","","","",90,1,"","","","","","","","","","","","",5.7,1,1009.7,1,"","","","","","",0,1,"","",0,1,0,1,0,1,"","","","","","","","","","","","","","","","","","","","","","","","",3000,1,"","",10,1,1,1,"","","","","","","","","","","","","","","","","","","","","","","","","","","","","","","","","","","","","","","","","","","","","","","","","","","","","","","","","","","","","","","","","",""
"59343001","LILLE-LESQUIN",50.57,3.0975,47,1959121203,"","","","",4.,1,"","","","","","","","","","","","","","","","","","","","","","","","","","","","","","",0.1,1,-0.9,1,"","","","","","","","","","","","","","","","","","","","","","","","","","",92,1,"","","","","","","","","","","","",5.7,1,1011.5,1,"","","","","","",8,1,8,1,6,1,"","","","","","","","","","","","","","","","","","","","","","","","","","","","",3000,1,"","",10,1,2,1,"","","","","","","","","","","","","","","","","","","","","","","","","","","","","","","","","","","","","","","","","","","","","","","","","","","","","","","","","","","","","","","","","",""
"59343001","LILLE-LESQUIN",50.57,3.0975,47,1959121206,"","","","",3.,1,"","","","","","","","","","","","","","","","","","","","","","","","","","","","","","",0.3,1,-1.2,1,"","","","","","","","","","","","","","","","","","","","","","","","","","",90,1,"","","","","","","","","","","","",5.6,1,1013.5,1,"","","","","","",8,1,8,1,6,1,"","","","","","","","","","","","","","","","","","","","","","","","","","","","",1500,1,"","",10,1,2,1,"","",0,1,"","","","","","","","","","","","","","","","","","","","","","","","","","","","","","","","","","","","","","","","","","","","","","","","","","","","","","","","","","","","","",""
"59343001","LILLE-LESQUIN",50.57,3.0975,47,1959121209,"","","","",3.,1,"","","","","","","","","","","","","","","","","","","","","","","","","","","","","","",0.1,1,-0.7,1,"","","","","","","","","","","","","","","","","","","","","","","","","","",94,1,"","","","","","","","","","","","",5.8,1,1016.1,1,"","","","","","",8,1,8,1,6,1,"","","","","","","","","","","","","","","","","","","","","","","","","","","","",800,1,"","",44,1,4,1,"","","","","","","","","","","","","","","","","","","","","","","","","","","","","","","","","","","","","","","","","","","","","","","","","","","","","","","","","","","","","","","","","",""
"59343001","LILLE-LESQUIN",50.57,3.0975,47,1959121212,"","","","",3.,1,"","","","","","","","","","","","","","","","","","","","","","","","","","","","","","",0.6,1,-0.2,1,"","","","","","","","","","","","","","","","","","","","","","","","","","",94,1,"","","","","","","","","","","","",6.,1,1017.4,1,"","","","","","",8,1,8,1,6,1,"","","","","","","","","","","","","","","","","","","","","","","","","","","","",700,1,"","",46,1,4,1,"","","","","","","","","","","","","","","","","","","","","","","","","","","","","","","","","","","","","","","","","","","","","","","","","","","","","","","","","","","","","","","","","",""
"59343001","LILLE-LESQUIN",50.57,3.0975,47,1959121215,"","","","",2.,1,"","","","","","","","","","","","","","","","","","","","","","","","","","","","","","",0.8,1,0.,1,"","","","","","","","","","","","","","","","","","","","","","","","","","",94,1,"","","","","","","","","","","","",6.1,1,1018.6,1,"","","","","","",9,1,"","","","","","","","","","","","","","","","","","","","","","","","","","","","","","","","",500,1,"","",45,1,4,1,"","","","","","","","","","","","","","","","","","","","","","","","","","","","","","","","","","","","","","","","","","","","","","","","","","","","","","","","","","","","","","","","","",""
"59343001","LILLE-LESQUIN",50.57,3.0975,47,1959121218,"","","","",1.,1,"","","","","","","","","","","","","","","","","","","","","","","","","","","","","","",1.1,1,0.2,1,"","","","","","","","","","","","","","","","","","","","","","","","","","",94,1,"","","","","","","","","","","","",6.2,1,1020.3,1,"","","","","","",9,1,"","","","","","","","","","","","","","","","","","","","","","","","","","","","","","","","",600,1,"","",45,1,4,1,"","","","","","","","","","","","","","","","","","","","","","","","","","","","","","","","","","","","","","","","","","","","","","","","","","","","","","","","","","","","","","","","","",""
"59343001","LILLE-LESQUIN",50.57,3.0975,47,1959121221,"","","","",0.,1,"","","","","","","","","","","","","","","","","","","","","","","","","","","","","","",1.,1,0.4,1,"","","","","","","","","","","","","","","","","","","","","","","","","","",96,1,"","","","","","","","","","","","",6.3,1,1021.8,1,"","","","","","",9,1,"","","","","","","","","","","","","","","","","","","","","","","","","","","","","","","","",600,1,"","",47,1,4,1,"","","","","","","","","","","","","","","","","","","","","","","","","","","","","","","","","","","","","","","","","","","","","","","","","","","","","","","","","","","","","","","","","",""
"59343001","LILLE-LESQUIN",50.57,3.0975,47,1959121300,"","","","",2.,1,"","","","","","","","","","","","","","","","","","","","","","","","","","","","","","",1.4,1,0.8,1,"","","","","","","","","","","","","","","","","","","","","","","","","","",96,1,"","","","","","","","","","","","",6.5,1,1022.6,1,"","","","","","",9,1,"","","","","","","","","","","","","","","","","","","","","","","","","","","","","","","","",400,1,"","",47,1,4,1,"","","","","","","","","","","","","","","","","","","","","","","","","","","","","","","","","","","","","","","","","","","","","","","","","","","","","","","","","","","","","","","","","",""
"59343001","LILLE-LESQUIN",50.57,3.0975,47,1959121303,"","","","",2.,1,"","","","","","","","","","","","","","","","","","","","","","","","","","","","","","",1.5,1,0.6,1,"","","","","","","","","","","","","","","","","","","","","","","","","","",94,1,"","","","","","","","","","","","",6.4,1,1023.3,1,"","","","","","",8,1,8,1,6,1,"","","","","","","","","","","","","","","","","","","","","","","","","","","","",1800,1,"","",10,1,4,1,"","","","","","","","","","","","","","","","","","","","","","","","","","","","","","","","","","","","","","","","","","","","","","","","","","","","","","","","","","","","","","","","","",""
"59343001","LILLE-LESQUIN",50.57,3.0975,47,1959121306,"","","","",2.,1,"","","","","","","","","","","","","","","","","","","","","","","","","","","","","","",1.3,1,0.2,1,"","","","","","","","","","","","","","","","","","","","","","","","","","",92,1,"","","","","","","","","","","","",6.2,1,1023.9,1,"","","","","","",8,1,8,1,6,1,"","","","","","","","","","","","","","","","","","","","","","","","","","","","",1600,1,"","",10,1,4,1,"","",0,1,"","","","","","","","","","","","","","","","","","","","","","","","","","","","","","","","","","","","","","","","","","","","","","","","","","","","","","","","","","","","","",""
"59343001","LILLE-LESQUIN",50.57,3.0975,47,1959121309,"","","","",0.,1,"","","","","","","","","","","","","","","","","","","","","","","","","","","","","","",1.2,1,0.4,1,"","","","","","","","","","","","","","","","","","","","","","","","","","",94,1,"","","","","","","","","","","","",6.3,1,1024.7,1,"","","","","","",7,1,7,1,5,1,"","","","","","","","","","","","","","","","","","","","","","","","","","","","",1800,1,"","",10,1,2,1,"","","","","","","","","","","","","","","","","","","","","","","","","","","","","","","","","","","","","","","","","","","","","","","","","","","","","","","","","","","","","","","","","",""
"59343001","LILLE-LESQUIN",50.57,3.0975,47,1959121312,"","","","",1.,1,"","","","","","","","","","","","","","","","","","","","","","","","","","","","","","",2.3,1,0.6,1,"","","","","","","","","","","","","","","","","","","","","","","","","","",89,1,"","","","","","","","","","","","",6.4,1,1024.5,1,"","","","","","",8,1,8,1,5,1,"","","","","","","","","","","","","","","","","","","","","","","","","","","","",1400,1,"","",10,1,1,1,"","","","","","","","","","","","","","","","","","","","","","","","","","","","","","","","","","","","","","","","","","","","","","","","","","","","","","","","","","","","","","","","","",""
"59343001","LILLE-LESQUIN",50.57,3.0975,47,1959121315,"","","","",1.,1,"","","","","","","","","","","","","","","","","","","","","","","","","","","","","","",3.1,1,1.,1,"","","","","","","","","","","","","","","","","","","","","","","","","","",86,1,"","","","","","","","","","","","",6.6,1,1024.2,1,"","","","","","",7,1,7,1,5,1,"","","","","","","","","","","","","","","","","","","","","","","","","","","","",1800,1,"","",10,1,2,1,"","","","","","","","","","","","","","","","","","","","","","","","","","","","","","","","","","","","","","","","","","","","","","","","","","","","","","","","","","","","","","","","","",""
"59343001","LILLE-LESQUIN",50.57,3.0975,47,1959121318,"","","","",2.,1,"","","","","","","","","","","","","","","","","","","","","","","","","","","","","","",2.6,1,1.,1,"","","","","","","","","","","","","","","","","","","","","","","","","","",89,1,"","","","","","","","","","","","",6.6,1,1023.5,1,"","","","","","",8,1,8,1,5,1,"","","","","","","","","","","","","","","","","","","","","","","","","","","","",2500,1,"","",10,1,2,1,"","","","","","","","","","","","","","","","","","","","","","","","","","","","","","","","","","","","","","","","","","","","","","","","","","","","","","","","","","","","","","","","","",""
"59343001","LILLE-LESQUIN",50.57,3.0975,47,1959121321,"","","","",2.,1,"","","","","","","","","","","","","","","","","","","","","","","","","","","","","","",2.7,1,1.2,1,"","","","","","","","","","","","","","","","","","","","","","","","","","",91,1,"","","","","","","","","","","","",6.7,1,1023.3,1,"","","","","","",8,1,8,1,6,1,"","","","","","","","","","","","","","","","","","","","","","","","","","","","",2500,1,"","",10,1,2,1,"","","","","","","","","","","","","","","","","","","","","","","","","","","","","","","","","","","","","","","","","","","","","","","","","","","","","","","","","","","","","","","","","",""
"59343001","LILLE-LESQUIN",50.57,3.0975,47,1959121400,"","","","",3.,1,"","","","","","","","","","","","","","","","","","","","","","","","","","","","","","",3.,1,1.6,1,"","","","","","","","","","","","","","","","","","","","","","","","","","",91,1,"","","","","","","","","","","","",6.9,1,1021.4,1,"","","","","","",8,1,8,1,6,1,"","","","","","","","","","","","","","","","","","","","","","","","","","","","",3000,1,"","",10,1,2,1,"","","","","","","","","","","","","","","","","","","","","","","","","","","","","","","","","","","","","","","","","","","","","","","","","","","","","","","","","","","","","","","","","",""
"59343001","LILLE-LESQUIN",50.57,3.0975,47,1959121403,"","","","",4.,1,"","","","","","","","","","","","","","","","","","","","","","","","","","","","","","",3.7,1,2.2,1,"","","","","","","","","","","","","","","","","","","","","","","","","","",90,1,"","","","","","","","","","","","",7.2,1,1019.7,1,"","","","","","",8,1,8,1,6,1,"","","","","","","","","","","","","","","","","","","","","","","","","","","","",3500,1,"","",60,1,6,1,"","","","","","","","","","","","","","","","","","","","","","","","","","","","","","","","","","","","","","","","","","","","","","","","","","","","","","","","","","","","","","","","","",""
"59343001","LILLE-LESQUIN",50.57,3.0975,47,1959121406,"","","","",4.,1,"","","","","","","","","","","","","","","","","","","","","","","","","","","","","","",4.,1,3.,1,"","","","","","","","","","","","","","","","","","","","","","","","","","",93,1,"","","","","","","","","","","","",7.6,1,1018.4,1,"","","","","","",8,1,8,1,6,1,"","","","","","","","","","","","","","","","","","","","","","","","","","","","",2500,1,"","",60,1,6,1,"","",0,1,"","","","","","","","","","","","","","","","","","","","","","","","","","","","","","","","","","","","","","","","","","","","","","","","","","","","","","","","","","","","","",""
"59343001","LILLE-LESQUIN",50.57,3.0975,47,1959121409,"","","","",5.,1,"","","","","","","","","","","","","","","","","","","","","","","","","","","","","","",4.5,1,3.3,1,"","","","","","","","","","","","","","","","","","","","","","","","","","",93,1,"","","","","","","","","","","","",7.8,1,1017.4,1,"","","","","","",8,1,8,1,6,1,"","","","","","","","","","","","","","","","","","","","","","","","","","","","",1600,1,"","",58,1,6,1,"","","","","","","","","","","","","","","","","","","","","","","","","","","","","","","","","","","","","","","","","","","","","","","","","","","","","","","","","","","","","","","","","",""
"59343001","LILLE-LESQUIN",50.57,3.0975,47,1959121412,"","","","",6.,1,"","","","","","","","","","","","","","","","","","","","","","","","","","","","","","",5.7,1,4.2,1,"","","","","","","","","","","","","","","","","","","","","","","","","","",91,1,"","","","","","","","","","","","",8.3,1,1016.1,1,"","","","","","",8,1,8,1,6,1,"","","","","","","","","","","","","","","","","","","","","","","","","","","","",2000,1,"","",10,1,6,1,"","","","","","","","","","","","","","","","","","","","","","","","","","","","","","","","","","","","","","","","","","","","","","","","","","","","","","","","","","","","","","","","","",""
"59343001","LILLE-LESQUIN",50.57,3.0975,47,1959121415,"","","","",6.,1,"","","","","","","","","","","","","","","","","","","","","","","","","","","","","","",5.7,1,4.,1,"","","","","","","","","","","","","","","","","","","","","","","","","","",89,1,"","","","","","","","","","","","",8.2,1,1014.5,1,"","","","","","",8,1,8,1,6,1,"","","","","","","","","","","","","","","","","","","","","","","","","","","","",2000,1,"","",10,1,2,1,"","","","","","","","","","","","","","","","","","","","","","","","","","","","","","","","","","","","","","","","","","","","","","","","","","","","","","","","","","","","","","","","","",""
"59343001","LILLE-LESQUIN",50.57,3.0975,47,1959121418,"","","","",4.,1,"","","","","","","","","","","","","","","","","","","","","","","","","","","","","","",4.9,1,3.3,1,"","","","","","","","","","","","","","","","","","","","","","","","","","",90,1,"","","","","","","","","","","","",7.8,1,1014.4,1,"","","","","","",8,1,8,1,6,1,"","","","","","","","","","","","","","","","","","","","","","","","","","","","",2000,1,"","",60,1,6,1,"","","","","","","","","","","","","","","","","","","","","","","","","","","","","","","","","","","","","","","","","","","","","","","","","","","","","","","","","","","","","","","","","",""
"59343001","LILLE-LESQUIN",50.57,3.0975,47,1959121421,"","","","",6.,1,"","","","","","","","","","","","","","","","","","","","","","","","","","","","","","",5.,1,3.1,1,"","","","","","","","","","","","","","","","","","","","","","","","","","",89,1,"","","","","","","","","","","","",7.7,1,1013.8,1,"","","","","","",8,1,8,1,6,1,"","","","","","","","","","","","","","","","","","","","","","","","","","","","",2500,1,"","",21,1,6,1,"","","","","","","","","","","","","","","","","","","","","","","","","","","","","","","","","","","","","","","","","","","","","","","","","","","","","","","","","","","","","","","","","",""
"59343001","LILLE-LESQUIN",50.57,3.0975,47,1959121500,"","","","",4.,1,"","","","","","","","","","","","","","","","","","","","","","","","","","","","","","",4.,1,2.4,1,"","","","","","","","","","","","","","","","","","","","","","","","","","",90,1,"","","","","","","","","","","","",7.3,1,1013.3,1,"","","","","","",8,1,8,1,6,1,"","","","","","","","","","","","","","","","","","","","","","","","","","","","",6000,1,"","",2,1,6,1,"","","","","","","","","","","","","","","","","","","","","","","","","","","","","","","","","","","","","","","","","","","","","","","","","","","","","","","","","","","","","","","","","",""
"59343001","LILLE-LESQUIN",50.57,3.0975,47,1959121503,"","","","",4.,1,"","","","","","","","","","","","","","","","","","","","","","","","","","","","","","",3.,1,0.6,1,"","","","","","","","","","","","","","","","","","","","","","","","","","",84,1,"","","","","","","","","","","","",6.4,1,1012.9,1,"","","","","","",8,1,8,1,5,1,"","","","","","","","","","","","","","","","","","","","","","","","","","","","",6000,1,"","",1,1,2,1,"","","","","","","","","","","","","","","","","","","","","","","","","","","","","","","","","","","","","","","","","","","","","","","","","","","","","","","","","","","","","","","","","",""
"59343001","LILLE-LESQUIN",50.57,3.0975,47,1959121506,"","","","",5.,1,"","","","","","","","","","","","","","","","","","","","","","","","","","","","","","",2.4,1,0.8,1,"","","","","","","","","","","","","","","","","","","","","","","","","","",89,1,"","","","","","","","","","","","",6.5,1,1012.2,1,"","","","","","",8,1,8,1,6,1,"","","","","","","","","","","","","","","","","","","","","","","","","","","","",3500,1,"","",10,1,2,1,"","",0,1,"","","","","","","","","","","","","","","","","","","","","","","","","","","","","","","","","","","","","","","","","","","","","","","","","","","","","","","","","","","","","",""
"59343001","LILLE-LESQUIN",50.57,3.0975,47,1959121509,"","","","",6.,1,"","","","","","","","","","","","","","","","","","","","","","","","","","","","","","",0.7,1,-3.2,1,"","","","","","","","","","","","","","","","","","","","","","","","","","",74,1,"","","","","","","","","","","","",4.8,1,1013.3,1,"","","","","","",8,1,8,1,6,1,"","","","","","","","","","","","","","","","","","","","","","","","","","","","",3500,1,"","",10,1,2,1,"","","","","","","","","","","","","","","","","","","","","","","","","","","","","","","","","","","","","","","","","","","","","","","","","","","","","","","","","","","","","","","","","",""
"59343001","LILLE-LESQUIN",50.57,3.0975,47,1959121512,"","","","",6.,1,"","","","","","","","","","","","","","","","","","","","","","","","","","","","","","",0.2,1,-2.9,1,"","","","","","","","","","","","","","","","","","","","","","","","","","",80,1,"","","","","","","","","","","","",4.9,1,1011.9,1,"","","","","","",8,1,8,1,6,1,"","","","","","","","","","","","","","","","","","","","","","","","","","","","",3000,1,"","",10,1,2,1,"","","","","","","","","","","","","","","","","","","","","","","","","","","","","","","","","","","","","","","","","","","","","","","","","","","","","","","","","","","","","","","","","",""
"59343001","LILLE-LESQUIN",50.57,3.0975,47,1959121515,"","","","",5.,1,"","","","","","","","","","","","","","","","","","","","","","","","","","","","","","",-0.4,1,-3.2,1,"","","","","","","","","","","","","","","","","","","","","","","","","","",82,1,"","","","","","","","","","","","",4.8,1,1011.4,1,"","","","","","",8,1,8,1,6,1,"","","","","","","","","","","","","","","","","","","","","","","","","","","","",2500,1,"","",10,1,2,1,"","","","","","","","","","","","","","","","","","","","","","","","","","","","","","","","","","","","","","","","","","","","","","","","","","","","","","","","","","","","","","","","","",""
"59343001","LILLE-LESQUIN",50.57,3.0975,47,1959121518,"","","","",4.,1,"","","","","","","","","","","","","","","","","","","","","","","","","","","","","","",0.,1,-2.9,1,"","","","","","","","","","","","","","","","","","","","","","","","","","",80,1,"","","","","","","","","","","","",4.9,1,1012.1,1,"","","","","","",8,1,8,1,6,1,"","","","","","","","","","","","","","","","","","","","","","","","","","","","",3500,1,"","",10,1,2,1,"","","","","","","","","","","","","","","","","","","","","","","","","","","","","","","","","","","","","","","","","","","","","","","","","","","","","","","","","","","","","","","","","",""
"59343001","LILLE-LESQUIN",50.57,3.0975,47,1959121521,"","","","",4.,1,"","","","","","","","","","","","","","","","","","","","","","","","","","","","","","",-0.2,1,-1.6,1,"","","","","","","","","","","","","","","","","","","","","","","","","","",90,1,"","","","","","","","","","","","",5.4,1,1011.5,1,"","","","","","",4,1,0,1,5,1,0,1,0,1,"","","","","","","","","","","","","","","","","","","","","","","","",3000,1,"","",10,1,1,1,"","","","","","","","","","","","","","","","","","","","","","","","","","","","","","","","","","","","","","","","","","","","","","","","","","","","","","","","","","","","","","","","","",""
"59343001","LILLE-LESQUIN",50.57,3.0975,47,1959121600,"","","","",4.,1,"","","","","","","","","","","","","","","","","","","","","","","","","","","","","","",0.6,1,-0.5,1,"","","","","","","","","","","","","","","","","","","","","","","","","","",92,1,"","","","","","","","","","","","",5.9,1,1011.1,1,"","","","","","",8,1,8,1,6,1,"","","","","","","","","","","","","","","","","","","","","","","","","","","","",3000,1,"","",10,1,1,1,"","","","","","","","","","","","","","","","","","","","","","","","","","","","","","","","","","","","","","","","","","","","","","","","","","","","","","","","","","","","","","","","","",""
"59343001","LILLE-LESQUIN",50.57,3.0975,47,1959121603,"","","","",3.,1,"","","","","","","","","","","","","","","","","","","","","","","","","","","","","","",1.,1,-0.5,1,"","","","","","","","","","","","","","","","","","","","","","","","","","",92,1,"","","","","","","","","","","","",5.9,1,1010.7,1,"","","","","","",8,1,8,1,6,1,"","","","","","","","","","","","","","","","","","","","","","","","","","","","",2500,1,"","",10,1,2,1,"","","","","","","","","","","","","","","","","","","","","","","","","","","","","","","","","","","","","","","","","","","","","","","","","","","","","","","","","","","","","","","","","",""
"59343001","LILLE-LESQUIN",50.57,3.0975,47,1959121606,"","","","",4.,1,"","","","","","","","","","","","","","","","","","","","","","","","","","","","","","",1.1,1,0.8,1,"","","","","","","","","","","","","","","","","","","","","","","","","","",98,1,"","","","","","","","","","","","",6.5,1,1010.1,1,"","","","","","",9,1,"","","","","","","","","","","","","","","","","","","","","","","","","","","","","","","","",200,1,"","",47,1,4,1,"","",0,1,"","","","","","","","","","","","","","","","","","","","","","","","","","","","","","","","","","","","","","","","","","","","","","","","","","","","","","","","","","","","","",""
"59343001","LILLE-LESQUIN",50.57,3.0975,47,1959121609,"","","","",7.,1,"","","","","","","","","","","","","","","","","","","","","","","","","","","","","","",1.4,1,0.8,1,"","","","","","","","","","","","","","","","","","","","","","","","","","",96,1,"","","","","","","","","","","","",6.5,1,1010.1,1,"","","","","","",9,1,"","","","","","","","","","","","","","","","","","","","","","","","","","","","","","","","",800,1,"","",45,1,4,1,"","","","","","","","","","","","","","","","","","","","","","","","","","","","","","","","","","","","","","","","","","","","","","","","","","","","","","","","","","","","","","","","","",""
"59343001","LILLE-LESQUIN",50.57,3.0975,47,1959121612,"","","","",8.,1,"","","","","","","","","","","","","","","","","","","","","","","","","","","","","","",3.2,1,2.2,1,"","","","","","","","","","","","","","","","","","","","","","","","","","",93,1,"","","","","","","","","","","","",7.2,1,1009.3,1,"","","","","","",8,1,8,1,6,1,"","","","","","","","","","","","","","","","","","","","","","","","","","","","",2000,1,"","",10,1,4,1,"","","","","","","","","","","","","","","","","","","","","","","","","","","","","","","","","","","","","","","","","","","","","","","","","","","","","","","","","","","","","","","","","",""
"59343001","LILLE-LESQUIN",50.57,3.0975,47,1959121615,"","","","",8.,1,"","","","","","","","","","","","","","","","","","","","","","","","","","","","","","",5.2,1,4.3,1,"","","","","","","","","","","","","","","","","","","","","","","","","","",95,1,"","","","","","","","","","","","",8.4,1,1008.3,1,"","","","","","",8,1,8,1,7,1,"","","","","","","","","","","","","","","","","","","","","","","","","","","","",5000,1,"","",50,1,6,1,"","","","","","","","","","","","","","","","","","","","","","","","","","","","","","","","","","","","","","","","","","","","","","","","","","","","","","","","","","","","","","","","","",""
"59343001","LILLE-LESQUIN",50.57,3.0975,47,1959121618,"","","","",8.,1,"","","","","","","","","","","","","","","","","","","","","","","","","","","","","","",6.4,1,5.6,1,"","","","","","","","","","","","","","","","","","","","","","","","","","",95,1,"","","","","","","","","","","","",9.2,1,1008.8,1,"","","","","","",8,1,8,1,7,1,"","","","","","","","","","","","","","","","","","","","","","","","","","","","",7000,1,"","",2,1,6,1,"","","","","","","","","","","","","","","","","","","","","","","","","","","","","","","","","","","","","","","","","","","","","","","","","","","","","","","","","","","","","","","","","",""
"59343001","LILLE-LESQUIN",50.57,3.0975,47,1959121621,"","","","",7.,1,"","","","","","","","","","","","","","","","","","","","","","","","","","","","","","",7.1,1,6.1,1,"","","","","","","","","","","","","","","","","","","","","","","","","","",94,1,"","","","","","","","","","","","",9.5,1,1010.1,1,"","","","","","",8,1,8,1,7,1,"","","","","","","","","","","","","","","","","","","","","","","","","","","","",7000,1,"","",2,1,2,1,"","","","","","","","","","","","","","","","","","","","","","","","","","","","","","","","","","","","","","","","","","","","","","","","","","","","","","","","","","","","","","","","","",""
"59343001","LILLE-LESQUIN",50.57,3.0975,47,1959121700,"","","","",7.,1,"","","","","","","","","","","","","","","","","","","","","","","","","","","","","","",7.3,1,6.2,1,"","","","","","","","","","","","","","","","","","","","","","","","","","",94,1,"","","","","","","","","","","","",9.6,1,1010.3,1,"","","","","","",8,1,8,1,6,1,"","","","","","","","","","","","","","","","","","","","","","","","","","","","",6000,1,"","",21,1,6,1,"","","","","","","","","","","","","","","","","","","","","","","","","","","","","","","","","","","","","","","","","","","","","","","","","","","","","","","","","","","","","","","","","",""
"59343001","LILLE-LESQUIN",50.57,3.0975,47,1959121703,"","","","",7.,1,"","","","","","","","","","","","","","","","","","","","","","","","","","","","","","",7.7,1,6.6,1,"","","","","","","","","","","","","","","","","","","","","","","","","","",94,1,"","","","","","","","","","","","",9.9,1,1010.3,1,"","","","","","",8,1,8,1,6,1,"","","","","","","","","","","","","","","","","","","","","","","","","","","","",7000,1,"","",2,1,2,1,"","","","","","","","","","","","","","","","","","","","","","","","","","","","","","","","","","","","","","","","","","","","","","","","","","","","","","","","","","","","","","","","","",""
"59343001","LILLE-LESQUIN",50.57,3.0975,47,1959121706,"","","","",8.,1,"","","","","","","","","","","","","","","","","","","","","","","","","","","","","","",7.8,1,6.8,1,"","","","","","","","","","","","","","","","","","","","","","","","","","",94,1,"","","","","","","","","","","","",10.,1,1009.3,1,"","","","","","",8,1,8,1,6,1,"","","","","","","","","","","","","","","","","","","","","","","","","","","","",7000,1,"","",2,1,2,1,"","",0,1,"","","","","","","","","","","","","","","","","","","","","","","","","","","","","","","","","","","","","","","","","","","","","","","","","","","","","","","","","","","","","",""
"59343001","LILLE-LESQUIN",50.57,3.0975,47,1959121709,"","","","",8.,1,"","","","","","","","","","","","","","","","","","","","","","","","","","","","","","",8.,1,7.1,1,"","","","","","","","","","","","","","","","","","","","","","","","","","",94,1,"","","","","","","","","","","","",10.2,1,1008.7,1,"","","","","","",8,1,7,1,6,1,"","","","","","","","","","","","","","","","","","","","","","","","","","","","",6000,1,"","",50,1,5,1,"","","","","","","","","","","","","","","","","","","","","","","","","","","","","","","","","","","","","","","","","","","","","","","","","","","","","","","","","","","","","","","","","",""
"59343001","LILLE-LESQUIN",50.57,3.0975,47,1959121712,"","","","",8.,1,"","","","","","","","","","","","","","","","","","","","","","","","","","","","","","",8.9,1,8.,1,"","","","","","","","","","","","","","","","","","","","","","","","","","",96,1,"","","","","","","","","","","","",10.9,1,1007.6,1,"","","","","","",8,1,7,1,6,1,"","","","","","","","","","","","","","","","","","","","","","","","","","","","",4000,1,"","",51,1,5,1,"","","","","","","","","","","","","","","","","","","","","","","","","","","","","","","","","","","","","","","","","","","","","","","","","","","","","","","","","","","","","","","","","",""
"59343001","LILLE-LESQUIN",50.57,3.0975,47,1959121715,"","","","",10.,1,"","","","","","","","","","","","","","","","","","","","","","","","","","","","","","",10.1,1,9.2,1,"","","","","","","","","","","","","","","","","","","","","","","","","","",96,1,"","","","","","","","","","","","",11.8,1,1005.5,1,"","","","","","",8,1,7,1,7,1,"","","","","","","","","","","","","","","","","","","","","","","","","","","","",4000,1,"","",58,1,5,1,"","","","","","","","","","","","","","","","","","","","","","","","","","","","","","","","","","","","","","","","","","","","","","","","","","","","","","","","","","","","","","","","","",""
"59343001","LILLE-LESQUIN",50.57,3.0975,47,1959121718,"","","","",7.,1,"","","","","","","","","","","","","","","","","","","","","","","","","","","","","","",9.2,1,8.4,1,"","","","","","","","","","","","","","","","","","","","","","","","","","",96,1,"","","","","","","","","","","","",11.2,1,1006.,1,"","","","","","",7,1,7,1,5,1,7,1,"","","","","","","","","","","","","","","","","","","","","","","","","","",10000,1,"","",2,1,6,1,"","","","","","","","","","","","","","","","","","","","","","","","","","","","","","","","","","","","","","","","","","","","","","","","","","","","","","","","","","","","","","","","","",""
"59343001","LILLE-LESQUIN",50.57,3.0975,47,1959121721,"","","","",6.,1,"","","","","","","","","","","","","","","","","","","","","","","","","","","","","","",7.4,1,6.4,1,"","","","","","","","","","","","","","","","","","","","","","","","","","",94,1,"","","","","","","","","","","","",9.7,1,1006.,1,"","","","","","",0,1,"","",0,1,0,1,0,1,"","","","","","","","","","","","","","","","","","","","","","","","",15000,1,"","",1,1,0,1,"","","","","","","","","","","","","","","","","","","","","","","","","","","","","","","","","","","","","","","","","","","","","","","","","","","","","","","","","","","","","","","","","",""
"59343001","LILLE-LESQUIN",50.57,3.0975,47,1959121800,"","","","",6.,1,"","","","","","","","","","","","","","","","","","","","","","","","","","","","","","",6.7,1,5.5,1,"","","","","","","","","","","","","","","","","","","","","","","","","","",93,1,"","","","","","","","","","","","",9.1,1,1005.2,1,"","","","","","",7,1,7,1,8,1,0,1,0,1,"","","","","","","","","","","","","","","","","","","","","","","","",15000,1,"","",3,1,2,1,"","","","","","","","","","","","","","","","","","","","","","","","","","","","","","","","","","","","","","","","","","","","","","","","","","","","","","","","","","","","","","","","","",""
"59343001","LILLE-LESQUIN",50.57,3.0975,47,1959121803,"","","","",9.,1,"","","","","","","","","","","","","","","","","","","","","","","","","","","","","","",6.7,1,5.5,1,"","","","","","","","","","","","","","","","","","","","","","","","","","",93,1,"","","","","","","","","","","","",9.1,1,1004.,1,"","","","","","",7,1,7,1,2,1,"","","","","","","","","","","","","","","","","","","","","","","","","","","","",10000,1,"","",80,1,2,1,"","","","","","","","","","","","","","","","","","","","","","","","","","","","","","","","","","","","","","","","","","","","","","","","","","","","","","","","","","","","","","","","","",""
"59343001","LILLE-LESQUIN",50.57,3.0975,47,1959121806,"","","","",7.,1,"","","","","","","","","","","","","","","","","","","","","","","","","","","","","","",5.3,1,4.3,1,"","","","","","","","","","","","","","","","","","","","","","","","","","",94,1,"","","","","","","","","","","","",8.4,1,1004.2,1,"","","","","","",4,1,0,1,2,1,0,1,0,1,"","","","","","","","","","","","","","","","","","","","","","","","",20000,1,"","",1,1,8,1,"","",0,1,"","","","","","","","","","","","","","","","","","","","","","","","","","","","","","","","","","","","","","","","","","","","","","","","","","","","","","","","","","","","","",""
"59343001","LILLE-LESQUIN",50.57,3.0975,47,1959121809,"","","","",9.,1,"","","","","","","","","","","","","","","","","","","","","","","","","","","","","","",5.5,1,4.7,1,"","","","","","","","","","","","","","","","","","","","","","","","","","",95,1,"","","","","","","","","","","","",8.6,1,1004.6,1,"","","","","","",7,1,7,1,2,1,"","","","","","","","","","","","","","","","","","","","","","","","","","","","",10000,1,"","",25,1,8,1,"","","","","","","","","","","","","","","","","","","","","","","","","","","","","","","","","","","","","","","","","","","","","","","","","","","","","","","","","","","","","","","","","",""
"59343001","LILLE-LESQUIN",50.57,3.0975,47,1959121812,"","","","",7.,1,"","","","","","","","","","","","","","","","","","","","","","","","","","","","","","",7.7,1,6.2,1,"","","","","","","","","","","","","","","","","","","","","","","","","","",91,1,"","","","","","","","","","","","",9.6,1,1005.6,1,"","","","","","",8,1,7,1,8,1,"","","","","","","","","","","","","","","","","","","","","","","","","","","","",10000,1,"","",21,1,8,1,"","","","","","","","","","","","","","","","","","","","","","","","","","","","","","","","","","","","","","","","","","","","","","","","","","","","","","","","","","","","","","","","","",""
"59343001","LILLE-LESQUIN",50.57,3.0975,47,1959121815,"","","","",6.,1,"","","","","","","","","","","","","","","","","","","","","","","","","","","","","","",8.5,1,6.8,1,"","","","","","","","","","","","","","","","","","","","","","","","","","",90,1,"","","","","","","","","","","","",10.,1,1007.7,1,"","","","","","",7,1,7,1,4,1,"","","","","","","","","","","","","","","","","","","","","","","","","","","","",10000,1,"","",2,1,2,1,"","","","","","","","","","","","","","","","","","","","","","","","","","","","","","","","","","","","","","","","","","","","","","","","","","","","","","","","","","","","","","","","","",""
"59343001","LILLE-LESQUIN",50.57,3.0975,47,1959121818,"","","","",6.,1,"","","","","","","","","","","","","","","","","","","","","","","","","","","","","","",7.2,1,5.9,1,"","","","","","","","","","","","","","","","","","","","","","","","","","",93,1,"","","","","","","","","","","","",9.4,1,1011.2,1,"","","","","","",1,1,0,1,5,1,0,1,0,1,"","","","","","","","","","","","","","","","","","","","","","","","",10000,1,"","",1,1,1,1,"","","","","","","","","","","","","","","","","","","","","","","","","","","","","","","","","","","","","","","","","","","","","","","","","","","","","","","","","","","","","","","","","",""
"59343001","LILLE-LESQUIN",50.57,3.0975,47,1959121821,"","","","",6.,1,"","","","","","","","","","","","","","","","","","","","","","","","","","","","","","",7.1,1,1.6,1,"","","","","","","","","","","","","","","","","","","","","","","","","","",69,1,"","","","","","","","","","","","",6.9,1,1014.8,1,"","","","","","",8,1,8,1,5,1,"","","","","","","","","","","","","","","","","","","","","","","","","","","","",10000,1,"","",2,1,1,1,"","","","","","","","","","","","","","","","","","","","","","","","","","","","","","","","","","","","","","","","","","","","","","","","","","","","","","","","","","","","","","","","","",""
"59343001","LILLE-LESQUIN",50.57,3.0975,47,1959121900,"","","","",4.,1,"","","","","","","","","","","","","","","","","","","","","","","","","","","","","","",4.2,1,1.,1,"","","","","","","","","","","","","","","","","","","","","","","","","","",80,1,"","","","","","","","","","","","",6.6,1,1017.4,1,"","","","","","",6,1,6,1,5,1,0,1,0,1,"","","","","","","","","","","","","","","","","","","","","","","","",10000,1,"","",2,1,1,1,"","","","","","","","","","","","","","","","","","","","","","","","","","","","","","","","","","","","","","","","","","","","","","","","","","","","","","","","","","","","","","","","","",""
"59343001","LILLE-LESQUIN",50.57,3.0975,47,1959121903,"","","","",4.,1,"","","","","","","","","","","","","","","","","","","","","","","","","","","","","","",3.7,1,1.,1,"","","","","","","","","","","","","","","","","","","","","","","","","","",83,1,"","","","","","","","","","","","",6.6,1,1019.2,1,"","","","","","",6,1,5,1,5,1,4,1,0,1,"","","","","","","","","","","","","","","","","","","","","","","","",10000,1,"","",3,1,1,1,"","","","","","","","","","","","","","","","","","","","","","","","","","","","","","","","","","","","","","","","","","","","","","","","","","","","","","","","","","","","","","","","","",""
"59343001","LILLE-LESQUIN",50.57,3.0975,47,1959121906,"","","","",4.,1,"","","","","","","","","","","","","","","","","","","","","","","","","","","","","","",3.8,1,1.6,1,"","","","","","","","","","","","","","","","","","","","","","","","","","",87,1,"","","","","","","","","","","","",6.9,1,1020.2,1,"","","","","","",7,1,7,1,5,1,5,1,"","","","","","","","","","","","","","","","","","","","","","","","","","",8000,1,"","",3,1,2,1,"","",0,1,"","","","","","","","","","","","","","","","","","","","","","","","","","","","","","","","","","","","","","","","","","","","","","","","","","","","","","","","","","","","","",""
"59343001","LILLE-LESQUIN",50.57,3.0975,47,1959121909,"","","","",3.,1,"","","","","","","","","","","","","","","","","","","","","","","","","","","","","","",4.2,1,1.8,1,"","","","","","","","","","","","","","","","","","","","","","","","","","",85,1,"","","","","","","","","","","","",7.,1,1021.,1,"","","","","","",4,1,0,1,2,1,4,1,1,1,"","","","","","","","","","","","","","","","","","","","","","","","",4500,1,"","",10,1,2,1,"","","","","","","","","","","","","","","","","","","","","","","","","","","","","","","","","","","","","","","","","","","","","","","","","","","","","","","","","","","","","","","","","",""
"59343001","LILLE-LESQUIN",50.57,3.0975,47,1959121912,"","","","",5.,1,"","","","","","","","","","","","","","","","","","","","","","","","","","","","","","",6.3,1,3.3,1,"","","","","","","","","","","","","","","","","","","","","","","","","","",82,1,"","","","","","","","","","","","",7.8,1,1020.,1,"","","","","","",8,1,8,1,5,1,7,1,"","","","","","","","","","","","","","","","","","","","","","","","","","",7000,1,"","",3,1,2,1,"","","","","","","","","","","","","","","","","","","","","","","","","","","","","","","","","","","","","","","","","","","","","","","","","","","","","","","","","","","","","","","","","",""
"59343001","LILLE-LESQUIN",50.57,3.0975,47,1959121915,"","","","",7.,1,"","","","","","","","","","","","","","","","","","","","","","","","","","","","","","",6.7,1,3.3,1,"","","","","","","","","","","","","","","","","","","","","","","","","","",79,1,"","","","","","","","","","","","",7.8,1,1016.9,1,"","","","","","",8,1,8,1,5,1,2,1,"","","","","","","","","","","","","","","","","","","","","","","","","","",8000,1,"","",2,1,2,1,"","","","","","","","","","","","","","","","","","","","","","","","","","","","","","","","","","","","","","","","","","","","","","","","","","","","","","","","","","","","","","","","","",""
"59343001","LILLE-LESQUIN",50.57,3.0975,47,1959121918,"","","","",9.,1,"","","","","","","","","","","","","","","","","","","","","","","","","","","","","","",6.3,1,5.1,1,"","","","","","","","","","","","","","","","","","","","","","","","","","",93,1,"","","","","","","","","","","","",8.9,1,1014.1,1,"","","","","","",8,1,8,1,7,1,"","","","","","","","","","","","","","","","","","","","","","","","","","","","",7000,1,"","",60,1,6,1,"","","","","","","","","","","","","","","","","","","","","","","","","","","","","","","","","","","","","","","","","","","","","","","","","","","","","","","","","","","","","","","","","",""
"59343001","LILLE-LESQUIN",50.57,3.0975,47,1959121921,"","","","",10.,1,"","","","","","","","","","","","","","","","","","","","","","","","","","","","","","",7.7,1,6.4,1,"","","","","","","","","","","","","","","","","","","","","","","","","","",93,1,"","","","","","","","","","","","",9.7,1,1012.3,1,"","","","","","",8,1,8,1,7,1,"","","","","","","","","","","","","","","","","","","","","","","","","","","","",7000,1,"","",60,1,6,1,"","","","","","","","","","","","","","","","","","","","","","","","","","","","","","","","","","","","","","","","","","","","","","","","","","","","","","","","","","","","","","","","","",""
"59343001","LILLE-LESQUIN",50.57,3.0975,47,1959122000,"","","","",7.,1,"","","","","","","","","","","","","","","","","","","","","","","","","","","","","","",9.4,1,8.,1,"","","","","","","","","","","","","","","","","","","","","","","","","","",92,1,"","","","","","","","","","","","",10.9,1,1011.2,1,"","","","","","",8,1,8,1,6,1,"","","","","","","","","","","","","","","","","","","","","","","","","","","","",7000,1,"","",2,1,6,1,"","","","","","","","","","","","","","","","","","","","","","","","","","","","","","","","","","","","","","","","","","","","","","","","","","","","","","","","","","","","","","","","","",""
"59343001","LILLE-LESQUIN",50.57,3.0975,47,1959122003,"","","","",6.,1,"","","","","","","","","","","","","","","","","","","","","","","","","","","","","","",10.3,1,8.5,1,"","","","","","","","","","","","","","","","","","","","","","","","","","",90,1,"","","","","","","","","","","","",11.3,1,1010.1,1,"","","","","","",8,1,8,1,5,1,"","","","","","","","","","","","","","","","","","","","","","","","","","","","",10000,1,"","",1,1,2,1,"","","","","","","","","","","","","","","","","","","","","","","","","","","","","","","","","","","","","","","","","","","","","","","","","","","","","","","","","","","","","","","","","",""
"59343001","LILLE-LESQUIN",50.57,3.0975,47,1959122006,"","","","",8.,1,"","","","","","","","","","","","","","","","","","","","","","","","","","","","","","",10.5,1,9.,1,"","","","","","","","","","","","","","","","","","","","","","","","","","",92,1,"","","","","","","","","","","","",11.7,1,1007.2,1,"","","","","","",8,1,8,1,7,1,"","","","","","","","","","","","","","","","","","","","","","","","","","","","",10000,1,"","",2,1,2,1,"","",0,1,"","","","","","","","","","","","","","","","","","","","","","","","","","","","","","","","","","","","","","","","","","","","","","","","","","","","","","","","","","","","","",""
"59343001","LILLE-LESQUIN",50.57,3.0975,47,1959122009,"","","","",8.,1,"","","","","","","","","","","","","","","","","","","","","","","","","","","","","","",11.2,1,9.2,1,"","","","","","","","","","","","","","","","","","","","","","","","","","",89,1,"","","","","","","","","","","","",11.8,1,1004.4,1,"","","","","","",8,1,8,1,7,1,"","","","","","","","","","","","","","","","","","","","","","","","","","","","",10000,1,"","",20,1,5,1,"","","","","","","","","","","","","","","","","","","","","","","","","","","","","","","","","","","","","","","","","","","","","","","","","","","","","","","","","","","","","","","","","",""
"59343001","LILLE-LESQUIN",50.57,3.0975,47,1959122012,"","","","",12.,1,"","","","","","","","","","","","","","","","","","","","","","","","","","","","","","",11.4,1,8.4,1,"","","","","","","","","","","","","","","","","","","","","","","","","","",83,1,"","","","","","","","","","","","",11.2,1,999.6,1,"","","","","","",8,1,8,1,7,1,"","","","","","","","","","","","","","","","","","","","","","","","","","","","",15000,1,"","",21,1,5,1,"","","","","","","","","","","","","","","","","","","","","","","","","","","","","","","","","","","","","","","","","","","","","","","","","","","","","","","","","","","","","","","","","",""
"59343001","LILLE-LESQUIN",50.57,3.0975,47,1959122015,"","","","",9.,1,"","","","","","","","","","","","","","","","","","","","","","","","","","","","","","",9.4,1,7.1,1,"","","","","","","","","","","","","","","","","","","","","","","","","","",87,1,"","","","","","","","","","","","",10.2,1,998.4,1,"","","","","","",8,1,6,1,7,1,2,1,"","","","","","","","","","","","","","","","","","","","","","","","","","",12000,1,"","",61,1,8,1,"","","","","","","","","","","","","","","","","","","","","","","","","","","","","","","","","","","","","","","","","","","","","","","","","","","","","","","","","","","","","","","","","",""
"59343001","LILLE-LESQUIN",50.57,3.0975,47,1959122018,"","","","",7.,1,"","","","","","","","","","","","","","","","","","","","","","","","","","","","","","",8.3,1,4.5,1,"","","","","","","","","","","","","","","","","","","","","","","","","","",78,1,"","","","","","","","","","","","",8.5,1,999.2,1,"","","","","","",7,1,7,1,7,1,2,1,0,1,"","","","","","","","","","","","","","","","","","","","","","","","",15000,1,"","",2,1,8,1,"","","","","","","","","","","","","","","","","","","","","","","","","","","","","","","","","","","","","","","","","","","","","","","","","","","","","","","","","","","","","","","","","",""
"59343001","LILLE-LESQUIN",50.57,3.0975,47,1959122021,"","","","",8.,1,"","","","","","","","","","","","","","","","","","","","","","","","","","","","","","",7.7,1,3.3,1,"","","","","","","","","","","","","","","","","","","","","","","","","","",75,1,"","","","","","","","","","","","",7.8,1,998.4,1,"","","","","","",1,1,0,1,5,1,0,1,0,1,"","","","","","","","","","","","","","","","","","","","","","","","",15000,1,"","",1,1,1,1,"","","","","","","","","","","","","","","","","","","","","","","","","","","","","","","","","","","","","","","","","","","","","","","","","","","","","","","","","","","","","","","","","",""
"59343001","LILLE-LESQUIN",50.57,3.0975,47,1959122100,"","","","",7.,1,"","","","","","","","","","","","","","","","","","","","","","","","","","","","","","",6.6,1,3.8,1,"","","","","","","","","","","","","","","","","","","","","","","","","","",83,1,"","","","","","","","","","","","",8.1,1,998.1,1,"","","","","","",4,1,0,1,0,1,0,1,2,1,"","","","","","","","","","","","","","","","","","","","","","","","",15000,1,"","",3,1,1,1,"","","","","","","","","","","","","","","","","","","","","","","","","","","","","","","","","","","","","","","","","","","","","","","","","","","","","","","","","","","","","","","","","",""
"59343001","LILLE-LESQUIN",50.57,3.0975,47,1959122103,"","","","",3.,1,"","","","","","","","","","","","","","","","","","","","","","","","","","","","","","",6.2,1,4.,1,"","","","","","","","","","","","","","","","","","","","","","","","","","",86,1,"","","","","","","","","","","","",8.2,1,997.6,1,"","","","","","",8,1,8,1,5,1,"","","","","","","","","","","","","","","","","","","","","","","","","","","","",15000,1,"","",2,1,2,1,"","","","","","","","","","","","","","","","","","","","","","","","","","","","","","","","","","","","","","","","","","","","","","","","","","","","","","","","","","","","","","","","","",""
"59343001","LILLE-LESQUIN",50.57,3.0975,47,1959122106,"","","","",7.,1,"","","","","","","","","","","","","","","","","","","","","","","","","","","","","","",5.2,1,3.,1,"","","","","","","","","","","","","","","","","","","","","","","","","","",86,1,"","","","","","","","","","","","",7.6,1,998.4,1,"","","","","","",8,1,5,1,8,1,"","","","","","","","","","","","","","","","","","","","","","","","","","","","",15000,1,"","",80,1,2,1,"","",0,1,"","","","","","","","","","","","","","","","","","","","","","","","","","","","","","","","","","","","","","","","","","","","","","","","","","","","","","","","","","","","","",""
"59343001","LILLE-LESQUIN",50.57,3.0975,47,1959122109,"","","","",2.,1,"","","","","","","","","","","","","","","","","","","","","","","","","","","","","","",4.2,1,2.6,1,"","","","","","","","","","","","","","","","","","","","","","","","","","",90,1,"","","","","","","","","","","","",7.4,1,999.3,1,"","","","","","",8,1,8,1,5,1,"","","","","","","","","","","","","","","","","","","","","","","","","","","","",8000,1,"","",21,1,8,1,"","","","","","","","","","","","","","","","","","","","","","","","","","","","","","","","","","","","","","","","","","","","","","","","","","","","","","","","","","","","","","","","","",""
"59343001","LILLE-LESQUIN",50.57,3.0975,47,1959122112,"","","","",6.,1,"","","","","","","","","","","","","","","","","","","","","","","","","","","","","","",6.,1,3.3,1,"","","","","","","","","","","","","","","","","","","","","","","","","","",83,1,"","","","","","","","","","","","",7.8,1,999.1,1,"","","","","","",8,1,8,1,5,1,"","","","","","","","","","","","","","","","","","","","","","","","","","","","",10000,1,"","",2,1,8,1,"","","","","","","","","","","","","","","","","","","","","","","","","","","","","","","","","","","","","","","","","","","","","","","","","","","","","","","","","","","","","","","","","",""
"59343001","LILLE-LESQUIN",50.57,3.0975,47,1959122115,"","","","",2.,1,"","","","","","","","","","","","","","","","","","","","","","","","","","","","","","",6.,1,3.5,1,"","","","","","","","","","","","","","","","","","","","","","","","","","",85,1,"","","","","","","","","","","","",7.9,1,999.1,1,"","","","","","",6,1,5,1,5,1,0,1,2,1,"","","","","","","","","","","","","","","","","","","","","","","","",7000,1,"","",2,1,2,1,"","","","","","","","","","","","","","","","","","","","","","","","","","","","","","","","","","","","","","","","","","","","","","","","","","","","","","","","","","","","","","","","","",""
"59343001","LILLE-LESQUIN",50.57,3.0975,47,1959122118,"","","","",3.,1,"","","","","","","","","","","","","","","","","","","","","","","","","","","","","","",5.,1,2.8,1,"","","","","","","","","","","","","","","","","","","","","","","","","","",86,1,"","","","","","","","","","","","",7.5,1,1000.7,1,"","","","","","",8,1,6,1,5,1,0,1,2,1,"","","","","","","","","","","","","","","","","","","","","","","","",7000,1,"","",2,1,2,1,"","","","","","","","","","","","","","","","","","","","","","","","","","","","","","","","","","","","","","","","","","","","","","","","","","","","","","","","","","","","","","","","","",""
"59343001","LILLE-LESQUIN",50.57,3.0975,47,1959122121,"","","","",0.,1,"","","","","","","","","","","","","","","","","","","","","","","","","","","","","","",2.4,1,1.2,1,"","","","","","","","","","","","","","","","","","","","","","","","","","",93,1,"","","","","","","","","","","","",6.7,1,1002.5,1,"","","","","","",3,1,0,1,0,1,0,1,2,1,"","","","","","","","","","","","","","","","","","","","","","","","",6000,1,"","",2,1,1,1,"","","","","","","","","","","","","","","","","","","","","","","","","","","","","","","","","","","","","","","","","","","","","","","","","","","","","","","","","","","","","","","","","",""
"59343001","LILLE-LESQUIN",50.57,3.0975,47,1959122200,"","","","",2.,1,"","","","","","","","","","","","","","","","","","","","","","","","","","","","","","",1.8,1,0.6,1,"","","","","","","","","","","","","","","","","","","","","","","","","","",92,1,"","","","","","","","","","","","",6.4,1,1003.2,1,"","","","","","",0,1,"","",0,1,0,1,0,1,"","","","","","","","","","","","","","","","","","","","","","","","",6000,1,"","",1,1,6,1,"","","","","","","","","","","","","","","","","","","","","","","","","","","","","","","","","","","","","","","","","","","","","","","","","","","","","","","","","","","","","","","","","",""
"59343001","LILLE-LESQUIN",50.57,3.0975,47,1959122203,"","","","",1.,1,"","","","","","","","","","","","","","","","","","","","","","","","","","","","","","",1.,1,0.,1,"","","","","","","","","","","","","","","","","","","","","","","","","","",92,1,"","","","","","","","","","","","",6.1,1,1004.2,1,"","","","","","",0,1,"","",0,1,0,1,0,1,"","","","","","","","","","","","","","","","","","","","","","","","",8000,1,"","",2,1,0,1,"","","","","","","","","","","","","","","","","","","","","","","","","","","","","","","","","","","","","","","","","","","","","","","","","","","","","","","","","","","","","","","","","",""
"59343001","LILLE-LESQUIN",50.57,3.0975,47,1959122206,"","","","",2.,1,"","","","","","","","","","","","","","","","","","","","","","","","","","","","","","",1.6,1,0.2,1,"","","","","","","","","","","","","","","","","","","","","","","","","","",91,1,"","","","","","","","","","","","",6.2,1,1005.,1,"","","","","","",3,1,0,1,5,1,0,1,0,1,"","","","","","","","","","","","","","","","","","","","","","","","",6000,1,"","",1,1,1,1,"","",0,1,"","","","","","","","","","","","","","","","","","","","","","","","","","","","","","","","","","","","","","","","","","","","","","","","","","","","","","","","","","","","","",""
"59343001","LILLE-LESQUIN",50.57,3.0975,47,1959122209,"","","","",6.,1,"","","","","","","","","","","","","","","","","","","","","","","","","","","","","","",2.2,1,1.6,1,"","","","","","","","","","","","","","","","","","","","","","","","","","",96,1,"","","","","","","","","","","","",6.9,1,1004.4,1,"","","","","","",9,1,"","","","","","","","","","","","","","","","","","","","","","","","","","","","","","","","",800,1,"","",43,1,4,1,"","","","","","","","","","","","","","","","","","","","","","","","","","","","","","","","","","","","","","","","","","","","","","","","","","","","","","","","","","","","","","","","","",""
"59343001","LILLE-LESQUIN",50.57,3.0975,47,1959122212,"","","","",10.,1,"","","","","","","","","","","","","","","","","","","","","","","","","","","","","","",3.2,1,1.6,1,"","","","","","","","","","","","","","","","","","","","","","","","","","",90,1,"","","","","","","","","","","","",6.9,1,1003.4,1,"","","","","","",8,1,8,1,6,1,"","","","","","","","","","","","","","","","","","","","","","","","","","","","",2000,1,"","",10,1,4,1,"","","","","","","","","","","","","","","","","","","","","","","","","","","","","","","","","","","","","","","","","","","","","","","","","","","","","","","","","","","","","","","","","",""
"59343001","LILLE-LESQUIN",50.57,3.0975,47,1959122215,"","","","",8.,1,"","","","","","","","","","","","","","","","","","","","","","","","","","","","","","",4.3,1,3.,1,"","","","","","","","","","","","","","","","","","","","","","","","","","",92,1,"","","","","","","","","","","","",7.6,1,999.8,1,"","","","","","",8,1,8,1,6,1,"","","","","","","","","","","","","","","","","","","","","","","","","","","","",3000,1,"","",10,1,2,1,"","","","","","","","","","","","","","","","","","","","","","","","","","","","","","","","","","","","","","","","","","","","","","","","","","","","","","","","","","","","","","","","","",""
"59343001","LILLE-LESQUIN",50.57,3.0975,47,1959122218,"","","","",13.,1,"","","","","","","","","","","","","","","","","","","","","","","","","","","","","","",5.,1,2.,1,"","","","","","","","","","","","","","","","","","","","","","","","","","",81,1,"","","","","","","","","","","","",7.1,1,994.4,1,"","","","","","",8,1,8,1,5,1,"","","","","","","","","","","","","","","","","","","","","","","","","","","","",6000,1,"","",61,1,2,1,"","","","","","","","","","","","","","","","","","","","","","","","","","","","","","","","","","","","","","","","","","","","","","","","","","","","","","","","","","","","","","","","","",""
"59343001","LILLE-LESQUIN",50.57,3.0975,47,1959122221,"","","","",10.,1,"","","","","","","","","","","","","","","","","","","","","","","","","","","","","","",5.4,1,3.5,1,"","","","","","","","","","","","","","","","","","","","","","","","","","",91,1,"","","","","","","","","","","","",7.9,1,990.4,1,"","","","","","",8,1,8,1,7,1,"","","","","","","","","","","","","","","","","","","","","","","","","","","","",6000,1,"","",61,1,6,1,"","","","","","","","","","","","","","","","","","","","","","","","","","","","","","","","","","","","","","","","","","","","","","","","","","","","","","","","","","","","","","","","","",""
"59343001","LILLE-LESQUIN",50.57,3.0975,47,1959122300,"","","","",6.,1,"","","","","","","","","","","","","","","","","","","","","","","","","","","","","","",7.1,1,5.1,1,"","","","","","","","","","","","","","","","","","","","","","","","","","",88,1,"","","","","","","","","","","","",8.9,1,988.6,1,"","","","","","",5,1,5,1,7,1,0,1,0,1,"","","","","","","","","","","","","","","","","","","","","","","","",6000,1,"","",21,1,6,1,"","","","","","","","","","","","","","","","","","","","","","","","","","","","","","","","","","","","","","","","","","","","","","","","","","","","","","","","","","","","","","","","","",""
"59343001","LILLE-LESQUIN",50.57,3.0975,47,1959122303,"","","","",5.,1,"","","","","","","","","","","","","","","","","","","","","","","","","","","","","","",6.9,1,4.3,1,"","","","","","","","","","","","","","","","","","","","","","","","","","",84,1,"","","","","","","","","","","","",8.4,1,988.8,1,"","","","","","",0,1,"","",0,1,0,1,0,1,"","","","","","","","","","","","","","","","","","","","","","","","",10000,1,"","",2,1,8,1,"","","","","","","","","","","","","","","","","","","","","","","","","","","","","","","","","","","","","","","","","","","","","","","","","","","","","","","","","","","","","","","","","",""
"59343001","LILLE-LESQUIN",50.57,3.0975,47,1959122306,"","","","",7.,1,"","","","","","","","","","","","","","","","","","","","","","","","","","","","","","",6.8,1,4.3,1,"","","","","","","","","","","","","","","","","","","","","","","","","","",85,1,"","","","","","","","","","","","",8.4,1,988.3,1,"","","","","","",2,1,0,1,7,1,0,1,0,1,"","","","","","","","","","","","","","","","","","","","","","","","",10000,1,"","",21,1,8,1,"","",0,1,"","","","","","","","","","","","","","","","","","","","","","","","","","","","","","","","","","","","","","","","","","","","","","","","","","","","","","","","","","","","","",""
"59343001","LILLE-LESQUIN",50.57,3.0975,47,1959122309,"","","","",9.,1,"","","","","","","","","","","","","","","","","","","","","","","","","","","","","","",7.2,1,4.2,1,"","","","","","","","","","","","","","","","","","","","","","","","","","",81,1,"","","","","","","","","","","","",8.3,1,988.5,1,"","","","","","",5,1,0,1,2,1,0,1,3,1,"","","","","","","","","","","","","","","","","","","","","","","","",15000,1,"","",3,1,2,1,"","","","","","","","","","","","","","","","","","","","","","","","","","","","","","","","","","","","","","","","","","","","","","","","","","","","","","","","","","","","","","","","","",""
"59343001","LILLE-LESQUIN",50.57,3.0975,47,1959122312,"","","","",9.,1,"","","","","","","","","","","","","","","","","","","","","","","","","","","","","","",7.8,1,3.5,1,"","","","","","","","","","","","","","","","","","","","","","","","","","",75,1,"","","","","","","","","","","","",7.9,1,988.8,1,"","","","","","",6,1,0,1,9,1,0,1,3,1,"","","","","","","","","","","","","","","","","","","","","","","","",10000,1,"","",2,1,2,1,"","","","","","","","","","","","","","","","","","","","","","","","","","","","","","","","","","","","","","","","","","","","","","","","","","","","","","","","","","","","","","","","","",""
"59343001","LILLE-LESQUIN",50.57,3.0975,47,1959122315,"","","","",7.,1,"","","","","","","","","","","","","","","","","","","","","","","","","","","","","","",8.1,1,3.1,1,"","","","","","","","","","","","","","","","","","","","","","","","","","",71,1,"","","","","","","","","","","","",7.7,1,988.7,1,"","","","","","",4,1,0,1,2,1,0,1,3,1,"","","","","","","","","","","","","","","","","","","","","","","","",15000,1,"","",2,1,8,1,"","","","","","","","","","","","","","","","","","","","","","","","","","","","","","","","","","","","","","","","","","","","","","","","","","","","","","","","","","","","","","","","","",""
"59343001","LILLE-LESQUIN",50.57,3.0975,47,1959122318,"","","","",8.,1,"","","","","","","","","","","","","","","","","","","","","","","","","","","","","","",6.7,1,2.,1,"","","","","","","","","","","","","","","","","","","","","","","","","","",73,1,"","","","","","","","","","","","",7.1,1,989.,1,"","","","","","",2,1,0,1,5,1,0,1,0,1,"","","","","","","","","","","","","","","","","","","","","","","","",15000,1,"","",3,1,8,1,"","","","","","","","","","","","","","","","","","","","","","","","","","","","","","","","","","","","","","","","","","","","","","","","","","","","","","","","","","","","","","","","","",""
"59343001","LILLE-LESQUIN",50.57,3.0975,47,1959122321,"","","","",6.,1,"","","","","","","","","","","","","","","","","","","","","","","","","","","","","","",5.,1,2.,1,"","","","","","","","","","","","","","","","","","","","","","","","","","",81,1,"","","","","","","","","","","","",7.1,1,989.2,1,"","","","","","",0,1,"","",0,1,0,1,0,1,"","","","","","","","","","","","","","","","","","","","","","","","",10000,1,"","",2,1,0,1,"","","","","","","","","","","","","","","","","","","","","","","","","","","","","","","","","","","","","","","","","","","","","","","","","","","","","","","","","","","","","","","","","",""
"59343001","LILLE-LESQUIN",50.57,3.0975,47,1959122400,"","","","",7.,1,"","","","","","","","","","","","","","","","","","","","","","","","","","","","","","",4.6,1,0.6,1,"","","","","","","","","","","","","","","","","","","","","","","","","","",76,1,"","","","","","","","","","","","",6.4,1,990.4,1,"","","","","","",0,1,"","",0,1,0,1,0,1,"","","","","","","","","","","","","","","","","","","","","","","","",15000,1,"","",2,1,0,1,"","","","","","","","","","","","","","","","","","","","","","","","","","","","","","","","","","","","","","","","","","","","","","","","","","","","","","","","","","","","","","","","","",""
"59343001","LILLE-LESQUIN",50.57,3.0975,47,1959122403,"","","","",5.,1,"","","","","","","","","","","","","","","","","","","","","","","","","","","","","","",3.1,1,0.6,1,"","","","","","","","","","","","","","","","","","","","","","","","","","",84,1,"","","","","","","","","","","","",6.4,1,991.1,1,"","","","","","",2,1,0,1,0,1,0,1,1,1,"","","","","","","","","","","","","","","","","","","","","","","","",15000,1,"","",3,1,0,1,"","","","","","","","","","","","","","","","","","","","","","","","","","","","","","","","","","","","","","","","","","","","","","","","","","","","","","","","","","","","","","","","","",""
"59343001","LILLE-LESQUIN",50.57,3.0975,47,1959122406,"","","","",6.,1,"","","","","","","","","","","","","","","","","","","","","","","","","","","","","","",2.5,1,1.,1,"","","","","","","","","","","","","","","","","","","","","","","","","","",91,1,"","","","","","","","","","","","",6.6,1,991.6,1,"","","","","","",2,1,0,1,6,1,0,1,0,1,"","","","","","","","","","","","","","","","","","","","","","","","",10000,1,"","",3,1,0,1,"","",0,1,"","","","","","","","","","","","","","","","","","","","","","","","","","","","","","","","","","","","","","","","","","","","","","","","","","","","","","","","","","","","","",""
"59343001","LILLE-LESQUIN",50.57,3.0975,47,1959122409,"","","","",8.,1,"","","","","","","","","","","","","","","","","","","","","","","","","","","","","","",3.5,1,1.,1,"","","","","","","","","","","","","","","","","","","","","","","","","","",85,1,"","","","","","","","","","","","",6.6,1,992.,1,"","","","","","",8,1,6,1,6,1,"","","","","","","","","","","","","","","","","","","","","","","","","","","","",6000,1,"","",3,1,1,1,"","","","","","","","","","","","","","","","","","","","","","","","","","","","","","","","","","","","","","","","","","","","","","","","","","","","","","","","","","","","","","","","","",""
"59343001","LILLE-LESQUIN",50.57,3.0975,47,1959122412,"","","","",7.,1,"","","","","","","","","","","","","","","","","","","","","","","","","","","","","","",5.,1,3.,1,"","","","","","","","","","","","","","","","","","","","","","","","","","",87,1,"","","","","","","","","","","","",7.6,1,991.,1,"","","","","","",8,1,8,1,7,1,"","","","","","","","","","","","","","","","","","","","","","","","","","","","",4000,1,"","",61,1,2,1,"","","","","","","","","","","","","","","","","","","","","","","","","","","","","","","","","","","","","","","","","","","","","","","","","","","","","","","","","","","","","","","","","",""
"59343001","LILLE-LESQUIN",50.57,3.0975,47,1959122415,"","","","",7.,1,"","","","","","","","","","","","","","","","","","","","","","","","","","","","","","",5.4,1,4.2,1,"","","","","","","","","","","","","","","","","","","","","","","","","","",92,1,"","","","","","","","","","","","",8.3,1,990.,1,"","","","","","",8,1,7,1,7,1,2,1,"","","","","","","","","","","","","","","","","","","","","","","","","","",4000,1,"","",61,1,6,1,"","","","","","","","","","","","","","","","","","","","","","","","","","","","","","","","","","","","","","","","","","","","","","","","","","","","","","","","","","","","","","","","","",""
"59343001","LILLE-LESQUIN",50.57,3.0975,47,1959122418,"","","","",7.,1,"","","","","","","","","","","","","","","","","","","","","","","","","","","","","","",6.4,1,4.5,1,"","","","","","","","","","","","","","","","","","","","","","","","","","",88,1,"","","","","","","","","","","","",8.5,1,991.5,1,"","","","","","",5,1,5,1,7,1,3,1,0,1,"","","","","","","","","","","","","","","","","","","","","","","","",6000,1,"","",21,1,6,1,"","","","","","","","","","","","","","","","","","","","","","","","","","","","","","","","","","","","","","","","","","","","","","","","","","","","","","","","","","","","","","","","","",""
"59343001","LILLE-LESQUIN",50.57,3.0975,47,1959122421,"","","","",4.,1,"","","","","","","","","","","","","","","","","","","","","","","","","","","","","","",6.,1,5.,1,"","","","","","","","","","","","","","","","","","","","","","","","","","",94,1,"","","","","","","","","","","","",8.8,1,994.4,1,"","","","","","",3,1,0,1,5,1,0,1,0,1,"","","","","","","","","","","","","","","","","","","","","","","","",8000,1,"","",1,1,1,1,"","","","","","","","","","","","","","","","","","","","","","","","","","","","","","","","","","","","","","","","","","","","","","","","","","","","","","","","","","","","","","","","","",""
"59343001","LILLE-LESQUIN",50.57,3.0975,47,1959122500,"","","","",7.,1,"","","","","","","","","","","","","","","","","","","","","","","","","","","","","","",6.6,1,4.7,1,"","","","","","","","","","","","","","","","","","","","","","","","","","",88,1,"","","","","","","","","","","","",8.6,1,996.5,1,"","","","","","",8,1,8,1,5,1,"","","","","","","","","","","","","","","","","","","","","","","","","","","","",8000,1,"","",60,1,2,1,"","","","","","","","","","","","","","","","","","","","","","","","","","","","","","","","","","","","","","","","","","","","","","","","","","","","","","","","","","","","","","","","","",""
"59343001","LILLE-LESQUIN",50.57,3.0975,47,1959122503,"","","","",5.,1,"","","","","","","","","","","","","","","","","","","","","","","","","","","","","","",6.4,1,5.3,1,"","","","","","","","","","","","","","","","","","","","","","","","","","",94,1,"","","","","","","","","","","","",9.,1,998.4,1,"","","","","","",8,1,8,1,5,1,"","","","","","","","","","","","","","","","","","","","","","","","","","","","",10000,1,"","",2,1,6,1,"","","","","","","","","","","","","","","","","","","","","","","","","","","","","","","","","","","","","","","","","","","","","","","","","","","","","","","","","","","","","","","","","",""
"59343001","LILLE-LESQUIN",50.57,3.0975,47,1959122506,"","","","",6.,1,"","","","","","","","","","","","","","","","","","","","","","","","","","","","","","",6.2,1,5.3,1,"","","","","","","","","","","","","","","","","","","","","","","","","","",95,1,"","","","","","","","","","","","",9.,1,1001.1,1,"","","","","","",5,1,5,1,5,1,0,1,0,1,"","","","","","","","","","","","","","","","","","","","","","","","",10000,1,"","",1,1,6,1,"","",0,1,"","","","","","","","","","","","","","","","","","","","","","","","","","","","","","","","","","","","","","","","","","","","","","","","","","","","","","","","","","","","","",""
"59343001","LILLE-LESQUIN",50.57,3.0975,47,1959122509,"","","","",7.,1,"","","","","","","","","","","","","","","","","","","","","","","","","","","","","","",6.8,1,4.8,1,"","","","","","","","","","","","","","","","","","","","","","","","","","",88,1,"","","","","","","","","","","","",8.7,1,1002.9,1,"","","","","","",6,1,0,1,8,1,0,1,0,1,"","","","","","","","","","","","","","","","","","","","","","","","",10000,1,"","",2,1,2,1,"","","","","","","","","","","","","","","","","","","","","","","","","","","","","","","","","","","","","","","","","","","","","","","","","","","","","","","","","","","","","","","","","",""
"59343001","LILLE-LESQUIN",50.57,3.0975,47,1959122512,"","","","",7.,1,"","","","","","","","","","","","","","","","","","","","","","","","","","","","","","",7.8,1,4.7,1,"","","","","","","","","","","","","","","","","","","","","","","","","","",81,1,"","","","","","","","","","","","",8.6,1,1002.9,1,"","","","","","",6,1,6,1,0,1,4,1,6,1,"","","","","","","","","","","","","","","","","","","","","","","","",10000,1,"","",3,1,2,1,"","","","","","","","","","","","","","","","","","","","","","","","","","","","","","","","","","","","","","","","","","","","","","","","","","","","","","","","","","","","","","","","","",""
"59343001","LILLE-LESQUIN",50.57,3.0975,47,1959122515,"","","","",9.,1,"","","","","","","","","","","","","","","","","","","","","","","","","","","","","","",7.2,1,4.3,1,"","","","","","","","","","","","","","","","","","","","","","","","","","",83,1,"","","","","","","","","","","","",8.4,1,999.9,1,"","","","","","",8,1,5,1,7,1,7,1,"","","","","","","","","","","","","","","","","","","","","","","","","","",8000,1,"","",3,1,2,1,"","","","","","","","","","","","","","","","","","","","","","","","","","","","","","","","","","","","","","","","","","","","","","","","","","","","","","","","","","","","","","","","","",""
"59343001","LILLE-LESQUIN",50.57,3.0975,47,1959122518,"","","","",11.,1,"","","","","","","","","","","","","","","","","","","","","","","","","","","","","","",7.2,1,5.8,1,"","","","","","","","","","","","","","","","","","","","","","","","","","",91,1,"","","","","","","","","","","","",9.3,1,994.7,1,"","","","","","",8,1,7,1,7,1,"","","","","","","","","","","","","","","","","","","","","","","","","","","","",8000,1,"","",61,1,6,1,"","","","","","","","","","","","","","","","","","","","","","","","","","","","","","","","","","","","","","","","","","","","","","","","","","","","","","","","","","","","","","","","","",""
"59343001","LILLE-LESQUIN",50.57,3.0975,47,1959122521,"","","","",12.,1,"","","","","","","","","","","","","","","","","","","","","","","","","","","","","","",9.,1,7.1,1,"","","","","","","","","","","","","","","","","","","","","","","","","","",89,1,"","","","","","","","","","","","",10.2,1,992.,1,"","","","","","",8,1,8,1,7,1,"","","","","","","","","","","","","","","","","","","","","","","","","","","","",10000,1,"","",60,1,6,1,"","","","","","","","","","","","","","","","","","","","","","","","","","","","","","","","","","","","","","","","","","","","","","","","","","","","","","","","","","","","","","","","","",""
"59343001","LILLE-LESQUIN",50.57,3.0975,47,1959122600,"","","","",8.,1,"","","","","","","","","","","","","","","","","","","","","","","","","","","","","","",10.5,1,7.6,1,"","","","","","","","","","","","","","","","","","","","","","","","","","",85,1,"","","","","","","","","","","","",10.6,1,991.9,1,"","","","","","",8,1,8,1,7,1,2,1,"","","","","","","","","","","","","","","","","","","","","","","","","","",10000,1,"","",2,1,6,1,"","","","","","","","","","","","","","","","","","","","","","","","","","","","","","","","","","","","","","","","","","","","","","","","","","","","","","","","","","","","","","","","","",""
"59343001","LILLE-LESQUIN",50.57,3.0975,47,1959122603,"","","","",8.,1,"","","","","","","","","","","","","","","","","","","","","","","","","","","","","","",9.4,1,5.6,1,"","","","","","","","","","","","","","","","","","","","","","","","","","",78,1,"","","","","","","","","","","","",9.2,1,990.7,1,"","","","","","",8,1,5,1,5,1,2,1,"","","","","","","","","","","","","","","","","","","","","","","","","","",10000,1,"","",2,1,6,1,"","","","","","","","","","","","","","","","","","","","","","","","","","","","","","","","","","","","","","","","","","","","","","","","","","","","","","","","","","","","","","","","","",""
"59343001","LILLE-LESQUIN",50.57,3.0975,47,1959122606,"","","","",10.,1,"","","","","","","","","","","","","","","","","","","","","","","","","","","","","","",9.1,1,5.1,1,"","","","","","","","","","","","","","","","","","","","","","","","","","",77,1,"","","","","","","","","","","","",8.9,1,989.4,1,"","","","","","",2,1,0,1,5,1,0,1,0,1,"","","","","","","","","","","","","","","","","","","","","","","","",10000,1,"","",1,1,1,1,"","",0,1,"","","","","","","","","","","","","","","","","","","","","","","","","","","","","","","","","","","","","","","","","","","","","","","","","","","","","","","","","","","","","",""
"59343001","LILLE-LESQUIN",50.57,3.0975,47,1959122609,"","","","",13.,1,"","","","","","","","","","","","","","","","","","","","","","","","","","","","","","",7.8,1,5.1,1,"","","","","","","","","","","","","","","","","","","","","","","","","","",83,1,"","","","","","","","","","","","",8.9,1,993.8,1,"","","","","","",7,1,7,1,9,1,"","","","","","","","","","","","","","","","","","","","","","","","","","","","",8000,1,"","",80,1,8,1,"","","","","","","","","","","","","","","","","","","","","","","","","","","","","","","","","","","","","","","","","","","","","","","","","","","","","","","","","","","","","","","","","",""
"59343001","LILLE-LESQUIN",50.57,3.0975,47,1959122612,"","","","",14.,1,"","","","","","","","","","","","","","","","","","","","","","","","","","","","","","",10.7,1,3.8,1,"","","","","","","","","","","","","","","","","","","","","","","","","","",64,1,"","","","","","","","","","","","",8.1,1,995.9,1,"","","","","","",4,1,0,1,2,1,0,1,2,1,"","","","","","","","","","","","","","","","","","","","","","","","",20000,1,"","",1,1,8,1,"","","","","","","","","","","","","","","","","","","","","","","","","","","","","","","","","","","","","","","","","","","","","","","","","","","","","","","","","","","","","","","","","",""
"59343001","LILLE-LESQUIN",50.57,3.0975,47,1959122615,"","","","",9.,1,"","","","","","","","","","","","","","","","","","","","","","","","","","","","","","",9.9,1,4.7,1,"","","","","","","","","","","","","","","","","","","","","","","","","","",71,1,"","","","","","","","","","","","",8.6,1,994.9,1,"","","","","","",7,1,5,1,0,1,5,1,2,1,"","","","","","","","","","","","","","","","","","","","","","","","",10000,1,"","",3,1,1,1,"","","","","","","","","","","","","","","","","","","","","","","","","","","","","","","","","","","","","","","","","","","","","","","","","","","","","","","","","","","","","","","","","",""
"59343001","LILLE-LESQUIN",50.57,3.0975,47,1959122618,"","","","",12.,1,"","","","","","","","","","","","","","","","","","","","","","","","","","","","","","",9.9,1,6.8,1,"","","","","","","","","","","","","","","","","","","","","","","","","","",82,1,"","","","","","","","","","","","",10.,1,991.4,1,"","","","","","",8,1,8,1,7,1,2,1,"","","","","","","","","","","","","","","","","","","","","","","","","","",8000,1,"","",60,1,2,1,"","","","","","","","","","","","","","","","","","","","","","","","","","","","","","","","","","","","","","","","","","","","","","","","","","","","","","","","","","","","","","","","","",""
"59343001","LILLE-LESQUIN",50.57,3.0975,47,1959122621,"","","","",11.,1,"","","","","","","","","","","","","","","","","","","","","","","","","","","","","","",7.8,1,2.8,1,"","","","","","","","","","","","","","","","","","","","","","","","","","",71,1,"","","","","","","","","","","","",7.5,1,992.3,1,"","","","","","",2,1,0,1,5,1,0,1,0,1,"","","","","","","","","","","","","","","","","","","","","","","","",15000,1,"","",25,1,8,1,"","","","","","","","","","","","","","","","","","","","","","","","","","","","","","","","","","","","","","","","","","","","","","","","","","","","","","","","","","","","","","","","","",""
"59343001","LILLE-LESQUIN",50.57,3.0975,47,1959122700,"","","","",9.,1,"","","","","","","","","","","","","","","","","","","","","","","","","","","","","","",6.9,1,2.2,1,"","","","","","","","","","","","","","","","","","","","","","","","","","",73,1,"","","","","","","","","","","","",7.2,1,993.9,1,"","","","","","",0,1,"","",0,1,0,1,0,1,"","","","","","","","","","","","","","","","","","","","","","","","",20000,1,"","",1,1,8,1,"","","","","","","","","","","","","","","","","","","","","","","","","","","","","","","","","","","","","","","","","","","","","","","","","","","","","","","","","","","","","","","","","",""
"59343001","LILLE-LESQUIN",50.57,3.0975,47,1959122703,"","","","",9.,1,"","","","","","","","","","","","","","","","","","","","","","","","","","","","","","",7.6,1,1.6,1,"","","","","","","","","","","","","","","","","","","","","","","","","","",66,1,"","","","","","","","","","","","",6.9,1,995.1,1,"","","","","","",5,1,5,1,5,1,0,1,0,1,"","","","","","","","","","","","","","","","","","","","","","","","",20000,1,"","",3,1,1,1,"","","","","","","","","","","","","","","","","","","","","","","","","","","","","","","","","","","","","","","","","","","","","","","","","","","","","","","","","","","","","","","","","",""
"59343001","LILLE-LESQUIN",50.57,3.0975,47,1959122706,"","","","",9.,1,"","","","","","","","","","","","","","","","","","","","","","","","","","","","","","",6.6,1,2.2,1,"","","","","","","","","","","","","","","","","","","","","","","","","","",74,1,"","","","","","","","","","","","",7.2,1,995.1,1,"","","","","","",0,1,"","",0,1,0,1,0,1,"","","","","","","","","","","","","","","","","","","","","","","","",15000,1,"","",1,1,1,1,"","",0,1,"","","","","","","","","","","","","","","","","","","","","","","","","","","","","","","","","","","","","","","","","","","","","","","","","","","","","","","","","","","","","",""
"59343001","LILLE-LESQUIN",50.57,3.0975,47,1959122709,"","","","",9.,1,"","","","","","","","","","","","","","","","","","","","","","","","","","","","","","",6.9,1,3.3,1,"","","","","","","","","","","","","","","","","","","","","","","","","","",78,1,"","","","","","","","","","","","",7.8,1,993.9,1,"","","","","","",7,1,7,1,0,1,4,1,2,1,"","","","","","","","","","","","","","","","","","","","","","","","",10000,1,"","",3,1,1,1,"","","","","","","","","","","","","","","","","","","","","","","","","","","","","","","","","","","","","","","","","","","","","","","","","","","","","","","","","","","","","","","","","",""
"59343001","LILLE-LESQUIN",50.57,3.0975,47,1959122712,"","","","",9.,1,"","","","","","","","","","","","","","","","","","","","","","","","","","","","","","",8.1,1,4.8,1,"","","","","","","","","","","","","","","","","","","","","","","","","","",81,1,"","","","","","","","","","","","",8.7,1,991.,1,"","","","","","",8,1,8,1,7,1,2,1,"","","","","","","","","","","","","","","","","","","","","","","","","","",10000,1,"","",3,1,2,1,"","","","","","","","","","","","","","","","","","","","","","","","","","","","","","","","","","","","","","","","","","","","","","","","","","","","","","","","","","","","","","","","","",""
"59343001","LILLE-LESQUIN",50.57,3.0975,47,1959122715,"","","","",5.,1,"","","","","","","","","","","","","","","","","","","","","","","","","","","","","","",7.,1,5.3,1,"","","","","","","","","","","","","","","","","","","","","","","","","","",90,1,"","","","","","","","","","","","",9.,1,987.7,1,"","","","","","",8,1,8,1,6,1,"","","","","","","","","","","","","","","","","","","","","","","","","","","","",15000,1,"","",21,1,6,1,"","","","","","","","","","","","","","","","","","","","","","","","","","","","","","","","","","","","","","","","","","","","","","","","","","","","","","","","","","","","","","","","","",""
"59343001","LILLE-LESQUIN",50.57,3.0975,47,1959122718,"","","","",5.,1,"","","","","","","","","","","","","","","","","","","","","","","","","","","","","","",5.8,1,3.7,1,"","","","","","","","","","","","","","","","","","","","","","","","","","",86,1,"","","","","","","","","","","","",8.,1,988.3,1,"","","","","","",3,1,0,1,5,1,0,1,0,1,"","","","","","","","","","","","","","","","","","","","","","","","",10000,1,"","",1,1,6,1,"","","","","","","","","","","","","","","","","","","","","","","","","","","","","","","","","","","","","","","","","","","","","","","","","","","","","","","","","","","","","","","","","",""
"59343001","LILLE-LESQUIN",50.57,3.0975,47,1959122721,"","","","",8.,1,"","","","","","","","","","","","","","","","","","","","","","","","","","","","","","",6.2,1,3.7,1,"","","","","","","","","","","","","","","","","","","","","","","","","","",85,1,"","","","","","","","","","","","",8.,1,988.4,1,"","","","","","",8,1,8,1,5,1,"","","","","","","","","","","","","","","","","","","","","","","","","","","","",10000,1,"","",61,1,1,1,"","","","","","","","","","","","","","","","","","","","","","","","","","","","","","","","","","","","","","","","","","","","","","","","","","","","","","","","","","","","","","","","","",""
"59343001","LILLE-LESQUIN",50.57,3.0975,47,1959122800,"","","","",8.,1,"","","","","","","","","","","","","","","","","","","","","","","","","","","","","","",6.2,1,4.,1,"","","","","","","","","","","","","","","","","","","","","","","","","","",86,1,"","","","","","","","","","","","",8.2,1,989.5,1,"","","","","","",8,1,8,1,5,1,7,1,"","","","","","","","","","","","","","","","","","","","","","","","","","",15000,1,"","",21,1,6,1,"","","","","","","","","","","","","","","","","","","","","","","","","","","","","","","","","","","","","","","","","","","","","","","","","","","","","","","","","","","","","","","","","",""
"59343001","LILLE-LESQUIN",50.57,3.0975,47,1959122803,"","","","",8.,1,"","","","","","","","","","","","","","","","","","","","","","","","","","","","","","",6.,1,3.3,1,"","","","","","","","","","","","","","","","","","","","","","","","","","",83,1,"","","","","","","","","","","","",7.8,1,989.6,1,"","","","","","",1,1,0,1,5,1,0,1,0,1,"","","","","","","","","","","","","","","","","","","","","","","","",15000,1,"","",1,1,6,1,"","","","","","","","","","","","","","","","","","","","","","","","","","","","","","","","","","","","","","","","","","","","","","","","","","","","","","","","","","","","","","","","","",""
"59343001","LILLE-LESQUIN",50.57,3.0975,47,1959122806,"","","","",9.,1,"","","","","","","","","","","","","","","","","","","","","","","","","","","","","","",5.3,1,3.8,1,"","","","","","","","","","","","","","","","","","","","","","","","","","",91,1,"","","","","","","","","","","","",8.1,1,987.5,1,"","","","","","",8,1,8,1,5,1,"","","","","","","","","","","","","","","","","","","","","","","","","","","","",6000,1,"","",61,1,8,1,"","",0,1,"","","","","","","","","","","","","","","","","","","","","","","","","","","","","","","","","","","","","","","","","","","","","","","","","","","","","","","","","","","","","",""
"59343001","LILLE-LESQUIN",50.57,3.0975,47,1959122809,"","","","",9.,1,"","","","","","","","","","","","","","","","","","","","","","","","","","","","","","",6.9,1,4.3,1,"","","","","","","","","","","","","","","","","","","","","","","","","","",84,1,"","","","","","","","","","","","",8.4,1,990.6,1,"","","","","","",8,1,8,1,2,1,"","","","","","","","","","","","","","","","","","","","","","","","","","","","",15000,1,"","",2,1,6,1,"","","","","","","","","","","","","","","","","","","","","","","","","","","","","","","","","","","","","","","","","","","","","","","","","","","","","","","","","","","","","","","","","",""
"59343001","LILLE-LESQUIN",50.57,3.0975,47,1959122812,"","","","",7.,1,"","","","","","","","","","","","","","","","","","","","","","","","","","","","","","",7.,1,4.8,1,"","","","","","","","","","","","","","","","","","","","","","","","","","",87,1,"","","","","","","","","","","","",8.7,1,995.,1,"","","","","","",7,1,7,1,2,1,"","","","","","","","","","","","","","","","","","","","","","","","","","","","",10000,1,"","",2,1,8,1,"","","","","","","","","","","","","","","","","","","","","","","","","","","","","","","","","","","","","","","","","","","","","","","","","","","","","","","","","","","","","","","","","",""
"59343001","LILLE-LESQUIN",50.57,3.0975,47,1959122815,"","","","",9.,1,"","","","","","","","","","","","","","","","","","","","","","","","","","","","","","",8.,1,4.5,1,"","","","","","","","","","","","","","","","","","","","","","","","","","",79,1,"","","","","","","","","","","","",8.5,1,998.6,1,"","","","","","",8,1,8,1,5,1,"","","","","","","","","","","","","","","","","","","","","","","","","","","","",15000,1,"","",2,1,2,1,"","","","","","","","","","","","","","","","","","","","","","","","","","","","","","","","","","","","","","","","","","","","","","","","","","","","","","","","","","","","","","","","","",""
"59343001","LILLE-LESQUIN",50.57,3.0975,47,1959122818,"","","","",6.,1,"","","","","","","","","","","","","","","","","","","","","","","","","","","","","","",7.,1,3.7,1,"","","","","","","","","","","","","","","","","","","","","","","","","","",80,1,"","","","","","","","","","","","",8.,1,1003.9,1,"","","","","","",3,1,0,1,5,1,0,1,0,1,"","","","","","","","","","","","","","","","","","","","","","","","",8000,1,"","",1,1,2,1,"","","","","","","","","","","","","","","","","","","","","","","","","","","","","","","","","","","","","","","","","","","","","","","","","","","","","","","","","","","","","","","","","",""
"59343001","LILLE-LESQUIN",50.57,3.0975,47,1959122821,"","","","",7.,1,"","","","","","","","","","","","","","","","","","","","","","","","","","","","","","",6.8,1,4.3,1,"","","","","","","","","","","","","","","","","","","","","","","","","","",85,1,"","","","","","","","","","","","",8.4,1,1007.9,1,"","","","","","",2,1,0,1,5,1,0,1,0,1,"","","","","","","","","","","","","","","","","","","","","","","","",8000,1,"","",2,1,0,1,"","","","","","","","","","","","","","","","","","","","","","","","","","","","","","","","","","","","","","","","","","","","","","","","","","","","","","","","","","","","","","","","","",""
"59343001","LILLE-LESQUIN",50.57,3.0975,47,1959122900,"","","","",5.,1,"","","","","","","","","","","","","","","","","","","","","","","","","","","","","","",6.9,1,4.3,1,"","","","","","","","","","","","","","","","","","","","","","","","","","",84,1,"","","","","","","","","","","","",8.4,1,1011.7,1,"","","","","","",6,1,6,1,5,1,0,1,0,1,"","","","","","","","","","","","","","","","","","","","","","","","",6000,1,"","",3,1,1,1,"","","","","","","","","","","","","","","","","","","","","","","","","","","","","","","","","","","","","","","","","","","","","","","","","","","","","","","","","","","","","","","","","",""
"59343001","LILLE-LESQUIN",50.57,3.0975,47,1959122903,"","","","",6.,1,"","","","","","","","","","","","","","","","","","","","","","","","","","","","","","",6.4,1,3.7,1,"","","","","","","","","","","","","","","","","","","","","","","","","","",83,1,"","","","","","","","","","","","",8.,1,1014.3,1,"","","","","","",6,1,6,1,5,1,0,1,0,1,"","","","","","","","","","","","","","","","","","","","","","","","",10000,1,"","",3,1,1,1,"","","","","","","","","","","","","","","","","","","","","","","","","","","","","","","","","","","","","","","","","","","","","","","","","","","","","","","","","","","","","","","","","",""
"59343001","LILLE-LESQUIN",50.57,3.0975,47,1959122906,"","","","",3.,1,"","","","","","","","","","","","","","","","","","","","","","","","","","","","","","",3.4,1,1.8,1,"","","","","","","","","","","","","","","","","","","","","","","","","","",90,1,"","","","","","","","","","","","",7.,1,1015.6,1,"","","","","","",2,1,0,1,5,1,0,1,0,1,"","","","","","","","","","","","","","","","","","","","","","","","",6000,1,"","",2,1,1,1,"","",0,1,"","","","","","","","","","","","","","","","","","","","","","","","","","","","","","","","","","","","","","","","","","","","","","","","","","","","","","","","","","","","","",""
"59343001","LILLE-LESQUIN",50.57,3.0975,47,1959122909,"","","","",3.,1,"","","","","","","","","","","","","","","","","","","","","","","","","","","","","","",4.4,1,2.8,1,"","","","","","","","","","","","","","","","","","","","","","","","","","",90,1,"","","","","","","","","","","","",7.5,1,1016.1,1,"","","","","","",8,1,8,1,5,1,1,1,"","","","","","","","","","","","","","","","","","","","","","","","","","",2000,1,"","",10,1,1,1,"","","","","","","","","","","","","","","","","","","","","","","","","","","","","","","","","","","","","","","","","","","","","","","","","","","","","","","","","","","","","","","","","",""
"59343001","LILLE-LESQUIN",50.57,3.0975,47,1959122912,"","","","",5.,1,"","","","","","","","","","","","","","","","","","","","","","","","","","","","","","",6.6,1,3.7,1,"","","","","","","","","","","","","","","","","","","","","","","","","","",82,1,"","","","","","","","","","","","",8.,1,1014.9,1,"","","","","","",8,1,6,1,5,1,7,1,"","","","","","","","","","","","","","","","","","","","","","","","","","",5500,1,"","",3,1,1,1,"","","","","","","","","","","","","","","","","","","","","","","","","","","","","","","","","","","","","","","","","","","","","","","","","","","","","","","","","","","","","","","","","",""
"59343001","LILLE-LESQUIN",50.57,3.0975,47,1959122915,"","","","",7.,1,"","","","","","","","","","","","","","","","","","","","","","","","","","","","","","",5.9,1,4.3,1,"","","","","","","","","","","","","","","","","","","","","","","","","","",91,1,"","","","","","","","","","","","",8.4,1,1012.1,1,"","","","","","",8,1,5,1,7,1,2,1,"","","","","","","","","","","","","","","","","","","","","","","","","","",5500,1,"","",61,1,6,1,"","","","","","","","","","","","","","","","","","","","","","","","","","","","","","","","","","","","","","","","","","","","","","","","","","","","","","","","","","","","","","","","","",""
"59343001","LILLE-LESQUIN",50.57,3.0975,47,1959122918,"","","","",10.,1,"","","","","","","","","","","","","","","","","","","","","","","","","","","","","","",5.6,1,4.2,1,"","","","","","","","","","","","","","","","","","","","","","","","","","",91,1,"","","","","","","","","","","","",8.3,1,1007.3,1,"","","","","","",8,1,7,1,7,1,"","","","","","","","","","","","","","","","","","","","","","","","","","","","",6000,1,"","",63,1,6,1,"","","","","","","","","","","","","","","","","","","","","","","","","","","","","","","","","","","","","","","","","","","","","","","","","","","","","","","","","","","","","","","","","",""
"59343001","LILLE-LESQUIN",50.57,3.0975,47,1959122921,"","","","",8.,1,"","","","","","","","","","","","","","","","","","","","","","","","","","","","","","",6.7,1,5.5,1,"","","","","","","","","","","","","","","","","","","","","","","","","","",93,1,"","","","","","","","","","","","",9.1,1,1005.5,1,"","","","","","",8,1,8,1,7,1,"","","","","","","","","","","","","","","","","","","","","","","","","","","","",7000,1,"","",51,1,6,1,"","","","","","","","","","","","","","","","","","","","","","","","","","","","","","","","","","","","","","","","","","","","","","","","","","","","","","","","","","","","","","","","","",""
"59343001","LILLE-LESQUIN",50.57,3.0975,47,1959123000,"","","","",9.,1,"","","","","","","","","","","","","","","","","","","","","","","","","","","","","","",11.,1,9.3,1,"","","","","","","","","","","","","","","","","","","","","","","","","","",91,1,"","","","","","","","","","","","",11.9,1,1004.7,1,"","","","","","",8,1,8,1,7,1,"","","","","","","","","","","","","","","","","","","","","","","","","","","","",8000,1,"","",20,1,6,1,"","","","","","","","","","","","","","","","","","","","","","","","","","","","","","","","","","","","","","","","","","","","","","","","","","","","","","","","","","","","","","","","","",""
"59343001","LILLE-LESQUIN",50.57,3.0975,47,1959123003,"","","","",10.,1,"","","","","","","","","","","","","","","","","","","","","","","","","","","","","","",11.2,1,8.5,1,"","","","","","","","","","","","","","","","","","","","","","","","","","",85,1,"","","","","","","","","","","","",11.3,1,1007.6,1,"","","","","","",8,1,8,1,5,1,"","","","","","","","","","","","","","","","","","","","","","","","","","","","",8000,1,"","",50,1,2,1,"","","","","","","","","","","","","","","","","","","","","","","","","","","","","","","","","","","","","","","","","","","","","","","","","","","","","","","","","","","","","","","","","",""
"59343001","LILLE-LESQUIN",50.57,3.0975,47,1959123006,"","","","",9.,1,"","","","","","","","","","","","","","","","","","","","","","","","","","","","","","",10.6,1,8.4,1,"","","","","","","","","","","","","","","","","","","","","","","","","","",88,1,"","","","","","","","","","","","",11.2,1,1010.7,1,"","","","","","",7,1,5,1,5,1,0,1,0,1,"","","","","","","","","","","","","","","","","","","","","","","","",10000,1,"","",1,1,5,1,"","",0,1,"","","","","","","","","","","","","","","","","","","","","","","","","","","","","","","","","","","","","","","","","","","","","","","","","","","","","","","","","","","","","",""
"59343001","LILLE-LESQUIN",50.57,3.0975,47,1959123009,"","","","",6.,1,"","","","","","","","","","","","","","","","","","","","","","","","","","","","","","",9.9,1,7.3,1,"","","","","","","","","","","","","","","","","","","","","","","","","","",86,1,"","","","","","","","","","","","",10.4,1,1015.3,1,"","","","","","",7,1,6,1,5,1,0,1,4,1,"","","","","","","","","","","","","","","","","","","","","","","","",10000,1,"","",3,1,1,1,"","","","","","","","","","","","","","","","","","","","","","","","","","","","","","","","","","","","","","","","","","","","","","","","","","","","","","","","","","","","","","","","","",""
"59343001","LILLE-LESQUIN",50.57,3.0975,47,1959123012,"","","","",7.,1,"","","","","","","","","","","","","","","","","","","","","","","","","","","","","","",10.,1,5.8,1,"","","","","","","","","","","","","","","","","","","","","","","","","","",76,1,"","","","","","","","","","","","",9.3,1,1018.4,1,"","","","","","",7,1,7,1,5,1,0,1,9,1,"","","","","","","","","","","","","","","","","","","","","","","","",10000,1,"","",3,1,1,1,"","","","","","","","","","","","","","","","","","","","","","","","","","","","","","","","","","","","","","","","","","","","","","","","","","","","","","","","","","","","","","","","","",""
"59343001","LILLE-LESQUIN",50.57,3.0975,47,1959123015,"","","","",4.,1,"","","","","","","","","","","","","","","","","","","","","","","","","","","","","","",9.,1,5.6,1,"","","","","","","","","","","","","","","","","","","","","","","","","","",80,1,"","","","","","","","","","","","",9.2,1,1020.6,1,"","","","","","",8,1,7,1,8,1,7,1,"","","","","","","","","","","","","","","","","","","","","","","","","","",12000,1,"","",3,1,2,1,"","","","","","","","","","","","","","","","","","","","","","","","","","","","","","","","","","","","","","","","","","","","","","","","","","","","","","","","","","","","","","","","","",""
"59343001","LILLE-LESQUIN",50.57,3.0975,47,1959123018,"","","","",4.,1,"","","","","","","","","","","","","","","","","","","","","","","","","","","","","","",7.8,1,4.5,1,"","","","","","","","","","","","","","","","","","","","","","","","","","",80,1,"","","","","","","","","","","","",8.5,1,1022.9,1,"","","","","","",7,1,0,1,5,1,4,1,1,1,"","","","","","","","","","","","","","","","","","","","","","","","",8000,1,"","",3,1,2,1,"","","","","","","","","","","","","","","","","","","","","","","","","","","","","","","","","","","","","","","","","","","","","","","","","","","","","","","","","","","","","","","","","",""
"59343001","LILLE-LESQUIN",50.57,3.0975,47,1959123021,"","","","",3.,1,"","","","","","","","","","","","","","","","","","","","","","","","","","","","","","",7.,1,5.3,1,"","","","","","","","","","","","","","","","","","","","","","","","","","",90,1,"","","","","","","","","","","","",9.,1,1022.9,1,"","","","","","",3,1,0,1,5,1,0,1,1,1,"","","","","","","","","","","","","","","","","","","","","","","","",7000,1,"","",1,1,1,1,"","","","","","","","","","","","","","","","","","","","","","","","","","","","","","","","","","","","","","","","","","","","","","","","","","","","","","","","","","","","","","","","","",""
"59343001","LILLE-LESQUIN",50.57,3.0975,47,1959123100,"","","","",5.,1,"","","","","","","","","","","","","","","","","","","","","","","","","","","","","","",6.8,1,4.8,1,"","","","","","","","","","","","","","","","","","","","","","","","","","",88,1,"","","","","","","","","","","","",8.7,1,1022.,1,"","","","","","",8,1,8,1,5,1,"","","","","","","","","","","","","","","","","","","","","","","","","","","","",6000,1,"","",3,1,1,1,"","","","","","","","","","","","","","","","","","","","","","","","","","","","","","","","","","","","","","","","","","","","","","","","","","","","","","","","","","","","","","","","","",""
"59343001","LILLE-LESQUIN",50.57,3.0975,47,1959123103,"","","","",5.,1,"","","","","","","","","","","","","","","","","","","","","","","","","","","","","","",7.4,1,5.8,1,"","","","","","","","","","","","","","","","","","","","","","","","","","",90,1,"","","","","","","","","","","","",9.3,1,1021.4,1,"","","","","","",8,1,8,1,5,1,"","","","","","","","","","","","","","","","","","","","","","","","","","","","",7000,1,"","",2,1,2,1,"","","","","","","","","","","","","","","","","","","","","","","","","","","","","","","","","","","","","","","","","","","","","","","","","","","","","","","","","","","","","","","","","",""
"59343001","LILLE-LESQUIN",50.57,3.0975,47,1959123106,"","","","",7.,1,"","","","","","","","","","","","","","","","","","","","","","","","","","","","","","",7.2,1,6.1,1,"","","","","","","","","","","","","","","","","","","","","","","","","","",94,1,"","","","","","","","","","","","",9.5,1,1020.5,1,"","","","","","",8,1,8,1,6,1,"","","","","","","","","","","","","","","","","","","","","","","","","","","","",6000,1,"","",2,1,2,1,"","",0,1,"","","","","","","","","","","","","","","","","","","","","","","","","","","","","","","","","","","","","","","","","","","","","","","","","","","","","","","","","","","","","",""
"59343001","LILLE-LESQUIN",50.57,3.0975,47,1959123109,"","","","",6.,1,"","","","","","","","","","","","","","","","","","","","","","","","","","","","","","",7.6,1,7.1,1,"","","","","","","","","","","","","","","","","","","","","","","","","","",97,1,"","","","","","","","","","","","",10.2,1,1019.3,1,"","","","","","",8,1,8,1,6,1,"","","","","","","","","","","","","","","","","","","","","","","","","","","","",1600,1,"","",51,1,5,1,"","","","","","","","","","","","","","","","","","","","","","","","","","","","","","","","","","","","","","","","","","","","","","","","","","","","","","","","","","","","","","","","","",""
"59343001","LILLE-LESQUIN",50.57,3.0975,47,1959123112,"","","","",7.,1,"","","","","","","","","","","","","","","","","","","","","","","","","","","","","","",8.4,1,6.8,1,"","","","","","","","","","","","","","","","","","","","","","","","","","",90,1,"","","","","","","","","","","","",10.,1,1017.3,1,"","","","","","",8,1,8,1,6,1,"","","","","","","","","","","","","","","","","","","","","","","","","","","","",3000,1,"","",10,1,5,1,"","","","","","","","","","","","","","","","","","","","","","","","","","","","","","","","","","","","","","","","","","","","","","","","","","","","","","","","","","","","","","","","","",""
"59343001","LILLE-LESQUIN",50.57,3.0975,47,1959123115,"","","","",6.,1,"","","","","","","","","","","","","","","","","","","","","","","","","","","","","","",9.9,1,7.3,1,"","","","","","","","","","","","","","","","","","","","","","","","","","",86,1,"","","","","","","","","","","","",10.4,1,1013.7,1,"","","","","","",7,1,6,1,0,1,8,1,2,1,"","","","","","","","","","","","","","","","","","","","","","","","",8000,1,"","",2,1,2,1,"","","","","","","","","","","","","","","","","","","","","","","","","","","","","","","","","","","","","","","","","","","","","","","","","","","","","","","","","","","","","","","","","",""
"59343001","LILLE-LESQUIN",50.57,3.0975,47,1959123118,"","","","",8.,1,"","","","","","","","","","","","","","","","","","","","","","","","","","","","","","",8.2,1,5.8,1,"","","","","","","","","","","","","","","","","","","","","","","","","","",86,1,"","","","","","","","","","","","",9.3,1,1010.1,1,"","","","","","",3,1,0,1,0,1,0,1,2,1,"","","","","","","","","","","","","","","","","","","","","","","","",7000,1,"","",1,1,1,1,"","","","","","","","","","","","","","","","","","","","","","","","","","","","","","","","","","","","","","","","","","","","","","","","","","","","","","","","","","","","","","","","","",""
"59343001","LILLE-LESQUIN",50.57,3.0975,47,1959123121,"","","","",8.,1,"","","","","","","","","","","","","","","","","","","","","","","","","","","","","","",9.,1,5.1,1,"","","","","","","","","","","","","","","","","","","","","","","","","","",77,1,"","","","","","","","","","","","",8.9,1,1008.3,1,"","","","","","",6,1,6,1,0,1,0,1,2,1,"","","","","","","","","","","","","","","","","","","","","","","","",8000,1,"","",3,1,1,1,"","","","","","","","","","","","","","","","","","","","","","","","","","","","","","","","","","","","","","","","","","","","","","","","","","","","","","","","","","","","","","","","","",""
